iter,state,best_veh,best_dist,curr_veh,curr_dist,d_op,r_op,reward,temp,d_weight_0,d_weight_1,d_weight_2,d_weight_3,r_weight_0,r_weight_1,r_weight_2,r_weight_3
0,0,17,2025.06,17,2025.06,2,3,33,305.738,0.25,0.25,0.25,0.25,0.25,0.25,0.25,0.25
1,0,17,2025.06,17,2025.06,0,3,0,305.585,0.21814,0.21814,0.345581,0.21814,0.21814,0.21814,0.21814,0.345581
2,0,17,1878.66,17,1878.66,2,3,33,305.433,0.191569,0.225544,0.357344,0.225544,0.233362,0.233362,0.233362,0.299913
3,0,17,1830.4,17,1830.4,3,3,33,305.28,0.159141,0.187371,0.466117,0.187371,0.198954,0.198954,0.198954,0.403139
4,0,17,1830.4,17,2041.75,1,3,9,305.127,0.140569,0.165509,0.411807,0.282115,0.16217,0.16217,0.16217,0.513491
5,0,17,1830.4,17,1937.15,2,1,13,304.975,0.139297,0.17293,0.40817,0.279603,0.165739,0.165739,0.165739,0.502783
6,0,16,1972.82,16,1972.82,1,3,33,304.822,0.136891,0.169951,0.418346,0.274812,0.161426,0.187339,0.161426,0.489809
7,0,16,1910.75,16,1910.75,3,1,33,304.67,0.122289,0.258376,0.373804,0.245531,0.127136,0.147549,0.127136,0.598178
8,0,16,1910.75,16,1910.75,3,3,0,304.517,0.106069,0.224141,0.324299,0.345491,0.114179,0.234265,0.114179,0.537378
9,0,15,1792.87,15,1792.87,0,2,33,304.365,0.113839,0.240596,0.348133,0.297432,0.128409,0.2635,0.128409,0.479682
10,0,15,1792.87,15,1792.87,0,2,0,304.213,0.182624,0.221911,0.32112,0.274345,0.116949,0.240017,0.206048,0.436986
11,0,15,1792.87,15,1835.61,2,2,9,304.061,0.159516,0.228175,0.330209,0.282101,0.120419,0.247174,0.182335,0.450071
12,0,15,1792.87,15,1835.61,2,3,0,303.909,0.161548,0.231099,0.321625,0.285728,0.11942,0.24516,0.188964,0.446456
13,0,15,1792.87,15,1835.61,1,2,0,303.757,0.172434,0.246689,0.275861,0.305016,0.131301,0.269589,0.207782,0.391329
14,0,15,1792.87,15,1835.61,2,1,0,303.605,0.180312,0.212212,0.28849,0.318987,0.13542,0.278087,0.182799,0.403695
15,0,15,1792.87,15,1821.5,0,1,13,303.453,0.190556,0.224276,0.24802,0.337148,0.14208,0.242479,0.1918,0.423641
16,0,15,1754.77,15,1754.77,3,2,33,303.301,0.206661,0.219805,0.24308,0.330454,0.138741,0.260182,0.187303,0.413774
17,0,15,1754.77,15,1754.77,2,3,0,303.15,0.174311,0.1854,0.205036,0.435253,0.123044,0.230776,0.279139,0.367042
18,0,15,1705.02,15,1705.02,0,2,33,302.998,0.17943,0.190847,0.181608,0.448116,0.132749,0.249008,0.301204,0.317039
19,0,15,1631.92,15,1631.92,2,2,33,302.847,0.270535,0.169642,0.161428,0.398395,0.113355,0.212657,0.403219,0.270769
20,0,15,1631.92,15,1631.92,0,1,0,302.695,0.24327,0.152531,0.245927,0.358272,0.0928469,0.174205,0.511128,0.22182
21,0,15,1631.92,15,1631.92,3,1,0,302.544,0.210507,0.159117,0.256571,0.373805,0.0947988,0.156626,0.522052,0.226523
22,0,15,1608,15,1608,2,1,33,302.393,0.227702,0.172104,0.277539,0.322655,0.0964115,0.142058,0.531114,0.230416
23,0,15,1608,15,1608,2,3,0,302.242,0.196172,0.148264,0.377568,0.277996,0.0871042,0.224681,0.480006,0.208209
24,0,15,1608,15,1608,2,3,0,302.09,0.212484,0.160584,0.325798,0.301133,0.0897097,0.231446,0.494533,0.184312
25,0,15,1606.64,15,1606.64,3,2,33,301.939,0.227275,0.171753,0.278853,0.322118,0.091847,0.237005,0.506488,0.164661
26,0,15,1597.6,15,1597.6,2,2,33,301.788,0.192758,0.14566,0.236512,0.425071,0.0722591,0.186495,0.611687,0.129559
27,0,15,1597.6,15,1597.6,3,0,0,301.638,0.167564,0.126615,0.336249,0.369573,0.0547623,0.141364,0.705675,0.0981993
28,0,15,1597.6,15,1598.58,3,2,9,301.487,0.181338,0.137015,0.36394,0.317706,0.0549172,0.141308,0.705622,0.0981532
29,0,15,1597.6,15,1598.58,2,2,0,301.336,0.183265,0.138463,0.367857,0.310415,0.0576957,0.148485,0.690688,0.103131
30,0,15,1597.6,15,1598.58,0,0,0,301.185,0.198145,0.149697,0.316501,0.335656,0.0681156,0.175335,0.634778,0.121771
31,0,14,1851.38,14,1851.38,1,2,33,301.035,0.172145,0.154532,0.326772,0.346552,0.066666,0.175579,0.635824,0.121931
32,0,14,1851.38,14,1851.38,3,2,0,300.884,0.155729,0.235075,0.295648,0.313548,0.0501005,0.131976,0.72628,0.0916443
33,0,14,1851.38,14,1851.38,2,1,0,300.734,0.166228,0.250945,0.315621,0.267206,0.0598439,0.157672,0.673004,0.10948
34,0,14,1851.38,14,1851.38,3,1,0,300.583,0.177463,0.267927,0.269317,0.285293,0.0607701,0.144291,0.68375,0.111188
35,0,14,1851.38,14,1851.38,3,2,0,300.433,0.188086,0.283989,0.285462,0.242464,0.0615428,0.133062,0.69278,0.112615
36,0,14,1851.38,14,1878.29,1,2,9,300.283,0.196862,0.297264,0.298806,0.207068,0.0726315,0.157061,0.637385,0.132922
37,0,14,1851.38,14,1878.29,2,2,0,300.133,0.199057,0.289401,0.302163,0.209379,0.0755588,0.163416,0.622729,0.138296
38,0,14,1851.38,14,1867.23,0,2,13,299.983,0.211672,0.307765,0.257913,0.22265,0.087276,0.188787,0.564176,0.159762
39,0,14,1851.38,14,1867.23,3,2,0,299.833,0.225394,0.302417,0.253422,0.218767,0.0860971,0.186265,0.570015,0.157623
40,0,14,1851.38,14,1867.23,3,2,0,299.683,0.234112,0.314132,0.26323,0.188526,0.0979459,0.211932,0.510785,0.179337
41,0,14,1851.38,14,1867.23,2,1,0,299.533,0.241141,0.323583,0.27114,0.164136,0.109621,0.23723,0.452412,0.200737
42,0,14,1851.38,14,1867.23,1,2,0,299.383,0.253691,0.340444,0.233199,0.172666,0.113705,0.208654,0.4694,0.208241
43,0,14,1851.38,14,1867.23,3,2,0,299.233,0.271916,0.293082,0.249947,0.185055,0.125804,0.230885,0.412881,0.230429
44,0,14,1851.38,14,1867.23,2,2,0,299.084,0.279971,0.301768,0.257347,0.160914,0.137207,0.251843,0.359605,0.251345
45,0,14,1851.38,14,1867.23,3,1,0,298.934,0.293611,0.316475,0.221179,0.168735,0.147709,0.271152,0.310522,0.270616
46,0,14,1851.38,14,1867.23,1,1,0,298.785,0.300778,0.324205,0.226565,0.148452,0.155427,0.232984,0.326797,0.284791
47,0,14,1851.38,14,1867.23,1,2,0,298.635,0.320917,0.278992,0.241721,0.15837,0.161697,0.20196,0.340029,0.296314
48,0,14,1829.97,14,1829.97,3,1,33,298.486,0.337991,0.240671,0.254567,0.166772,0.173138,0.21626,0.293282,0.317319
49,0,14,1829.97,14,1829.97,0,3,0,298.337,0.303221,0.215898,0.228366,0.252516,0.152245,0.310777,0.257918,0.279061
50,0,14,1829.97,14,1829.97,2,1,0,298.188,0.26007,0.229264,0.242507,0.268158,0.160537,0.327752,0.271995,0.239717
51,0,14,1829.97,14,1829.97,2,3,0,298.039,0.272029,0.2398,0.207681,0.28049,0.171435,0.282065,0.29049,0.25601
52,0,14,1829.97,14,1829.97,0,1,0,297.89,0.281669,0.248293,0.179605,0.290433,0.179749,0.295773,0.304609,0.21987
53,0,14,1829.97,14,1829.97,2,3,0,297.741,0.24173,0.262098,0.18958,0.306591,0.190372,0.254108,0.322645,0.232874
54,0,14,1829.97,14,1829.97,0,3,0,297.592,0.248785,0.269751,0.165911,0.315553,0.197944,0.26423,0.335513,0.202313
55,0,14,1829.97,14,1829.97,3,2,0,297.443,0.215594,0.281672,0.173226,0.329508,0.204101,0.272466,0.345987,0.177446
56,0,14,1829.97,14,1829.97,1,2,0,297.294,0.229954,0.30045,0.184756,0.284841,0.218565,0.29179,0.29963,0.190015
57,0,14,1829.97,14,1829.97,0,1,0,297.146,0.243646,0.258793,0.195748,0.301814,0.231602,0.309214,0.257839,0.201344
58,0,14,1829.97,14,1829.97,3,1,0,296.997,0.211233,0.269883,0.204126,0.314758,0.245859,0.266693,0.273716,0.213732
59,0,14,1732.93,14,1732.93,2,2,33,296.849,0.224383,0.286699,0.216832,0.272086,0.258438,0.229174,0.287727,0.224661
60,0,14,1732.93,14,1732.93,2,3,0,296.7,0.197153,0.251919,0.311851,0.239077,0.220928,0.195906,0.391118,0.192048
61,0,14,1732.93,14,1732.93,2,0,0,296.552,0.209376,0.26755,0.269167,0.253908,0.226696,0.201017,0.401376,0.170911
62,0,14,1732.93,14,1732.93,0,2,9,296.403,0.220277,0.281494,0.231091,0.267138,0.200448,0.207826,0.415031,0.176695
63,0,14,1732.93,14,1732.93,1,2,0,296.255,0.220884,0.281279,0.230906,0.266931,0.203033,0.210508,0.40749,0.178969
64,0,14,1732.93,14,1732.93,3,2,0,296.107,0.232931,0.242067,0.243502,0.2815,0.22024,0.228351,0.357277,0.194132
65,0,14,1732.93,14,1732.93,0,3,0,295.959,0.245589,0.255223,0.256736,0.242453,0.236131,0.244828,0.310908,0.208133
66,0,14,1732.93,14,1732.93,0,1,0,295.811,0.211274,0.266832,0.268415,0.253479,0.243825,0.252807,0.321056,0.182311
67,0,14,1732.93,14,1732.93,0,3,0,295.663,0.183499,0.27623,0.277868,0.262403,0.254462,0.220204,0.335081,0.190254
68,0,14,1732.93,14,1732.93,2,2,0,295.515,0.160988,0.283846,0.28553,0.269636,0.261305,0.22612,0.344111,0.168465
69,0,14,1732.93,14,1732.93,0,0,0,295.368,0.16974,0.299312,0.246624,0.284324,0.279089,0.241502,0.299495,0.179914
70,0,14,1732.93,14,1732.93,2,0,0,295.22,0.15055,0.306234,0.252318,0.290897,0.241841,0.253979,0.314982,0.189198
71,0,14,1732.93,14,1739.21,0,2,9,295.072,0.157067,0.319535,0.21987,0.303528,0.211327,0.2642,0.327672,0.196801
72,0,14,1732.93,14,1739.21,3,1,0,294.925,0.164347,0.316782,0.21796,0.30091,0.212574,0.265771,0.323696,0.197959
73,0,14,1732.93,14,1739.21,2,0,0,294.777,0.173561,0.334586,0.230193,0.26166,0.222337,0.232024,0.338591,0.207048
74,0,14,1732.93,14,1739.21,1,2,0,294.63,0.179743,0.346549,0.202706,0.271002,0.196144,0.239832,0.350013,0.214011
75,0,14,1732.93,14,1739.21,2,2,0,294.483,0.191758,0.302839,0.216262,0.289141,0.209456,0.25612,0.305884,0.22854
76,0,14,1701.16,14,1701.16,0,1,33,294.335,0.198157,0.312974,0.190055,0.298814,0.221542,0.27091,0.265816,0.241732
77,0,14,1701.16,14,1847.13,1,0,9,294.188,0.293654,0.275707,0.167408,0.263231,0.190051,0.374535,0.22804,0.207374
78,0,14,1701.16,14,1847.13,0,0,0,294.041,0.294302,0.274135,0.167758,0.263805,0.197543,0.371092,0.225921,0.205444
79,0,14,1701.16,14,1847.13,0,3,0,293.894,0.255094,0.289374,0.177065,0.278467,0.17633,0.380924,0.231884,0.210862
80,0,14,1701.16,14,1847.13,1,0,0,293.747,0.221885,0.302282,0.184946,0.290887,0.181433,0.392008,0.238607,0.187953
81,0,14,1701.16,14,1847.13,1,1,0,293.6,0.23448,0.262668,0.195437,0.307415,0.163491,0.400625,0.243828,0.192056
82,0,14,1701.16,14,1735.6,0,1,13,293.453,0.24504,0.229451,0.204231,0.321278,0.176453,0.353078,0.263179,0.207289
83,0,14,1701.16,14,1735.6,3,3,0,293.307,0.263306,0.223894,0.199281,0.313519,0.172317,0.368216,0.257031,0.202436
84,0,14,1701.16,14,1735.6,2,0,0,293.16,0.278801,0.237062,0.210997,0.27314,0.176993,0.378265,0.264027,0.180716
85,0,14,1692.74,14,1692.74,2,2,33,293.014,0.287985,0.244864,0.185014,0.282137,0.159605,0.386278,0.2696,0.184517
86,0,14,1692.74,14,1692.74,1,3,0,292.867,0.255441,0.217185,0.277122,0.250252,0.135462,0.327905,0.380023,0.15661
87,0,14,1692.74,14,1692.74,2,2,0,292.721,0.264367,0.189825,0.286811,0.258997,0.137778,0.33357,0.3866,0.142052
88,0,14,1692.74,14,1692.74,2,0,0,292.574,0.278411,0.199895,0.248941,0.272754,0.148305,0.35912,0.339669,0.152906
89,0,14,1692.74,14,1692.74,2,1,0,292.428,0.290359,0.20846,0.216722,0.284458,0.134704,0.364868,0.345101,0.155327
90,0,14,1692.74,14,1752.85,2,2,9,292.282,0.300127,0.215458,0.190389,0.294026,0.144243,0.319822,0.369606,0.16633
91,0,14,1692.74,14,1752.85,0,0,0,292.136,0.298,0.213918,0.19614,0.291942,0.145076,0.32172,0.365908,0.167295
92,0,14,1671.73,14,1671.73,2,2,33,291.99,0.259475,0.225652,0.206897,0.307976,0.132343,0.326517,0.371373,0.169767
93,0,14,1669.23,14,1669.23,3,2,33,291.844,0.227346,0.197706,0.305098,0.26985,0.108036,0.266595,0.486776,0.138594
94,0,14,1669.23,14,1669.23,3,2,0,291.698,0.194147,0.16883,0.26056,0.376464,0.0839015,0.207077,0.601384,0.107638
95,0,14,1669.23,14,1669.23,0,1,0,291.552,0.208453,0.181265,0.279776,0.330506,0.095074,0.234694,0.548255,0.121977
96,0,14,1662.25,14,1662.25,3,2,33,291.406,0.184573,0.186719,0.288218,0.34049,0.0978239,0.212354,0.56431,0.125512
97,0,14,1662.25,14,1662.25,3,2,0,291.26,0.152872,0.15465,0.238738,0.453739,0.0735889,0.15977,0.672219,0.0944221
98,0,14,1660.93,14,1660.93,3,2,33,291.115,0.167028,0.168971,0.260868,0.403134,0.0849779,0.184525,0.621456,0.109041
99,0,14,1649.15,14,1649.15,3,2,33,290.969,0.134462,0.136027,0.210025,0.519486,0.0625642,0.135876,0.721275,0.0802842
100,0,14,1649.15,14,1649.15,0,2,0,290.824,0.10308,0.104279,0.161021,0.63162,0.0445079,0.0966767,0.801699,0.0571167
101,0,14,1649.15,14,1649.15,3,1,0,290.678,0.0993865,0.104681,0.161654,0.634279,0.0535269,0.116285,0.761494,0.0686941
102,0,14,1649.15,14,1649.15,2,2,9,290.533,0.113703,0.119761,0.184958,0.581579,0.0537726,0.111819,0.765396,0.0690129
103,0,14,1637.06,14,1637.06,3,0,33,290.388,0.111932,0.117896,0.197466,0.572707,0.0557565,0.115961,0.75672,0.0715627
104,0,14,1637.06,14,1637.06,0,2,0,290.242,0.0840526,0.0885326,0.148299,0.679115,0.106586,0.109687,0.716043,0.067684
105,0,14,1637.06,14,1686.24,3,2,9,290.097,0.0826873,0.0886362,0.148488,0.680188,0.125028,0.128666,0.666919,0.0793877
106,0,14,1637.06,14,1685.92,3,3,13,289.952,0.0850815,0.0912039,0.152806,0.670909,0.128578,0.13232,0.657468,0.0816344
107,0,14,1637.06,14,1685.92,3,0,0,289.807,0.0827963,0.0887555,0.148719,0.679729,0.125657,0.129314,0.64274,0.102289
108,0,14,1637.06,14,1685.92,2,2,0,289.662,0.0960036,0.102915,0.172462,0.62862,0.11893,0.130279,0.647744,0.103048
109,0,14,1637.06,14,1648.77,2,2,13,289.517,0.0974675,0.104486,0.159602,0.638445,0.136814,0.149873,0.594773,0.11854
110,0,14,1637.06,14,1648.77,3,1,0,289.373,0.0944291,0.10123,0.185566,0.618775,0.133185,0.1459,0.605524,0.115392
111,0,14,1637.06,14,1660.42,3,2,9,289.228,0.107682,0.115438,0.211638,0.565242,0.134668,0.136204,0.612454,0.116674
112,0,14,1637.06,14,1660.42,3,2,0,289.083,0.109714,0.117619,0.215662,0.557004,0.137805,0.139377,0.603429,0.119389
113,0,14,1637.06,14,1660.42,2,1,0,288.939,0.123074,0.131944,0.241956,0.503026,0.156556,0.158342,0.549473,0.135629
114,0,14,1637.06,14,1660.42,3,1,0,288.794,0.12706,0.136218,0.217261,0.519461,0.15876,0.146355,0.55735,0.137535
115,0,14,1637.06,14,1647.45,3,2,13,288.65,0.141095,0.151267,0.241286,0.466353,0.160621,0.136213,0.564023,0.139143
116,0,14,1637.06,14,1674.79,3,2,9,288.506,0.137291,0.147191,0.234806,0.480712,0.156187,0.132449,0.576066,0.135298
117,0,14,1637.06,14,1674.79,1,3,0,288.361,0.13896,0.148982,0.237687,0.474371,0.159231,0.135026,0.567813,0.137931
118,0,14,1637.06,14,1667.31,3,2,13,288.217,0.140814,0.137486,0.240883,0.480817,0.160834,0.136381,0.573676,0.129109
119,0,14,1637.06,14,1667.31,2,2,0,288.073,0.136944,0.133707,0.234288,0.49506,0.156345,0.13257,0.585585,0.1255
120,0,14,1637.06,14,1667.31,3,2,0,287.929,0.141122,0.137786,0.2108,0.510293,0.176642,0.149776,0.531796,0.141786
121,0,14,1637.06,14,1667.31,1,0,0,287.785,0.156248,0.152554,0.233414,0.457784,0.19682,0.166879,0.478326,0.157975
122,0,14,1637.06,14,1667.31,0,1,9,287.641,0.158455,0.140464,0.23673,0.46435,0.178335,0.170698,0.489377,0.161589
123,0,14,1637.06,14,1667.31,1,0,0,287.497,0.17017,0.138486,0.233422,0.457922,0.175829,0.182257,0.482598,0.159315
124,0,14,1637.06,14,1667.31,2,2,0,287.354,0.172139,0.128415,0.236136,0.46331,0.160545,0.185617,0.49159,0.162248
125,0,14,1637.06,14,1647.59,2,2,13,287.21,0.17757,0.132459,0.211946,0.478024,0.177028,0.204681,0.439385,0.178907
126,0,14,1637.06,14,1647.59,3,2,0,287.066,0.17202,0.128311,0.236496,0.463173,0.172286,0.199203,0.454397,0.174114
127,0,14,1637.06,14,1647.59,3,2,0,286.923,0.18829,0.140439,0.258881,0.41239,0.188291,0.217715,0.403704,0.19029
128,0,14,1637.06,14,1647.59,0,2,0,286.779,0.203683,0.151911,0.280062,0.364343,0.203378,0.235167,0.355918,0.205537
129,0,14,1637.06,14,1647.59,2,1,0,286.636,0.18184,0.156059,0.287744,0.374357,0.21734,0.251318,0.311694,0.219648
130,0,14,1637.06,14,1647.59,2,2,0,286.493,0.190503,0.163489,0.253759,0.392248,0.226407,0.220062,0.32472,0.228811
131,0,14,1637.06,14,1647.59,3,0,0,286.349,0.197699,0.169659,0.225518,0.407123,0.240241,0.233508,0.283458,0.242793
132,0,14,1637.06,14,1647.59,1,1,0,286.206,0.213342,0.183078,0.243369,0.360212,0.209782,0.242865,0.294828,0.252525
133,0,14,1637.06,14,1647.59,1,2,0,286.063,0.218098,0.164818,0.248802,0.368282,0.218149,0.212636,0.306608,0.262606
134,0,14,1637.06,14,1666.38,3,0,9,285.92,0.222047,0.149653,0.253312,0.374988,0.230458,0.224633,0.267477,0.277433
135,0,14,1637.06,14,1648.09,3,1,13,285.777,0.222865,0.150193,0.254253,0.372689,0.233134,0.223845,0.266549,0.276472
136,0,14,1634.09,14,1634.09,2,2,33,285.634,0.216785,0.146084,0.247323,0.389809,0.227778,0.241659,0.260432,0.270131
137,0,14,1634.09,14,1634.09,3,0,0,285.491,0.184982,0.124644,0.357712,0.332662,0.195319,0.207225,0.365812,0.231644
138,0,14,1634.09,14,1634.09,3,3,0,285.349,0.196291,0.132253,0.379629,0.291827,0.17497,0.212453,0.375084,0.237494
139,0,14,1613.15,14,1613.15,3,2,33,285.206,0.205736,0.138606,0.39795,0.257708,0.181019,0.219805,0.388109,0.211066
140,0,14,1613.15,14,1831.66,1,1,9,285.063,0.174685,0.117677,0.337933,0.369705,0.146003,0.177294,0.50646,0.170243
141,0,14,1613.15,14,1831.66,0,1,0,284.921,0.172533,0.128448,0.333814,0.365205,0.143785,0.189663,0.49889,0.167662
142,0,14,1613.15,14,1658.35,2,2,13,284.778,0.155444,0.131078,0.340715,0.372762,0.146681,0.173211,0.509064,0.171044
143,0,14,1613.15,14,1658.35,0,1,9,284.636,0.151308,0.127586,0.3582,0.362906,0.142181,0.167903,0.524112,0.165803
144,0,14,1613.15,14,1657.35,3,3,13,284.494,0.160909,0.12612,0.354158,0.358812,0.139939,0.18089,0.515979,0.163192
145,0,14,1613.15,14,1805.3,1,3,9,284.352,0.156936,0.123,0.345467,0.374597,0.135709,0.175432,0.500516,0.188344
146,0,14,1613.15,14,1805.3,2,0,0,284.209,0.155006,0.133664,0.341274,0.370056,0.133747,0.172904,0.493407,0.199942
147,0,14,1613.15,14,1805.3,1,3,0,284.067,0.164869,0.142165,0.299296,0.39367,0.124912,0.174645,0.498481,0.201961
148,0,14,1613.15,14,1619.41,2,2,13,283.925,0.167099,0.130455,0.303381,0.399065,0.127776,0.178661,0.51005,0.183514
149,0,14,1573.98,14,1573.98,2,2,33,283.783,0.162231,0.126649,0.323614,0.387507,0.123919,0.17328,0.524814,0.177987
150,0,14,1573.98,14,1573.98,3,3,0,283.641,0.134256,0.104804,0.440198,0.320741,0.0942285,0.131772,0.638647,0.135352
151,0,14,1573.98,14,1795.62,1,2,9,283.5,0.141564,0.110504,0.464269,0.283663,0.0950061,0.132868,0.644164,0.127961
152,0,13,1721.32,13,1721.32,0,2,33,283.358,0.139553,0.122989,0.457785,0.279674,0.0970784,0.135775,0.636386,0.13076
153,0,13,1721.32,13,1721.32,0,2,0,283.216,0.226599,0.110525,0.411502,0.251374,0.0706749,0.0988537,0.73527,0.0952017
154,0,13,1721.32,13,1721.32,3,2,0,283.074,0.201684,0.114064,0.424788,0.259464,0.0831268,0.116278,0.688614,0.111982
155,0,13,1721.32,13,1721.32,0,0,0,282.933,0.209646,0.118554,0.441625,0.230175,0.0964154,0.134875,0.638819,0.129891
156,0,13,1721.32,13,1721.32,2,2,0,282.791,0.18839,0.121719,0.453538,0.236353,0.0937906,0.135237,0.640734,0.130238
157,0,13,1721.32,13,1721.32,3,2,0,282.65,0.205909,0.133027,0.402719,0.258345,0.107312,0.154746,0.588917,0.149025
158,0,13,1721.32,13,1721.32,1,3,0,282.509,0.214047,0.138272,0.41869,0.228991,0.121089,0.174624,0.53612,0.168167
159,0,13,1721.32,13,1721.32,3,3,0,282.368,0.216698,0.127536,0.423934,0.231831,0.122937,0.177302,0.544463,0.155297
160,0,13,1638.57,13,1638.57,0,2,33,282.226,0.22362,0.131596,0.437533,0.207251,0.124496,0.179564,0.551533,0.144407
161,0,13,1638.57,13,1644.95,2,2,9,282.085,0.331822,0.113238,0.376586,0.178355,0.0934768,0.134834,0.663259,0.10843
162,0,13,1638.57,13,1644.95,1,2,0,281.944,0.334085,0.113986,0.37238,0.179549,0.0955958,0.137901,0.655612,0.110891
163,0,13,1638.57,13,1713.52,1,0,9,281.803,0.337239,0.105636,0.375903,0.181222,0.109766,0.158353,0.60455,0.127332
164,0,13,1638.57,13,1713.52,2,2,0,281.662,0.333189,0.11639,0.371398,0.179023,0.124327,0.155735,0.594716,0.125221
165,0,13,1638.57,13,1713.52,2,2,0,281.521,0.357691,0.124922,0.325222,0.192164,0.140495,0.175996,0.542004,0.141506
166,0,13,1638.57,13,1713.52,0,2,0,281.381,0.37927,0.132431,0.284568,0.203732,0.156633,0.196219,0.489389,0.157759
167,0,13,1638.57,13,1713.52,0,2,0,281.24,0.333101,0.142266,0.30575,0.218882,0.172385,0.215963,0.438027,0.173625
168,0,13,1638.57,13,1713.52,3,2,0,281.099,0.290743,0.151288,0.325188,0.232782,0.187444,0.23484,0.388923,0.188793
169,0,13,1638.57,13,1655.52,0,2,13,280.959,0.30127,0.156745,0.33697,0.205014,0.201567,0.252545,0.342869,0.203018
170,0,13,1638.57,13,1655.52,2,1,0,280.818,0.319288,0.15269,0.328302,0.19972,0.196378,0.246054,0.359777,0.197792
171,0,13,1638.57,13,1655.52,1,1,0,280.678,0.339124,0.162152,0.286617,0.212108,0.20371,0.217859,0.373254,0.205177
172,0,13,1638.57,13,1655.52,2,0,0,280.538,0.345564,0.146269,0.292051,0.216116,0.209773,0.194533,0.38441,0.211284
173,0,13,1638.57,13,1655.52,0,2,0,280.397,0.362934,0.153595,0.256513,0.226957,0.188123,0.199848,0.394968,0.21706
174,0,13,1638.57,13,1655.52,3,1,0,280.257,0.319043,0.164166,0.274195,0.242596,0.202373,0.214989,0.34913,0.233508
175,0,13,1626.38,13,1626.38,2,2,33,280.117,0.331235,0.170417,0.284665,0.213683,0.208376,0.191655,0.359527,0.240442
176,0,13,1626.38,13,1626.38,2,2,0,279.977,0.278837,0.14344,0.397858,0.179865,0.16969,0.156071,0.47843,0.195809
177,0,13,1626.38,13,1626.38,2,1,0,279.837,0.300402,0.154512,0.351328,0.193758,0.185988,0.171058,0.428332,0.214622
178,0,13,1626.38,13,1653.49,0,2,9,279.697,0.32035,0.164751,0.308292,0.206607,0.189251,0.156439,0.435918,0.218393
179,0,13,1626.38,13,1641.28,0,2,13,279.557,0.319202,0.165018,0.30883,0.206951,0.190226,0.157239,0.433011,0.219524
180,0,13,1626.38,13,1641.28,2,3,0,279.417,0.336332,0.160854,0.301076,0.201738,0.184324,0.152355,0.450602,0.212719
181,0,13,1626.38,13,1637.14,2,2,13,279.278,0.354122,0.169337,0.264154,0.212387,0.189024,0.156234,0.462176,0.192566
182,0,13,1626.38,13,1637.14,2,0,0,279.138,0.344033,0.164489,0.285163,0.206315,0.1829,0.151166,0.479607,0.186327
183,0,13,1626.38,13,1637.14,3,2,0,278.999,0.360535,0.172353,0.250922,0.21619,0.16773,0.15395,0.488553,0.189767
184,0,13,1626.38,13,1637.14,0,3,0,278.859,0.371209,0.17743,0.258332,0.193029,0.184117,0.168989,0.438581,0.208313
185,0,13,1626.38,13,1637.14,2,0,0,278.72,0.327282,0.189818,0.276389,0.20651,0.188647,0.173143,0.449449,0.188762
186,0,13,1626.38,13,1637.14,3,2,0,278.58,0.342317,0.198516,0.243191,0.215976,0.172291,0.176614,0.458546,0.192549
187,0,13,1626.38,13,1637.14,2,0,0,278.441,0.352529,0.204416,0.250429,0.192626,0.187696,0.192406,0.410127,0.20977
188,0,13,1626.38,13,1637.14,1,2,0,278.302,0.365751,0.21206,0.222361,0.199827,0.170728,0.19641,0.418724,0.214138
189,0,13,1626.38,13,1627.36,0,2,13,278.163,0.375866,0.190318,0.228488,0.205328,0.184294,0.212022,0.372521,0.231164
190,0,13,1626.38,13,1627.36,0,3,0,278.023,0.39488,0.184517,0.221531,0.199072,0.178711,0.205605,0.391513,0.224171
191,0,13,1626.38,13,1635.14,0,2,9,277.884,0.350179,0.198144,0.2379,0.213778,0.183925,0.211609,0.403,0.201465
192,0,13,1626.38,13,1635.14,1,2,0,277.746,0.350041,0.198182,0.237955,0.213822,0.184235,0.211972,0.401985,0.201808
193,0,13,1626.38,13,1635.14,0,3,0,277.607,0.358784,0.178194,0.24388,0.219142,0.198091,0.22792,0.356998,0.21699
194,0,13,1626.38,13,1635.14,0,3,0,277.468,0.316836,0.189844,0.259842,0.233479,0.203771,0.234462,0.367278,0.194488
195,0,13,1614.57,13,1614.57,0,1,33,277.329,0.278407,0.200515,0.274465,0.246613,0.208491,0.239899,0.375829,0.175781
196,0,13,1552.53,13,1552.53,2,1,33,277.19,0.390215,0.16944,0.231943,0.208402,0.177693,0.352149,0.320349,0.14981
197,0,13,1552.53,13,1676.88,1,2,9,277.052,0.333758,0.144901,0.343113,0.178228,0.144843,0.471887,0.261158,0.122111
198,0,13,1552.53,13,1676.88,0,2,0,276.913,0.329676,0.15538,0.338919,0.176026,0.14303,0.46609,0.270302,0.120578
199,0,13,1552.53,13,1676.88,3,2,0,276.775,0.289451,0.16469,0.359282,0.186578,0.148429,0.483797,0.242649,0.125125
200,0,13,1552.53,13,1676.88,2,1,0,276.636,0.295981,0.168386,0.367403,0.168231,0.152953,0.498661,0.219451,0.128935
201,0,13,1552.53,13,1676.88,0,2,0,276.498,0.316218,0.179879,0.324191,0.179713,0.168108,0.448975,0.241212,0.141705
202,0,13,1552.53,13,1676.88,3,1,0,276.36,0.277644,0.190016,0.3425,0.18984,0.173318,0.462981,0.217608,0.146092
203,0,13,1552.53,13,1676.88,2,3,0,276.222,0.284154,0.194456,0.350546,0.170844,0.188848,0.414859,0.237117,0.159177
204,0,13,1552.53,13,1671.52,0,1,13,276.084,0.302285,0.206848,0.30914,0.181726,0.191628,0.421033,0.240619,0.14672
205,0,13,1552.53,13,1645.49,0,2,13,275.946,0.321443,0.201163,0.300667,0.176727,0.185207,0.440429,0.232567,0.141796
206,0,13,1552.53,13,1640.86,0,3,13,275.808,0.340426,0.19553,0.292271,0.171773,0.178881,0.425457,0.258717,0.136945
207,0,13,1552.53,13,1640.86,2,2,0,275.67,0.359548,0.189856,0.283812,0.166784,0.173861,0.41359,0.251475,0.161073
208,0,13,1552.53,13,1640.86,0,3,0,275.532,0.375799,0.198412,0.251492,0.174296,0.179907,0.428048,0.225372,0.166673
209,0,13,1552.53,13,1640.86,2,1,0,275.394,0.332687,0.212114,0.268872,0.186328,0.182772,0.43494,0.228972,0.153316
210,0,13,1552.53,13,1640.86,1,1,0,275.256,0.346785,0.221083,0.23793,0.194202,0.197917,0.388113,0.247956,0.166014
211,0,13,1552.53,13,1640.86,3,3,0,275.119,0.357123,0.197905,0.245004,0.199968,0.212145,0.344121,0.265792,0.177942
212,0,13,1552.53,13,1640.86,0,3,0,274.981,0.365877,0.202733,0.250992,0.180398,0.216497,0.351215,0.271257,0.161031
213,0,13,1552.53,13,1640.86,3,1,0,274.844,0.324105,0.216085,0.267534,0.192275,0.220121,0.35713,0.275811,0.146937
214,0,13,1552.53,13,1640.86,0,0,0,274.706,0.331856,0.221235,0.273922,0.172987,0.23433,0.315632,0.293628,0.15641
215,0,13,1552.53,13,1640.86,2,2,0,274.569,0.292924,0.234125,0.289894,0.183057,0.208047,0.326478,0.303714,0.161761
216,0,13,1552.53,13,1640.86,1,2,0,274.432,0.307377,0.245667,0.254884,0.192071,0.218719,0.343256,0.267975,0.170051
217,0,13,1552.53,13,1640.86,1,2,0,274.294,0.318665,0.217994,0.264235,0.199106,0.227615,0.35725,0.238176,0.176959
218,0,13,1552.53,13,1640.86,3,3,0,274.157,0.328021,0.195064,0.271982,0.204933,0.235022,0.368908,0.213363,0.182707
219,0,13,1552.53,13,1640.86,1,2,0,274.02,0.336502,0.200086,0.279004,0.184408,0.23967,0.376238,0.217579,0.166513
220,0,13,1552.53,13,1640.86,3,1,0,273.883,0.344688,0.180661,0.28578,0.188871,0.246094,0.386357,0.196587,0.170963
221,0,13,1552.53,13,1640.86,2,0,0,273.746,0.352104,0.184524,0.291918,0.171454,0.263063,0.344065,0.210133,0.182739
222,0,13,1552.53,13,1640.86,3,1,0,273.609,0.367949,0.192803,0.260104,0.179144,0.234632,0.357361,0.218231,0.189776
223,0,13,1552.53,13,1640.86,1,2,0,273.473,0.374736,0.196334,0.264883,0.164047,0.249235,0.317376,0.23181,0.201579
224,0,13,1552.53,13,1637.7,3,1,13,273.336,0.382829,0.179024,0.270585,0.167562,0.257239,0.327584,0.207134,0.208043
225,0,13,1552.53,13,1637.7,0,1,0,273.199,0.370871,0.173405,0.262115,0.193608,0.248989,0.349168,0.200481,0.201362
226,0,13,1552.53,13,1637.7,2,2,0,273.063,0.330343,0.184568,0.279012,0.206077,0.263985,0.309988,0.212547,0.213481
227,0,13,1552.53,13,1637.7,1,0,0,272.926,0.34439,0.192395,0.248396,0.214819,0.271335,0.31863,0.190618,0.219416
228,0,13,1552.53,13,1637.7,3,0,0,272.79,0.351857,0.174923,0.253764,0.219456,0.241246,0.331804,0.198479,0.228471
229,0,13,1552.53,13,1637.7,1,1,0,272.653,0.361378,0.179631,0.260614,0.198377,0.216171,0.342786,0.205027,0.236015
230,0,13,1552.53,13,1637.7,0,0,0,272.517,0.367985,0.164673,0.265362,0.20198,0.228695,0.304709,0.216903,0.249693
231,0,13,1552.53,13,1637.7,1,2,0,272.381,0.328355,0.17499,0.282013,0.214643,0.20461,0.314234,0.223668,0.257488
232,0,13,1552.53,13,1637.7,0,3,0,272.244,0.334385,0.159866,0.287183,0.218566,0.210622,0.323495,0.200818,0.265065
233,0,13,1552.53,13,1637.7,0,3,0,272.108,0.297384,0.168741,0.303161,0.230714,0.218732,0.335981,0.208549,0.236738
234,0,13,1552.53,13,1637.7,1,0,0,271.972,0.263811,0.176791,0.317662,0.241736,0.225504,0.346412,0.215004,0.213079
235,0,13,1552.53,13,1637.7,2,3,0,271.836,0.268755,0.161355,0.323628,0.246262,0.203946,0.356074,0.220979,0.219001
236,0,13,1552.53,13,1637.7,2,3,0,271.7,0.282959,0.169865,0.287904,0.259272,0.209209,0.365304,0.226686,0.198801
237,0,13,1552.53,13,1637.7,3,1,0,271.565,0.295936,0.177637,0.255267,0.271159,0.213626,0.373058,0.231476,0.18184
238,0,13,1552.53,13,1637.7,0,1,0,271.429,0.308017,0.18487,0.26568,0.241433,0.226921,0.334044,0.245885,0.19315
239,0,13,1552.53,13,1637.7,0,3,0,271.293,0.274037,0.193939,0.278733,0.25329,0.239246,0.297875,0.259244,0.203635
240,0,13,1552.53,13,1637.7,0,3,0,271.157,0.243337,0.202131,0.290528,0.264004,0.245162,0.305255,0.26566,0.183924
241,0,13,1552.53,13,1637.7,0,1,0,271.022,0.217765,0.208953,0.300355,0.272928,0.2501,0.311417,0.271015,0.167469
242,0,13,1552.53,13,1643.72,3,2,9,270.886,0.196448,0.214637,0.308548,0.280367,0.262485,0.277327,0.28444,0.175748
243,0,13,1552.53,13,1643.72,2,2,0,270.751,0.194413,0.212416,0.305378,0.287793,0.260429,0.275158,0.290056,0.174357
244,0,13,1552.53,13,1643.72,0,3,0,270.615,0.203711,0.222579,0.272128,0.301582,0.27225,0.287651,0.257841,0.182257
245,0,13,1552.53,13,1643.72,3,2,0,270.48,0.184672,0.227893,0.278635,0.3088,0.277775,0.293492,0.263071,0.165662
246,0,13,1552.53,13,1643.72,3,3,0,270.345,0.193547,0.238854,0.292049,0.275549,0.28836,0.304679,0.235004,0.171957
247,0,13,1552.53,13,1643.72,1,1,0,270.21,0.201417,0.248577,0.303949,0.246058,0.293348,0.309952,0.239059,0.157641
248,0,13,1552.53,13,1643.72,1,3,0,270.075,0.208114,0.223553,0.314082,0.254251,0.307549,0.276577,0.250622,0.165252
249,0,13,1552.53,13,1643.72,3,0,0,269.94,0.21372,0.202602,0.322569,0.261109,0.31238,0.280915,0.254548,0.152157
250,0,13,1512.18,13,1512.18,2,2,33,269.805,0.221151,0.209644,0.333811,0.235394,0.279058,0.294538,0.266888,0.159516
251,0,13,1510.31,13,1510.31,2,1,33,269.67,0.178903,0.169592,0.461078,0.190427,0.233772,0.246743,0.38587,0.133615
252,0,13,1510.31,13,1510.31,2,3,0,269.535,0.135741,0.128675,0.591097,0.144487,0.196386,0.367188,0.324192,0.112234
253,0,13,1510.31,13,1510.31,2,1,9,269.4,0.150386,0.142557,0.546979,0.160078,0.197476,0.369272,0.326024,0.107229
254,0,13,1510.31,13,1510.31,2,2,0,269.265,0.149327,0.141551,0.550171,0.158952,0.196018,0.373907,0.32365,0.106425
255,0,13,1510.31,13,1510.31,1,1,0,269.131,0.163941,0.155403,0.506145,0.174511,0.205594,0.392225,0.29057,0.111611
256,0,13,1500.17,13,1500.17,2,2,33,268.996,0.165308,0.148247,0.510478,0.175968,0.21902,0.35253,0.309566,0.118884
257,0,13,1500.17,13,1500.17,0,1,0,268.862,0.122502,0.109857,0.637237,0.130404,0.179188,0.288445,0.435115,0.0972518
258,0,13,1500.17,13,1500.17,2,1,0,268.727,0.120439,0.110087,0.638793,0.130681,0.185889,0.261768,0.451467,0.100876
259,0,13,1500.17,13,1522.54,3,3,9,268.593,0.134903,0.123305,0.595415,0.146377,0.191566,0.239154,0.465336,0.103944
260,0,13,1500.17,13,1522.54,2,0,0,268.459,0.131769,0.120438,0.581755,0.166038,0.188056,0.234784,0.456892,0.120268
261,0,13,1500.17,13,1522.54,2,1,0,268.324,0.145747,0.133212,0.537382,0.18366,0.175219,0.238483,0.464152,0.122147
262,0,13,1500.17,13,1583.97,3,1,9,268.19,0.159635,0.145903,0.493293,0.20117,0.179606,0.21933,0.475867,0.125196
263,0,13,1500.17,13,1583.97,3,1,0,268.056,0.156103,0.142672,0.482487,0.218738,0.175871,0.235484,0.466061,0.122583
264,0,13,1500.17,13,1705.77,1,1,9,267.922,0.159217,0.145516,0.492226,0.203041,0.180155,0.216777,0.477507,0.125561
265,0,13,1500.17,13,1705.77,0,2,0,267.788,0.155837,0.163538,0.481885,0.19874,0.176389,0.23307,0.467615,0.122926
266,0,13,1500.17,13,1705.77,1,1,0,267.654,0.148016,0.165032,0.48639,0.200563,0.190709,0.252007,0.424387,0.132897
267,0,13,1500.17,13,1705.77,2,0,0,267.52,0.149559,0.156197,0.491578,0.202666,0.196274,0.230123,0.436839,0.136765
268,0,13,1500.17,13,1705.77,2,3,0,267.387,0.162248,0.169451,0.448425,0.219875,0.182182,0.234146,0.444531,0.139141
269,0,13,1500.17,13,1747.23,1,2,9,267.253,0.174471,0.182219,0.406856,0.236453,0.18355,0.235915,0.447948,0.132586
270,0,13,1500.17,13,1747.23,0,2,0,267.119,0.171055,0.19815,0.398957,0.231838,0.182045,0.233993,0.452471,0.131491
271,0,13,1500.17,13,1747.23,1,0,0,266.986,0.159715,0.200845,0.404441,0.234999,0.196071,0.252034,0.410282,0.141613
272,0,13,1500.17,13,1683.63,2,1,13,266.852,0.162714,0.185745,0.412111,0.23943,0.181513,0.256591,0.417741,0.144156
273,0,13,1500.17,13,1710.02,3,2,9,266.719,0.155411,0.177413,0.438475,0.228701,0.17404,0.287133,0.400611,0.138216
274,0,13,1500.17,13,1710.02,3,3,0,266.586,0.152258,0.173819,0.42967,0.244253,0.172544,0.284693,0.405743,0.137021
275,0,13,1500.17,13,1710.02,3,3,0,266.452,0.156305,0.178444,0.441182,0.224069,0.173934,0.287015,0.409082,0.129969
276,0,13,1500.17,13,1766.37,2,2,9,266.319,0.159737,0.182367,0.450962,0.206934,0.175131,0.289019,0.411967,0.123884
277,0,13,1500.17,13,1766.37,0,2,0,266.186,0.158197,0.180613,0.45624,0.20495,0.173612,0.286542,0.417045,0.122801
278,0,13,1500.17,13,1766.37,0,2,9,266.053,0.149886,0.182377,0.46078,0.206957,0.185699,0.306521,0.376439,0.131341
279,0,13,1500.17,13,1766.37,1,1,0,265.92,0.167617,0.178554,0.451205,0.202624,0.184018,0.303777,0.382062,0.130143
280,0,13,1500.17,13,1766.37,0,0,0,265.787,0.169846,0.167532,0.457296,0.205326,0.191825,0.274189,0.39833,0.135655
281,0,13,1500.17,13,1766.37,0,2,0,265.654,0.160102,0.169478,0.462701,0.207719,0.177659,0.278992,0.405337,0.138012
282,0,13,1500.17,13,1766.37,2,2,0,265.521,0.151719,0.171149,0.467357,0.209776,0.189465,0.297557,0.365803,0.147175
283,0,13,1500.17,13,1688.22,3,2,13,265.388,0.163642,0.184604,0.425476,0.226277,0.200537,0.314975,0.328719,0.155769
284,0,13,1500.17,13,1688.22,2,1,0,265.256,0.156962,0.177073,0.408186,0.257778,0.192827,0.302894,0.354506,0.149773
285,0,13,1500.17,13,1688.22,3,1,0,265.123,0.167425,0.18888,0.368708,0.274988,0.201153,0.272757,0.369858,0.156232
286,0,13,1500.17,13,1688.22,1,1,0,264.99,0.173381,0.195604,0.381885,0.24913,0.208188,0.247286,0.382839,0.161687
287,0,13,1500.17,13,1688.22,2,2,0,264.858,0.176535,0.18089,0.388894,0.253681,0.21413,0.225761,0.393815,0.166294
288,0,13,1500.17,13,1688.22,3,1,0,264.725,0.187502,0.192128,0.35091,0.26946,0.227604,0.239969,0.355679,0.176748
289,0,13,1500.17,13,1688.22,0,2,0,264.593,0.194026,0.198815,0.363166,0.243993,0.233967,0.218697,0.365655,0.181681
290,0,13,1500.17,13,1688.22,2,2,0,264.461,0.17925,0.202446,0.369844,0.24846,0.247319,0.231174,0.329468,0.192039
291,0,13,1500.17,13,1688.22,3,0,0,264.329,0.189608,0.21415,0.333407,0.262834,0.259724,0.242767,0.295848,0.201661
292,0,13,1500.17,13,1688.22,2,2,0,264.196,0.196017,0.221393,0.344715,0.237876,0.233634,0.251321,0.306285,0.20876
293,0,13,1500.17,13,1688.22,2,1,0,264.064,0.206335,0.233053,0.310205,0.250408,0.244282,0.262779,0.27467,0.218269
294,0,13,1500.17,13,1688.22,2,1,0,263.932,0.215873,0.243832,0.278303,0.261993,0.253329,0.235473,0.28485,0.226347
295,0,13,1500.17,13,1686.43,0,0,13,263.8,0.224614,0.253711,0.249063,0.272612,0.2609,0.212623,0.29337,0.233107
296,0,13,1500.17,13,1686.43,2,0,0,263.668,0.250989,0.24508,0.24059,0.263342,0.288172,0.204771,0.282554,0.224503
297,0,13,1500.17,13,1686.43,2,0,0,263.537,0.259165,0.253063,0.215849,0.271923,0.258219,0.213381,0.294454,0.233946
298,0,13,1500.17,13,1686.43,1,3,0,263.405,0.26599,0.259726,0.195197,0.279087,0.232768,0.220695,0.304567,0.24197
299,0,13,1500.17,13,1686.43,0,0,0,263.273,0.275494,0.233285,0.202159,0.289062,0.239716,0.22728,0.313675,0.219329
300,0,13,1500.17,13,1687.41,3,2,9,263.141,0.247539,0.242284,0.209951,0.300225,0.217881,0.233802,0.322696,0.225621
301,0,13,1500.17,13,1687.41,2,1,0,263.01,0.244432,0.239242,0.207309,0.309016,0.215011,0.230726,0.331613,0.222651
302,0,13,1500.17,13,1687.41,3,2,0,262.878,0.249856,0.24455,0.189706,0.315888,0.220545,0.210896,0.340177,0.228383
303,0,13,1500.17,13,1687.41,2,2,0,262.747,0.261401,0.255848,0.19846,0.28429,0.231623,0.221487,0.307034,0.239856
304,0,13,1500.17,13,1687.41,3,2,9,262.616,0.267002,0.261329,0.181283,0.290386,0.241874,0.231288,0.276365,0.250474
305,0,13,1500.17,13,1687.41,3,0,0,262.484,0.263588,0.257987,0.178951,0.299475,0.238789,0.228335,0.285596,0.24728
306,0,13,1500.17,13,1687.41,2,1,0,262.353,0.274958,0.269113,0.186655,0.269274,0.216184,0.235111,0.294083,0.254622
307,0,13,1500.17,13,1682.31,0,0,13,262.222,0.280284,0.274326,0.170901,0.274489,0.222284,0.213503,0.302399,0.261814
308,0,13,1500.17,13,1682.31,1,3,0,262.091,0.307344,0.264018,0.164464,0.264175,0.251281,0.205534,0.291132,0.252053
309,0,13,1500.17,13,1682.31,2,2,0,261.96,0.317843,0.238906,0.17006,0.273191,0.259381,0.212151,0.300526,0.227942
310,0,13,1500.17,13,1682.31,2,0,0,261.829,0.322383,0.242305,0.158227,0.277085,0.270475,0.221216,0.270623,0.237686
311,0,13,1500.17,13,1677.1,0,2,13,261.698,0.32625,0.245198,0.148152,0.2804,0.243065,0.229523,0.280797,0.246615
312,0,13,1500.17,13,1677.1,1,0,0,261.567,0.35499,0.234741,0.14182,0.268449,0.233734,0.22071,0.308407,0.237149
313,0,13,1500.17,13,1677.1,0,0,0,261.436,0.363911,0.215553,0.145357,0.275179,0.21313,0.226638,0.316711,0.243522
314,0,13,1500.17,13,1677.1,1,2,0,261.305,0.329657,0.22716,0.153172,0.290011,0.195738,0.23164,0.323722,0.2489
315,0,13,1500.17,13,1672.51,0,1,13,261.175,0.337744,0.208232,0.156905,0.297118,0.204767,0.242332,0.292508,0.260393
316,0,13,1500.17,13,1672.51,3,1,0,261.044,0.36708,0.199004,0.149944,0.283972,0.196919,0.271339,0.281318,0.250425
317,0,13,1500.17,13,1672.51,3,3,0,260.914,0.379813,0.205882,0.155117,0.259188,0.204151,0.244545,0.29167,0.259634
318,0,13,1500.17,13,1672.51,3,2,0,260.783,0.390646,0.211728,0.159512,0.238114,0.210919,0.252661,0.301361,0.235058
319,0,13,1500.17,13,1672.51,0,3,0,260.653,0.399874,0.216703,0.163251,0.220172,0.219781,0.263287,0.271992,0.24494
320,0,13,1500.17,13,1672.51,0,1,0,260.523,0.364245,0.229571,0.172936,0.233248,0.226562,0.27142,0.280395,0.221623
321,0,13,1500.17,13,1660.78,0,2,13,260.392,0.3307,0.241688,0.182053,0.245559,0.234754,0.245065,0.290546,0.229635
322,0,13,1500.17,13,1660.78,2,0,0,260.262,0.360579,0.230902,0.173918,0.234601,0.225195,0.235088,0.319434,0.220283
323,0,13,1500.17,13,1660.78,2,2,0,260.132,0.365189,0.233833,0.163399,0.23758,0.20678,0.240671,0.327038,0.225511
324,0,13,1500.17,13,1660.78,0,2,0,260.002,0.369148,0.236347,0.154369,0.240135,0.216242,0.251691,0.296234,0.235834
325,0,13,1500.17,13,1660.78,0,2,0,259.872,0.335436,0.248982,0.162608,0.252974,0.224996,0.261888,0.267731,0.245386
326,0,13,1500.17,13,1660.78,3,0,0,259.742,0.303936,0.260789,0.170305,0.264971,0.23304,0.27126,0.241536,0.254164
327,0,13,1500.17,13,1660.78,0,2,0,259.612,0.313972,0.269392,0.175908,0.240728,0.211858,0.278755,0.248205,0.261183
328,0,13,1500.17,13,1660.78,2,2,0,259.482,0.284201,0.281091,0.183531,0.251176,0.21827,0.287208,0.225422,0.2691
329,0,13,1500.17,13,1660.78,3,3,0,259.353,0.289044,0.285881,0.169624,0.25545,0.223676,0.294337,0.206212,0.275775
330,0,13,1500.17,13,1660.78,1,2,0,259.223,0.298136,0.294873,0.174941,0.23205,0.231525,0.304683,0.213446,0.250346
331,0,13,1500.17,13,1665.2,1,2,9,259.093,0.309951,0.266961,0.181854,0.241234,0.236425,0.311148,0.196779,0.255648
332,0,13,1500.17,13,1661.65,2,2,13,258.964,0.304259,0.280452,0.178496,0.236793,0.231612,0.30483,0.213111,0.250447
333,0,13,1500.17,13,1661.65,1,1,0,258.834,0.293206,0.270259,0.208356,0.228179,0.222493,0.292845,0.244072,0.24059
334,0,13,1500.17,13,1661.65,0,2,0,258.705,0.303304,0.245154,0.215516,0.236026,0.23121,0.265131,0.253639,0.25002
335,0,13,1500.17,13,1661.65,2,3,0,258.575,0.274666,0.255234,0.224372,0.245728,0.238624,0.27364,0.229695,0.258041
336,0,13,1500.17,13,1661.65,1,3,0,258.446,0.281621,0.261693,0.204741,0.251945,0.246333,0.282488,0.237114,0.234065
337,0,13,1500.17,13,1686.46,1,3,9,258.317,0.290869,0.237467,0.211451,0.260213,0.252836,0.289953,0.243371,0.21384
338,0,13,1500.17,13,1686.46,3,3,0,258.188,0.285518,0.251513,0.207548,0.25542,0.24797,0.284382,0.238686,0.228962
339,0,13,1500.17,13,1686.46,0,1,0,258.059,0.294408,0.259337,0.213996,0.232259,0.25422,0.291557,0.2447,0.209522
340,0,13,1500.17,13,1686.46,3,0,0,257.93,0.266806,0.269487,0.222363,0.241344,0.263961,0.264424,0.254074,0.217541
341,0,13,1500.17,13,1686.46,1,0,0,257.801,0.274495,0.277254,0.228764,0.219488,0.239045,0.273379,0.262676,0.2249
342,0,13,1500.17,13,1686.46,3,0,0,257.672,0.284415,0.251152,0.237022,0.22741,0.218033,0.280932,0.269931,0.231104
343,0,13,1500.17,13,1686.46,2,2,0,257.543,0.291435,0.257344,0.242863,0.208358,0.200282,0.287313,0.276061,0.236345
344,0,13,1500.17,13,1686.46,1,1,0,257.414,0.299407,0.264377,0.222172,0.214043,0.20718,0.297231,0.251096,0.244493
345,0,13,1500.17,13,1686.46,1,1,0,257.285,0.30878,0.241378,0.229114,0.220729,0.21512,0.270279,0.260729,0.253872
346,0,13,1500.17,13,1686.46,3,1,0,257.157,0.316732,0.221869,0.235,0.226398,0.222449,0.245401,0.269622,0.262529
347,0,13,1500.17,13,1686.46,0,2,0,257.028,0.32377,0.226783,0.240208,0.209239,0.228792,0.223862,0.277321,0.270024
348,0,13,1500.17,13,1686.46,3,1,0,256.9,0.295095,0.2364,0.250397,0.218108,0.23676,0.231657,0.252146,0.279437
349,0,13,1500.17,13,1686.46,0,3,0,256.771,0.301447,0.241478,0.255778,0.201298,0.24262,0.212625,0.258391,0.286364
350,0,13,1500.17,13,1686.46,3,1,0,256.643,0.274467,0.250806,0.265661,0.209066,0.251326,0.220249,0.267666,0.260758
351,0,13,1500.17,13,1686.46,1,2,0,256.515,0.280145,0.255989,0.271155,0.192712,0.257094,0.20235,0.273812,0.266744
352,0,13,1500.17,13,1689.83,0,1,9,256.386,0.288509,0.233792,0.279249,0.198451,0.265771,0.20917,0.24931,0.275749
353,0,13,1500.17,13,1689.83,3,3,0,256.258,0.301834,0.229412,0.274027,0.194727,0.260385,0.225198,0.244254,0.270163
354,0,13,1500.17,13,1682,3,1,13,256.13,0.306801,0.233175,0.278531,0.181492,0.269022,0.232661,0.252353,0.245964
355,0,13,1500.17,13,1682,2,2,0,256.002,0.294888,0.224108,0.267711,0.213293,0.258051,0.263962,0.242058,0.235929
356,0,13,1500.17,13,1682,2,3,0,255.874,0.304166,0.231146,0.244699,0.219989,0.265173,0.271248,0.221143,0.242436
357,0,13,1500.17,13,1682,3,1,0,255.746,0.312047,0.237123,0.225156,0.225675,0.272351,0.278592,0.227121,0.221936
358,0,13,1500.17,13,1682,0,3,0,255.618,0.318786,0.24223,0.230003,0.208982,0.281665,0.253937,0.23488,0.229517
359,0,13,1500.17,13,1682,0,2,0,255.49,0.291135,0.252065,0.239339,0.217461,0.28829,0.259905,0.240396,0.211409
360,0,13,1500.17,13,1682,2,1,0,255.363,0.265449,0.261202,0.248012,0.225336,0.295554,0.266447,0.221277,0.216722
361,0,13,1500.17,13,1682,1,0,0,255.235,0.27303,0.26866,0.226547,0.231764,0.304414,0.244483,0.227897,0.223206
362,0,13,1500.17,13,1682,2,0,0,255.107,0.281857,0.245032,0.233862,0.239249,0.278432,0.253618,0.236409,0.231541
363,0,13,1500.17,13,1682,3,3,0,254.98,0.288705,0.250978,0.215262,0.245054,0.254326,0.262094,0.244306,0.239275
364,0,13,1500.17,13,1682,3,3,0,254.852,0.296219,0.257503,0.220852,0.225427,0.26097,0.268943,0.250687,0.2194
365,0,13,1500.17,13,1631.36,2,2,13,254.725,0.302612,0.263053,0.225605,0.20873,0.266605,0.274752,0.256098,0.202545
366,0,13,1500.17,13,1631.36,1,1,0,254.597,0.289467,0.25162,0.259264,0.199649,0.254889,0.262679,0.2888,0.193632
367,0,13,1500.17,13,1644.08,0,0,9,254.47,0.297377,0.231192,0.266343,0.205089,0.262319,0.241189,0.297226,0.199266
368,0,13,1500.17,13,1648.92,2,1,9,254.343,0.311811,0.226441,0.260877,0.20087,0.278624,0.235856,0.290667,0.194853
369,0,13,1500.17,13,1631.89,0,2,13,254.216,0.304804,0.221339,0.277518,0.196339,0.272502,0.252657,0.284283,0.190558
370,0,13,1500.17,13,1631.89,0,1,0,254.089,0.338149,0.21072,0.264216,0.186915,0.26,0.241061,0.317137,0.181802
371,0,13,1500.17,13,1729.58,1,2,9,253.962,0.309682,0.219781,0.27559,0.194948,0.266068,0.22335,0.324551,0.186031
372,0,13,1500.17,13,1729.58,2,2,0,253.835,0.302652,0.237517,0.269327,0.190504,0.26021,0.218425,0.339441,0.181923
373,0,13,1500.17,13,1640.6,2,2,13,253.708,0.311855,0.244729,0.247137,0.196279,0.271291,0.227719,0.311333,0.189657
374,0,13,1500.17,13,1640.6,2,3,0,253.581,0.297722,0.233626,0.281284,0.187367,0.257877,0.216451,0.345406,0.180266
375,0,13,1500.17,13,1640.6,3,1,0,253.454,0.307668,0.241419,0.257304,0.193608,0.260779,0.21888,0.349314,0.171027
376,0,13,1500.17,13,1640.6,2,3,0,253.327,0.312405,0.245124,0.261256,0.181215,0.265354,0.205169,0.355463,0.174013
377,0,13,1500.17,13,1640.6,2,3,0,253.201,0.321142,0.251968,0.240626,0.186264,0.267955,0.20717,0.358969,0.165906
378,0,13,1500.17,13,1565.04,2,2,13,253.074,0.328599,0.257806,0.223028,0.190568,0.270213,0.208905,0.362015,0.158867
379,0,13,1500.17,13,1565.04,2,2,0,252.948,0.313842,0.246216,0.257951,0.18199,0.255097,0.197208,0.397731,0.149963
380,0,13,1500.17,13,1565.04,1,0,0,252.821,0.32238,0.252902,0.237798,0.18692,0.268284,0.207392,0.366624,0.157699
381,0,13,1500.17,13,1523.82,0,1,13,252.695,0.330617,0.233848,0.24386,0.191675,0.249473,0.212714,0.376075,0.161737
382,0,13,1500.17,13,1523.82,1,2,0,252.568,0.365287,0.221738,0.231233,0.181742,0.23776,0.249665,0.358446,0.154129
383,0,13,1500.17,13,1523.82,0,2,0,252.442,0.371723,0.208073,0.235285,0.184918,0.248568,0.261017,0.329292,0.161122
384,0,13,1500.17,13,1523.82,2,3,0,252.316,0.341719,0.21801,0.246527,0.193744,0.258713,0.271673,0.30193,0.167684
385,0,13,1500.17,13,1523.82,1,2,0,252.19,0.349602,0.223019,0.229188,0.198191,0.261493,0.274594,0.305183,0.15873
386,0,13,1500.17,13,1574.31,0,1,9,252.064,0.355976,0.208896,0.233346,0.201782,0.271169,0.284758,0.279487,0.164587
387,0,13,1500.17,13,1574.31,2,3,0,251.937,0.371294,0.203927,0.2278,0.19698,0.265507,0.299706,0.273653,0.161134
388,0,13,1500.17,13,1574.31,0,0,0,251.812,0.37801,0.20759,0.213882,0.200517,0.268091,0.30263,0.276318,0.152962
389,0,13,1500.17,13,1566.41,3,2,13,251.686,0.348046,0.217591,0.224188,0.210176,0.246767,0.311458,0.284373,0.157402
390,0,13,1500.17,13,1566.41,0,0,0,251.56,0.332235,0.207687,0.213985,0.246093,0.23468,0.296215,0.319427,0.149678
391,0,13,1500.17,13,1566.41,1,1,0,251.434,0.304656,0.216262,0.222821,0.256262,0.218138,0.302623,0.326343,0.152896
392,0,13,1500.17,13,1566.41,3,0,0,251.308,0.310471,0.201324,0.22706,0.261145,0.225719,0.278371,0.337712,0.158198
393,0,13,1500.17,13,1583.89,0,2,9,251.183,0.318968,0.206815,0.233259,0.240958,0.211198,0.283593,0.344061,0.161148
394,0,13,1500.17,13,1560.31,2,2,13,251.057,0.334381,0.202131,0.227981,0.235508,0.206093,0.276755,0.359907,0.157245
395,0,13,1500.17,13,1560.31,0,2,0,250.931,0.318878,0.19274,0.26381,0.224573,0.194386,0.261049,0.396261,0.148304
396,0,13,1500.17,13,1560.31,2,2,0,250.806,0.29213,0.200302,0.274178,0.233391,0.204233,0.274288,0.365671,0.155808
397,0,13,1500.17,13,1555.08,0,3,13,250.681,0.301285,0.206564,0.251457,0.240695,0.213559,0.286831,0.336696,0.162914
398,0,13,1500.17,13,1555.08,2,0,0,250.555,0.335523,0.196437,0.239139,0.228902,0.204944,0.275277,0.323144,0.196635
399,0,13,1500.17,13,1555.08,3,1,0,250.43,0.342824,0.20069,0.222621,0.233865,0.192319,0.279649,0.328287,0.199745
400,0,13,1500.17,13,1555.08,3,2,0,250.305,0.349785,0.204743,0.227122,0.218349,0.198018,0.258268,0.33805,0.205664
401,0,13,1500.17,13,1555.08,2,3,0,250.18,0.355766,0.208222,0.230986,0.205026,0.20619,0.268942,0.310713,0.214155
402,0,13,1500.17,13,1555.08,1,2,0,250.055,0.362519,0.212151,0.216436,0.208894,0.209851,0.273731,0.316256,0.200162
403,0,13,1500.17,13,1555.08,2,0,0,249.93,0.368071,0.200132,0.219728,0.21207,0.21778,0.284088,0.290409,0.207722
404,0,13,1500.17,13,1555.08,2,1,0,249.805,0.374068,0.203368,0.207062,0.215502,0.202635,0.289593,0.296038,0.211734
405,0,13,1500.17,13,1555.08,3,3,0,249.68,0.37925,0.20616,0.196126,0.218463,0.209365,0.265973,0.305893,0.218768
406,0,13,1500.17,13,1554,3,0,13,249.555,0.385116,0.209323,0.199134,0.206427,0.213223,0.270888,0.311554,0.204335
407,0,13,1500.17,13,1554,0,1,0,249.43,0.366769,0.199327,0.189622,0.244283,0.248666,0.258686,0.297529,0.19512
408,0,13,1500.17,13,1554,3,0,0,249.305,0.337798,0.208443,0.198293,0.255466,0.255314,0.238865,0.305494,0.200327
409,0,13,1500.17,13,1554,1,3,0,249.181,0.34596,0.21346,0.203063,0.237517,0.236378,0.244937,0.313274,0.205411
410,0,13,1500.17,13,1554,0,3,0,249.056,0.351496,0.200916,0.20629,0.241299,0.240072,0.248766,0.318188,0.192975
411,0,13,1500.17,13,1554,2,3,0,248.932,0.323652,0.209539,0.215145,0.251665,0.243249,0.25206,0.322417,0.182274
412,0,13,1500.17,13,1554.71,0,1,9,248.807,0.329201,0.213113,0.20172,0.255967,0.24599,0.254903,0.326069,0.173038
413,0,13,1500.17,13,1569.93,2,1,9,248.683,0.345599,0.207901,0.196784,0.249716,0.239572,0.274338,0.317579,0.168511
414,0,13,1500.17,13,1569.93,0,1,0,248.558,0.336564,0.202445,0.217819,0.243172,0.233539,0.292604,0.3096,0.164257
415,0,13,1500.17,13,1551.01,2,2,13,248.434,0.309535,0.210689,0.226692,0.253084,0.241178,0.269462,0.319743,0.169617
416,0,13,1500.17,13,1551.01,0,0,0,248.31,0.295341,0.201012,0.262178,0.241469,0.228313,0.255095,0.356035,0.160558
417,0,13,1500.17,13,1551.01,2,0,0,248.186,0.270745,0.208022,0.271335,0.249898,0.214668,0.259602,0.36235,0.16338
418,0,13,1500.17,13,1551.01,3,2,0,248.062,0.279247,0.214543,0.24847,0.257741,0.202896,0.26349,0.367802,0.165812
419,0,13,1500.17,13,1551.01,3,0,9,247.938,0.287019,0.220502,0.25538,0.237099,0.211951,0.275264,0.339581,0.173204
420,0,13,1500.17,13,1551.01,2,0,0,247.814,0.280334,0.215356,0.249426,0.254884,0.232991,0.267915,0.330529,0.168565
421,0,13,1500.17,13,1551.01,2,1,0,247.69,0.28764,0.220956,0.229883,0.261521,0.217936,0.273174,0.337032,0.171858
422,0,13,1500.17,13,1551.01,0,1,0,247.566,0.293867,0.225727,0.213228,0.267178,0.223757,0.253741,0.346063,0.176439
423,0,13,1500.17,13,1551.01,0,3,0,247.442,0.269796,0.23342,0.220492,0.276292,0.228757,0.237043,0.353827,0.180373
424,0,13,1500.17,13,1551.01,0,0,9,247.318,0.247796,0.24045,0.227131,0.284623,0.230936,0.239302,0.357228,0.172534
425,0,13,1500.17,13,1551.01,0,1,9,247.195,0.265468,0.234799,0.22179,0.277943,0.252609,0.232553,0.347181,0.167657
426,0,13,1500.17,13,1554.74,3,2,9,247.071,0.282051,0.229496,0.216778,0.271675,0.24566,0.253658,0.337651,0.163031
427,0,13,1500.17,13,1554.74,3,1,0,246.948,0.27567,0.224295,0.211864,0.288171,0.239386,0.247182,0.354577,0.158855
428,0,13,1500.17,13,1527.99,3,2,13,246.824,0.284877,0.231776,0.218927,0.26442,0.244403,0.231391,0.362036,0.16217
429,0,13,1500.17,13,1527.54,0,2,13,246.701,0.271354,0.220765,0.208525,0.299356,0.229915,0.217672,0.399868,0.152545
430,0,13,1500.17,13,1527.54,1,1,0,246.577,0.306918,0.209986,0.19834,0.284756,0.215251,0.203786,0.438159,0.142803
431,0,13,1500.17,13,1527.54,3,0,0,246.454,0.312185,0.196452,0.201726,0.289637,0.217516,0.195355,0.442834,0.144295
432,0,13,1500.17,13,1527.54,2,3,0,246.331,0.322258,0.202772,0.208217,0.266753,0.207764,0.197774,0.44839,0.146072
433,0,13,1500.17,13,1527.54,2,0,0,246.208,0.327381,0.205976,0.19566,0.270983,0.208269,0.198253,0.44955,0.143927
434,0,13,1500.17,13,1611,1,2,9,246.085,0.331792,0.208732,0.184851,0.274624,0.199749,0.20037,0.454426,0.145455
435,0,13,1500.17,13,1611,2,1,0,245.961,0.323127,0.229429,0.180002,0.267442,0.19364,0.194242,0.471121,0.140997
436,0,13,1500.17,13,1591.33,3,2,13,245.839,0.326739,0.231978,0.170861,0.270422,0.195189,0.187719,0.474975,0.142117
437,0,13,1500.17,13,1591.33,3,0,0,245.716,0.310115,0.22016,0.162146,0.307578,0.180966,0.174038,0.513244,0.131752
438,0,13,1500.17,13,1591.33,0,2,0,245.593,0.321381,0.228143,0.168015,0.282461,0.176603,0.174943,0.516024,0.13243
439,0,13,1500.17,13,1591.33,1,2,0,245.47,0.295445,0.236862,0.174425,0.293268,0.188795,0.187019,0.482623,0.141563
440,0,13,1500.17,13,1591.33,3,2,0,245.347,0.302081,0.21974,0.178324,0.299855,0.200693,0.198805,0.450025,0.150477
441,0,13,1500.17,13,1576.41,3,0,13,245.225,0.312573,0.227357,0.184498,0.275572,0.212209,0.210213,0.418477,0.159102
442,0,13,1500.17,13,1576.41,2,0,0,245.102,0.296725,0.215816,0.175125,0.312334,0.252399,0.199476,0.397158,0.150967
443,0,13,1500.17,13,1576.41,3,0,0,244.979,0.299917,0.218124,0.166262,0.315697,0.237461,0.203449,0.405124,0.153966
444,0,13,1500.17,13,1576.41,3,3,0,244.857,0.311069,0.22622,0.172423,0.290288,0.224542,0.206883,0.412019,0.156556
445,0,13,1500.17,13,1576.41,0,3,0,244.734,0.320997,0.233425,0.177905,0.267674,0.225556,0.207814,0.413931,0.152699
446,0,13,1500.17,13,1576.41,3,2,0,244.612,0.29555,0.242173,0.184563,0.277713,0.226451,0.208635,0.415623,0.149291
447,0,13,1500.17,13,1576.41,1,0,0,244.49,0.304431,0.24944,0.190091,0.256038,0.238182,0.21944,0.385365,0.157012
448,0,13,1500.17,13,1548.38,2,2,13,244.368,0.311641,0.231692,0.194574,0.262093,0.224734,0.223304,0.392195,0.159766
449,0,13,1500.17,13,1548.38,3,0,0,244.245,0.297798,0.221387,0.230373,0.250442,0.210345,0.209006,0.431122,0.149527
450,0,13,1500.17,13,1510.02,2,2,13,244.123,0.305067,0.226777,0.235984,0.232172,0.201312,0.211383,0.436088,0.151217
451,0,13,1500.17,13,1503.72,0,1,13,244.001,0.290482,0.215922,0.272536,0.22106,0.187357,0.196733,0.475183,0.140727
452,0,13,1500.17,13,1503.72,1,2,0,243.879,0.32616,0.205061,0.258839,0.209941,0.177741,0.237885,0.450878,0.133496
453,0,13,1500.17,13,1503.72,0,3,0,243.757,0.331028,0.193228,0.262689,0.213055,0.188079,0.251736,0.418932,0.141253
454,0,13,1500.17,13,1503.72,1,0,0,243.635,0.304903,0.200768,0.272956,0.221373,0.188564,0.252399,0.420079,0.138958
455,0,13,1500.17,13,1503.72,2,2,0,243.514,0.309485,0.188777,0.277052,0.224685,0.181384,0.254624,0.423825,0.140167
456,0,13,1500.17,13,1503.72,0,0,0,243.392,0.318463,0.194234,0.256114,0.231189,0.191077,0.26825,0.393024,0.14765
457,0,13,1500.17,13,1503.72,3,0,0,243.27,0.293378,0.201377,0.265547,0.239698,0.183003,0.270923,0.396971,0.149103
458,0,13,1500.17,13,1503.72,1,1,0,243.148,0.299949,0.205871,0.271488,0.222692,0.175962,0.273254,0.400417,0.150368
459,0,13,1500.17,13,1503.72,1,2,0,243.027,0.304682,0.193358,0.275767,0.226193,0.180045,0.256325,0.409777,0.153853
460,0,13,1500.17,13,1503.72,1,1,0,242.905,0.308756,0.182592,0.279449,0.229203,0.189155,0.269313,0.3799,0.161632
461,0,13,1500.17,13,1503.72,0,1,0,242.784,0.312273,0.173301,0.282626,0.2318,0.19355,0.252289,0.38878,0.165382
462,0,13,1500.17,13,1503.72,0,0,0,242.662,0.287929,0.179425,0.292641,0.240005,0.197343,0.237583,0.396455,0.168618
463,0,13,1472.66,13,1472.66,2,2,33,242.541,0.265448,0.185078,0.301892,0.247581,0.189068,0.240024,0.400569,0.170339
464,0,13,1472.66,13,1489.51,3,2,9,242.42,0.211717,0.147605,0.443215,0.197464,0.14211,0.180419,0.54944,0.12803
465,0,13,1472.66,13,1554.35,1,2,9,242.299,0.205053,0.142949,0.429328,0.222669,0.137212,0.174209,0.564964,0.123615
466,0,13,1472.66,13,1554.35,3,3,0,242.178,0.199378,0.166603,0.417508,0.21651,0.132448,0.168168,0.580063,0.11932
467,0,13,1472.66,13,1554.35,3,2,0,242.056,0.20194,0.168738,0.422934,0.206389,0.132094,0.167727,0.578684,0.121494
468,0,13,1472.66,13,1554.35,2,3,0,241.935,0.204167,0.170593,0.427662,0.197579,0.142674,0.18117,0.544932,0.131223
469,0,13,1472.66,13,1499.12,2,1,13,241.814,0.215077,0.179702,0.397086,0.208135,0.142508,0.180968,0.544444,0.13208
470,0,13,1472.66,13,1499.12,0,2,0,241.694,0.201051,0.167977,0.436411,0.194561,0.13519,0.222894,0.516622,0.125295
471,0,13,1472.66,13,1599.89,1,2,9,241.573,0.193186,0.169612,0.440742,0.19646,0.144587,0.238412,0.482998,0.134002
472,0,13,1472.66,13,1599.89,2,2,0,241.452,0.187427,0.194297,0.427673,0.190604,0.139975,0.230829,0.499471,0.129725
473,0,13,1472.66,13,1599.89,2,2,0,241.331,0.197503,0.204743,0.396903,0.200851,0.149269,0.24618,0.466215,0.138337
474,0,13,1472.66,13,1599.89,2,3,0,241.211,0.207128,0.214724,0.367508,0.21064,0.158299,0.261099,0.433898,0.146703
475,0,13,1472.66,13,1599.89,1,1,0,241.09,0.216262,0.224194,0.339613,0.21993,0.158737,0.261848,0.435186,0.14423
476,0,13,1472.66,13,1566.96,2,1,13,240.969,0.219967,0.210873,0.345462,0.223698,0.161877,0.247158,0.443885,0.147081
477,0,13,1472.66,13,1575.52,0,2,9,240.849,0.207026,0.198466,0.383969,0.210539,0.152742,0.289559,0.418921,0.138778
478,0,13,1472.66,13,1575.52,0,0,0,240.728,0.230353,0.192615,0.372698,0.204334,0.148236,0.281053,0.43603,0.134682
479,0,13,1472.66,13,1575.52,3,1,0,240.608,0.217311,0.195866,0.379038,0.207785,0.145486,0.281954,0.437466,0.135093
480,0,13,1472.66,13,1575.52,0,3,0,240.488,0.220099,0.198374,0.383943,0.197584,0.14892,0.264912,0.447888,0.138279
481,0,13,1472.66,13,1575.52,3,3,0,240.368,0.208711,0.201258,0.389576,0.200455,0.149151,0.265354,0.448683,0.136811
482,0,13,1472.66,13,1575.52,2,3,0,240.247,0.211037,0.2035,0.393967,0.191497,0.149355,0.265749,0.449397,0.135499
483,0,13,1472.66,13,1575.52,2,1,0,240.127,0.221133,0.213234,0.36498,0.200654,0.149536,0.266101,0.450039,0.134324
484,0,13,1472.66,13,1575.52,1,0,0,240.007,0.230711,0.222468,0.337479,0.209341,0.152536,0.25128,0.459168,0.137016
485,0,13,1472.66,13,1575.52,1,3,0,239.887,0.234562,0.209467,0.343139,0.212832,0.149995,0.252022,0.460579,0.137404
486,0,13,1472.66,13,1524.53,1,2,13,239.767,0.237885,0.198245,0.348027,0.215843,0.150159,0.252324,0.461186,0.136331
487,0,13,1472.66,13,1552.74,3,2,9,239.647,0.226582,0.236319,0.331516,0.205583,0.139246,0.23401,0.500324,0.12642
488,0,13,1472.66,13,1497.62,0,2,13,239.528,0.220404,0.229877,0.3225,0.227219,0.134672,0.226347,0.516715,0.122266
489,0,13,1472.66,13,1497.62,0,0,0,239.408,0.257863,0.218826,0.307017,0.216294,0.1241,0.2086,0.554635,0.112665
490,0,13,1472.66,13,1595.4,0,2,9,239.288,0.238992,0.224384,0.314836,0.221788,0.125417,0.208264,0.55385,0.11247
491,0,13,1472.66,13,1595.4,1,2,0,239.168,0.259095,0.21845,0.306532,0.215923,0.121168,0.201228,0.568947,0.108657
492,0,13,1472.66,13,1595.4,1,2,0,239.049,0.263778,0.204324,0.312082,0.219817,0.130786,0.217224,0.534709,0.11728
493,0,13,1472.66,13,1595.4,0,2,0,238.929,0.267798,0.192194,0.316849,0.223159,0.140306,0.233059,0.500822,0.125814
494,0,13,1472.66,13,1595.4,3,0,0,238.81,0.24831,0.1973,0.325298,0.229093,0.14964,0.248589,0.46759,0.134181
495,0,13,1472.66,13,1595.4,1,1,0,238.69,0.252957,0.200983,0.331404,0.214656,0.147505,0.2492,0.4688,0.134494
496,0,13,1472.66,13,1595.4,1,1,0,238.571,0.256377,0.19017,0.335902,0.217551,0.149925,0.236779,0.476599,0.136698
497,0,13,1472.66,13,1595.4,0,2,0,238.452,0.259334,0.180818,0.339795,0.220053,0.152027,0.225966,0.483395,0.138612
498,0,13,1472.66,13,1595.4,1,1,0,238.333,0.242107,0.185011,0.347717,0.225164,0.161583,0.240187,0.450908,0.147322
499,0,13,1472.66,13,1667.01,1,1,9,238.213,0.244554,0.176752,0.351257,0.227437,0.164051,0.228489,0.45789,0.14957
500,0,13,1472.66,13,1667.01,2,0,0,238.094,0.237807,0.199443,0.341591,0.221159,0.158578,0.254141,0.442705,0.144577
501,0,13,1472.66,13,1667.01,0,2,0,237.975,0.247268,0.20737,0.315409,0.229954,0.155183,0.255156,0.444523,0.145138
502,0,13,1472.66,13,1677.8,1,2,9,237.856,0.230521,0.211974,0.32244,0.235065,0.163937,0.269576,0.413163,0.153323
503,0,13,1472.66,13,1677.8,2,2,0,237.737,0.224215,0.233509,0.313641,0.228635,0.158923,0.261357,0.431088,0.148632
504,0,13,1472.66,13,1677.8,2,0,0,237.618,0.232221,0.241849,0.28913,0.2368,0.167532,0.275544,0.400242,0.156682
505,0,13,1472.66,13,1677.8,3,2,0,237.5,0.239697,0.249637,0.26624,0.244425,0.162342,0.277258,0.402762,0.157639
506,0,13,1472.66,13,1677.8,1,1,0,237.381,0.245592,0.255779,0.272793,0.225836,0.170371,0.291001,0.373193,0.165434
507,0,13,1472.66,13,1677.8,1,2,0,237.262,0.252048,0.236214,0.27997,0.231768,0.175082,0.271336,0.383573,0.170008
508,0,13,1472.66,13,1677.8,0,3,0,237.144,0.257562,0.219503,0.286101,0.236834,0.183153,0.283869,0.355134,0.177844
509,0,13,1472.66,13,1677.8,1,1,0,237.025,0.238634,0.225093,0.293403,0.24287,0.184763,0.28639,0.358304,0.170543
510,0,13,1472.66,13,1578.9,2,2,13,236.907,0.243118,0.210521,0.298927,0.247434,0.189798,0.266899,0.368116,0.175187
511,0,13,1472.66,13,1578.9,0,2,0,236.788,0.229898,0.199067,0.337055,0.23398,0.177804,0.25005,0.408032,0.164114
512,0,13,1472.66,13,1578.9,0,0,0,236.67,0.216488,0.202522,0.342941,0.238048,0.186621,0.262468,0.378661,0.17225
513,0,13,1472.66,13,1578.9,0,1,0,236.551,0.204906,0.205505,0.348028,0.241561,0.179129,0.264882,0.38217,0.173819
514,0,13,1472.66,13,1578.9,3,3,0,236.433,0.194876,0.208085,0.352436,0.244603,0.18303,0.248816,0.390552,0.177603
515,0,13,1472.66,13,1578.9,2,2,0,236.315,0.198561,0.212023,0.359142,0.230274,0.184365,0.250646,0.39346,0.171529
516,0,13,1472.66,13,1578.9,2,0,0,236.197,0.20666,0.220674,0.332992,0.239674,0.193,0.262402,0.365038,0.17956
517,0,13,1472.66,13,1587.67,2,2,9,236.079,0.214302,0.228838,0.308315,0.248545,0.184602,0.265129,0.368856,0.181412
518,0,13,1472.66,13,1587.67,0,1,0,235.961,0.208352,0.222486,0.327512,0.24165,0.17901,0.257116,0.387959,0.175916
519,0,13,1472.66,13,1587.67,2,1,0,235.843,0.197395,0.225557,0.332058,0.24499,0.182563,0.24231,0.39572,0.179407
520,0,13,1472.66,13,1603.36,0,1,9,235.725,0.204645,0.233847,0.30751,0.253998,0.185638,0.229485,0.402449,0.182428
521,0,13,1472.66,13,1603.36,2,0,0,235.607,0.226566,0.227396,0.299043,0.246995,0.179632,0.254352,0.389489,0.176526
522,0,13,1472.66,13,1603.36,2,3,0,235.489,0.233895,0.234752,0.276364,0.254989,0.173392,0.256281,0.392476,0.177852
523,0,13,1472.66,13,1607.85,0,2,9,235.371,0.240737,0.241619,0.255192,0.262452,0.174628,0.258128,0.395338,0.171906
524,0,13,1472.66,13,1607.85,2,2,0,235.254,0.259782,0.235556,0.248791,0.255871,0.169075,0.24994,0.414545,0.16644
525,0,13,1472.66,13,1607.85,2,1,0,235.136,0.266266,0.241431,0.230047,0.262257,0.177506,0.262423,0.385333,0.174739
526,0,13,1472.66,13,1607.85,3,1,0,235.018,0.271805,0.246448,0.214036,0.267711,0.181195,0.247034,0.393402,0.178369
527,0,13,1472.66,13,1607.85,0,0,0,234.901,0.279318,0.253256,0.219942,0.247484,0.184387,0.233707,0.400395,0.181511
528,0,13,1472.66,13,1607.85,1,2,0,234.783,0.258231,0.260669,0.226373,0.254727,0.178142,0.235486,0.403487,0.182884
529,0,13,1472.66,13,1607.85,1,1,0,234.666,0.265149,0.24087,0.232431,0.26155,0.186615,0.2467,0.375102,0.191583
530,0,13,1472.66,13,1607.85,2,1,0,234.549,0.271109,0.223813,0.237649,0.267428,0.190002,0.232973,0.381964,0.195062
531,0,13,1472.66,13,1607.85,0,0,0,234.431,0.276904,0.228588,0.221365,0.273144,0.192935,0.221076,0.387915,0.198074
532,0,13,1472.66,13,1607.85,1,0,0,234.314,0.256326,0.235091,0.22766,0.280923,0.185651,0.22306,0.391441,0.199848
533,0,13,1472.66,13,1607.85,3,0,0,234.197,0.261462,0.219764,0.232216,0.286557,0.179275,0.224796,0.394531,0.201398
534,0,13,1472.66,13,1607.85,0,3,0,234.08,0.269158,0.226224,0.239045,0.265573,0.17368,0.226317,0.397246,0.202757
535,0,13,1472.66,13,1607.85,0,2,0,233.963,0.249339,0.232355,0.245526,0.27278,0.175401,0.228573,0.40125,0.194776
536,0,13,1472.66,13,1607.85,2,3,0,233.846,0.232158,0.23767,0.251144,0.279028,0.183542,0.239194,0.373445,0.20382
537,0,13,1472.66,13,1607.85,2,3,0,233.729,0.237423,0.243061,0.234151,0.285366,0.185533,0.241801,0.37755,0.195115
538,0,13,1472.66,13,1607.85,0,1,0,233.612,0.241946,0.247693,0.219547,0.290813,0.187268,0.244076,0.381135,0.187521
539,0,13,1472.66,13,1607.85,3,3,0,233.495,0.226756,0.252655,0.22394,0.296649,0.190419,0.231302,0.387603,0.190676
540,0,13,1472.66,13,1607.85,3,3,0,233.379,0.233537,0.260217,0.230637,0.275608,0.191987,0.233216,0.390851,0.183946
541,0,13,1472.66,13,1607.85,0,1,0,233.262,0.239889,0.2673,0.236909,0.255902,0.193361,0.234894,0.393702,0.178044
542,0,13,1472.66,13,1607.85,2,0,0,233.145,0.224018,0.272884,0.241853,0.261245,0.196183,0.223672,0.399506,0.180639
543,0,13,1472.66,13,1607.85,1,0,0,233.029,0.228665,0.278556,0.226107,0.266673,0.189321,0.225571,0.402943,0.182165
544,0,13,1472.66,13,1607.85,1,0,0,232.912,0.234885,0.258923,0.232256,0.273935,0.183301,0.227235,0.405963,0.183501
545,0,13,1472.66,13,1607.85,0,2,0,232.796,0.240438,0.241397,0.237746,0.280419,0.178007,0.228697,0.408623,0.184674
546,0,13,1472.66,13,1607.85,3,0,0,232.679,0.225476,0.246149,0.242426,0.285949,0.186278,0.239335,0.381132,0.193256
547,0,13,1472.66,13,1607.85,3,2,0,232.563,0.231726,0.252977,0.24915,0.266148,0.18008,0.24115,0.384058,0.194713
548,0,13,1472.66,13,1607.85,1,2,0,232.447,0.237578,0.259371,0.255446,0.247605,0.18777,0.251463,0.357735,0.203031
549,0,13,1472.66,13,1607.85,0,1,0,232.33,0.243365,0.241326,0.261671,0.253638,0.195074,0.261259,0.332736,0.210932
550,0,13,1472.66,13,1607.85,0,1,0,232.214,0.227413,0.246412,0.26719,0.258985,0.199275,0.245311,0.339937,0.215477
551,0,13,1472.66,13,1607.85,1,0,0,232.098,0.213693,0.250785,0.271937,0.263585,0.202904,0.231525,0.346166,0.219406
552,0,13,1472.66,13,1607.85,0,1,0,231.982,0.21829,0.234644,0.2778,0.269266,0.194121,0.234068,0.349997,0.221814
553,0,13,1472.66,13,1607.85,1,1,0,231.866,0.206272,0.238246,0.282074,0.273407,0.197159,0.222031,0.355518,0.225292
554,0,13,1472.66,13,1607.85,0,1,0,231.75,0.21007,0.224188,0.287286,0.278457,0.199797,0.211576,0.360316,0.228311
555,0,13,1472.66,13,1607.85,1,2,0,231.634,0.199529,0.227172,0.291124,0.282175,0.202091,0.202475,0.364496,0.230939
556,0,13,1472.66,13,1607.85,1,2,0,231.519,0.202684,0.214908,0.29575,0.286657,0.209962,0.210361,0.339737,0.23994
557,0,13,1472.66,13,1607.85,1,1,0,231.403,0.205416,0.204284,0.299759,0.290541,0.217417,0.217831,0.316285,0.248467
558,0,13,1472.66,13,1607.85,3,2,0,231.287,0.207787,0.195055,0.303242,0.293916,0.220528,0.206607,0.320835,0.252029
559,0,13,1472.66,13,1607.85,3,0,0,231.171,0.213345,0.20027,0.311376,0.275009,0.227769,0.213388,0.298532,0.260311
560,0,13,1472.66,13,1607.85,2,0,0,231.056,0.218153,0.204781,0.318418,0.258648,0.214792,0.216965,0.303557,0.264685
561,1,13,1472.66,13,1607.85,1,3,0,230.94,0.224704,0.210927,0.297946,0.266424,0.203574,0.220056,0.307903,0.268467
562,1,13,1472.66,13,1607.85,2,0,0,230.825,0.25,0.25,0.25,0.25,0.25,0.25,0.25,0.25
563,1,13,1472.66,13,1607.85,2,3,0,230.709,0.263196,0.263196,0.210411,0.263196,0.210411,0.263196,0.263196,0.263196
564,1,13,1472.66,13,1607.85,0,3,0,230.594,0.273709,0.273709,0.178874,0.273709,0.222131,0.277869,0.277869,0.222131
565,1,13,1472.66,13,1607.85,1,0,0,230.479,0.231512,0.289617,0.189255,0.289617,0.231512,0.289617,0.289617,0.189255
566,1,13,1472.66,13,1607.85,3,2,0,230.364,0.245792,0.245792,0.200921,0.307495,0.197595,0.302405,0.302405,0.197595
567,1,13,1472.66,13,1607.85,2,1,0,230.248,0.261958,0.261958,0.214126,0.261958,0.210352,0.321957,0.25734,0.210352
568,1,13,1472.66,13,1607.85,0,2,0,230.133,0.272509,0.272509,0.182472,0.272509,0.224878,0.275122,0.275122,0.224878
569,1,13,1472.66,13,1607.85,3,0,0,230.018,0.231202,0.287988,0.192822,0.287988,0.237772,0.290909,0.233547,0.237772
570,1,13,1472.66,13,1607.85,2,2,0,229.903,0.24512,0.305338,0.204422,0.24512,0.203519,0.30399,0.244038,0.248454
571,1,13,1472.66,13,1607.85,0,0,0,229.788,0.253642,0.315966,0.176751,0.253642,0.212829,0.317921,0.209421,0.259829
572,1,13,1472.66,13,1607.85,0,2,0,229.673,0.21805,0.331048,0.185166,0.265737,0.184279,0.329463,0.217006,0.269252
573,0,13,1472.66,13,1543.47,3,2,13,229.558,0.189211,0.343272,0.191981,0.275537,0.191028,0.341568,0.188271,0.279133
574,0,13,1472.66,13,1510.44,0,1,13,229.444,0.200021,0.297303,0.265413,0.237263,0.179862,0.194464,0.272332,0.353343
575,0,13,1472.66,13,1479.5,0,1,13,229.329,0.240194,0.282379,0.252084,0.225343,0.170695,0.23545,0.258474,0.33538
576,0,13,1472.66,13,1479.5,2,1,0,229.214,0.280811,0.26729,0.238608,0.213292,0.161368,0.277163,0.244371,0.317098
577,0,13,1472.66,13,1520.8,2,1,9,229.1,0.286159,0.272377,0.224122,0.217342,0.165488,0.258646,0.25063,0.325236
578,0,13,1472.66,13,1517.74,3,3,13,228.985,0.277618,0.264246,0.247292,0.210844,0.160325,0.281712,0.242831,0.315132
579,0,13,1472.66,13,1517.74,1,1,0,228.871,0.263822,0.251111,0.234997,0.25007,0.150717,0.264859,0.228297,0.356126
580,0,13,1472.66,13,1564.32,0,0,9,228.756,0.269834,0.234053,0.240347,0.255766,0.153911,0.249195,0.233156,0.363738
581,0,13,1472.66,13,1564.32,0,3,0,228.642,0.290884,0.227303,0.233417,0.248395,0.178308,0.242003,0.226423,0.353266
582,0,13,1472.66,13,1491.52,0,1,13,228.528,0.270717,0.233766,0.240055,0.255462,0.18521,0.251387,0.2352,0.328202
583,0,13,1472.66,13,1491.52,2,1,0,228.413,0.310717,0.220943,0.226888,0.241452,0.174957,0.292783,0.222191,0.310069
584,0,13,1472.66,13,1540.98,0,1,9,228.299,0.315598,0.224399,0.21477,0.245233,0.180144,0.271772,0.228788,0.319297
585,0,13,1472.66,13,1540.98,1,2,0,228.185,0.337702,0.21715,0.207831,0.237317,0.174668,0.293859,0.221845,0.309628
586,0,13,1472.66,13,1540.98,0,0,0,228.071,0.342029,0.207158,0.210473,0.24034,0.177545,0.298731,0.20896,0.314764
587,0,13,1472.66,13,1540.98,0,2,0,227.957,0.319056,0.214389,0.21782,0.248736,0.170022,0.301468,0.21086,0.317651
588,0,13,1472.66,13,1540.98,0,1,0,227.843,0.297355,0.221218,0.224759,0.256667,0.172419,0.305753,0.199659,0.322169
589,0,13,1472.66,13,1554.82,1,3,9,227.729,0.276931,0.227646,0.231291,0.264132,0.177794,0.284062,0.20589,0.332255
590,0,13,1472.66,13,1554.82,3,3,0,227.615,0.268839,0.250225,0.224524,0.256412,0.172211,0.275167,0.19943,0.353193
591,0,13,1472.66,13,1554.82,1,1,0,227.501,0.275118,0.256066,0.22976,0.239056,0.178864,0.285825,0.207141,0.32817
592,0,13,1472.66,13,1554.82,0,0,0,227.387,0.281374,0.239167,0.234975,0.244484,0.183632,0.26674,0.212669,0.336959
593,0,13,1472.66,13,1554.82,3,3,0,227.274,0.262006,0.245612,0.241307,0.251074,0.176442,0.269088,0.21453,0.33994
594,0,13,1472.66,13,1554.82,3,3,0,227.16,0.267905,0.251138,0.246736,0.234221,0.182869,0.278913,0.222354,0.315864
595,0,13,1472.66,13,1554.82,1,2,0,227.047,0.272976,0.255889,0.251402,0.219732,0.188923,0.288171,0.229724,0.293181
596,0,13,1472.66,13,1554.82,0,2,9,226.933,0.2791,0.23921,0.257038,0.224652,0.192337,0.293403,0.215755,0.298505
597,0,13,1472.66,13,1554.82,2,1,0,226.82,0.301087,0.231914,0.249202,0.217797,0.186724,0.284865,0.238591,0.28982
598,0,13,1472.66,13,1554.82,2,3,0,226.706,0.306928,0.236402,0.234662,0.222009,0.192088,0.264284,0.245457,0.298171
599,0,13,1472.66,13,1554.82,2,2,0,226.593,0.311984,0.240283,0.222082,0.225651,0.197968,0.272393,0.252984,0.276655
600,0,13,1472.66,13,1570.24,0,2,9,226.479,0.31637,0.243648,0.211174,0.228808,0.202562,0.278731,0.235615,0.283093
601,0,13,1472.66,13,1570.24,3,2,0,226.366,0.339456,0.235423,0.20404,0.221081,0.196733,0.270728,0.257574,0.274965
602,0,13,1472.66,13,1570.24,0,3,0,226.253,0.343721,0.238364,0.206582,0.211333,0.201501,0.277306,0.239545,0.281648
603,0,13,1472.66,13,1570.24,2,0,0,226.14,0.321459,0.246453,0.213587,0.2185,0.20721,0.285182,0.246341,0.261267
604,0,13,1472.66,13,1570.24,1,2,0,226.027,0.325359,0.24943,0.204077,0.221134,0.195799,0.289291,0.249883,0.265027
605,0,13,1472.66,13,1570.24,0,0,0,225.914,0.331102,0.23622,0.207659,0.225019,0.200009,0.295533,0.233717,0.270741
606,0,13,1472.66,13,1570.24,3,1,0,225.801,0.309686,0.243785,0.214304,0.232224,0.189983,0.299243,0.236639,0.274135
607,0,13,1472.66,13,1570.24,3,1,0,225.688,0.314481,0.247548,0.217606,0.220366,0.195698,0.278131,0.243768,0.282402
608,0,13,1472.66,13,1570.24,1,1,0,225.575,0.318647,0.250815,0.220472,0.210066,0.20099,0.258581,0.250371,0.290059
609,0,13,1472.66,13,1570.24,2,0,0,225.462,0.324359,0.23742,0.224408,0.213814,0.20554,0.241762,0.25605,0.296648
610,0,13,1472.66,13,1570.24,3,0,0,225.35,0.32865,0.240546,0.21418,0.216625,0.195199,0.244905,0.259381,0.300515
611,0,13,1472.66,13,1570.24,2,1,0,225.237,0.332514,0.243359,0.216679,0.207447,0.186229,0.247629,0.26227,0.303872
612,0,13,1472.66,13,1570.24,2,2,0,225.124,0.336347,0.246149,0.207685,0.209819,0.189865,0.232889,0.26741,0.309836
613,0,13,1472.66,13,1570.24,0,3,0,225.012,0.339699,0.248586,0.199825,0.21189,0.194158,0.238164,0.250805,0.316872
614,0,13,1472.66,13,1569.04,0,2,13,224.899,0.318387,0.256616,0.20627,0.218727,0.20026,0.245659,0.258701,0.295379
615,0,13,1472.66,13,1604.78,2,1,9,224.787,0.363126,0.239778,0.192728,0.204369,0.188948,0.231792,0.300545,0.278715
616,0,13,1472.66,13,1604.78,0,2,0,224.674,0.350766,0.231597,0.220247,0.19739,0.183104,0.255505,0.291276,0.270116
617,0,13,1472.66,13,1604.78,3,1,0,224.562,0.328642,0.239493,0.227753,0.204112,0.188354,0.262848,0.270916,0.277882
618,0,13,1472.66,13,1604.78,1,1,0,224.45,0.331909,0.241858,0.23,0.196234,0.19288,0.245089,0.277448,0.284583
619,0,13,1472.66,13,1604.78,3,3,0,224.338,0.337069,0.230109,0.233558,0.199264,0.196774,0.229808,0.283069,0.29035
620,0,13,1472.66,13,1604.78,1,3,0,224.225,0.340021,0.232106,0.235587,0.192286,0.202321,0.236293,0.29107,0.270316
621,0,13,1472.66,13,1604.78,0,3,0,224.113,0.344598,0.22181,0.23874,0.194852,0.207209,0.24201,0.298124,0.252657
622,0,13,1472.66,13,1604.78,3,1,0,224.001,0.323079,0.229093,0.246583,0.201244,0.211424,0.24694,0.30421,0.237426
623,0,13,1472.66,13,1604.78,3,2,0,223.889,0.326147,0.231252,0.24891,0.193691,0.215411,0.232711,0.309969,0.241909
624,0,13,1472.66,13,1604.78,1,1,0,223.777,0.328835,0.233142,0.250948,0.187075,0.221884,0.239707,0.289225,0.249184
625,0,13,1472.66,13,1604.78,1,0,0,223.665,0.333422,0.22248,0.254435,0.189663,0.225953,0.225744,0.294545,0.253759
626,0,13,1472.66,13,1604.78,0,1,0,223.554,0.337425,0.21318,0.257476,0.191919,0.213858,0.229265,0.299155,0.257723
627,0,13,1472.66,13,1604.78,1,3,0,223.442,0.316535,0.2199,0.265602,0.197964,0.217237,0.217056,0.303902,0.261805
628,0,13,1472.66,13,1604.78,0,1,0,223.33,0.320434,0.210319,0.268864,0.200383,0.221809,0.221625,0.310319,0.246247
629,0,13,1472.66,13,1619.52,1,0,9,223.218,0.300508,0.216482,0.276757,0.206254,0.224865,0.210876,0.314615,0.249644
630,0,13,1472.66,13,1619.52,1,0,0,223.107,0.290653,0.242196,0.267676,0.199475,0.250324,0.203941,0.304293,0.241442
631,0,13,1472.66,13,1619.52,2,0,0,222.995,0.29571,0.229031,0.272329,0.20293,0.236049,0.207815,0.310098,0.246037
632,0,13,1472.66,13,1619.52,1,3,0,222.884,0.302285,0.234112,0.256176,0.207427,0.223686,0.211169,0.315128,0.250017
633,0,13,1472.66,13,1562.26,0,2,13,222.772,0.306873,0.222514,0.260054,0.210559,0.227741,0.214995,0.320863,0.2364
634,0,13,1472.66,13,1562.26,1,2,0,222.661,0.351838,0.208078,0.243189,0.196895,0.212787,0.200875,0.365459,0.220878
635,0,13,1472.66,13,1580.02,0,2,9,222.55,0.354965,0.201079,0.245333,0.198622,0.220532,0.208184,0.342364,0.22892
636,0,13,1472.66,13,1566.24,0,2,13,222.438,0.380299,0.193179,0.235704,0.190818,0.21245,0.200552,0.366466,0.220532
637,0,13,1472.66,13,1646.15,1,3,9,222.327,0.427873,0.178347,0.217615,0.176166,0.19698,0.185947,0.412599,0.204475
638,0,13,1472.66,13,1646.15,2,3,0,222.216,0.412489,0.207947,0.209762,0.169802,0.189797,0.179164,0.397614,0.233425
639,0,13,1472.66,13,1646.15,2,3,0,222.105,0.415443,0.209407,0.204161,0.170988,0.192053,0.181291,0.402398,0.224258
640,0,13,1472.66,13,1630.59,3,2,13,221.994,0.418057,0.210696,0.199213,0.172034,0.194027,0.183153,0.406594,0.216226
641,0,13,1472.66,13,1617.86,0,2,13,221.883,0.395854,0.199478,0.188605,0.216063,0.178774,0.168753,0.453242,0.199232
642,0,13,1472.66,13,1599.05,0,3,13,221.772,0.443054,0.183893,0.173867,0.199186,0.163552,0.154383,0.499792,0.182273
643,0,13,1472.66,13,1599.05,1,1,0,221.661,0.490356,0.168275,0.159098,0.182271,0.154306,0.145653,0.471642,0.228399
644,0,13,1472.66,13,1599.05,0,3,0,221.55,0.490616,0.167906,0.159146,0.182331,0.154182,0.146218,0.471368,0.228233
645,0,13,1472.66,13,1599.05,2,2,0,221.439,0.463357,0.176891,0.167661,0.192091,0.155566,0.147529,0.475705,0.2212
646,0,13,1472.66,13,1599.05,1,2,0,221.329,0.463844,0.177042,0.166855,0.192259,0.163869,0.155401,0.447707,0.233022
647,0,13,1472.66,13,1576.56,0,1,13,221.218,0.464793,0.175426,0.167163,0.192619,0.171914,0.163029,0.420576,0.24448
648,0,13,1472.66,13,1616.04,0,2,9,221.107,0.51193,0.159975,0.152438,0.175657,0.163219,0.205272,0.399377,0.232132
649,0,13,1472.66,13,1621.13,0,1,9,220.997,0.535375,0.15229,0.145114,0.167222,0.156858,0.197281,0.422761,0.2231
650,0,13,1472.66,13,1621.13,0,2,0,220.886,0.55821,0.144805,0.13798,0.159005,0.151283,0.225717,0.407815,0.215185
651,0,13,1472.66,13,1621.13,0,0,0,220.776,0.529773,0.154125,0.146859,0.169243,0.158004,0.235764,0.381471,0.224762
652,0,13,1472.66,13,1621.13,0,0,0,220.665,0.501705,0.163324,0.155623,0.179348,0.155332,0.236502,0.382702,0.225463
653,0,13,1472.66,13,1621.13,2,2,0,220.555,0.474176,0.172346,0.164219,0.189259,0.152956,0.237158,0.3838,0.226086
654,0,13,1472.66,13,1643.35,0,2,9,220.445,0.474395,0.172391,0.163902,0.189312,0.159212,0.246879,0.358557,0.235351
655,0,13,1472.66,13,1677.94,1,2,9,220.335,0.498656,0.164433,0.156334,0.180576,0.153468,0.237992,0.381663,0.226877
656,0,13,1472.66,13,1677.94,3,1,0,220.224,0.480636,0.194699,0.15065,0.174015,0.147704,0.229074,0.404849,0.218373
657,0,13,1472.66,13,1677.94,0,2,0,220.114,0.481406,0.194976,0.150856,0.172762,0.149459,0.219813,0.409743,0.220985
658,0,13,1472.66,13,1677.94,3,2,0,220.004,0.454012,0.20528,0.158821,0.181887,0.156114,0.229618,0.383426,0.230843
659,0,13,1472.66,13,1635.56,0,1,13,219.894,0.45542,0.205884,0.15928,0.179416,0.162473,0.238991,0.358271,0.240266
660,0,13,1472.66,13,1635.56,3,2,0,219.784,0.502494,0.188092,0.145507,0.163907,0.152943,0.283557,0.337309,0.22619
661,0,13,1472.66,13,1635.56,0,1,0,219.674,0.502537,0.188071,0.145484,0.163909,0.15829,0.293506,0.314088,0.234116
662,0,13,1472.66,13,1635.56,0,1,0,219.565,0.474633,0.198624,0.15364,0.173102,0.162688,0.273815,0.322858,0.240639
663,0,13,1472.66,13,1635.56,1,3,0,219.455,0.44743,0.208914,0.161591,0.182065,0.166483,0.256807,0.330436,0.246273
664,0,13,1472.66,13,1635.56,0,2,0,219.345,0.450378,0.203768,0.162622,0.183232,0.169461,0.261423,0.336392,0.232724
665,0,13,1472.66,13,1609.84,2,2,13,219.235,0.423965,0.213565,0.170433,0.192037,0.175261,0.270393,0.313642,0.240704
666,0,13,1472.66,13,1608.89,0,1,13,219.126,0.401635,0.202289,0.214183,0.181894,0.164144,0.253265,0.35714,0.225451
667,0,13,1472.66,13,1608.89,0,1,0,219.016,0.44847,0.186456,0.197421,0.167653,0.154234,0.298284,0.33563,0.211853
668,0,13,1472.66,13,1604.27,0,3,13,218.907,0.421657,0.195521,0.207022,0.175801,0.158454,0.279015,0.344867,0.217664
669,0,13,1472.66,13,1596.86,0,1,13,218.797,0.468609,0.179648,0.190217,0.161525,0.149703,0.263634,0.32587,0.260793
670,0,13,1472.66,13,1596.86,0,3,0,218.688,0.515193,0.1639,0.173544,0.147363,0.140882,0.306948,0.306717,0.245454
671,0,13,1472.66,13,1596.86,1,1,0,218.579,0.486582,0.173573,0.183789,0.156056,0.143687,0.31311,0.312873,0.23033
672,0,13,1472.66,13,1596.86,3,2,0,218.469,0.48742,0.172221,0.18407,0.15629,0.148333,0.290826,0.32304,0.2378
673,0,13,1472.66,13,1596.86,2,2,0,218.36,0.487373,0.172168,0.184016,0.156443,0.153289,0.300583,0.30036,0.245768
674,0,13,1472.66,13,1596.86,3,0,0,218.251,0.48877,0.172626,0.181749,0.156856,0.157944,0.309753,0.279046,0.253256
675,0,13,1472.66,13,1596.86,3,2,0,218.142,0.488732,0.172576,0.181699,0.156992,0.15315,0.311523,0.280635,0.254693
676,0,13,1472.66,13,1532.17,0,1,13,218.033,0.488704,0.17253,0.181653,0.157113,0.157062,0.319525,0.262189,0.261224
677,0,13,1472.66,13,1532.17,2,3,0,217.924,0.534985,0.156914,0.165212,0.142889,0.146995,0.363088,0.24541,0.244507
678,0,13,1472.66,13,1532.17,0,2,9,217.815,0.534936,0.156861,0.165364,0.142839,0.149384,0.369056,0.249424,0.232135
679,0,13,1472.66,13,1523.52,0,1,13,217.706,0.557274,0.149327,0.157424,0.135976,0.144064,0.355978,0.276069,0.223888
680,0,13,1472.66,13,1523.52,1,3,0,217.597,0.60112,0.134538,0.141835,0.122507,0.134053,0.400682,0.256917,0.208348
681,0,13,1472.66,13,1523.52,1,1,0,217.488,0.598906,0.137806,0.141272,0.122017,0.135306,0.404515,0.259352,0.200827
682,0,13,1472.66,13,1523.52,3,1,0,217.379,0.59688,0.140802,0.140753,0.121566,0.141323,0.377979,0.270922,0.209776
683,0,13,1472.66,13,1522.09,0,2,13,217.271,0.594201,0.14013,0.140081,0.125588,0.147065,0.352653,0.281966,0.218316
684,0,13,1472.66,13,1522.09,2,3,0,217.162,0.635981,0.125703,0.125659,0.112656,0.13781,0.330518,0.327079,0.204593
685,0,13,1472.66,13,1522.09,0,3,0,217.053,0.633074,0.125088,0.129735,0.112103,0.139433,0.334469,0.330989,0.195108
686,0,13,1472.66,13,1522.09,2,2,0,216.945,0.603571,0.135146,0.140169,0.121114,0.140843,0.337909,0.334392,0.186856
687,0,13,1472.66,13,1522.09,3,1,0,216.836,0.601671,0.134681,0.142954,0.120694,0.145736,0.349711,0.311194,0.193359
688,0,13,1472.66,13,1522.09,3,3,0,216.728,0.598963,0.134034,0.14227,0.124733,0.151095,0.325739,0.322685,0.20048
689,0,13,1472.66,13,1521.83,0,1,13,216.62,0.596464,0.133435,0.141636,0.128465,0.152764,0.329388,0.3263,0.191548
690,0,13,1472.66,13,1521.83,0,3,0,216.511,0.637967,0.119711,0.12707,0.115252,0.142723,0.373414,0.304898,0.178965
691,0,13,1472.66,13,1518.16,0,2,13,216.403,0.608346,0.129506,0.137468,0.12468,0.143601,0.375785,0.306822,0.173792
692,0,13,1472.66,13,1518.16,0,1,0,216.295,0.64914,0.116016,0.123151,0.111693,0.133988,0.350695,0.353153,0.162164
693,0,13,1472.66,13,1518.16,0,1,0,216.187,0.619653,0.125766,0.133502,0.121078,0.138983,0.326409,0.366391,0.168216
694,0,13,1472.66,13,1518.16,3,2,0,216.079,0.589862,0.135617,0.14396,0.130561,0.14332,0.305309,0.377898,0.173472
695,0,13,1472.66,13,1518.16,0,2,9,215.971,0.587729,0.135087,0.1434,0.133784,0.149138,0.317751,0.35259,0.180521
696,0,13,1472.66,13,1518.16,1,0,0,215.863,0.608072,0.128421,0.136325,0.127182,0.143803,0.306429,0.375699,0.174069
697,0,13,1472.66,13,1518.16,0,3,0,215.755,0.605675,0.131937,0.135747,0.126641,0.142179,0.307012,0.376429,0.17438
698,0,13,1472.66,13,1518.16,2,3,0,215.647,0.57571,0.141963,0.146064,0.136264,0.142951,0.308726,0.378547,0.169776
699,0,13,1472.66,13,1518.16,0,0,0,215.539,0.57448,0.14162,0.147967,0.135933,0.14363,0.31024,0.380418,0.165712
700,0,13,1472.66,13,1525.65,2,0,9,215.431,0.544528,0.151588,0.158384,0.1455,0.142166,0.310772,0.381086,0.165975
701,0,13,1472.66,13,1646.26,1,2,9,215.324,0.525041,0.146126,0.188576,0.140257,0.167829,0.301477,0.369703,0.160991
702,0,13,1472.66,13,1639.92,0,1,13,215.216,0.507268,0.175104,0.182155,0.135473,0.161668,0.290443,0.392809,0.155079
703,0,13,1472.66,13,1624.48,0,2,13,215.108,0.552077,0.159181,0.165593,0.123148,0.15096,0.337377,0.366857,0.144806
704,0,13,1472.66,13,1624.48,0,3,0,215.001,0.595208,0.143855,0.149651,0.111286,0.140293,0.313589,0.411544,0.134574
705,0,13,1472.66,13,1624.48,0,1,9,214.893,0.564435,0.154793,0.161031,0.119741,0.140335,0.313733,0.411756,0.134176
706,0,13,1472.66,13,1624.48,0,3,0,214.786,0.584823,0.147549,0.153496,0.114131,0.134946,0.340005,0.396027,0.129022
707,0,13,1472.66,13,1624.48,0,1,0,214.678,0.554052,0.158487,0.164876,0.122585,0.134977,0.340146,0.396204,0.128673
708,0,13,1472.66,13,1624.48,0,1,0,214.571,0.523477,0.169355,0.176183,0.130985,0.139465,0.318115,0.409468,0.132951
709,0,13,1472.66,13,1624.48,1,1,0,214.464,0.493329,0.180071,0.187333,0.139266,0.143367,0.298949,0.421014,0.136669
710,0,13,1472.66,13,1624.48,2,2,0,214.357,0.494946,0.177456,0.187911,0.139687,0.146758,0.282274,0.431066,0.139901
711,0,13,1472.66,13,1624.48,1,1,0,214.249,0.497,0.178156,0.184612,0.140232,0.153961,0.296167,0.403106,0.146766
712,0,13,1472.66,13,1624.48,0,0,0,214.142,0.498458,0.175817,0.185117,0.140608,0.157622,0.279354,0.41277,0.150254
713,0,13,1472.66,13,1624.48,0,1,0,214.035,0.468909,0.186177,0.196027,0.148886,0.155408,0.280083,0.413881,0.150628
714,0,13,1472.66,13,1624.48,2,0,0,213.928,0.440148,0.196261,0.206647,0.156944,0.158553,0.265429,0.422342,0.153676
715,0,13,1472.66,13,1624.48,2,1,0,213.821,0.443635,0.197784,0.200427,0.158154,0.156547,0.266055,0.423377,0.154021
716,0,13,1472.66,13,1624.48,2,0,0,213.714,0.446712,0.199124,0.194946,0.159218,0.159257,0.253265,0.430791,0.156687
717,0,13,1472.66,13,1624.48,1,1,0,213.607,0.449433,0.200304,0.190108,0.160155,0.157442,0.253802,0.431751,0.157004
718,0,13,1472.66,13,1642.34,0,3,9,213.501,0.452433,0.195032,0.191344,0.161191,0.159782,0.242621,0.438258,0.159338
719,0,13,1472.66,13,1642.34,3,1,0,213.394,0.475808,0.186709,0.183178,0.154306,0.154438,0.234526,0.423685,0.187351
720,0,13,1472.66,13,1642.34,3,2,0,213.287,0.476099,0.186788,0.183254,0.153859,0.156346,0.224976,0.429006,0.189672
721,0,13,1472.66,13,1642.34,2,2,0,213.18,0.476366,0.186857,0.183322,0.153455,0.163847,0.235787,0.401586,0.19878
722,0,13,1472.66,13,1642.34,0,2,0,213.074,0.47819,0.187538,0.180264,0.154008,0.17104,0.246156,0.375288,0.207515
723,0,13,1472.66,13,1625.1,0,2,13,212.967,0.449404,0.197886,0.19021,0.1625,0.177902,0.25605,0.350201,0.215848
724,0,13,1472.66,13,1625.1,0,2,0,212.861,0.495981,0.181149,0.174121,0.14875,0.165481,0.23819,0.395542,0.200786
725,0,13,1472.66,13,1625.1,2,0,0,212.754,0.466721,0.191668,0.18423,0.157381,0.172604,0.248461,0.369499,0.209436
726,0,13,1472.66,13,1625.1,0,2,0,212.648,0.468661,0.19243,0.180909,0.158001,0.168052,0.249821,0.371551,0.210576
727,0,13,1472.66,13,1625.1,0,2,0,212.542,0.440169,0.202751,0.19061,0.166469,0.174698,0.259721,0.346668,0.218913
728,0,13,1472.66,13,1625.1,2,2,0,212.435,0.412614,0.212734,0.199993,0.174658,0.181002,0.269115,0.32306,0.226823
729,0,13,1472.66,13,1625.1,0,0,0,212.329,0.415766,0.214331,0.193941,0.175962,0.186957,0.27799,0.300758,0.234295
730,0,13,1472.66,13,1625.1,3,2,0,212.223,0.389198,0.224082,0.20276,0.18396,0.178817,0.280774,0.303775,0.236634
731,0,13,1472.66,13,1625.1,0,3,0,212.117,0.391603,0.225441,0.203986,0.17897,0.18423,0.2893,0.282659,0.243811
732,0,13,1472.66,13,1625.1,1,1,0,212.011,0.366112,0.234891,0.212533,0.186464,0.18788,0.295058,0.288283,0.228779
733,0,13,1472.66,13,1625.1,3,2,0,211.905,0.371377,0.223938,0.215566,0.18912,0.193319,0.274613,0.296655,0.235412
734,0,13,1472.66,13,1588.68,3,1,13,211.799,0.3741,0.225557,0.217122,0.183221,0.198925,0.282595,0.276232,0.242248
735,0,13,1472.66,13,1575.8,0,3,13,211.693,0.354328,0.213614,0.205625,0.226432,0.187038,0.325439,0.259743,0.227781
736,0,13,1472.66,13,1575.8,0,1,0,211.587,0.400081,0.198477,0.191053,0.210389,0.176413,0.306986,0.245004,0.271596
737,0,13,1472.66,13,1575.8,1,1,0,211.481,0.37395,0.207122,0.199372,0.219556,0.181842,0.285619,0.252561,0.279979
738,0,13,1472.66,13,1575.8,0,1,0,211.376,0.377721,0.199175,0.201358,0.221746,0.186937,0.265561,0.259654,0.287848
739,0,13,1472.66,13,1575.8,3,3,0,211.27,0.352683,0.207187,0.209458,0.230671,0.191398,0.247993,0.265867,0.294742
740,0,13,1472.66,13,1503.21,0,0,13,211.164,0.357786,0.210163,0.212467,0.219583,0.19692,0.255161,0.273556,0.274363
741,0,13,1472.66,13,1501.83,3,0,13,211.059,0.403867,0.195083,0.197222,0.203828,0.236999,0.242424,0.259905,0.260672
742,0,13,1472.66,13,1501.83,3,3,0,210.953,0.38085,0.183938,0.185955,0.249257,0.277618,0.229516,0.24607,0.246796
743,0,13,1472.66,13,1501.83,2,0,0,210.848,0.387185,0.18697,0.189021,0.236823,0.283571,0.234429,0.25134,0.230659
744,0,13,1472.66,13,1501.83,1,2,0,210.742,0.389985,0.188295,0.183209,0.238512,0.263591,0.240966,0.258353,0.23709
745,0,13,1472.66,13,1501.83,0,2,0,210.637,0.392716,0.182661,0.184464,0.240158,0.270017,0.246837,0.24028,0.242866
746,0,13,1472.66,13,1494.69,3,2,13,210.532,0.366831,0.190443,0.192323,0.250403,0.275536,0.251877,0.224763,0.247824
747,0,13,1472.66,13,1515.68,0,1,9,210.426,0.34432,0.178732,0.180497,0.29645,0.260849,0.238447,0.266094,0.234609
748,0,13,1472.66,13,1515.68,1,0,0,210.321,0.367522,0.1724,0.174103,0.285976,0.253092,0.261097,0.258182,0.227628
749,0,13,1472.66,13,1515.68,3,1,0,210.216,0.369691,0.167556,0.175104,0.287649,0.235343,0.267305,0.26432,0.233033
750,0,13,1472.66,13,1511.71,0,3,13,210.111,0.378576,0.171556,0.179286,0.270582,0.241443,0.248307,0.271177,0.239073
751,0,13,1472.66,13,1511.71,0,2,9,210.006,0.424745,0.158804,0.16596,0.250491,0.228307,0.2348,0.25643,0.280463
752,0,13,1472.66,13,1511.71,0,3,0,209.901,0.448235,0.152313,0.159178,0.240274,0.221246,0.227539,0.279415,0.2718
753,0,13,1472.66,13,1511.71,3,1,0,209.796,0.419845,0.160143,0.167363,0.25265,0.227044,0.233503,0.286749,0.252704
754,0,13,1472.66,13,1537.51,3,3,9,209.691,0.426428,0.162623,0.169956,0.240994,0.23124,0.219318,0.292063,0.25738
755,0,13,1472.66,13,1537.51,0,2,0,209.586,0.410136,0.15638,0.163432,0.270052,0.223862,0.212318,0.282757,0.281063
756,0,13,1472.66,13,1537.51,0,1,0,209.481,0.383009,0.163563,0.170941,0.282487,0.230142,0.218272,0.262625,0.288961
757,0,13,1472.66,13,1537.51,0,0,0,209.377,0.357102,0.170422,0.178111,0.294365,0.233749,0.205998,0.266748,0.293504
758,0,13,1472.66,13,1547.38,0,3,9,209.272,0.332489,0.176937,0.184922,0.305652,0.219941,0.209701,0.271557,0.298801
759,0,13,1472.66,13,1547.38,2,3,0,209.167,0.355652,0.170788,0.178497,0.295063,0.212688,0.202783,0.262612,0.321917
760,0,13,1472.66,13,1547.38,0,3,0,209.063,0.358183,0.171978,0.172687,0.297152,0.219645,0.209415,0.271214,0.299726
761,0,13,1472.66,13,1555.27,3,1,9,208.958,0.333548,0.17857,0.179307,0.308575,0.226192,0.215654,0.27931,0.278845
762,0,13,1472.66,13,1568.02,2,1,9,208.854,0.32195,0.17234,0.17305,0.33266,0.219306,0.239509,0.270818,0.270367
763,0,13,1472.66,13,1568.02,0,1,0,208.749,0.312115,0.167054,0.198332,0.3225,0.212674,0.262483,0.26264,0.262203
764,0,13,1472.66,13,1568.02,0,0,0,208.645,0.290186,0.172367,0.204647,0.3328,0.218097,0.243656,0.269348,0.268899
765,0,13,1472.66,13,1568.02,3,2,0,208.541,0.271244,0.176954,0.2101,0.341702,0.204982,0.24774,0.273867,0.273411
766,0,13,1472.66,13,1567.83,3,2,13,208.436,0.281044,0.183331,0.21768,0.317945,0.210445,0.254352,0.254489,0.280714
767,0,13,1472.66,13,1558.6,0,2,13,208.332,0.26279,0.171409,0.203531,0.36227,0.198438,0.239849,0.297001,0.264712
768,0,13,1472.66,13,1562.23,0,1,9,208.228,0.308812,0.160695,0.190816,0.339677,0.186114,0.224962,0.340637,0.248287
769,0,13,1472.66,13,1562.23,3,0,0,208.124,0.33278,0.15511,0.18419,0.32792,0.179776,0.251301,0.329077,0.239846
770,0,13,1472.66,13,1562.23,2,2,0,208.02,0.344389,0.160496,0.190592,0.304523,0.173131,0.253332,0.331755,0.241782
771,0,13,1472.66,13,1562.23,0,3,0,207.916,0.347679,0.162005,0.182893,0.307424,0.179101,0.262088,0.308675,0.250136
772,0,13,1472.66,13,1562.23,0,1,0,207.812,0.323223,0.168067,0.189741,0.318969,0.182729,0.267417,0.314962,0.234891
773,0,13,1472.66,13,1562.23,0,1,0,207.708,0.30015,0.173785,0.196201,0.329863,0.186913,0.250595,0.32221,0.240282
774,0,13,1472.66,13,1562.23,3,2,0,207.604,0.279991,0.178779,0.201844,0.339386,0.190526,0.236063,0.328473,0.244938
775,0,13,1472.66,13,1562.23,2,1,0,207.5,0.290022,0.185167,0.209062,0.315749,0.19691,0.243983,0.305949,0.253158
776,0,13,1472.66,13,1588.88,3,3,9,207.396,0.293841,0.187589,0.198658,0.319912,0.200636,0.229635,0.311767,0.257962
777,0,13,1472.66,13,1589.36,3,1,9,207.293,0.283802,0.181164,0.191857,0.343177,0.193846,0.221869,0.301243,0.283041
778,0,13,1472.66,13,1589.36,0,3,0,207.189,0.273633,0.174656,0.184967,0.366743,0.187637,0.24675,0.291619,0.273995
779,0,13,1472.66,13,1589.36,0,3,0,207.086,0.257982,0.178406,0.18894,0.374672,0.192446,0.253088,0.299119,0.255348
780,0,13,1472.66,13,1569.29,0,2,13,206.982,0.2444,0.181657,0.192386,0.381557,0.196585,0.258546,0.30558,0.239288
781,0,13,1472.66,13,1569.29,0,2,0,206.879,0.291156,0.170403,0.180469,0.357971,0.184001,0.242008,0.350011,0.223979
782,0,13,1472.66,13,1569.29,0,3,0,206.775,0.273156,0.174717,0.18504,0.367088,0.190715,0.250852,0.326272,0.232161
783,0,13,1472.66,13,1569.29,0,1,0,206.672,0.257557,0.178452,0.188998,0.374992,0.193747,0.254855,0.331496,0.219903
784,0,13,1472.66,13,1569.29,3,3,0,206.568,0.24402,0.181692,0.192432,0.381856,0.197505,0.24036,0.337961,0.224174
785,0,13,1472.66,13,1569.29,3,1,0,206.465,0.254094,0.189182,0.200366,0.356358,0.200238,0.243697,0.342676,0.213389
786,0,13,1472.66,13,1569.29,2,0,0,206.362,0.263669,0.196299,0.207907,0.332126,0.203586,0.231014,0.348442,0.216958
787,0,13,1472.66,13,1569.29,2,3,0,206.259,0.266823,0.198635,0.198429,0.336113,0.195522,0.233345,0.351987,0.219145
788,0,13,1472.66,13,1569.29,3,2,0,206.156,0.269569,0.200667,0.190176,0.339588,0.197906,0.236199,0.356321,0.209573
789,0,13,1472.66,13,1569.29,1,0,0,206.052,0.279051,0.207714,0.196852,0.316384,0.205131,0.24483,0.332814,0.217226
790,0,13,1472.66,13,1569.29,3,0,0,205.949,0.282541,0.197811,0.1993,0.320349,0.196496,0.247485,0.336443,0.219576
791,0,13,1472.66,13,1569.29,3,0,0,205.846,0.291721,0.204223,0.205761,0.298295,0.188959,0.249801,0.339614,0.221626
792,0,13,1472.66,13,1569.29,1,3,0,205.744,0.300359,0.210256,0.211839,0.277546,0.182362,0.251828,0.34239,0.223419
793,0,13,1472.66,13,1569.29,1,3,0,205.641,0.304408,0.199629,0.21468,0.281283,0.184735,0.255121,0.346888,0.213257
794,0,13,1472.66,13,1569.29,3,0,0,205.538,0.307922,0.19041,0.217143,0.284526,0.186801,0.25799,0.350811,0.204398
795,0,13,1472.66,13,1569.29,3,0,0,205.435,0.315916,0.195334,0.222764,0.265986,0.180903,0.259857,0.353372,0.205868
796,0,13,1472.66,13,1569.29,3,2,0,205.332,0.322825,0.199587,0.22762,0.249969,0.175717,0.261499,0.355626,0.207158
797,0,13,1472.66,13,1571.53,3,2,9,205.23,0.328806,0.203265,0.231821,0.236108,0.181998,0.270867,0.332566,0.214569
798,0,13,1472.66,13,1572.14,2,0,9,205.127,0.317279,0.19612,0.223679,0.262921,0.175155,0.260703,0.357634,0.206508
799,0,13,1472.66,13,1572.14,1,0,0,205.024,0.306579,0.189488,0.249888,0.254045,0.202694,0.251995,0.34571,0.199601
800,0,13,1472.66,13,1556.23,2,1,13,204.922,0.309612,0.18149,0.25235,0.256548,0.19486,0.254466,0.349123,0.20155
801,0,13,1472.66,13,1556.23,0,1,0,204.82,0.291122,0.170634,0.297025,0.241219,0.182585,0.301392,0.327168,0.188854
802,0,13,1472.66,13,1556.23,1,2,0,204.717,0.271044,0.175454,0.305451,0.248051,0.187666,0.281912,0.336312,0.194111
803,0,13,1472.66,13,1556.23,3,2,0,204.615,0.273202,0.168885,0.307891,0.250022,0.194017,0.291476,0.313827,0.200681
804,0,13,1472.66,13,1556.23,1,3,0,204.512,0.278604,0.172207,0.313985,0.235204,0.200011,0.300506,0.2926,0.206883
805,0,13,1472.66,13,1550.77,3,1,13,204.41,0.280569,0.166369,0.316208,0.236855,0.202511,0.304286,0.296279,0.196923
806,0,13,1472.66,13,1550.77,3,2,0,204.308,0.264168,0.156627,0.29773,0.281475,0.189299,0.349655,0.276971,0.184075
807,0,13,1472.66,13,1577.31,0,3,9,204.206,0.27115,0.16075,0.305607,0.262492,0.193404,0.357281,0.26125,0.188065
808,0,13,1472.66,13,1577.31,0,3,0,204.104,0.29592,0.155273,0.295233,0.253573,0.186781,0.345088,0.252319,0.215812
809,0,13,1472.66,13,1577.31,1,0,0,204.002,0.275202,0.159828,0.303932,0.261038,0.189004,0.349239,0.255338,0.206419
810,0,13,1472.66,13,1577.31,0,1,0,203.9,0.276826,0.154866,0.305732,0.262576,0.182651,0.351991,0.257334,0.208024
811,0,13,1472.66,13,1577.31,2,3,0,203.798,0.258855,0.158699,0.313343,0.269103,0.189177,0.328814,0.266547,0.215462
812,0,13,1472.66,13,1575.73,3,1,13,203.696,0.26694,0.16364,0.291911,0.27751,0.191531,0.332942,0.269883,0.205645
813,0,13,1472.66,13,1575.73,2,1,0,203.594,0.250577,0.153594,0.274022,0.321807,0.178061,0.379836,0.250919,0.191185
814,0,13,1472.66,13,1575.73,3,2,0,203.492,0.256417,0.157158,0.257103,0.329323,0.185082,0.355359,0.260832,0.198727
815,0,13,1472.66,13,1575.73,1,3,0,203.39,0.264947,0.16237,0.265657,0.307026,0.188505,0.361977,0.247113,0.202404
816,0,13,1472.66,13,1575.73,1,1,0,203.289,0.266526,0.157369,0.26724,0.308864,0.190195,0.365271,0.249343,0.195191
817,0,13,1472.66,13,1575.73,0,1,9,203.187,0.267914,0.152973,0.268632,0.310482,0.197262,0.341674,0.258621,0.202444
818,0,13,1472.66,13,1574.38,0,2,13,203.085,0.29331,0.147651,0.259316,0.299723,0.189668,0.367,0.248679,0.194652
819,0,13,1472.66,13,1574.38,1,1,0,202.984,0.338096,0.13828,0.242885,0.28074,0.177586,0.343667,0.296493,0.182254
820,0,13,1472.66,13,1574.38,1,0,0,202.882,0.338821,0.136458,0.243389,0.281332,0.183789,0.32071,0.30688,0.18862
821,0,13,1472.66,13,1574.38,0,2,0,202.781,0.339469,0.134834,0.243839,0.281859,0.176996,0.323388,0.30944,0.190175
822,0,13,1472.66,13,1574.38,0,0,0,202.68,0.31642,0.139524,0.25235,0.291706,0.182203,0.332942,0.289082,0.195773
823,0,13,1472.66,13,1574.38,0,0,0,202.578,0.294665,0.143949,0.260384,0.301002,0.176119,0.335431,0.291235,0.197215
824,0,13,1472.66,13,1574.38,2,0,0,202.477,0.274546,0.148039,0.267815,0.3096,0.170777,0.337618,0.293126,0.19848
825,0,13,1472.66,13,1574.38,3,1,0,202.376,0.280783,0.151383,0.251194,0.316641,0.166076,0.339543,0.294789,0.199591
826,0,13,1472.66,13,1574.38,2,3,0,202.275,0.289601,0.156118,0.259077,0.295204,0.171697,0.31715,0.3048,0.206353
827,0,13,1472.66,13,1574.38,2,1,0,202.173,0.295926,0.159508,0.242916,0.301651,0.173656,0.320809,0.308314,0.197221
828,0,13,1472.66,13,1574.38,1,2,0,202.072,0.301387,0.162431,0.228962,0.30722,0.179092,0.299506,0.318002,0.203399
829,0,13,1472.66,13,1574.38,3,2,0,201.971,0.303106,0.157665,0.230255,0.308973,0.184607,0.30876,0.296966,0.209668
830,0,13,1472.66,13,1574.38,3,2,0,201.87,0.312218,0.162384,0.237164,0.288234,0.189637,0.317207,0.277769,0.215387
831,0,13,1472.66,13,1657.7,1,0,9,201.769,0.320238,0.166533,0.243243,0.269986,0.193989,0.32452,0.261155,0.220335
832,0,13,1472.66,13,1657.7,2,2,0,201.669,0.310116,0.1929,0.235541,0.261443,0.22131,0.313531,0.252301,0.212858
833,0,13,1472.66,13,1657.7,2,0,0,201.568,0.315236,0.196067,0.222947,0.26575,0.225469,0.319445,0.23823,0.216856
834,0,13,1472.66,13,1657.7,0,0,0,201.467,0.319679,0.198811,0.212024,0.269486,0.214664,0.323914,0.241549,0.219873
835,0,13,1472.66,13,1657.7,3,0,0,201.366,0.298593,0.204967,0.218592,0.277847,0.205261,0.327806,0.244436,0.222497
836,0,13,1472.66,13,1657.7,0,2,0,201.265,0.305892,0.209961,0.223922,0.260224,0.197058,0.331202,0.246954,0.224785
837,0,13,1472.66,13,1657.7,1,2,0,201.165,0.285728,0.216057,0.230425,0.26779,0.200322,0.336724,0.234439,0.228515
838,0,13,1472.66,13,1657.7,2,0,0,201.064,0.289793,0.204916,0.233694,0.271597,0.20316,0.341529,0.223553,0.231758
839,0,13,1472.66,13,1657.7,3,3,0,200.964,0.294679,0.208357,0.220792,0.276172,0.195818,0.344692,0.225604,0.233886
840,0,13,1472.66,13,1657.7,3,3,0,200.863,0.301748,0.21334,0.226075,0.258837,0.198471,0.349403,0.228668,0.223458
841,0,13,1472.66,13,1657.7,2,1,0,200.763,0.307862,0.217647,0.230643,0.243848,0.200786,0.353518,0.231342,0.214355
842,0,13,1472.66,13,1657.7,0,3,0,200.662,0.312488,0.220903,0.219109,0.247501,0.207624,0.331491,0.239227,0.221658
843,0,13,1472.66,13,1657.7,3,0,0,200.562,0.29245,0.227339,0.225493,0.254718,0.210141,0.33554,0.242134,0.212184
844,0,13,1472.66,13,1657.7,3,2,0,200.462,0.298255,0.23184,0.229957,0.239948,0.202082,0.338979,0.2446,0.214339
845,0,13,1472.66,13,1657.7,0,1,0,200.362,0.303283,0.235736,0.233821,0.22716,0.205155,0.34417,0.233074,0.217601
846,0,13,1472.66,13,1657.7,1,1,0,200.261,0.283965,0.242273,0.240304,0.233458,0.211823,0.322844,0.240656,0.224677
847,0,13,1472.66,13,1609.37,3,2,13,200.161,0.289064,0.228684,0.244611,0.23764,0.218144,0.302628,0.247844,0.231384
848,0,13,1472.66,13,1609.37,3,3,0,200.061,0.271855,0.21506,0.230041,0.283045,0.204653,0.283931,0.294339,0.217077
849,0,13,1472.66,13,1609.37,0,0,0,199.961,0.278811,0.220552,0.235919,0.264718,0.207375,0.287726,0.298275,0.206624
850,0,13,1472.66,13,1609.37,3,1,0,199.861,0.26081,0.226053,0.241806,0.27133,0.198203,0.29106,0.301733,0.209004
851,0,13,1472.66,13,1609.37,1,2,0,199.761,0.267076,0.231478,0.247612,0.253834,0.203256,0.272958,0.309451,0.214335
852,0,13,1472.66,13,1609.37,3,2,0,199.661,0.271642,0.218346,0.251841,0.258171,0.208996,0.280682,0.289933,0.22039
853,0,13,1472.66,13,1609.37,1,2,0,199.562,0.277455,0.223008,0.257226,0.242311,0.214409,0.287969,0.271522,0.2261
854,0,13,1472.66,13,1609.37,2,0,0,199.462,0.281577,0.211473,0.261045,0.245905,0.219238,0.294472,0.255095,0.231195
855,0,13,1472.66,13,1609.37,1,0,0,199.362,0.2875,0.215909,0.24552,0.25107,0.20895,0.298359,0.258455,0.234236
856,0,13,1472.66,13,1609.37,3,1,0,199.262,0.291233,0.205745,0.2487,0.254323,0.199994,0.301744,0.26138,0.236882
857,0,13,1472.66,13,1609.37,3,3,0,199.163,0.296777,0.209647,0.253426,0.240151,0.205355,0.283002,0.268402,0.243241
858,0,13,1472.66,13,1609.37,3,2,0,199.063,0.301586,0.213029,0.257525,0.227861,0.208959,0.287987,0.273127,0.229926
859,0,13,1472.66,13,1649.29,3,0,9,198.964,0.305767,0.215967,0.261086,0.21718,0.21363,0.294444,0.256855,0.23507
860,0,13,1472.66,13,1649.29,1,3,0,198.864,0.294803,0.208209,0.251717,0.245272,0.241175,0.284137,0.247857,0.226831
861,0,13,1472.66,13,1649.29,1,0,0,198.765,0.298134,0.199278,0.254553,0.248035,0.244739,0.288345,0.251521,0.215395
862,0,13,1472.66,13,1649.29,2,1,0,198.665,0.301042,0.191484,0.257028,0.250445,0.231579,0.293377,0.255903,0.219141
863,0,13,1472.66,13,1649.29,3,1,0,198.566,0.306677,0.195051,0.24315,0.255123,0.237506,0.275289,0.262458,0.224747
864,0,13,1472.66,13,1649.29,0,3,0,198.467,0.31218,0.198533,0.247501,0.241786,0.243091,0.258243,0.268636,0.23003
865,0,13,1472.66,13,1649.29,2,0,0,198.367,0.293229,0.203997,0.254324,0.24845,0.24697,0.262366,0.272927,0.217737
866,0,13,1472.66,13,1649.29,1,2,0,198.268,0.298645,0.207749,0.240575,0.253031,0.233058,0.267215,0.277974,0.221753
867,0,13,1472.66,13,1649.29,0,3,0,198.169,0.30182,0.199344,0.243123,0.255713,0.238537,0.273504,0.260996,0.226963
868,0,13,1472.66,13,1649.29,0,1,0,198.07,0.283592,0.204542,0.249472,0.262394,0.242088,0.277584,0.264886,0.215442
869,0,13,1472.66,13,1637.18,3,3,13,197.971,0.266382,0.209449,0.255467,0.268702,0.247724,0.260766,0.271058,0.220452
870,0,13,1472.66,13,1637.18,0,2,0,197.872,0.249504,0.196169,0.239279,0.315049,0.233407,0.245699,0.255397,0.265496
871,0,13,1472.66,13,1637.18,2,3,0,197.773,0.237346,0.199336,0.243152,0.320166,0.238167,0.250711,0.240205,0.270917
872,0,13,1472.66,13,1673.75,2,1,9,197.674,0.240855,0.202276,0.23195,0.324919,0.243567,0.256399,0.245652,0.254381
873,0,13,1472.66,13,1673.75,3,2,0,197.575,0.231615,0.194509,0.261403,0.312473,0.235164,0.28205,0.237178,0.245607
874,0,13,1472.66,13,1685.51,1,1,9,197.477,0.237971,0.199839,0.268583,0.293608,0.23895,0.286601,0.224886,0.249563
875,0,13,1472.66,13,1685.51,2,0,0,197.378,0.229718,0.227571,0.259275,0.283437,0.229956,0.313454,0.216418,0.240172
876,0,13,1472.66,13,1685.51,0,3,0,197.279,0.234314,0.232123,0.244443,0.28912,0.21982,0.317592,0.219259,0.243329
877,0,13,1472.66,13,1685.51,1,0,0,197.181,0.222566,0.23568,0.248191,0.293563,0.223103,0.322358,0.222533,0.232007
878,0,13,1472.66,13,1685.51,3,3,0,197.082,0.225948,0.224045,0.251968,0.29804,0.214157,0.326083,0.225088,0.234672
879,0,13,1472.66,13,1685.51,1,3,0,196.983,0.231742,0.22979,0.258435,0.280032,0.216935,0.33034,0.22801,0.224715
880,0,13,1472.66,13,1680.54,3,1,13,196.885,0.2352,0.218282,0.262297,0.284221,0.219362,0.334065,0.230563,0.216009
881,0,13,1472.66,13,1680.54,3,2,0,196.786,0.219522,0.203729,0.244818,0.33193,0.202622,0.384882,0.212971,0.199524
882,0,13,1472.66,13,1545.57,2,2,13,196.688,0.226006,0.209743,0.252055,0.312196,0.204084,0.387708,0.207245,0.200963
883,0,13,1472.66,13,1567.33,3,1,9,196.59,0.211352,0.19614,0.300536,0.291972,0.191304,0.363477,0.256841,0.188378
884,0,13,1472.66,13,1567.33,2,2,0,196.491,0.203213,0.188585,0.288984,0.319218,0.182738,0.391965,0.245355,0.179943
885,0,13,1472.66,13,1567.33,2,3,0,196.393,0.207897,0.192929,0.272568,0.326606,0.184905,0.396674,0.236345,0.182076
886,0,13,1472.66,13,1567.33,3,2,0,196.295,0.211968,0.196704,0.258297,0.333031,0.185503,0.398017,0.23712,0.17936
887,0,13,1472.66,13,1553.07,0,1,13,196.197,0.218306,0.202582,0.266031,0.31308,0.187418,0.402186,0.229186,0.18121
888,0,13,1472.66,13,1594.12,2,2,9,196.099,0.265315,0.19039,0.250033,0.294262,0.170965,0.454659,0.209075,0.165301
889,0,13,1472.66,13,1594.12,2,1,0,196.001,0.255583,0.183394,0.277548,0.283475,0.163694,0.435409,0.242626,0.158271
890,0,13,1472.66,13,1594.12,2,1,0,195.903,0.261665,0.187745,0.260364,0.290226,0.170789,0.410922,0.253161,0.165129
891,0,13,1472.66,13,1594.12,0,1,0,195.805,0.266927,0.191509,0.245495,0.296069,0.177621,0.387336,0.26331,0.171733
892,0,13,1472.66,13,1594.12,0,1,0,195.707,0.251715,0.195473,0.250588,0.302224,0.184174,0.364714,0.273045,0.178068
893,0,13,1472.66,13,1594.12,2,1,0,195.609,0.23852,0.198909,0.255006,0.307564,0.190433,0.343101,0.282347,0.184119
894,0,13,1472.66,13,1594.12,3,1,0,195.511,0.242754,0.202432,0.241775,0.313039,0.196392,0.322524,0.291205,0.189879
895,0,13,1472.66,13,1594.12,1,2,0,195.413,0.249448,0.208007,0.248442,0.294103,0.202046,0.302997,0.299613,0.195344
896,0,13,1472.66,13,1594.12,0,2,0,195.316,0.252166,0.199366,0.251149,0.297318,0.207269,0.310854,0.281484,0.200392
897,0,13,1472.66,13,1594.12,3,0,0,195.218,0.238939,0.202883,0.255591,0.302587,0.211802,0.317678,0.265747,0.204773
898,0,13,1472.66,13,1594.12,0,0,0,195.12,0.245179,0.208175,0.262271,0.284375,0.203791,0.320918,0.268448,0.206843
899,0,13,1472.66,13,1594.12,1,3,0,195.023,0.232218,0.211742,0.266776,0.289264,0.196771,0.323759,0.270814,0.208656
900,0,13,1472.66,13,1594.12,1,2,0,194.925,0.234874,0.202703,0.269836,0.292587,0.198595,0.326792,0.273341,0.201272
901,0,13,1472.66,13,1594.12,2,1,0,194.828,0.237193,0.194814,0.272506,0.295487,0.202395,0.333079,0.259402,0.205124
902,0,13,1472.66,13,1595.97,0,2,9,194.731,0.242148,0.198876,0.257301,0.301674,0.20831,0.313575,0.266996,0.211119
903,0,13,1472.66,13,1595.97,1,0,0,194.633,0.270997,0.191296,0.247507,0.2902,0.200016,0.301114,0.296157,0.202713
904,0,13,1472.66,13,1618.09,3,2,9,194.536,0.27328,0.184485,0.249587,0.292648,0.192658,0.30389,0.298886,0.204566
905,0,13,1472.66,13,1575.89,2,2,13,194.439,0.262661,0.177302,0.239884,0.320153,0.184979,0.291805,0.3268,0.196415
906,0,13,1472.66,13,1575.89,3,0,0,194.341,0.245791,0.165902,0.288705,0.299603,0.171079,0.269902,0.377362,0.181658
907,0,13,1472.66,13,1573.97,3,2,13,194.244,0.252217,0.170225,0.296262,0.281296,0.16893,0.270598,0.378361,0.182112
908,0,13,1472.66,13,1554.25,3,1,13,194.147,0.235206,0.158732,0.27629,0.329771,0.154692,0.247815,0.430727,0.166766
909,0,13,1472.66,13,1554.25,1,2,0,194.05,0.217538,0.146797,0.255543,0.380121,0.143706,0.301149,0.40022,0.154925
910,0,13,1472.66,13,1552.08,3,1,13,193.953,0.217561,0.146656,0.255579,0.380204,0.149302,0.312922,0.376817,0.16096
911,0,13,1472.66,13,1552.08,3,1,0,193.856,0.199301,0.134336,0.234135,0.432228,0.137914,0.36526,0.34814,0.148685
912,0,13,1472.66,13,1552.08,1,1,0,193.759,0.20788,0.140108,0.244222,0.407789,0.142748,0.342944,0.360409,0.153899
913,0,13,1472.66,13,1552.08,2,0,0,193.662,0.207626,0.141098,0.243931,0.407345,0.147155,0.322587,0.371605,0.158652
914,0,13,1472.66,13,1532.51,0,2,13,193.565,0.209979,0.142686,0.235319,0.412017,0.146622,0.322794,0.371853,0.158731
915,0,13,1472.66,13,1532.51,1,1,0,193.469,0.260372,0.133565,0.220299,0.385763,0.134573,0.296315,0.423422,0.14569
916,0,13,1472.66,13,1575.37,3,2,9,193.372,0.260109,0.134418,0.220069,0.385403,0.137126,0.282863,0.431554,0.148456
917,0,13,1472.66,13,1574.09,0,2,13,193.275,0.248167,0.12823,0.209958,0.413646,0.130249,0.268716,0.460022,0.141013
918,0,13,1472.66,13,1574.09,0,3,0,193.178,0.300294,0.11932,0.19539,0.384997,0.117651,0.242759,0.512216,0.127375
919,0,13,1472.66,13,1654.42,1,2,9,193.082,0.284549,0.121986,0.199775,0.39369,0.117151,0.241762,0.510188,0.130899
920,0,13,1472.66,13,1624.1,2,2,13,192.985,0.275746,0.149137,0.193581,0.381536,0.110646,0.228373,0.537347,0.123634
921,0,13,1472.66,13,1624.1,2,1,0,192.889,0.259552,0.140361,0.240935,0.359152,0.0987031,0.203751,0.587254,0.110292
922,0,13,1472.66,13,1624.1,2,2,0,192.792,0.263313,0.142377,0.229931,0.364379,0.0988412,0.202425,0.588285,0.110448
923,0,13,1472.66,13,1598,0,0,13,192.696,0.266594,0.144133,0.220329,0.368944,0.105504,0.216101,0.560499,0.117896
924,0,13,1472.66,13,1598,1,0,0,192.6,0.31696,0.134219,0.205191,0.343631,0.145585,0.206396,0.535431,0.112588
925,0,13,1472.66,13,1598,1,1,0,192.503,0.317271,0.13338,0.205375,0.343974,0.147882,0.20582,0.534038,0.11226
926,0,13,1472.66,13,1591.8,3,2,13,192.407,0.317551,0.132627,0.205538,0.344284,0.148357,0.203137,0.535891,0.112614
927,0,13,1472.66,13,1592.79,3,2,9,192.311,0.293705,0.122646,0.190087,0.393562,0.132509,0.181449,0.585463,0.100579
928,0,13,1472.66,13,1584.37,3,2,13,192.215,0.280702,0.117196,0.181655,0.420447,0.124733,0.170811,0.609785,0.0946712
929,0,13,1472.66,13,1580.13,3,2,13,192.119,0.25614,0.106922,0.165745,0.471193,0.110217,0.150943,0.65519,0.0836494
930,0,13,1472.66,13,1527.87,2,2,13,192.023,0.231769,0.0967318,0.149962,0.521537,0.0968126,0.132593,0.697122,0.0734718
931,0,13,1472.66,13,1527.87,2,2,0,191.927,0.219265,0.0914971,0.195759,0.493479,0.0846145,0.115894,0.73528,0.0642111
932,0,13,1472.66,13,1527.87,1,2,0,191.831,0.220248,0.0918913,0.192088,0.495772,0.0928791,0.127222,0.70942,0.0704789
933,0,13,1472.66,13,1527.87,0,1,0,191.735,0.219146,0.0963623,0.191121,0.493371,0.101426,0.138938,0.682676,0.0769603
934,0,13,1472.66,13,1514.03,3,2,13,191.639,0.213247,0.097067,0.192545,0.497141,0.100902,0.143135,0.679405,0.0765582
935,0,13,1472.66,13,1510.37,3,2,13,191.543,0.192346,0.0875396,0.17367,0.546444,0.0883755,0.125374,0.7192,0.0670504
936,0,13,1472.66,13,1502.32,0,1,13,191.447,0.17222,0.0783674,0.155495,0.593918,0.0770612,0.109331,0.755145,0.058463
937,0,13,1472.66,13,1502.32,3,2,0,191.352,0.221574,0.0736717,0.146198,0.558557,0.0733852,0.151493,0.719451,0.0556711
938,0,13,1472.66,13,1496.86,3,1,13,191.256,0.236975,0.078775,0.156346,0.527904,0.0805214,0.166249,0.692148,0.0610814
939,0,13,1472.66,13,1496.86,3,1,0,191.16,0.2131,0.070823,0.140583,0.575494,0.0756322,0.216597,0.650402,0.0573694
940,0,13,1472.66,13,1569.25,1,2,9,191.065,0.228568,0.0759469,0.150775,0.544711,0.0759235,0.213302,0.653187,0.0575871
941,0,13,1472.66,13,1555.86,3,2,13,190.969,0.222825,0.0990817,0.146975,0.531118,0.0716018,0.201202,0.67289,0.0543061
942,0,13,1472.66,13,1555.86,3,2,0,190.874,0.200394,0.0890927,0.132168,0.578346,0.0630677,0.177258,0.711844,0.0478308
943,0,13,1472.66,13,1554.36,0,2,13,190.778,0.215179,0.0956504,0.141907,0.547264,0.0692644,0.194715,0.683493,0.0525276
944,0,13,1472.66,13,1554.36,1,2,0,190.683,0.266821,0.0893335,0.132546,0.5113,0.0609331,0.171329,0.721531,0.0462069
945,0,13,1472.66,13,1554.36,3,2,0,190.587,0.265588,0.0934912,0.131915,0.509005,0.0670557,0.188583,0.693514,0.0508469
946,0,13,1472.66,13,1554.36,3,2,0,190.492,0.282367,0.0993767,0.140229,0.478027,0.0733763,0.206402,0.664585,0.0556366
947,0,13,1472.66,13,1554.36,2,1,0,190.397,0.298731,0.105114,0.148335,0.44782,0.0798454,0.224646,0.634971,0.0605384
948,0,13,1472.66,13,1554.36,3,3,0,190.302,0.299121,0.105229,0.147208,0.448441,0.0802485,0.22047,0.638441,0.0608406
949,0,13,1472.66,13,1512.57,3,2,13,190.207,0.315015,0.110798,0.155008,0.419179,0.0796758,0.218941,0.634148,0.0672359
950,0,13,1472.66,13,1512.57,3,1,0,190.111,0.288612,0.10149,0.141996,0.467902,0.0704896,0.193737,0.676291,0.0594819
951,0,13,1472.66,13,1508.02,3,2,13,190.016,0.304862,0.107182,0.149969,0.437987,0.0705567,0.192665,0.677241,0.0595365
952,0,13,1472.66,13,1544.27,3,0,9,189.921,0.278458,0.0978781,0.136961,0.486703,0.0620977,0.169601,0.715904,0.052397
953,0,13,1472.66,13,1544.27,3,2,0,189.826,0.265529,0.0933143,0.130583,0.510573,0.084057,0.165596,0.699199,0.0511476
954,0,13,1472.66,13,1517.08,3,2,13,189.732,0.282392,0.0992194,0.138856,0.479533,0.0921992,0.181661,0.670043,0.0560965
955,0,13,1472.66,13,1517.08,3,2,9,189.637,0.256261,0.0900194,0.12599,0.52773,0.0813019,0.160212,0.709025,0.0494613
956,0,13,1472.66,13,1497.99,2,2,13,189.542,0.243836,0.085637,0.119864,0.550662,0.0766612,0.151087,0.725618,0.0466334
957,0,13,1472.66,13,1497.99,2,2,0,189.447,0.232551,0.0816565,0.16053,0.525262,0.0672065,0.132472,0.759444,0.040878
958,0,13,1472.66,13,1497.99,3,2,9,189.352,0.232879,0.0817545,0.159278,0.526089,0.0746729,0.147209,0.732703,0.0454149
959,0,13,1472.66,13,1497.99,1,1,0,189.258,0.221835,0.0778612,0.151713,0.548591,0.0703957,0.138795,0.748,0.0428093
960,0,13,1472.66,13,1491.95,3,2,13,189.163,0.220653,0.0826874,0.150893,0.545766,0.0700937,0.142142,0.745143,0.0426214
961,0,13,1472.66,13,1491.95,3,0,0,189.068,0.19855,0.07439,0.135768,0.591292,0.0613469,0.124422,0.776932,0.0372991
962,0,13,1472.66,13,1491.95,3,1,0,188.974,0.214355,0.0802956,0.146564,0.558786,0.0679612,0.123509,0.771513,0.0370164
963,0,13,1472.66,13,1503.37,3,2,9,188.879,0.230093,0.0861742,0.157313,0.52642,0.0676015,0.12778,0.767803,0.036816
964,0,13,1472.66,13,1503.37,3,2,0,188.785,0.219193,0.0820755,0.149848,0.548884,0.0638025,0.120614,0.78084,0.0347429
965,0,13,1472.66,13,1502.88,3,2,13,188.691,0.23489,0.0879359,0.160567,0.516607,0.0713238,0.13485,0.754992,0.0388338
966,0,13,1472.66,13,1502.88,0,1,0,188.596,0.212196,0.0794245,0.145043,0.563336,0.0624137,0.118019,0.785589,0.0339784
967,0,13,1472.66,13,1490.36,0,2,13,188.502,0.206631,0.0799614,0.146041,0.567366,0.0620634,0.122577,0.781576,0.0337836
968,0,13,1472.66,13,1490.36,0,1,0,188.408,0.257293,0.0748326,0.136691,0.531184,0.0542192,0.107099,0.809172,0.02951
969,0,13,1472.66,13,1479.27,3,2,13,188.314,0.246224,0.075925,0.138703,0.539149,0.0538832,0.112201,0.804592,0.0293236
970,0,13,1472.66,13,1479.27,3,2,9,188.219,0.221971,0.0684303,0.125026,0.584573,0.0470264,0.0979374,0.829447,0.025589
971,0,13,1472.66,13,1479.27,3,2,0,188.125,0.211184,0.0650894,0.118937,0.60479,0.0445023,0.0926944,0.838591,0.0242125
972,0,13,1472.66,13,1545.82,0,2,9,188.031,0.228843,0.0705158,0.128868,0.571773,0.0505434,0.105293,0.816668,0.027496
973,0,13,1472.66,13,1519.25,3,1,13,187.937,0.261412,0.0675153,0.123399,0.547673,0.0477995,0.0995914,0.826609,0.0260002
974,0,13,1472.66,13,1519.25,2,1,0,187.843,0.235645,0.0608439,0.111219,0.592292,0.0457067,0.138567,0.790868,0.0248587
975,0,13,1472.66,13,1519.25,3,2,0,187.749,0.234842,0.06062,0.114157,0.590381,0.0455477,0.141116,0.788567,0.0247693
976,0,13,1472.66,13,1519.25,1,2,0,187.655,0.254122,0.0655792,0.123511,0.556787,0.0512516,0.158824,0.762057,0.0278677
977,0,13,1472.66,13,1547.31,3,2,9,187.562,0.252747,0.0705661,0.122825,0.553861,0.0573016,0.177612,0.733933,0.0311535
978,0,13,1472.66,13,1554.68,3,2,9,187.468,0.241046,0.067282,0.117122,0.57455,0.0542971,0.168338,0.747849,0.0295165
979,0,13,1472.66,13,1578.03,3,2,9,187.374,0.229714,0.0641025,0.1116,0.594584,0.0514546,0.159561,0.761016,0.0279678
980,0,13,1472.66,13,1578.03,3,2,0,187.28,0.218772,0.0610336,0.106269,0.613926,0.0487683,0.151265,0.773462,0.0265045
981,0,13,1472.66,13,1731.73,1,2,9,187.187,0.237827,0.0663327,0.115508,0.580332,0.0546771,0.169631,0.74598,0.0297121
982,0,13,1472.66,13,1615.49,2,1,13,187.093,0.232443,0.0873838,0.112877,0.567296,0.0518111,0.160776,0.759262,0.0281513
983,0,13,1472.66,13,1614.62,3,2,13,187,0.222245,0.0835336,0.151718,0.542504,0.0488058,0.209074,0.715605,0.0265152
984,0,13,1472.66,13,1614.62,0,2,0,186.906,0.200834,0.0754711,0.137091,0.586604,0.0431697,0.184984,0.748396,0.0234503
985,0,13,1472.66,13,1597.14,3,2,13,186.813,0.195463,0.0759539,0.137984,0.590599,0.0482735,0.206914,0.718593,0.0262196
986,0,13,1472.66,13,1597.14,0,2,0,186.719,0.17552,0.0681916,0.123897,0.632391,0.0426851,0.183014,0.751119,0.0231814
987,0,13,1472.66,13,1597.14,3,1,0,186.626,0.173155,0.0683626,0.124223,0.63426,0.0477637,0.204848,0.721452,0.0259363
988,0,13,1472.66,13,1749.74,1,2,9,186.533,0.189284,0.0747165,0.135785,0.600215,0.0479785,0.200883,0.725089,0.0260498
989,0,13,1472.66,13,1749.74,0,2,0,186.439,0.184692,0.0970378,0.132482,0.585789,0.0455919,0.190945,0.738712,0.024751
990,0,13,1472.66,13,1749.74,3,2,0,186.346,0.180757,0.0974799,0.133094,0.588669,0.0508593,0.213067,0.708467,0.0276072
991,0,13,1472.66,13,1749.74,0,2,0,186.253,0.195978,0.105675,0.144292,0.554054,0.0563541,0.236154,0.676906,0.0305861
992,0,13,1472.66,13,1749.74,3,2,0,186.16,0.190514,0.106368,0.145247,0.557871,0.0620263,0.259998,0.644315,0.0336606
993,0,13,1472.66,13,1724.36,3,2,13,186.067,0.205355,0.11464,0.156553,0.523452,0.0678211,0.284369,0.611009,0.0368008
994,0,13,1472.66,13,1726.27,0,2,9,185.974,0.186013,0.103831,0.1418,0.568356,0.0606181,0.254241,0.652253,0.0328883
995,0,13,1472.66,13,1726.27,3,1,0,185.881,0.216749,0.0998854,0.136421,0.546945,0.0576255,0.241759,0.669355,0.0312609
996,0,13,1472.66,13,1726.27,3,3,0,185.788,0.233394,0.107539,0.146883,0.512184,0.0581989,0.233886,0.676347,0.0315681
997,0,13,1472.66,13,1672.47,2,2,13,185.695,0.24977,0.115067,0.157174,0.47799,0.0578565,0.232575,0.672697,0.0368722
998,0,13,1472.66,13,1620.09,2,2,13,185.602,0.237015,0.109173,0.200173,0.453639,0.0513416,0.206443,0.709498,0.0327174
999,0,13,1472.66,13,1617.68,3,2,13,185.509,0.223438,0.102904,0.245948,0.42771,0.0453957,0.182586,0.743093,0.0289257
1000,0,13,1472.66,13,1617.68,2,1,0,185.416,0.205738,0.0947375,0.22647,0.473055,0.0400221,0.161018,0.773461,0.0254994
1001,0,13,1472.66,13,1631.81,2,2,9,185.324,0.208672,0.0960737,0.215373,0.479881,0.0399922,0.161189,0.77334,0.025478
1002,0,13,1472.66,13,1621.32,3,2,13,185.231,0.201046,0.0925484,0.243984,0.462421,0.0380139,0.153259,0.784512,0.0242155
1003,0,13,1472.66,13,1621.13,3,2,13,185.138,0.184265,0.0848103,0.223628,0.507296,0.0334153,0.134756,0.810545,0.0212842
1004,0,13,1472.66,13,1621.13,3,2,0,185.046,0.167854,0.0772446,0.203718,0.551184,0.0293327,0.118325,0.83366,0.0186821
1005,0,13,1472.66,13,1621.13,3,2,0,184.953,0.181354,0.0834443,0.220111,0.515091,0.0335248,0.135273,0.809852,0.0213501
1006,0,13,1472.66,13,1621.13,3,0,0,184.861,0.194647,0.089547,0.236255,0.47955,0.0380643,0.153633,0.784064,0.0242389
1007,0,13,1472.66,13,1616.11,1,2,13,184.768,0.207606,0.095494,0.251994,0.444906,0.0437534,0.152685,0.779481,0.0240805
1008,0,13,1472.66,13,1616.11,2,2,0,184.676,0.199992,0.128596,0.242761,0.428652,0.0384837,0.134329,0.806009,0.0211777
1009,0,13,1472.66,13,1616.11,1,2,0,184.584,0.203783,0.131022,0.22835,0.436845,0.0436719,0.152477,0.779821,0.0240299
1010,0,13,1472.66,13,1616.11,0,2,0,184.491,0.204208,0.129139,0.228831,0.437822,0.049227,0.171915,0.751775,0.0270833
1011,0,13,1472.66,13,1616.11,2,0,0,184.399,0.194515,0.13069,0.231606,0.443189,0.055113,0.192519,0.72205,0.030318
1012,0,13,1472.66,13,1616.11,0,2,0,184.307,0.197685,0.132809,0.219023,0.450484,0.060906,0.191303,0.717676,0.0301152
1013,0,13,1472.66,13,1616.11,2,3,0,184.215,0.189153,0.134199,0.221338,0.455311,0.0676829,0.212637,0.686219,0.0334613
1014,0,13,1472.66,13,1599.31,3,2,13,184.123,0.191805,0.136072,0.210349,0.461775,0.0672829,0.211429,0.68248,0.0388083
1015,0,13,1472.66,13,1597.92,3,2,13,184.031,0.175649,0.124601,0.192634,0.507116,0.0596783,0.187575,0.718328,0.0344183
1016,0,13,1472.66,13,1597.92,0,2,0,183.939,0.159847,0.113385,0.175308,0.55146,0.0527536,0.165848,0.750977,0.0304212
1017,0,13,1472.66,13,1601.42,3,2,9,183.847,0.157102,0.11373,0.175857,0.553312,0.0590909,0.185814,0.721023,0.034072
1018,0,13,1472.66,13,1601.42,3,2,0,183.755,0.150475,0.108926,0.168443,0.572155,0.0561722,0.176676,0.734766,0.0323855
1019,0,13,1472.66,13,1601.42,3,2,0,183.663,0.163123,0.118073,0.182605,0.536199,0.062685,0.197206,0.703973,0.0361364
1020,0,13,1472.66,13,1601.42,0,2,0,183.571,0.175653,0.127135,0.196636,0.500576,0.069474,0.218615,0.671866,0.0400457
1021,0,13,1472.66,13,1601.42,3,0,0,183.479,0.170567,0.127895,0.19783,0.503708,0.0764757,0.240702,0.638746,0.0440767
1022,0,13,1472.66,13,1587.62,3,1,13,183.388,0.182579,0.136894,0.211768,0.468758,0.0814064,0.239388,0.635384,0.0438213
1023,0,13,1472.66,13,1602.15,3,1,9,183.296,0.166973,0.125186,0.193673,0.514168,0.0757044,0.292426,0.591123,0.0407468
1024,0,13,1472.66,13,1602.15,3,1,0,183.204,0.16011,0.120034,0.185718,0.534137,0.0723279,0.323757,0.56499,0.0389246
1025,0,13,1472.66,13,1602.15,1,2,0,183.113,0.172332,0.129189,0.199901,0.498578,0.0743431,0.304682,0.580971,0.0400042
1026,0,13,1472.66,13,1602.15,2,2,0,183.021,0.172421,0.12863,0.200009,0.49894,0.08061,0.330458,0.545561,0.043371
1027,0,13,1472.66,13,1581.6,3,1,13,182.93,0.17405,0.129837,0.192353,0.50376,0.0868319,0.356065,0.51039,0.0467129
1028,0,13,1472.66,13,1581.81,0,2,9,182.838,0.158352,0.11812,0.175008,0.54852,0.0799189,0.40717,0.469923,0.0429886
1029,0,13,1472.66,13,1576.99,3,1,13,182.747,0.187119,0.114058,0.169003,0.52982,0.0767906,0.391359,0.49055,0.0413007
1030,0,13,1472.66,13,1576.99,2,1,0,182.655,0.169797,0.103489,0.153354,0.57336,0.0705899,0.440343,0.451106,0.0379611
1031,0,13,1472.66,13,1576.99,3,1,0,182.564,0.170169,0.103706,0.151367,0.574758,0.0748104,0.406709,0.478255,0.0402257
1032,0,13,1472.66,13,1576.99,3,2,0,182.473,0.184673,0.112534,0.164265,0.538528,0.0785149,0.377149,0.502124,0.0422124
1033,0,13,1472.66,13,1578.63,3,2,9,182.381,0.199054,0.121286,0.177052,0.502608,0.0840165,0.403703,0.467116,0.0451646
1034,0,13,1472.66,13,1578.63,3,2,0,182.29,0.191043,0.116393,0.169923,0.522642,0.0806987,0.387882,0.488043,0.0433757
1035,0,13,1472.66,13,1571,0,1,13,182.199,0.205327,0.125083,0.182623,0.486967,0.0861418,0.414175,0.453388,0.0462956
1036,0,13,1472.66,13,1571,0,1,0,182.108,0.252119,0.117696,0.171851,0.458334,0.0791625,0.461506,0.416792,0.0425394
1037,0,13,1472.66,13,1571,3,3,0,182.017,0.237254,0.120013,0.175248,0.467485,0.0841664,0.427325,0.443286,0.0452227
1038,0,13,1472.66,13,1571,1,1,0,181.926,0.252704,0.127811,0.186649,0.432836,0.083779,0.425497,0.441392,0.0493326
1039,0,13,1472.66,13,1571,3,2,0,181.835,0.253195,0.126079,0.187,0.433725,0.0884402,0.393383,0.466105,0.0520719
1040,0,13,1472.66,13,1571,0,0,0,181.744,0.26813,0.133498,0.198019,0.400354,0.0940135,0.418298,0.432341,0.0553474
1041,0,13,1472.66,13,1590.1,3,2,9,181.653,0.249966,0.136791,0.20292,0.410322,0.0955923,0.417578,0.4316,0.0552298
1042,0,13,1472.66,13,1586.5,0,2,13,181.562,0.240981,0.131859,0.195619,0.431542,0.0919294,0.401696,0.453267,0.0531077
1043,0,13,1472.66,13,1586.5,3,1,0,181.472,0.287962,0.123678,0.183496,0.404864,0.0841717,0.367906,0.499302,0.0486207
1044,0,13,1472.66,13,1586.5,3,2,0,181.381,0.303661,0.130398,0.193483,0.372458,0.0874689,0.342966,0.519046,0.0505197
1045,0,13,1472.66,13,1586.5,1,1,0,181.29,0.318535,0.136762,0.202941,0.341761,0.0937832,0.367825,0.484231,0.0541608
1046,0,13,1472.66,13,1568.08,1,2,13,181.199,0.320247,0.132135,0.204014,0.343604,0.0974691,0.34282,0.503428,0.0562832
1047,0,13,1472.66,13,1568.08,0,1,0,181.109,0.306894,0.168336,0.19549,0.329281,0.088458,0.311204,0.549264,0.0510742
1048,0,13,1472.66,13,1568.08,1,2,0,181.018,0.28113,0.174581,0.202748,0.341542,0.0906984,0.293559,0.563381,0.052362
1049,0,13,1472.66,13,1568.08,0,2,0,180.928,0.284218,0.165512,0.204962,0.345308,0.0979038,0.316955,0.528626,0.0565156
1050,0,13,1472.66,13,1564.92,0,2,13,180.837,0.262027,0.170629,0.211308,0.356036,0.105022,0.34008,0.494279,0.0606181
1051,0,13,1472.66,13,1564.92,2,2,0,180.747,0.306758,0.160273,0.198492,0.334477,0.0953699,0.308897,0.540693,0.0550408
1052,0,13,1472.66,13,1564.1,3,2,13,180.657,0.311475,0.162716,0.186183,0.339626,0.102527,0.332156,0.506153,0.0591648
1053,0,13,1472.66,13,1564.1,2,1,0,180.566,0.290867,0.151931,0.173847,0.383354,0.0929431,0.301178,0.552251,0.0536284
1054,0,13,1472.66,13,1564.1,2,2,0,180.476,0.293658,0.153369,0.165918,0.387054,0.0950958,0.284796,0.565243,0.0548645
1055,0,13,1472.66,13,1566.45,0,2,9,180.386,0.296084,0.154615,0.159028,0.390273,0.102638,0.30745,0.530703,0.0592091
1056,0,13,1472.66,13,1566.45,1,1,0,180.296,0.320536,0.149229,0.153489,0.376746,0.0979789,0.29356,0.551946,0.0565154
1057,0,13,1472.66,13,1566.45,0,2,0,180.205,0.322558,0.143874,0.154434,0.379134,0.100093,0.278132,0.564048,0.0577282
1058,0,13,1472.66,13,1566.45,0,1,0,180.115,0.297097,0.149265,0.160222,0.393416,0.107956,0.300045,0.529742,0.0622568
1059,0,13,1472.66,13,1566.45,3,2,9,180.025,0.275198,0.153898,0.165198,0.405706,0.110453,0.28369,0.542167,0.0636898
1060,0,13,1472.66,13,1566.45,2,1,0,179.935,0.265397,0.148399,0.159298,0.426907,0.105271,0.270431,0.563602,0.0606951
1061,0,13,1472.66,13,1566.45,2,2,0,179.845,0.267003,0.14928,0.154185,0.429532,0.10705,0.257919,0.573317,0.0617138
1062,0,13,1472.66,13,1566.45,3,2,0,179.755,0.268413,0.150051,0.149695,0.431841,0.115554,0.278456,0.539381,0.0666088
1063,0,13,1472.66,13,1678.44,1,0,9,179.665,0.284145,0.158827,0.158451,0.398577,0.123979,0.298812,0.505752,0.0714575
1064,0,13,1472.66,13,1678.44,1,1,0,179.576,0.275507,0.18439,0.153616,0.386487,0.151284,0.289487,0.490021,0.0692078
1065,0,13,1472.66,13,1678.44,2,3,0,179.486,0.278524,0.175451,0.15528,0.390745,0.154696,0.273356,0.501191,0.0707576
1066,0,13,1472.66,13,1678.44,0,0,0,179.396,0.280327,0.17657,0.149802,0.393301,0.153962,0.27209,0.49893,0.0750175
1067,0,13,1472.66,13,1692.53,1,2,9,179.306,0.260468,0.181428,0.153918,0.404185,0.152014,0.272703,0.500115,0.0751671
1068,0,13,1472.66,13,1692.53,1,2,0,179.217,0.25208,0.207771,0.148946,0.391203,0.145127,0.260379,0.522742,0.0717516
1069,0,13,1472.66,13,1631.56,0,1,13,179.127,0.255736,0.196264,0.15109,0.396911,0.155311,0.278682,0.489231,0.0767756
1070,0,13,1472.66,13,1631.56,0,3,0,179.038,0.302187,0.184002,0.141643,0.372167,0.144059,0.330846,0.453892,0.0712033
1071,0,13,1472.66,13,1631.56,3,2,0,178.948,0.278741,0.190173,0.146385,0.384701,0.143476,0.32956,0.452157,0.0748072
1072,0,13,1472.66,13,1631.56,3,1,0,178.859,0.292947,0.19985,0.153826,0.353376,0.151933,0.349045,0.419815,0.0792066
1073,0,13,1472.66,13,1631.56,0,1,0,178.769,0.306345,0.208974,0.160841,0.32384,0.157678,0.324354,0.435777,0.0821908
1074,0,13,1472.66,13,1631.56,0,1,0,178.68,0.280681,0.216699,0.166778,0.335841,0.16266,0.302925,0.449638,0.0847767
1075,0,13,1472.66,13,1631.56,3,0,0,178.59,0.258732,0.223305,0.171853,0.346109,0.166979,0.284336,0.46167,0.0870162
1076,0,13,1472.66,13,1631.56,1,2,0,178.501,0.270086,0.233097,0.17938,0.317438,0.163174,0.285626,0.46381,0.0873904
1077,0,13,1472.66,13,1591.75,3,1,13,178.412,0.275978,0.216369,0.183278,0.324374,0.172875,0.30264,0.431911,0.0925742
1078,0,13,1472.66,13,1591.75,2,1,0,178.323,0.257906,0.20219,0.171262,0.368642,0.160227,0.353599,0.400384,0.0857905
1079,0,13,1472.66,13,1591.75,3,1,0,178.233,0.260256,0.204023,0.163692,0.372029,0.166567,0.327955,0.416304,0.0891741
1080,0,13,1472.66,13,1565.46,3,2,13,178.144,0.272705,0.213771,0.171506,0.342018,0.172064,0.305709,0.430122,0.0921055
1081,0,13,1472.66,13,1577.42,3,2,9,178.055,0.254056,0.199143,0.159763,0.387037,0.157385,0.279661,0.478716,0.0842375
1082,0,13,1472.66,13,1577.42,0,2,0,177.966,0.244993,0.192029,0.154049,0.408929,0.150364,0.267215,0.501952,0.0804693
1083,0,13,1472.66,13,1577.42,3,0,0,177.877,0.229991,0.19583,0.157091,0.417087,0.160335,0.284968,0.468902,0.0857949
1084,0,13,1472.66,13,1577.42,3,1,0,177.788,0.242689,0.206635,0.165752,0.384924,0.157296,0.285991,0.470631,0.086082
1085,0,13,1472.66,13,1580.44,0,2,9,177.699,0.254765,0.216911,0.173986,0.354338,0.160818,0.269908,0.481275,0.0879989
1086,0,13,1472.66,13,1580.44,0,1,0,177.611,0.279783,0.209621,0.168132,0.342464,0.15354,0.25772,0.504733,0.0840063
1087,0,13,1472.66,13,1725.62,1,2,9,177.522,0.258425,0.21583,0.173104,0.352641,0.156037,0.245538,0.513063,0.0853621
1088,0,13,1472.66,13,1701.95,3,2,13,177.433,0.250068,0.241181,0.167492,0.341259,0.148678,0.233978,0.536019,0.0813261
1089,0,13,1472.66,13,1701.95,3,2,0,177.344,0.233007,0.224725,0.156053,0.386214,0.133701,0.210428,0.582745,0.0731253
1090,0,13,1472.66,13,1692.55,0,2,13,177.256,0.244761,0.23606,0.163912,0.355267,0.144503,0.22745,0.549024,0.0790236
1091,0,13,1472.66,13,1657.54,3,2,13,177.167,0.289811,0.221974,0.15412,0.334095,0.129704,0.204174,0.5952,0.070922
1092,0,13,1472.66,13,1657.54,1,1,0,177.078,0.270548,0.207209,0.143858,0.378385,0.1157,0.182146,0.638898,0.0632568
1093,0,13,1472.66,13,1657.54,2,2,0,176.99,0.274602,0.195323,0.145995,0.38408,0.116027,0.179621,0.640924,0.063428
1094,0,13,1472.66,13,1657.54,3,1,0,176.901,0.276083,0.196363,0.141376,0.386178,0.126789,0.196299,0.60761,0.0693029
1095,0,13,1472.66,13,1657.54,0,2,9,176.813,0.290156,0.206358,0.148562,0.354924,0.12742,0.192116,0.610825,0.0696393
1096,0,13,1472.66,13,1657.54,0,3,0,176.725,0.313922,0.199441,0.143573,0.343064,0.120884,0.182277,0.63078,0.0660593
1097,0,13,1472.66,13,1657.54,2,2,0,176.636,0.288134,0.206929,0.148954,0.355983,0.12016,0.181199,0.627208,0.071433
1098,0,13,1472.66,13,1657.54,3,2,0,176.548,0.290016,0.208267,0.143392,0.358324,0.130964,0.197509,0.593678,0.0778482
1099,0,13,1472.66,13,1657.54,1,2,0,176.46,0.303429,0.217885,0.150003,0.328683,0.141838,0.213924,0.559935,0.0843027
1100,0,13,1472.66,13,1657.54,3,3,0,176.371,0.309104,0.203275,0.152787,0.334835,0.152674,0.230287,0.526306,0.0907337
1101,0,13,1472.66,13,1657.54,1,2,0,176.283,0.322172,0.211851,0.159224,0.306753,0.152051,0.229366,0.524289,0.0942947
1102,0,13,1472.66,13,1620.91,0,2,13,176.195,0.327879,0.197916,0.162022,0.312184,0.162664,0.245396,0.491074,0.100867
1103,0,13,1472.66,13,1620.91,0,1,0,176.107,0.372615,0.184736,0.151227,0.291422,0.147198,0.222082,0.539453,0.0912676
1104,0,13,1472.66,13,1620.91,3,1,0,176.019,0.342463,0.193609,0.158483,0.305446,0.148649,0.214279,0.544914,0.0921587
1105,0,13,1472.66,13,1620.91,0,0,0,175.931,0.354474,0.200376,0.164016,0.281134,0.14992,0.207424,0.549718,0.0929382
1106,0,13,1472.66,13,1620.91,3,1,0,175.843,0.325592,0.209337,0.171344,0.293727,0.149322,0.207547,0.550152,0.0929785
1107,0,13,1472.66,13,1620.91,2,2,0,175.755,0.33643,0.216287,0.177025,0.270258,0.150434,0.201509,0.554394,0.0936621
1108,0,13,1472.66,13,1620.91,3,2,0,175.667,0.340073,0.218609,0.168145,0.273172,0.161698,0.21661,0.521027,0.100665
1109,0,13,1472.66,13,1614.58,3,2,13,175.579,0.349562,0.224689,0.172813,0.252936,0.172803,0.231499,0.48813,0.107568
1110,0,13,1472.66,13,1602.16,0,2,13,175.491,0.328061,0.21085,0.16216,0.298929,0.156319,0.209429,0.536954,0.0972984
1111,0,13,1472.66,13,1615.4,3,2,9,175.404,0.373179,0.196688,0.151261,0.278872,0.140386,0.188093,0.584149,0.0873725
1112,0,13,1472.66,13,1615.4,3,2,0,175.316,0.359999,0.189717,0.145892,0.304391,0.133221,0.178504,0.60537,0.0829054
1113,0,13,1472.66,13,1615.4,0,2,0,175.228,0.372191,0.196117,0.150806,0.280886,0.14454,0.193682,0.571837,0.089941
1114,0,13,1472.66,13,1615.4,1,3,0,175.141,0.342276,0.205458,0.15798,0.294285,0.155858,0.20886,0.538308,0.0969745
1115,0,13,1472.66,13,1615.4,1,2,0,175.053,0.347575,0.193192,0.160401,0.298832,0.155253,0.208062,0.536351,0.100334
1116,0,13,1472.66,13,1615.4,2,1,0,174.966,0.352139,0.182631,0.162483,0.302747,0.166379,0.222985,0.503121,0.107515
1117,0,13,1472.66,13,1615.4,3,2,0,174.878,0.355003,0.184092,0.155705,0.3052,0.168167,0.214533,0.50864,0.108661
1118,0,13,1472.66,13,1615.4,3,2,0,174.791,0.366974,0.190275,0.160929,0.281823,0.179333,0.228789,0.476013,0.115865
1119,0,13,1472.66,13,1615.4,2,1,0,174.703,0.377266,0.195586,0.165415,0.261733,0.190213,0.242681,0.444223,0.122884
1120,0,13,1472.66,13,1615.4,0,0,0,174.616,0.380091,0.197024,0.15921,0.263674,0.193157,0.230892,0.451175,0.124775
1121,0,13,1472.66,13,1615.4,1,0,0,174.529,0.35045,0.206442,0.166814,0.276294,0.186857,0.232682,0.454734,0.125727
1122,0,13,1472.66,13,1615.4,0,1,0,174.441,0.355609,0.1948,0.169244,0.280348,0.181319,0.234254,0.457866,0.126561
1123,0,13,1472.66,13,1615.4,2,3,0,174.354,0.327418,0.203317,0.176639,0.292626,0.183758,0.223877,0.464111,0.128254
1124,0,13,1472.66,13,1615.4,2,0,0,174.267,0.330908,0.205465,0.167887,0.295739,0.183675,0.223785,0.463987,0.128554
1125,0,13,1472.66,13,1615.4,0,1,0,174.18,0.333934,0.207324,0.160305,0.298437,0.178747,0.225121,0.466825,0.129307
1126,0,13,1472.66,13,1615.4,3,3,0,174.093,0.307158,0.215654,0.166737,0.310451,0.180827,0.216021,0.472349,0.130803
1127,0,13,1472.66,13,1615.4,3,2,0,174.006,0.318421,0.223547,0.172831,0.285201,0.18075,0.215936,0.472237,0.131077
1128,0,13,1472.66,13,1615.4,0,2,9,173.919,0.328154,0.230363,0.178092,0.263391,0.191426,0.2287,0.441064,0.13881
1129,0,13,1472.66,13,1615.4,2,2,0,173.832,0.351705,0.222289,0.17184,0.254166,0.182737,0.218326,0.466436,0.132501
1130,0,13,1472.66,13,1615.4,0,1,0,173.745,0.354768,0.224203,0.164667,0.256362,0.193355,0.231021,0.435433,0.140191
1131,0,13,1472.66,13,1577,0,0,13,173.658,0.327199,0.233784,0.171693,0.267324,0.19596,0.2206,0.44137,0.14207
1132,0,13,1472.66,13,1577,3,2,0,173.571,0.37399,0.217526,0.159743,0.248741,0.244616,0.207238,0.414693,0.133453
1133,0,13,1472.66,13,1536.43,0,1,13,173.484,0.381643,0.221953,0.162984,0.23342,0.256946,0.217677,0.385215,0.140163
1134,0,13,1472.66,13,1536.43,0,2,0,173.398,0.430252,0.204508,0.150164,0.215076,0.241172,0.26569,0.361596,0.131542
1135,0,13,1472.66,13,1536.43,1,2,0,173.311,0.399084,0.215698,0.158371,0.226846,0.251501,0.277074,0.334266,0.137159
1136,0,13,1472.66,13,1537.87,0,2,9,173.224,0.40457,0.204973,0.160518,0.229938,0.261235,0.287804,0.30851,0.142451
1137,0,13,1472.66,13,1537.87,3,0,0,173.138,0.428873,0.196608,0.15396,0.220559,0.252181,0.277834,0.332488,0.137497
1138,0,13,1472.66,13,1540.05,0,2,9,173.051,0.43464,0.19922,0.155998,0.210142,0.235507,0.284032,0.339917,0.140544
1139,0,13,1472.66,13,1540.05,2,1,0,172.965,0.458875,0.190682,0.149305,0.201138,0.226718,0.273443,0.364554,0.135285
1140,0,13,1472.66,13,1520.92,0,1,13,172.878,0.460135,0.191172,0.147036,0.201657,0.232267,0.255639,0.373512,0.138582
1141,0,13,1472.66,13,1508.31,0,2,13,172.792,0.509221,0.173792,0.133662,0.183325,0.216919,0.304805,0.348864,0.129411
1142,0,13,1472.66,13,1508.31,2,0,0,172.705,0.557179,0.156811,0.120595,0.165415,0.20085,0.282244,0.397094,0.119812
1143,0,13,1472.66,13,1508.31,1,2,0,172.619,0.556225,0.156503,0.122181,0.165091,0.191948,0.285386,0.401541,0.121125
1144,0,13,1472.66,13,1508.31,0,2,0,172.533,0.55726,0.155011,0.122371,0.165358,0.201405,0.299469,0.372046,0.12708
1145,0,13,1472.66,13,1508.31,3,0,0,172.446,0.52305,0.16699,0.131822,0.178139,0.210388,0.312851,0.344024,0.132736
1146,0,13,1472.66,13,1508.31,3,3,0,172.36,0.525656,0.167783,0.132442,0.174119,0.198912,0.317405,0.349038,0.134645
1147,0,13,1472.66,13,1508.31,0,2,0,172.274,0.527969,0.168483,0.132988,0.170559,0.199548,0.318449,0.350193,0.13181
1148,0,13,1472.66,13,1508.31,0,0,0,172.188,0.494217,0.180533,0.142492,0.182757,0.207744,0.33156,0.323485,0.137212
1149,0,13,1472.66,13,1507.82,0,2,13,172.102,0.461177,0.192329,0.151795,0.194699,0.196281,0.336368,0.328174,0.139177
1150,0,13,1472.66,13,1510.66,3,0,9,172.016,0.51044,0.174747,0.137912,0.176901,0.182162,0.312204,0.376478,0.129156
1151,0,13,1472.66,13,1510.66,0,0,0,171.93,0.491405,0.168194,0.132735,0.207666,0.210109,0.301539,0.36363,0.124722
1152,0,13,1472.66,13,1510.89,0,1,9,171.844,0.458041,0.179227,0.141435,0.221297,0.199232,0.305694,0.368656,0.126418
1153,0,13,1472.66,13,1510.89,0,0,0,171.758,0.481818,0.171363,0.135223,0.211596,0.191507,0.332582,0.354405,0.121506
1154,0,13,1472.66,13,1510.89,0,0,0,171.672,0.448708,0.182312,0.143855,0.225125,0.182358,0.336354,0.358429,0.122859
1155,0,13,1472.66,13,1510.89,3,2,0,171.586,0.416682,0.192902,0.152205,0.238212,0.174413,0.339631,0.361926,0.124031
1156,0,13,1472.66,13,1510.89,2,3,0,171.5,0.423747,0.196142,0.154754,0.225357,0.181945,0.354346,0.334331,0.129378
1157,0,13,1472.66,13,1510.89,0,1,0,171.415,0.425563,0.196953,0.151189,0.226294,0.182391,0.355262,0.335192,0.127156
1158,0,13,1472.66,13,1510.89,2,0,0,171.329,0.39461,0.207566,0.159328,0.238496,0.190042,0.328183,0.349295,0.13248
1159,0,13,1472.66,13,1510.89,3,1,0,171.243,0.39681,0.208697,0.154692,0.239801,0.181189,0.331778,0.353126,0.133907
1160,0,13,1472.66,13,1506.94,0,0,13,171.158,0.403864,0.212379,0.157412,0.226345,0.187843,0.307199,0.366142,0.138816
1161,0,13,1472.66,13,1506.94,0,1,0,171.072,0.453396,0.194735,0.144326,0.207543,0.23346,0.289947,0.345593,0.131
1162,0,13,1472.66,13,1506.94,2,1,0,170.986,0.421524,0.206092,0.152734,0.21965,0.240201,0.269434,0.355599,0.134766
1163,0,13,1472.66,13,1506.94,3,0,0,170.901,0.423198,0.20688,0.149429,0.220493,0.246005,0.251769,0.36422,0.138007
1164,0,13,1472.66,13,1506.71,0,1,13,170.815,0.42892,0.209647,0.151418,0.210015,0.231423,0.256634,0.371286,0.140657
1165,0,13,1472.66,13,1506.71,0,0,0,170.73,0.478739,0.191362,0.138202,0.191697,0.215983,0.306212,0.346546,0.131259
1166,0,13,1472.66,13,1582.27,1,1,9,170.645,0.446168,0.203322,0.146831,0.203679,0.203992,0.310901,0.351861,0.133246
1167,0,13,1472.66,13,1582.27,1,1,0,170.559,0.429285,0.233532,0.141243,0.19594,0.196194,0.337216,0.338448,0.128142
1168,0,13,1472.66,13,1557.39,0,2,13,170.474,0.435998,0.221609,0.14342,0.198973,0.20391,0.311123,0.351797,0.13317
1169,0,13,1472.66,13,1546.99,2,1,13,170.389,0.485633,0.202112,0.130791,0.181464,0.188494,0.287626,0.400788,0.123092
1170,0,13,1472.66,13,1552.86,0,2,9,170.304,0.462298,0.192367,0.172624,0.172711,0.174962,0.338721,0.372072,0.114245
1171,0,13,1472.66,13,1488.74,2,1,13,170.219,0.485961,0.183904,0.165026,0.165109,0.168113,0.325504,0.396619,0.109764
1172,0,13,1472.66,13,1522.6,2,1,9,170.133,0.459292,0.173777,0.210917,0.156014,0.155483,0.376125,0.366884,0.101509
1173,0,13,1472.66,13,1522.6,2,2,0,170.048,0.441985,0.167197,0.240716,0.150103,0.149479,0.40016,0.352779,0.0975811
1174,0,13,1472.66,13,1522.6,2,2,0,169.963,0.449745,0.170099,0.227451,0.152705,0.155462,0.416258,0.326802,0.101478
1175,0,13,1472.66,13,1522.6,0,1,0,169.878,0.456477,0.172611,0.215955,0.154957,0.160644,0.430219,0.304285,0.104852
1176,0,13,1472.66,13,1522.6,0,1,0,169.793,0.423322,0.183138,0.229136,0.164404,0.16942,0.399063,0.320948,0.11057
1177,0,13,1472.66,13,1522.6,3,1,0,169.708,0.391473,0.19325,0.241798,0.173478,0.177804,0.36929,0.336874,0.116032
1178,0,13,1472.66,13,1522.6,0,3,0,169.624,0.39472,0.194826,0.24378,0.166674,0.18576,0.341035,0.351992,0.121213
1179,0,13,1472.66,13,1548.06,0,2,9,169.539,0.36426,0.204628,0.256057,0.175054,0.186083,0.34167,0.35265,0.119597
1180,0,13,1472.66,13,1548.06,0,1,0,169.454,0.387966,0.196996,0.246518,0.16852,0.178997,0.328698,0.377272,0.115033
1181,0,13,1472.66,13,1548.06,2,0,0,169.369,0.357837,0.206692,0.258663,0.176808,0.185332,0.304891,0.390684,0.119093
1182,0,13,1472.66,13,1538.2,3,1,13,169.285,0.366363,0.211593,0.24105,0.180995,0.177988,0.307641,0.394227,0.120145
1183,0,13,1472.66,13,1538.2,2,1,0,169.2,0.346657,0.20019,0.228065,0.225088,0.16484,0.358737,0.365162,0.111261
1184,0,13,1472.66,13,1507.19,0,2,13,169.115,0.353215,0.203954,0.213504,0.229327,0.171915,0.33116,0.380897,0.116028
1185,0,13,1472.66,13,1510.44,0,2,9,169.031,0.400872,0.188924,0.197772,0.212432,0.15815,0.304684,0.430437,0.106729
1186,0,13,1472.66,13,1510.44,0,3,0,168.946,0.424548,0.181456,0.189956,0.20404,0.151277,0.291481,0.45516,0.102082
1187,0,13,1472.66,13,1510.44,1,2,0,168.862,0.392558,0.191542,0.200515,0.215385,0.150956,0.2909,0.454293,0.103851
1188,0,13,1472.66,13,1510.44,1,2,0,168.777,0.396887,0.182678,0.2027,0.217735,0.159797,0.307978,0.4223,0.109925
1189,0,13,1472.66,13,1510.44,1,3,0,168.693,0.400656,0.174972,0.204597,0.219775,0.168293,0.324394,0.391554,0.11576
1190,0,13,1472.66,13,1510.44,2,1,0,168.609,0.403945,0.168254,0.206249,0.221553,0.168338,0.324523,0.391724,0.115415
1191,0,13,1472.66,13,1530.76,0,3,9,168.524,0.409116,0.170378,0.196144,0.224362,0.174014,0.301687,0.405001,0.119298
1192,0,13,1472.66,13,1506.68,0,2,13,168.44,0.43313,0.163449,0.188172,0.215249,0.168899,0.292852,0.393164,0.145085
1193,0,13,1472.66,13,1499.01,0,2,13,168.356,0.482275,0.149274,0.171858,0.196593,0.15502,0.268816,0.443005,0.133159
1194,0,13,1472.66,13,1496.52,0,2,13,168.272,0.530798,0.135279,0.15575,0.178172,0.141094,0.244695,0.493017,0.121193
1195,0,13,1472.66,13,1561.06,2,2,9,168.188,0.577818,0.121719,0.140142,0.160321,0.127403,0.220975,0.542192,0.10943
1196,0,13,1472.66,13,1561.06,0,1,0,168.103,0.558008,0.117509,0.169698,0.154785,0.121097,0.210061,0.564831,0.104011
1197,0,13,1472.66,13,1614.95,0,2,9,168.019,0.522363,0.12698,0.183388,0.167269,0.122084,0.203453,0.569608,0.104855
1198,0,13,1472.66,13,1614.95,0,2,9,167.935,0.544259,0.121153,0.174985,0.159602,0.115874,0.193123,0.591485,0.0995182
1199,0,13,1472.66,13,1601.73,0,2,13,167.851,0.565563,0.115484,0.16681,0.152143,0.109884,0.183158,0.612588,0.0943705
1200,0,13,1472.66,13,1597.49,0,2,13,167.768,0.610653,0.103493,0.149501,0.136353,0.0975176,0.162562,0.656172,0.0837478
1201,0,13,1472.66,13,1559.36,0,2,13,167.684,0.6531,0.0922058,0.133205,0.121488,0.0860766,0.143505,0.696499,0.07392
1202,0,13,1472.66,13,1538.28,0,2,13,167.6,0.692484,0.0817337,0.118086,0.107696,0.075634,0.126108,0.733307,0.0649503
1203,0,13,1472.66,13,1538.28,0,2,9,167.516,0.728558,0.0721422,0.104236,0.0950636,0.0662145,0.110414,0.766512,0.0568596
1204,0,13,1472.66,13,1530.98,0,2,13,167.432,0.742244,0.0685017,0.0989831,0.0902714,0.0626278,0.104444,0.77915,0.053778
1205,0,13,1472.66,13,1530.98,0,2,0,167.349,0.773545,0.0601801,0.086965,0.0793095,0.0546181,0.0910953,0.807388,0.0468987
1206,0,13,1472.66,13,1530.98,0,3,0,167.265,0.743635,0.0681256,0.0984541,0.0897856,0.0621116,0.103604,0.780953,0.0533315
1207,0,13,1472.66,13,1530.98,0,2,0,167.181,0.711908,0.0765529,0.110641,0.100898,0.0617066,0.102939,0.776254,0.0590999
1208,0,13,1472.66,13,1539.49,2,2,9,167.098,0.678643,0.0853882,0.12342,0.112549,0.0696389,0.116184,0.747481,0.0666965
1209,0,13,1472.66,13,1541.01,0,3,9,167.014,0.65621,0.0825315,0.152469,0.10879,0.0658743,0.109914,0.761121,0.0630904
1210,0,13,1472.66,13,1541.01,0,2,0,166.931,0.672969,0.0785027,0.145044,0.103485,0.0643149,0.107323,0.743467,0.0848946
1211,0,13,1472.66,13,1541.01,0,2,0,166.847,0.637848,0.0869271,0.160628,0.114597,0.0721073,0.120339,0.712368,0.0951858
1212,0,13,1472.66,13,1539.38,0,1,13,166.764,0.601923,0.0955432,0.176571,0.125962,0.0802673,0.133971,0.679799,0.105963
1213,0,13,1472.66,13,1528.18,0,2,13,166.68,0.644586,0.0852974,0.157656,0.112461,0.0760809,0.178859,0.644618,0.100442
1214,0,13,1472.66,13,1528.18,1,2,0,166.597,0.684301,0.0757607,0.140046,0.0998924,0.0674766,0.158658,0.684778,0.0890878
1215,0,13,1472.66,13,1528.18,2,0,0,166.514,0.681025,0.0802676,0.139332,0.099376,0.0748126,0.175937,0.650471,0.0987788
1216,0,13,1472.66,13,1528.18,1,2,0,166.43,0.680955,0.080225,0.139492,0.0993275,0.079363,0.175042,0.64733,0.0982648
1217,0,13,1472.66,13,1528.18,0,1,0,166.347,0.67786,0.084487,0.138814,0.0988381,0.0873109,0.192602,0.611977,0.10811
1218,0,13,1472.66,13,1528.18,1,2,0,166.264,0.642705,0.0937022,0.153971,0.109622,0.0878425,0.187442,0.615942,0.108773
1219,0,13,1472.66,13,1553.54,0,2,9,166.181,0.640426,0.0969985,0.153381,0.109195,0.0960079,0.204897,0.580206,0.118889
1220,0,13,1472.66,13,1553.54,1,1,0,166.098,0.657727,0.0923273,0.146008,0.103939,0.0913588,0.195004,0.6005,0.113137
1221,0,13,1472.66,13,1553.54,0,1,0,166.015,0.65529,0.0957713,0.145423,0.103515,0.0919569,0.189502,0.604659,0.113883
1222,0,13,1472.66,13,1529.21,0,2,13,165.932,0.619407,0.105737,0.160568,0.114288,0.092481,0.184648,0.608334,0.114537
1223,0,13,1472.66,13,1529.21,2,3,0,165.849,0.660786,0.094237,0.143117,0.10186,0.0823264,0.164396,0.651313,0.101964
1224,0,13,1472.66,13,1529.21,3,0,0,165.766,0.661168,0.0942548,0.142696,0.101881,0.0820136,0.163794,0.649108,0.105085
1225,0,13,1472.66,13,1505.32,0,2,13,165.683,0.659146,0.09393,0.142216,0.104707,0.08625,0.163008,0.646171,0.104571
1226,0,13,1472.66,13,1490.86,0,2,13,165.6,0.697582,0.0833348,0.126185,0.0928985,0.0764453,0.144496,0.686371,0.0926873
1227,0,13,1472.66,13,1488.28,0,2,13,165.517,0.732761,0.0736377,0.111511,0.0820904,0.0674523,0.127514,0.723247,0.0817867
1228,0,13,1472.66,13,1499.47,3,2,9,165.435,0.764617,0.0648571,0.0982224,0.0723034,0.0592991,0.112115,0.756682,0.0719037
1229,0,13,1472.66,13,1499.47,0,2,9,165.352,0.745887,0.0632371,0.0957769,0.0950992,0.0562866,0.106433,0.769027,0.0682534
1230,0,13,1472.66,13,1499.47,0,1,0,165.269,0.757801,0.0602683,0.0912881,0.090642,0.0534383,0.10106,0.780699,0.0648021
1231,0,13,1472.66,13,1522.37,0,2,9,165.187,0.725724,0.0682462,0.103381,0.102649,0.0531992,0.104663,0.777623,0.0645146
1232,0,13,1472.66,13,1522.37,3,2,9,165.104,0.738658,0.065024,0.0985079,0.0978104,0.05053,0.0994252,0.788765,0.0612801
1233,0,13,1456.98,13,1456.98,2,2,33,165.021,0.717321,0.0631151,0.0956239,0.12394,0.0480093,0.0944781,0.799287,0.0582253
1234,0,13,1451.95,13,1451.95,0,2,33,164.939,0.632116,0.055591,0.203114,0.109179,0.0270542,0.0532474,0.886886,0.0328123
1235,0,13,1446.77,13,1446.77,0,2,33,164.856,0.772132,0.0344268,0.125818,0.0676224,0.014732,0.0289991,0.938401,0.0178682
1236,0,13,1446.77,13,1471.84,0,2,9,164.774,0.868318,0.0198911,0.0727142,0.0390762,0.00791432,0.015581,0.966905,0.00959954
1237,0,13,1436.29,13,1436.29,0,2,33,164.692,0.872602,0.0192405,0.0703543,0.0378032,0.00773439,0.0152289,0.967655,0.00938166
1238,0,13,1436.29,13,1440.96,0,2,9,164.609,0.92932,0.0106726,0.0390353,0.0209721,0.00414895,0.00817031,0.982648,0.00503279
1239,0,13,1436.29,13,1440.96,0,2,0,164.527,0.930904,0.0104316,0.0381636,0.0205012,0.00410551,0.00808585,0.982828,0.00498028
1240,0,13,1436.29,13,1439.78,0,2,13,164.445,0.91636,0.012625,0.0462001,0.0248153,0.00509497,0.010036,0.978688,0.00618081
1241,0,13,1436.29,13,1512.57,2,2,9,164.362,0.925837,0.0111924,0.0409682,0.0220024,0.00454111,0.00894619,0.981004,0.00550912
1242,0,13,1436.29,13,1439.76,0,2,13,164.28,0.910959,0.0110028,0.0564057,0.0216326,0.00448529,0.00883743,0.981236,0.00544162
1243,0,13,1436.29,13,1520.15,0,1,9,164.198,0.920808,0.00978342,0.0501709,0.0192378,0.00400636,0.00789486,0.983238,0.00486076
1244,0,13,1436.29,13,1502.73,0,2,13,164.116,0.92246,0.009577,0.0491284,0.0188344,0.00398208,0.0128309,0.978356,0.00483149
1245,0,13,1436.29,13,1502.73,0,2,0,164.034,0.930946,0.00852683,0.0437555,0.0167714,0.00356571,0.0114919,0.980616,0.00432647
1246,0,13,1436.29,13,1495.67,0,2,13,163.952,0.916089,0.010359,0.0531745,0.0203778,0.00443512,0.0142973,0.975886,0.00538158
1247,0,13,1436.29,13,1495.67,0,2,9,163.87,0.925339,0.00921485,0.0473171,0.0181296,0.0039636,0.0127803,0.978446,0.00480963
1248,0,13,1436.29,13,1477.94,0,2,13,163.788,0.926823,0.00902947,0.0463803,0.0177672,0.00392459,0.0126575,0.978655,0.00476247
1249,0,13,1436.29,13,1478.17,0,2,9,163.706,0.934799,0.00804335,0.0413286,0.015829,0.00351452,0.0113376,0.980883,0.00426502
1250,0,13,1436.29,13,1504.83,0,2,9,163.624,0.935938,0.00790098,0.0406104,0.0155509,0.00348799,0.0112546,0.981024,0.00423299
1251,0,13,1436.29,13,1499.81,0,2,13,163.543,0.937037,0.00776355,0.039917,0.0152825,0.00346209,0.0111737,0.981163,0.00420172
1252,0,13,1436.29,13,1500.12,0,2,9,163.461,0.943804,0.00692748,0.03563,0.0136386,0.00310684,0.0100295,0.983093,0.00377072
1253,0,13,1436.29,13,1500.12,0,2,0,163.379,0.944634,0.00682354,0.0351069,0.0134357,0.00309067,0.00997961,0.983178,0.00375124
1254,0,13,1436.29,13,1500.12,0,2,0,163.297,0.932199,0.00835401,0.0429952,0.0164515,0.00385825,0.012461,0.978998,0.00468306
1255,0,13,1436.29,13,1500.12,0,2,9,163.216,0.917539,0.0101579,0.0522965,0.0200067,0.00479056,0.0154757,0.973919,0.0058149
1256,0,13,1436.29,13,1500.12,2,0,0,163.134,0.919334,0.00993443,0.0511626,0.0195691,0.00472501,0.0152676,0.974272,0.00573556
1257,0,13,1436.29,13,1496.03,0,2,13,163.052,0.915469,0.00988371,0.0551759,0.0194718,0.00645231,0.0152287,0.972599,0.00571983
1258,0,13,1436.29,13,1476.83,0,2,13,162.971,0.924749,0.00879632,0.0491225,0.0173319,0.00575889,0.0135944,0.975542,0.00510501
1259,0,13,1436.29,13,1472.55,0,2,13,162.889,0.932932,0.00783786,0.0437851,0.0154455,0.00514974,0.0121586,0.978127,0.00456491
1260,0,13,1436.29,13,1472.07,0,2,13,162.808,0.940146,0.006993,0.0390788,0.0137825,0.00461378,0.010895,0.980401,0.00408972
1261,0,13,1436.29,13,1472.07,0,2,0,162.727,0.946509,0.006248,0.0349276,0.0123158,0.00414146,0.00978136,0.982406,0.00367096
1262,0,13,1436.29,13,1472.07,0,2,9,162.645,0.934344,0.0076669,0.0428743,0.0151148,0.00517236,0.0122183,0.978025,0.00458463
1263,0,13,1436.29,13,1472.07,0,2,9,162.564,0.93545,0.0075358,0.0421557,0.0148583,0.00512477,0.0121079,0.978225,0.00454234
1264,0,13,1436.29,13,1472.07,0,2,0,162.483,0.936519,0.00740916,0.0414615,0.0146106,0.00507842,0.0120005,0.97842,0.00450115
1265,0,13,1436.29,13,1471.83,0,2,13,162.401,0.922521,0.00904063,0.0506086,0.0178303,0.00631124,0.0149162,0.973179,0.00559369
1266,0,13,1436.29,13,1525.35,0,1,9,162.32,0.930984,0.00805096,0.0450841,0.0158806,0.00563319,0.013316,0.976058,0.00499262
1267,0,13,1436.29,13,1525.35,2,1,0,162.239,0.932215,0.00790544,0.0442844,0.0155956,0.00558646,0.0205033,0.968959,0.00495108
1268,0,13,1436.29,13,1503.95,0,2,13,162.158,0.928343,0.00786509,0.048274,0.0155181,0.00556056,0.0240496,0.965462,0.004928
1269,0,13,1436.29,13,1516.42,0,2,9,162.077,0.936049,0.00701734,0.0430864,0.0138474,0.00497807,0.0215366,0.969074,0.00441167
1270,0,13,1436.29,13,1516.42,0,2,0,161.996,0.937031,0.00690767,0.0424284,0.0136328,0.00493466,0.0213551,0.969337,0.0043731
1271,0,13,1436.29,13,1516.42,0,2,0,161.915,0.923026,0.00844171,0.0518696,0.0166626,0.00612185,0.0265005,0.961953,0.00542506
1272,0,13,1436.29,13,1516.42,0,2,9,161.834,0.906578,0.0102428,0.0629589,0.0202204,0.00754906,0.0326882,0.953073,0.00668965
1273,0,13,1436.29,13,1520.89,0,2,9,161.753,0.908651,0.0100128,0.0615677,0.019769,0.00742284,0.0321511,0.953848,0.00657764
1274,0,13,1436.29,13,1520.89,0,2,9,161.672,0.910643,0.00979167,0.06023,0.0193351,0.00730091,0.0316322,0.954597,0.00646944
1275,0,13,1436.29,13,1500.98,0,2,13,161.591,0.91256,0.00957903,0.0589434,0.0189178,0.00718309,0.0311309,0.955321,0.00636489
1276,0,13,1436.29,13,1500.98,0,2,0,161.51,0.922147,0.00852637,0.0524851,0.0168412,0.0064033,0.0277595,0.960163,0.00567378
1277,0,13,1436.29,13,1497.19,0,2,13,161.43,0.905539,0.0103425,0.0636874,0.0204311,0.00788663,0.0342,0.950925,0.00698795
1278,0,13,1436.29,13,1489.48,0,2,13,161.349,0.915961,0.00919884,0.0566658,0.0181744,0.00702034,0.0304523,0.956307,0.00622022
1279,0,13,1436.29,13,1483.92,0,2,13,161.268,0.925155,0.00819026,0.0504712,0.0161839,0.00625959,0.0271604,0.961034,0.00554604
1280,0,13,1436.29,13,1481.61,0,2,13,161.188,0.933263,0.00730097,0.0450074,0.0144287,0.00559083,0.0242657,0.96519,0.00495339
1281,0,13,1436.29,13,1481.61,0,2,0,161.107,0.940415,0.0065168,0.0401879,0.0128807,0.00500225,0.0217175,0.968848,0.00443181
1282,0,13,1436.29,13,1481.61,0,2,0,161.027,0.927003,0.00798142,0.0492379,0.0157777,0.00620484,0.0269465,0.961351,0.00549714
1283,0,13,1436.29,13,1473.59,0,2,13,160.946,0.911205,0.00970605,0.0598991,0.0191896,0.00765015,0.033233,0.952339,0.00677743
1284,0,13,1436.29,13,1473.59,0,2,9,160.866,0.920975,0.00863577,0.0533134,0.0170759,0.00681115,0.029597,0.957558,0.006034
1285,0,13,1436.29,13,1471.98,0,2,13,160.785,0.922511,0.00846555,0.0522816,0.0167416,0.00670868,0.0291603,0.958188,0.00594307
1286,0,13,1436.29,13,1471.75,2,2,13,160.705,0.930947,0.00754188,0.0465942,0.0149169,0.00598408,0.0260184,0.962697,0.00530104
1287,0,13,1436.29,13,1463.3,0,2,13,160.624,0.90885,0.00735577,0.0692439,0.0145508,0.00534698,0.0232551,0.966661,0.00473654
1288,0,13,1436.29,13,1532.94,0,2,9,160.544,0.918455,0.00657821,0.061952,0.0130145,0.00478613,0.020822,0.970152,0.00423962
1289,0,13,1436.29,13,1520.23,0,2,13,160.464,0.919643,0.00648003,0.0610548,0.012822,0.00474605,0.0206537,0.970396,0.00420401
1290,0,13,1436.29,13,1520.23,0,2,0,160.384,0.928024,0.00580208,0.0546917,0.0114821,0.00425624,0.0185276,0.973446,0.00377006
1291,0,13,1436.29,13,1520.23,0,2,0,160.303,0.911896,0.00709958,0.0669522,0.0140517,0.00530348,0.0230931,0.966906,0.00469755
1292,0,13,1436.29,13,1506.45,0,2,13,160.223,0.892987,0.00862021,0.081329,0.0170637,0.00656927,0.0286132,0.958999,0.00581858
1293,0,13,1436.29,13,1506.45,0,2,0,160.143,0.904409,0.00769734,0.0726546,0.015239,0.00585991,0.025531,0.963419,0.00519016
1294,0,13,1436.29,13,1499.18,0,2,13,160.063,0.884273,0.00931542,0.0879671,0.0184449,0.00723843,0.0315463,0.954804,0.00641097
1295,0,13,1436.29,13,1499.18,0,2,0,159.983,0.896685,0.00831324,0.0785386,0.0164628,0.00644689,0.028105,0.959738,0.00570977
1296,0,13,1436.29,13,1511.07,0,2,9,159.903,0.875326,0.0100283,0.0947836,0.0198618,0.00794183,0.0346323,0.950392,0.00703362
1297,0,13,1436.29,13,1511.07,0,2,0,159.823,0.878077,0.0098034,0.0927,0.0194191,0.00779748,0.0340129,0.951284,0.00690561
1298,0,13,1436.29,13,1511.07,0,3,0,159.743,0.853954,0.0117389,0.111051,0.0232562,0.00955097,0.0416739,0.940317,0.00845833
1299,0,13,1436.29,13,1511.07,0,2,0,159.663,0.82659,0.0139332,0.131869,0.0276072,0.00951873,0.0415454,0.938003,0.0109333
1300,0,13,1436.29,13,1511.07,0,3,0,159.583,0.795982,0.0163866,0.155159,0.0324728,0.0115779,0.0505479,0.924575,0.0132989
1301,0,13,1436.29,13,1488.98,0,2,13,159.504,0.762243,0.0190895,0.180833,0.0378342,0.0115312,0.0503587,0.92165,0.0164598
1302,0,13,1436.29,13,1488.98,0,2,0,159.424,0.787491,0.0170561,0.161644,0.0338088,0.0102117,0.0446094,0.930602,0.0145773
1303,0,13,1436.29,13,1546.41,0,2,9,159.344,0.752963,0.0198202,0.187924,0.0392931,0.0123829,0.05411,0.915829,0.017678
1304,0,13,1436.29,13,1545.45,0,2,13,159.264,0.760708,0.0191918,0.182048,0.0380526,0.012058,0.0527062,0.91802,0.0172155
1305,0,13,1436.29,13,1509.93,0,2,13,159.185,0.78612,0.0171475,0.162729,0.0340038,0.0106722,0.0466625,0.927427,0.015238
1306,0,13,1436.29,13,1536.29,2,2,9,159.105,0.809071,0.0153018,0.145279,0.030348,0.00945737,0.041363,0.935675,0.0135044
1307,0,13,1436.29,13,1504.55,0,2,13,159.026,0.782992,0.0147968,0.172861,0.0293505,0.00925335,0.0404826,0.93705,0.013214
1308,0,13,1436.29,13,1504.08,0,2,13,158.946,0.805758,0.0132391,0.154739,0.0262642,0.00821314,0.0359424,0.944115,0.0117294
1309,0,13,1436.29,13,1501.78,0,2,13,158.867,0.826274,0.0118359,0.138407,0.0234838,0.00730079,0.0319592,0.950313,0.0104272
1310,0,13,1436.29,13,1507.91,0,2,9,158.787,0.844689,0.010577,0.123746,0.0209888,0.00650007,0.0284624,0.955753,0.00928424
1311,0,13,1436.29,13,1532.32,2,2,9,158.708,0.848261,0.0103295,0.120909,0.0205005,0.00640426,0.0280512,0.956396,0.00914805
1312,0,13,1436.29,13,1532.32,2,2,0,158.629,0.823657,0.010021,0.146431,0.019891,0.00631152,0.0276532,0.957019,0.00901622
1313,0,13,1436.29,13,1532.32,0,2,0,158.549,0.827865,0.0100633,0.142094,0.0199778,0.00777564,0.0340781,0.947038,0.0111085
1314,0,13,1436.29,13,1534.27,0,2,9,158.47,0.796309,0.0119027,0.168155,0.0236326,0.00951776,0.0417256,0.935158,0.0135984
1315,0,13,1436.29,13,1534.27,2,2,0,158.391,0.801298,0.011606,0.16405,0.0230465,0.00930975,0.0408257,0.936562,0.0133021
1316,0,13,1436.29,13,1523.17,0,2,13,158.312,0.807252,0.0116823,0.157865,0.0232012,0.0113283,0.0496921,0.922792,0.0161874
1317,0,13,1436.29,13,1550.2,0,2,9,158.232,0.82733,0.0104607,0.141431,0.0207781,0.010028,0.0440013,0.93164,0.0143304
1318,0,13,1436.29,13,1547.03,0,2,13,158.153,0.831266,0.0102178,0.138218,0.0202982,0.00979882,0.0430086,0.933189,0.0140039
1319,0,13,1436.29,13,1547.03,0,2,0,158.074,0.848906,0.00914548,0.123778,0.0181706,0.00868744,0.0381418,0.940754,0.0124165
1320,0,13,1436.29,13,1527.12,0,2,13,157.995,0.819999,0.0108904,0.14747,0.0216404,0.0105966,0.0465375,0.92772,0.0151462
1321,0,13,1436.29,13,1520.42,0,2,13,157.916,0.838808,0.00974809,0.132071,0.0193732,0.00938551,0.0412311,0.935967,0.0134161
1322,0,13,1436.29,13,1507.01,0,2,13,157.837,0.855675,0.00872414,0.11826,0.0173406,0.00832433,0.0365801,0.943196,0.0119001
1323,0,13,1436.29,13,1507.01,0,2,9,157.758,0.870763,0.00780867,0.105905,0.0155231,0.00739412,0.032502,0.949533,0.010571
1324,0,13,1436.29,13,1507.01,2,2,0,157.679,0.873123,0.00766265,0.103979,0.0152349,0.00726522,0.0319449,0.950402,0.0103875
1325,0,13,1436.29,13,1506.57,0,2,13,157.601,0.87332,0.00765713,0.103796,0.015226,0.00891412,0.0392067,0.939133,0.012746
1326,0,13,1436.29,13,1506.57,0,2,0,157.522,0.88652,0.00685622,0.0929882,0.0136353,0.00791004,0.0348008,0.945978,0.0113111
1327,0,13,1436.29,13,1505.95,0,2,13,157.443,0.862859,0.00828212,0.112386,0.0164733,0.0096794,0.0425978,0.933881,0.0138422
1328,0,13,1436.29,13,1509.45,2,2,9,157.364,0.877198,0.00741288,0.100643,0.0147464,0.00857973,0.0377695,0.94138,0.0122705
1329,0,13,1436.29,13,1509.45,0,2,9,157.286,0.85436,0.007213,0.124076,0.0143508,0.00840578,0.0370147,0.942557,0.0120225
1330,0,13,1436.29,13,1509.45,0,2,0,157.207,0.856835,0.00708691,0.121976,0.0141018,0.00823832,0.0362881,0.94369,0.0117839
1331,0,13,1436.29,13,1509.45,0,2,0,157.128,0.828351,0.00849267,0.146255,0.0169014,0.0100685,0.044363,0.931166,0.0144028
1332,0,13,1436.29,13,1509.45,0,2,0,157.05,0.79624,0.0100764,0.173628,0.020056,0.0122219,0.0538668,0.916427,0.0174843
1333,0,13,1436.29,13,1582.76,0,2,9,156.971,0.760618,0.0118321,0.203996,0.0235538,0.0147308,0.064944,0.89925,0.0210751
1334,0,13,1436.29,13,1547.78,2,2,13,156.893,0.766435,0.0115388,0.199053,0.022973,0.0142932,0.0630334,0.902223,0.0204505
1335,0,13,1436.29,13,1545.31,2,2,13,156.814,0.721856,0.0108585,0.245664,0.0216216,0.0126175,0.05566,0.913668,0.0180542
1336,0,13,1436.29,13,1545.31,2,1,0,156.736,0.676108,0.0101618,0.293493,0.0202372,0.0111493,0.0491977,0.923698,0.0159545
1337,0,13,1436.29,13,1543.95,0,2,13,156.658,0.69945,0.0105038,0.269126,0.0209211,0.0110918,0.0532872,0.919748,0.0158733
1338,0,13,1436.29,13,1543.95,3,2,0,156.579,0.727258,0.00952634,0.244239,0.0189768,0.00981716,0.0471784,0.928954,0.0140502
1339,0,13,1436.29,13,1568.88,0,2,9,156.501,0.72496,0.00948801,0.243414,0.0221378,0.0119174,0.0572897,0.913736,0.0170574
1340,0,13,1436.29,13,1568.88,0,2,0,156.423,0.730675,0.00928539,0.238371,0.0216687,0.0116043,0.0558019,0.915983,0.0166104
1341,0,13,1436.29,13,1577.45,0,2,9,156.344,0.688038,0.010749,0.276124,0.0250886,0.0140003,0.0673447,0.898614,0.0200414
1342,0,13,1436.29,13,1577.45,0,2,0,156.266,0.694951,0.0105047,0.270022,0.0245224,0.0135945,0.0654135,0.90153,0.019462
1343,0,13,1436.29,13,1577.45,3,2,0,156.188,0.650144,0.0120406,0.309703,0.0281126,0.0162992,0.0784521,0.881913,0.0233356
1344,0,13,1436.29,13,1577.45,2,2,0,156.11,0.647988,0.0119911,0.30863,0.031391,0.0193907,0.0933617,0.859484,0.0277637
1345,0,13,1436.29,13,1567.03,2,2,13,156.032,0.672564,0.0124359,0.282438,0.0325618,0.0228826,0.110209,0.834142,0.0327659
1346,0,13,1436.29,13,1517.9,2,2,13,155.954,0.627435,0.0115922,0.330614,0.0303585,0.0201834,0.0972397,0.853674,0.0289029
1347,0,13,1436.29,13,1505.51,2,2,13,155.876,0.583704,0.0107757,0.377294,0.0282255,0.0177986,0.0857769,0.870935,0.0254896
1348,0,13,1436.29,13,1505.51,0,1,0,155.798,0.542389,0.0100049,0.421394,0.0262118,0.0156977,0.0756758,0.886144,0.0224825
1349,0,13,1436.29,13,1495.65,0,2,13,155.72,0.492489,0.0110882,0.467367,0.0290553,0.0156318,0.0788424,0.883136,0.0223897
1350,0,13,1436.29,13,1493.92,0,2,13,155.642,0.528586,0.0102923,0.434147,0.026975,0.013798,0.0696158,0.896822,0.0197646
1351,0,13,1436.29,13,1493.92,2,2,0,155.564,0.563689,0.00951923,0.401838,0.0249537,0.0121875,0.0615102,0.908843,0.0174589
1352,0,13,1436.29,13,1484.19,2,2,13,155.487,0.60109,0.0101425,0.362175,0.0265927,0.0146689,0.0740581,0.890258,0.0210152
1353,0,13,1436.29,13,1510.61,2,2,9,155.409,0.558897,0.0094229,0.406969,0.0247107,0.0129509,0.0654057,0.903088,0.0185552
1354,0,13,1436.29,13,1510.61,2,2,0,155.331,0.543896,0.0091625,0.422909,0.0240324,0.0125893,0.0636002,0.905772,0.0180385
1355,0,13,1436.29,13,1533.73,0,2,9,155.254,0.583962,0.00982942,0.380422,0.0257867,0.0151336,0.0764785,0.886702,0.0216856
1356,0,13,1436.29,13,1530.04,0,2,13,155.176,0.592225,0.00962764,0.372885,0.0252622,0.0146728,0.0741738,0.890127,0.0210268
1357,0,13,1436.29,13,1524.92,2,2,13,155.098,0.625173,0.00884371,0.342774,0.0232097,0.0129524,0.065498,0.902987,0.0185627
1358,0,13,1436.29,13,1524.92,2,2,9,155.021,0.582104,0.00822745,0.388072,0.0215966,0.0114427,0.0578827,0.914274,0.0164003
1359,0,13,1436.29,13,1524.92,0,3,0,154.943,0.56595,0.00799232,0.405074,0.0209834,0.0111458,0.0563988,0.91648,0.0159758
1360,0,13,1436.29,13,1524.92,2,2,0,154.866,0.514931,0.00892513,0.452707,0.023437,0.0110982,0.0561762,0.913372,0.0193541
1361,0,13,1436.29,13,1524.92,2,2,0,154.788,0.558435,0.00967134,0.406492,0.0254014,0.0133974,0.0678365,0.8954,0.0233663
1362,0,13,1436.29,13,1524.92,0,2,9,154.711,0.596343,0.0103195,0.366229,0.0271089,0.0160497,0.0812922,0.874663,0.0279952
1363,0,13,1436.29,13,1528.53,3,1,9,154.634,0.604701,0.0100991,0.358665,0.0265352,0.0155455,0.0787642,0.878571,0.0271188
1364,0,13,1436.29,13,1528.53,3,2,0,154.556,0.598165,0.00998179,0.354751,0.037102,0.0151547,0.101233,0.857173,0.0264399
1365,0,13,1436.29,13,1535,0,2,9,154.479,0.596468,0.00994532,0.353708,0.039879,0.017954,0.119977,0.830741,0.0313273
1366,0,13,1436.29,13,1533.41,0,2,13,154.402,0.604667,0.00973687,0.346542,0.039054,0.017369,0.116112,0.836209,0.03031
1367,0,13,1436.29,13,1533.41,0,2,9,154.325,0.637291,0.00892753,0.317964,0.0358178,0.0153757,0.102826,0.854963,0.0268346
1368,0,13,1436.29,13,1534.14,2,2,9,154.247,0.644375,0.00874744,0.311773,0.035105,0.0149067,0.0997278,0.859347,0.0260189
1369,0,13,1436.29,13,1579.72,2,1,9,154.17,0.623425,0.00845577,0.334175,0.0339439,0.0144584,0.0967654,0.863537,0.0252393
1370,0,13,1436.29,13,1579.72,0,0,0,154.093,0.603943,0.00818449,0.355009,0.032864,0.0140565,0.121183,0.84022,0.0245404
1371,0,13,1436.29,13,1579.72,0,2,0,154.016,0.553612,0.00921812,0.400145,0.0370248,0.0172083,0.120757,0.837589,0.0244463
1372,0,13,1436.29,13,1574,0,2,13,153.939,0.503171,0.0102526,0.445385,0.0411912,0.0203227,0.142667,0.808137,0.0288727
1373,0,13,1436.29,13,1574,0,2,0,153.862,0.538981,0.00950697,0.413306,0.0382062,0.018061,0.126839,0.829438,0.0256613
1374,0,13,1436.29,13,1581,2,2,9,153.785,0.488687,0.0105367,0.45842,0.0423563,0.0212735,0.149458,0.79904,0.0302277
1375,0,13,1436.29,13,1581,0,2,0,153.708,0.478434,0.0103077,0.469811,0.0414473,0.0206022,0.144799,0.805323,0.029276
1376,0,13,1436.29,13,1540.25,0,2,13,153.632,0.429494,0.0112669,0.513922,0.0453168,0.0240831,0.16933,0.772362,0.0342248
1377,0,13,1436.29,13,1540.25,3,2,0,153.555,0.469829,0.0104629,0.477613,0.0420947,0.0214328,0.150754,0.797353,0.0304605
1378,0,13,1436.29,13,1548.19,0,2,9,153.478,0.468922,0.0104348,0.476693,0.043951,0.0249943,0.175874,0.763607,0.0355248
1379,0,13,1436.29,13,1548.19,2,2,0,153.401,0.479258,0.0102244,0.46744,0.0430774,0.0241613,0.170078,0.771417,0.0343431
1380,0,13,1436.29,13,1576.01,2,2,9,153.325,0.522647,0.0111415,0.419257,0.0469547,0.0279632,0.196918,0.735369,0.03975
1381,0,13,1436.29,13,1576.01,2,2,0,153.248,0.509171,0.0108459,0.434261,0.045722,0.0270036,0.190235,0.744373,0.0383887
1382,0,13,1436.29,13,1518.82,0,2,13,153.171,0.548878,0.0116827,0.390175,0.0492638,0.0310183,0.218603,0.70628,0.0440991
1383,0,13,1436.29,13,1628.04,2,2,9,153.095,0.584448,0.0107546,0.359434,0.0453635,0.0277222,0.19545,0.737412,0.0394158
1384,0,13,1436.29,13,1628.04,0,2,0,153.018,0.566419,0.0104145,0.379225,0.0439416,0.0267716,0.188821,0.74634,0.0380668
1385,0,13,1436.29,13,1628.04,2,1,0,152.942,0.516583,0.011604,0.422839,0.0489742,0.0307704,0.21711,0.708364,0.0437558
1386,0,13,1436.29,13,1623.8,0,2,13,152.865,0.55466,0.0124498,0.380331,0.0525594,0.0312122,0.205415,0.718986,0.0443872
1387,0,13,1436.29,13,1623.8,2,1,0,152.789,0.590417,0.0114432,0.349816,0.0483234,0.0278436,0.183315,0.749242,0.0395996
1388,0,13,1436.29,13,1623.8,0,2,0,152.712,0.620252,0.0120119,0.316997,0.0507398,0.0280821,0.175819,0.756157,0.0399415
1389,0,13,1436.29,13,1529.14,2,2,13,152.636,0.572172,0.0135248,0.357156,0.0571469,0.0323269,0.20247,0.719221,0.0459822
1390,0,13,1436.29,13,1529.14,0,1,0,152.56,0.531495,0.0125539,0.402891,0.0530597,0.0288195,0.180568,0.749616,0.040996
1391,0,13,1436.29,13,1529.14,2,0,0,152.483,0.48253,0.0138572,0.445028,0.0585852,0.0290516,0.173471,0.756148,0.0413292
1392,0,13,1436.29,13,1529.14,2,2,0,152.407,0.521602,0.0149686,0.400127,0.0633023,0.0330958,0.172711,0.753057,0.0411364
1393,0,13,1436.29,13,1520.78,2,2,13,152.331,0.5556,0.015933,0.361067,0.0674,0.0380607,0.198686,0.715944,0.0473096
1394,0,13,1436.29,13,1520.78,2,2,9,152.255,0.515697,0.0147782,0.406992,0.0625329,0.033928,0.177171,0.746727,0.0421745
1395,0,13,1436.29,13,1501.74,2,2,13,152.179,0.501112,0.01435,0.423799,0.0607387,0.0327189,0.170914,0.755694,0.0406733
1396,0,13,1436.29,13,1507.9,0,2,9,152.103,0.465066,0.0133083,0.46528,0.0563459,0.0290823,0.151967,0.782796,0.0361542
1397,0,13,1436.29,13,1507.9,2,1,0,152.026,0.476437,0.013017,0.455418,0.0551283,0.0280855,0.146807,0.790191,0.0349164
1398,0,13,1436.29,13,1507.9,0,1,0,151.95,0.516987,0.0141147,0.409103,0.0597946,0.0281793,0.143426,0.79336,0.0350346
1399,0,13,1436.29,13,1507.9,2,2,0,151.874,0.468695,0.0155165,0.450036,0.065752,0.0282602,0.140434,0.796169,0.0351367
1400,0,13,1436.29,13,1507.9,2,1,0,151.799,0.507391,0.0167861,0.40467,0.0711526,0.0328923,0.163505,0.762705,0.0408978
1401,0,13,1436.29,13,1507.9,0,2,0,151.723,0.541109,0.0178894,0.365151,0.0758511,0.0330737,0.158408,0.767394,0.0411251
1402,0,13,1436.29,13,1506.3,2,2,13,151.647,0.493811,0.0197228,0.402817,0.083649,0.0381619,0.182835,0.731549,0.047454
1403,0,13,1436.29,13,1492.15,2,2,13,151.571,0.457773,0.0182717,0.446439,0.0775168,0.0339379,0.162648,0.761211,0.0422033
1404,0,13,1436.29,13,1492.15,0,2,0,151.495,0.424712,0.0169412,0.486454,0.0718928,0.0301195,0.144394,0.78803,0.0374566
1405,0,13,1436.29,13,1493.96,2,2,9,151.419,0.382584,0.0181708,0.522112,0.0771331,0.0349625,0.167664,0.753892,0.0434813
1406,0,13,1436.29,13,1490.27,0,2,13,151.344,0.372676,0.0176894,0.534523,0.0751115,0.0336887,0.161606,0.762807,0.0418988
1407,0,13,1436.29,13,1490.27,2,2,0,151.268,0.418241,0.0163945,0.495731,0.0696332,0.0298927,0.143441,0.789487,0.0371794
1408,0,13,1436.29,13,1472.08,0,2,13,151.192,0.457466,0.0179204,0.448477,0.0761365,0.0347164,0.166641,0.755462,0.0431809
1409,0,13,1436.29,13,1463.19,2,2,13,151.117,0.496919,0.0166077,0.415893,0.0705799,0.030817,0.147969,0.782881,0.0383323
1410,0,13,1436.29,13,1463.19,0,0,0,151.041,0.460792,0.0153898,0.458395,0.065423,0.0273112,0.131178,0.807538,0.0339731
1411,0,13,1436.29,13,1495.95,0,2,9,150.966,0.414154,0.0167107,0.498077,0.0710587,0.031332,0.130597,0.804257,0.0338136
1412,0,13,1436.29,13,1472.31,2,2,13,150.89,0.430635,0.0162307,0.484097,0.0690373,0.0302687,0.126201,0.810864,0.0326666
1413,0,13,1436.29,13,1480.52,2,2,9,150.815,0.398271,0.015001,0.522902,0.0638255,0.0268009,0.111774,0.8325,0.0289245
1414,0,13,1436.29,13,1483.17,0,2,9,150.739,0.388706,0.0146312,0.534393,0.0622698,0.0259417,0.108222,0.837838,0.0279977
1415,0,13,1436.29,13,1483.17,0,1,0,150.664,0.407131,0.0141808,0.518317,0.0603707,0.0251209,0.104828,0.842939,0.0271122
1416,0,13,1436.29,13,1483.27,3,2,9,150.589,0.366904,0.015133,0.55352,0.0644432,0.0250885,0.10539,0.842444,0.0270776
1417,0,13,1436.29,13,1501.23,2,2,9,150.513,0.360007,0.0148391,0.543159,0.0819944,0.0243054,0.102129,0.847332,0.0262329
1418,0,13,1436.29,13,1502.46,3,2,9,150.438,0.351201,0.0144669,0.554367,0.0799651,0.023557,0.0990132,0.852004,0.0254255
1419,0,13,1436.29,13,1502.46,1,2,0,150.363,0.343814,0.0141536,0.542756,0.0992767,0.0228417,0.0960339,0.856471,0.0246538
1420,0,13,1436.29,13,1490.24,2,2,13,150.288,0.342911,0.0167188,0.541379,0.0989913,0.027123,0.114067,0.829535,0.0292752
1421,0,13,1436.29,13,1490.24,2,2,9,150.213,0.315184,0.0153577,0.578494,0.0909646,0.0239989,0.100958,0.84914,0.0259037
1422,0,13,1436.29,13,1490.24,2,0,0,150.138,0.307679,0.014983,0.588561,0.0887766,0.0232626,0.0978881,0.85374,0.0251093
1423,0,13,1436.29,13,1542.35,3,2,9,150.062,0.344201,0.0167514,0.539758,0.0992897,0.0270721,0.09747,0.850463,0.0249952
1424,0,13,1436.29,13,1542.35,2,2,0,149.987,0.336242,0.0163541,0.527326,0.120078,0.0262566,0.0945583,0.854943,0.0242419
1425,0,13,1436.29,13,1539.97,0,3,13,149.912,0.370883,0.0180281,0.478667,0.132421,0.0311797,0.112317,0.827717,0.0287868
1426,0,13,1436.29,13,1539.97,0,2,9,149.837,0.413826,0.0167877,0.446026,0.12336,0.030618,0.110321,0.813337,0.0457242
1427,0,13,1436.29,13,1539.97,2,2,0,149.763,0.427443,0.0163882,0.435697,0.120472,0.0296523,0.106869,0.819193,0.0442856
1428,0,13,1436.29,13,1539.97,2,3,0,149.688,0.462528,0.0177218,0.389423,0.130327,0.0348506,0.125637,0.787459,0.0520535
1429,0,13,1436.29,13,1539.97,2,0,0,149.613,0.493165,0.0188833,0.349026,0.138925,0.0346936,0.125103,0.7844,0.0558034
1430,0,13,1436.29,13,1521.36,0,2,13,149.538,0.519432,0.0198761,0.314405,0.146287,0.038706,0.124547,0.781201,0.0555464
1431,0,13,1436.29,13,1519.23,3,2,13,149.463,0.558036,0.0182706,0.289168,0.134525,0.0343891,0.110682,0.805574,0.049355
1432,0,13,1436.29,13,1509.72,3,1,13,149.388,0.533514,0.0174558,0.276425,0.172605,0.0305213,0.0982562,0.827415,0.0438071
1433,0,13,1436.29,13,1512.42,0,2,9,149.314,0.507001,0.016577,0.262654,0.213768,0.0292756,0.134533,0.794169,0.0420221
1434,0,13,1436.29,13,1568.03,2,2,9,149.239,0.518453,0.0161836,0.256562,0.208802,0.028431,0.130692,0.800064,0.0408128
1435,0,13,1436.29,13,1568.03,0,2,0,149.165,0.502759,0.0156828,0.279114,0.202444,0.0276206,0.127006,0.805721,0.0396524
1436,0,13,1436.29,13,1522,0,2,13,149.09,0.45415,0.0172068,0.306413,0.222231,0.0324587,0.149298,0.771643,0.0466012
1437,0,13,1436.29,13,1556.48,2,2,9,149.015,0.492883,0.0159773,0.284683,0.206457,0.0289465,0.133183,0.796308,0.0415617
1438,0,13,1436.29,13,1556.48,0,1,0,148.941,0.478521,0.0155011,0.305571,0.200406,0.0281136,0.129391,0.802126,0.0403688
1439,0,13,1436.29,13,1552.87,2,2,13,148.866,0.430389,0.0169226,0.333792,0.218896,0.0281783,0.126848,0.80451,0.0404646
1440,0,13,1436.29,13,1552.87,3,2,0,148.792,0.403584,0.0158584,0.375322,0.205236,0.0250866,0.112964,0.825922,0.0360275
1441,0,13,1436.29,13,1552.87,2,2,0,148.718,0.41342,0.0162344,0.384464,0.185882,0.0296707,0.133646,0.794069,0.0426139
1442,0,13,1436.29,13,1552.87,2,1,0,148.643,0.441908,0.0173419,0.34209,0.19866,0.0347389,0.156522,0.758842,0.0498967
1443,0,13,1436.29,13,1552.87,2,1,0,148.569,0.466207,0.0182836,0.305961,0.209549,0.0349448,0.151048,0.763811,0.0501961
1444,0,13,1436.29,13,1542.13,0,2,13,148.495,0.486808,0.0190791,0.275338,0.218774,0.0351226,0.146252,0.76817,0.0504551
1445,0,13,1436.29,13,1542.13,0,2,0,148.42,0.525909,0.0176168,0.25437,0.202104,0.0312882,0.130322,0.793439,0.0449501
1446,0,13,1436.29,13,1542.13,0,0,0,148.346,0.477508,0.0194057,0.28035,0.222736,0.0366014,0.152496,0.758315,0.052587
1447,0,13,1436.29,13,1542.13,0,2,0,148.272,0.430458,0.0211427,0.305608,0.242792,0.0404461,0.151851,0.755349,0.0523534
1448,0,13,1436.29,13,1542.13,2,2,0,148.198,0.385513,0.0227999,0.329737,0.26195,0.0468001,0.175753,0.716865,0.0605812
1449,0,13,1436.29,13,1608.92,1,2,9,148.124,0.406128,0.0240055,0.29393,0.275936,0.0535805,0.20127,0.675788,0.0693618
1450,0,13,1436.29,13,1608.92,2,2,0,148.05,0.402231,0.0334099,0.291091,0.273268,0.0517808,0.194561,0.686623,0.0670354
1451,0,13,1436.29,13,1608.92,3,2,9,147.976,0.419294,0.0348098,0.261058,0.284838,0.0588161,0.221054,0.643983,0.0761473
1452,0,13,1436.29,13,1608.92,0,1,0,147.902,0.407551,0.0338181,0.253722,0.304909,0.0568241,0.213624,0.65598,0.0735721
1453,0,13,1436.29,13,1686.28,1,2,9,147.828,0.36429,0.036273,0.272251,0.327187,0.0577171,0.200934,0.666616,0.0747322
1454,0,13,1436.29,13,1611.34,2,0,13,147.754,0.359874,0.0479776,0.268935,0.323214,0.055735,0.194082,0.678013,0.0721695
1455,0,13,1436.29,13,1611.34,3,2,0,147.68,0.339901,0.0452966,0.309533,0.305269,0.0814436,0.188767,0.65961,0.0701792
1456,0,13,1436.29,13,1581.73,2,2,13,147.606,0.356801,0.0475296,0.324918,0.270751,0.0919362,0.213122,0.615723,0.0792182
1457,0,13,1436.29,13,1581.73,3,2,0,147.532,0.335567,0.0446829,0.365127,0.254624,0.0829694,0.192368,0.653173,0.0714897
1458,0,13,1436.29,13,1564.94,0,3,13,147.459,0.347515,0.0462553,0.378134,0.228096,0.0935122,0.216849,0.609068,0.0805714
1459,0,13,1436.29,13,1564.94,3,1,0,147.385,0.38831,0.0433479,0.354515,0.213827,0.0902918,0.209416,0.588313,0.111979
1460,0,13,1436.29,13,1564.94,0,2,0,147.311,0.398201,0.0444325,0.363538,0.193829,0.0917976,0.196002,0.598349,0.113851
1461,0,13,1436.29,13,1564.94,2,2,0,147.237,0.355302,0.0475832,0.389481,0.207634,0.102163,0.218168,0.552956,0.126713
1462,0,13,1436.29,13,1564.94,0,1,0,147.164,0.379827,0.0508472,0.347383,0.221943,0.112525,0.24033,0.507575,0.13957
1463,0,13,1436.29,13,1565.93,3,2,9,147.09,0.338597,0.0542102,0.370501,0.236691,0.115243,0.221818,0.519992,0.142947
1464,0,13,1436.29,13,1551.28,0,1,13,147.017,0.329669,0.0527614,0.360738,0.256832,0.111496,0.214635,0.535562,0.138306
1465,0,13,1436.29,13,1551.28,0,2,0,146.943,0.370576,0.0495253,0.338743,0.241156,0.104803,0.261616,0.503571,0.13001
1466,0,13,1436.29,13,1551.28,0,3,0,146.87,0.329789,0.0527173,0.360714,0.25678,0.114276,0.285315,0.458641,0.141767
1467,0,13,1436.29,13,1551.28,2,2,0,146.796,0.293626,0.0555436,0.380199,0.270632,0.115195,0.287662,0.462458,0.134685
1468,0,13,1436.29,13,1551.28,3,1,0,146.723,0.313006,0.0591901,0.339313,0.28849,0.124504,0.310965,0.418958,0.145573
1469,0,13,1436.29,13,1555.96,3,1,9,146.65,0.32679,0.061776,0.354261,0.257173,0.129882,0.281094,0.437159,0.151865
1470,0,13,1436.29,13,1555.96,2,0,0,146.576,0.318254,0.0601423,0.345013,0.276591,0.12566,0.304355,0.423052,0.146933
1471,0,13,1436.29,13,1544.74,2,1,13,146.503,0.33685,0.0636354,0.30677,0.292745,0.120046,0.306307,0.425794,0.147854
1472,0,13,1436.29,13,1544.74,0,2,0,146.43,0.317021,0.0598694,0.347605,0.275504,0.112064,0.352324,0.397583,0.138029
1473,0,13,1436.29,13,1544.74,3,1,0,146.356,0.282349,0.0628897,0.36527,0.289491,0.119614,0.37615,0.3569,0.147335
1474,0,13,1436.29,13,1544.74,2,1,0,146.283,0.294317,0.0655357,0.380772,0.259375,0.127111,0.336964,0.37935,0.156575
1475,0,13,1436.29,13,1544.74,0,3,0,146.21,0.313447,0.0697744,0.340552,0.276227,0.133681,0.302599,0.399045,0.164675
1476,0,13,1436.29,13,1544.74,0,0,0,146.137,0.279504,0.0732044,0.357406,0.289886,0.135407,0.306557,0.404286,0.153751
1477,0,13,1436.29,13,1535.44,2,2,13,146.064,0.250947,0.0760854,0.37159,0.301377,0.128441,0.309026,0.407565,0.154968
1478,0,13,1436.29,13,1533.32,3,0,13,145.991,0.233984,0.0709254,0.414075,0.281016,0.118903,0.286127,0.451505,0.143465
1479,0,13,1436.29,13,1503.66,2,2,13,145.918,0.219313,0.0664625,0.388157,0.326068,0.155272,0.27431,0.432898,0.13752
1480,0,13,1436.29,13,1503.66,3,1,0,145.845,0.204175,0.06186,0.430381,0.303584,0.143327,0.253236,0.476498,0.126938
1481,0,13,1436.29,13,1503.66,2,0,0,145.772,0.212797,0.0644569,0.448623,0.274124,0.14733,0.232267,0.489923,0.13048
1482,0,13,1436.29,13,1503.66,3,3,0,145.699,0.229622,0.0695365,0.40503,0.295812,0.140272,0.234174,0.494018,0.131536
1483,0,13,1436.29,13,1503.66,2,0,0,145.626,0.239065,0.072379,0.421735,0.266821,0.141069,0.235528,0.496948,0.126456
1484,0,13,1436.29,13,1503.66,3,1,0,145.554,0.256416,0.0776135,0.379779,0.286192,0.134926,0.237196,0.500542,0.127336
1485,0,13,1436.29,13,1503.66,2,2,0,145.481,0.266591,0.0806741,0.39488,0.257855,0.138104,0.219097,0.512466,0.130333
1486,0,13,1436.29,13,1497.04,2,2,13,145.408,0.284284,0.0860078,0.354741,0.274967,0.150639,0.239006,0.468193,0.142162
1487,0,13,1436.29,13,1497.04,2,2,0,145.335,0.265494,0.0803037,0.397412,0.256791,0.138164,0.219233,0.512216,0.130387
1488,0,13,1436.29,13,1497.04,3,0,0,145.263,0.283263,0.0856578,0.357104,0.273976,0.150701,0.239148,0.467934,0.142217
1489,0,13,1436.29,13,1497.04,3,2,0,145.19,0.293918,0.0888586,0.370553,0.24667,0.143078,0.241281,0.47217,0.14347
1490,0,13,1436.29,13,1497.04,2,2,0,145.117,0.30288,0.0915463,0.381871,0.223702,0.154731,0.260959,0.429155,0.155155
1491,0,13,1436.29,13,1497.04,3,1,0,145.045,0.321949,0.0972866,0.342992,0.237772,0.16588,0.279792,0.387994,0.166335
1492,0,13,1436.29,13,1497.04,0,1,0,144.972,0.331463,0.100137,0.353132,0.215267,0.171919,0.253504,0.402187,0.17239
1493,0,13,1436.29,13,1497.04,3,2,0,144.9,0.297265,0.105241,0.371222,0.226272,0.177022,0.231275,0.414196,0.177508
1494,0,13,1436.29,13,1497.04,1,2,0,144.827,0.304804,0.107887,0.380655,0.206654,0.189072,0.247032,0.374304,0.189592
1495,0,13,1436.29,13,1466.59,2,2,13,144.755,0.306078,0.104159,0.382262,0.207501,0.200406,0.261854,0.336783,0.200957
1496,0,13,1436.29,13,1466.59,1,2,0,144.683,0.283969,0.0966142,0.42692,0.192497,0.187206,0.24462,0.380453,0.187721
1497,0,13,1436.29,13,1502.68,0,2,9,144.61,0.284524,0.0948282,0.42779,0.192859,0.198664,0.259605,0.342522,0.199209
1498,0,13,1436.29,13,1502.68,2,0,0,144.538,0.308423,0.0916407,0.413534,0.186402,0.193033,0.252261,0.361142,0.193564
1499,0,13,1436.29,13,1502.68,2,2,0,144.466,0.329635,0.0979195,0.373244,0.199202,0.177875,0.256995,0.367945,0.197186
1500,0,13,1436.29,13,1502.68,2,3,0,144.393,0.349575,0.103818,0.335377,0.211231,0.188282,0.272051,0.330939,0.208727
1501,0,13,1436.29,13,1502.68,2,1,0,144.321,0.367736,0.109185,0.300896,0.222183,0.19259,0.278296,0.338549,0.190565
1502,0,13,1436.29,13,1502.68,1,2,0,144.249,0.383146,0.113732,0.271653,0.231469,0.199855,0.251032,0.35136,0.197753
1503,0,13,1436.29,13,1476.81,3,2,13,144.177,0.384967,0.109561,0.272926,0.232546,0.210786,0.264774,0.315871,0.208569
1504,0,13,1436.29,13,1474.86,0,2,13,144.105,0.362323,0.103091,0.256854,0.277733,0.197386,0.247953,0.359353,0.195309
1505,0,13,1436.29,13,1474.86,1,2,0,144.033,0.40678,0.095888,0.238952,0.25838,0.183517,0.230541,0.404356,0.181585
1506,0,13,1436.29,13,1474.86,0,3,0,143.961,0.407687,0.0939211,0.239459,0.258932,0.195491,0.245595,0.365481,0.193433
1507,0,13,1436.29,13,1474.86,0,0,0,143.889,0.368039,0.100192,0.255494,0.276276,0.199058,0.250088,0.372197,0.178656
1508,0,13,1436.29,13,1474.86,0,0,0,143.817,0.330822,0.106074,0.270546,0.292557,0.183789,0.254851,0.379315,0.182046
1509,0,13,1436.29,13,1460.69,0,2,13,143.745,0.296279,0.111532,0.284519,0.307671,0.17083,0.258891,0.385359,0.18492
1510,0,13,1436.29,13,1460.69,0,3,0,143.673,0.338978,0.104747,0.267261,0.289013,0.158042,0.23953,0.431349,0.171079
1511,0,13,1436.29,13,1460.69,3,3,0,143.601,0.303803,0.110303,0.28149,0.304404,0.159941,0.242429,0.436621,0.161009
1512,0,13,1436.29,13,1460.69,3,3,0,143.529,0.317984,0.115428,0.294625,0.271963,0.16157,0.244919,0.441156,0.152355
1513,0,13,1436.29,13,1461.22,3,2,9,143.458,0.329926,0.119739,0.305684,0.244651,0.162972,0.247064,0.445073,0.144891
1514,0,13,1436.29,13,1461.22,2,0,0,143.386,0.320368,0.116246,0.296824,0.266562,0.157243,0.2384,0.464561,0.139795
1515,0,13,1436.29,13,1454.65,3,2,13,143.314,0.334263,0.121264,0.26636,0.278114,0.149631,0.24054,0.468794,0.141035
1516,0,13,1436.29,13,1454.65,3,0,0,143.243,0.313668,0.113769,0.249937,0.322626,0.13658,0.219582,0.515105,0.128733
1517,0,13,1436.29,13,1454.65,0,2,0,143.171,0.329296,0.119413,0.262378,0.288913,0.13216,0.220687,0.517786,0.129367
1518,0,13,1436.29,13,1454.65,0,2,9,143.099,0.295302,0.125448,0.275682,0.303568,0.143821,0.240185,0.475212,0.140782
1519,0,13,1436.29,13,1452.78,0,2,13,143.028,0.314547,0.122006,0.268158,0.295289,0.138556,0.231415,0.494402,0.135627
1520,0,13,1436.29,13,1452.78,3,2,0,142.956,0.358085,0.11424,0.251131,0.276544,0.125984,0.21044,0.540256,0.12332
1521,0,13,1436.29,13,1452.78,0,1,0,142.885,0.371089,0.118362,0.260232,0.250317,0.137756,0.230128,0.497273,0.134843
1522,0,13,1436.29,13,1452.78,2,1,0,142.813,0.334348,0.125261,0.275444,0.264947,0.14058,0.214215,0.507597,0.137607
1523,0,13,1436.29,13,1452.78,3,2,9,142.742,0.346721,0.129871,0.248668,0.274739,0.142995,0.200585,0.516449,0.13997
1524,0,13,1436.29,13,1451.94,3,0,13,142.671,0.336062,0.125854,0.241007,0.297077,0.137447,0.192816,0.535197,0.134539
1525,0,13,1436.29,13,1447.86,0,1,13,142.599,0.314578,0.117785,0.225585,0.342051,0.179631,0.183365,0.509068,0.127936
1526,0,13,1436.29,13,1447.86,0,3,0,142.528,0.359555,0.11004,0.210778,0.319626,0.169404,0.229765,0.480187,0.120644
1527,0,13,1436.29,13,1447.86,2,2,0,142.457,0.323154,0.116277,0.222754,0.337815,0.170045,0.230647,0.482102,0.117205
1528,0,13,1436.29,13,1447.86,2,0,0,142.386,0.331391,0.119216,0.202965,0.346428,0.183954,0.249529,0.439735,0.126783
1529,0,13,1436.29,13,1447.18,0,0,13,142.314,0.338332,0.121688,0.186293,0.353687,0.172194,0.253114,0.446104,0.128587
1530,0,13,1436.29,13,1447.18,3,0,0,142.243,0.383908,0.113291,0.173452,0.329349,0.215947,0.239727,0.422556,0.12177
1531,0,13,1436.29,13,1447.18,3,0,0,142.172,0.402109,0.118633,0.181646,0.297613,0.19943,0.244767,0.43149,0.124313
1532,0,13,1436.29,13,1447.18,2,1,0,142.101,0.417604,0.123174,0.188616,0.270606,0.185385,0.249051,0.439092,0.126472
1533,0,13,1436.29,13,1447.18,3,1,9,142.03,0.424047,0.125044,0.176152,0.274757,0.190344,0.228895,0.450916,0.129845
1534,0,13,1436.29,13,1446.14,3,3,13,141.959,0.409116,0.120612,0.16992,0.300352,0.183773,0.255449,0.435425,0.125353
1535,0,13,1436.29,13,1446.14,0,1,0,141.888,0.380819,0.112242,0.15814,0.348799,0.175742,0.244303,0.416469,0.163485
1536,0,13,1436.29,13,1446.14,2,1,0,141.817,0.343196,0.119045,0.167736,0.370023,0.18049,0.223814,0.427795,0.1679
1537,0,13,1436.29,13,1446.14,3,2,0,141.746,0.347818,0.120622,0.156549,0.375011,0.184514,0.206438,0.437407,0.17164
1538,0,13,1436.29,13,1446.14,1,2,0,141.675,0.36843,0.127744,0.1658,0.338027,0.197866,0.221382,0.396694,0.184058
1539,0,13,1436.29,13,1446.14,3,3,0,141.604,0.370942,0.121828,0.166904,0.340326,0.210517,0.235541,0.358119,0.195823
1540,0,13,1436.29,13,1663.18,1,2,9,141.534,0.389588,0.127923,0.175266,0.307222,0.214535,0.240043,0.364995,0.180427
1541,0,13,1436.29,13,1663.18,1,2,0,141.463,0.379096,0.151452,0.170518,0.298934,0.207894,0.232618,0.384652,0.174836
1542,0,13,1436.29,13,1663.18,2,2,0,141.392,0.382949,0.142869,0.172224,0.301958,0.220644,0.246889,0.346916,0.185552
1543,0,13,1436.29,13,1663.18,0,2,0,141.321,0.388123,0.144771,0.161082,0.306023,0.232543,0.260209,0.311696,0.195552
1544,0,13,1436.29,13,1582.42,2,0,13,141.251,0.350875,0.153572,0.170878,0.324675,0.243537,0.272517,0.279156,0.20479
1545,0,13,1436.29,13,1662.57,3,0,9,141.18,0.333304,0.145857,0.212428,0.308411,0.285161,0.257526,0.2638,0.193513
1546,0,13,1436.29,13,1662.57,2,1,0,141.109,0.323271,0.141443,0.206015,0.329271,0.303912,0.250774,0.256885,0.188429
1547,0,13,1436.29,13,1662.57,0,2,0,141.039,0.330402,0.144539,0.188523,0.336536,0.314048,0.225814,0.265444,0.194695
1548,0,13,1436.29,13,1662.57,3,0,0,140.968,0.296951,0.151745,0.197932,0.353372,0.325347,0.233923,0.239049,0.201681
1549,0,13,1436.29,13,1662.57,0,1,0,140.898,0.313074,0.159962,0.208661,0.318302,0.291909,0.245519,0.2509,0.211672
1550,0,13,1436.29,13,1662.57,3,3,0,140.827,0.281227,0.167365,0.218329,0.333079,0.301357,0.221121,0.259013,0.218509
1551,0,13,1436.29,13,1662.57,3,2,0,140.757,0.2953,0.175722,0.229243,0.299736,0.309105,0.226792,0.265664,0.198438
1552,0,13,1436.29,13,1662.57,0,0,0,140.687,0.308281,0.183428,0.239309,0.268982,0.320132,0.234869,0.2395,0.205499
1553,0,13,1436.29,13,1672.75,3,1,9,140.616,0.277054,0.191699,0.250114,0.281134,0.287619,0.246103,0.250956,0.215323
1554,0,13,1436.29,13,1672.75,3,3,0,140.546,0.269321,0.186335,0.243128,0.301217,0.279596,0.267149,0.24395,0.209305
1555,0,13,1436.29,13,1672.75,1,1,0,140.476,0.281141,0.194499,0.253794,0.270566,0.286484,0.273727,0.249952,0.189837
1556,0,13,1436.29,13,1672.75,2,2,0,140.406,0.287024,0.177653,0.259099,0.276225,0.29758,0.24562,0.259626,0.197174
1557,0,13,1436.29,13,1672.75,1,3,0,140.335,0.29694,0.183772,0.233522,0.285765,0.307842,0.25408,0.234122,0.203956
1558,0,13,1436.29,13,1672.75,1,3,0,140.265,0.302242,0.169212,0.237681,0.290866,0.314523,0.259585,0.23919,0.186702
1559,0,13,1436.29,13,1672.75,1,1,0,140.195,0.306726,0.1569,0.241195,0.295179,0.320161,0.264227,0.243464,0.172148
1560,0,13,1436.29,13,1672.75,0,0,0,140.125,0.310534,0.146447,0.244178,0.298841,0.330975,0.239411,0.251674,0.177941
1561,0,13,1436.29,13,1672.75,2,1,0,140.055,0.27973,0.152975,0.255089,0.312207,0.298438,0.251057,0.263919,0.186586
1562,0,13,1436.29,13,1672.75,3,0,0,139.985,0.288531,0.157768,0.231664,0.322037,0.307923,0.227277,0.272301,0.192498
1563,0,13,1436.29,13,1668,3,2,13,139.915,0.301871,0.165043,0.242364,0.290721,0.277304,0.237332,0.284357,0.201007
1564,0,13,1436.29,13,1668,1,3,0,139.845,0.282306,0.154327,0.226646,0.336721,0.260044,0.222553,0.32892,0.188484
1565,0,13,1436.29,13,1668,3,2,0,139.775,0.285323,0.145287,0.229058,0.340332,0.264526,0.226382,0.334605,0.174487
1566,0,13,1436.29,13,1668,0,2,0,139.705,0.299431,0.15245,0.240373,0.307747,0.277453,0.237437,0.302112,0.182998
1567,0,13,1436.29,13,1668,2,3,0,139.635,0.270277,0.158779,0.250375,0.320568,0.289406,0.247659,0.272068,0.190866
1568,0,13,1436.29,13,1668,2,3,0,139.565,0.278237,0.163438,0.228303,0.330021,0.294956,0.2524,0.277282,0.175362
1569,0,13,1436.29,13,1668,3,2,0,139.496,0.284971,0.167376,0.209633,0.33802,0.299645,0.256404,0.281686,0.162265
1570,0,13,1436.29,13,1668,1,2,0,139.426,0.2987,0.175421,0.219718,0.306162,0.311035,0.266143,0.25441,0.168412
1571,0,13,1436.29,13,1668,0,1,0,139.356,0.303163,0.163111,0.222988,0.310738,0.320651,0.274362,0.231389,0.173598
1572,0,13,1436.29,13,1668,0,0,0,139.286,0.274287,0.169857,0.232224,0.323631,0.331745,0.249296,0.239378,0.179581
1573,0,13,1436.29,13,1668,3,2,0,139.217,0.249805,0.175574,0.240055,0.334566,0.300348,0.261014,0.250628,0.18801
1574,0,13,1436.29,13,1668,2,0,0,139.147,0.261481,0.183768,0.251274,0.303477,0.309432,0.2689,0.227989,0.193678
1575,0,13,1436.29,13,1668,1,2,0,139.078,0.269225,0.189197,0.229103,0.312475,0.279835,0.280433,0.237759,0.201972
1576,0,13,1436.29,13,1668,2,3,0,139.008,0.273698,0.175725,0.232901,0.317676,0.287776,0.288392,0.216143,0.20769
1577,0,13,1436.29,13,1656.55,3,1,13,138.939,0.280474,0.180059,0.213919,0.325549,0.293978,0.294606,0.220788,0.190628
1578,0,13,1436.29,13,1656.55,0,0,0,138.869,0.260067,0.166943,0.198344,0.374646,0.274427,0.341544,0.206093,0.177936
1579,0,13,1436.29,13,1656.55,2,0,0,138.8,0.239764,0.171509,0.203775,0.384953,0.250758,0.352708,0.212807,0.183727
1580,0,13,1436.29,13,1656.55,2,3,0,138.73,0.243634,0.174266,0.190896,0.391204,0.230642,0.362199,0.218512,0.188647
1581,0,13,1436.29,13,1656.55,0,0,0,138.661,0.246956,0.17663,0.179839,0.396575,0.23399,0.36749,0.221682,0.176838
1582,0,13,1436.29,13,1656.55,1,2,0,138.592,0.229257,0.180766,0.18405,0.405927,0.216687,0.375815,0.22668,0.180818
1583,0,13,1436.29,13,1656.55,2,1,0,138.522,0.231851,0.171458,0.186125,0.410567,0.221165,0.383624,0.210663,0.184548
1584,0,13,1436.29,13,1656.55,2,1,0,138.453,0.234629,0.173501,0.176337,0.415533,0.233182,0.350142,0.222107,0.194568
1585,0,13,1436.29,13,1656.55,0,3,0,138.384,0.237029,0.175266,0.167874,0.419831,0.244472,0.318689,0.232858,0.203981
1586,0,13,1436.29,13,1656.55,3,3,0,138.315,0.221497,0.178817,0.171274,0.428412,0.24903,0.324648,0.237197,0.189125
1587,0,13,1436.29,13,1656.16,0,2,13,138.245,0.235093,0.189784,0.181777,0.393346,0.252912,0.329726,0.240892,0.17647
1588,0,13,1436.29,13,1642.59,2,2,13,138.176,0.286317,0.177062,0.16959,0.367031,0.236725,0.308639,0.289473,0.165164
1589,0,13,1436.29,13,1642.59,3,1,0,138.107,0.270738,0.167411,0.214772,0.347078,0.220613,0.287648,0.337828,0.153912
1590,0,13,1436.29,13,1642.59,1,1,0,138.038,0.283805,0.175474,0.225128,0.315593,0.228379,0.262554,0.349749,0.159318
1591,0,13,1436.29,13,1588.94,2,1,13,137.969,0.287727,0.164082,0.228229,0.319962,0.234985,0.241204,0.359897,0.163915
1592,0,13,1436.29,13,1588.94,3,1,9,137.9,0.270084,0.154004,0.275563,0.300349,0.219566,0.290974,0.336311,0.153148
1593,0,13,1436.29,13,1588.94,2,1,0,137.831,0.261139,0.148887,0.266438,0.323536,0.21171,0.316328,0.324305,0.147658
1594,0,13,1436.29,13,1588.94,0,0,0,137.762,0.269402,0.15358,0.24323,0.333787,0.220804,0.286943,0.338264,0.153989
1595,0,13,1436.29,13,1588.94,1,1,0,137.693,0.246392,0.158401,0.250888,0.344319,0.204156,0.293077,0.345506,0.157261
1596,0,13,1436.29,13,1588.94,0,1,0,137.625,0.248837,0.150026,0.253379,0.347758,0.211467,0.267729,0.357918,0.162885
1597,0,13,1436.29,13,1588.94,2,3,0,137.556,0.229144,0.153942,0.260019,0.356895,0.217695,0.246134,0.368498,0.167673
1598,0,13,1436.29,13,1588.94,3,2,0,137.487,0.235525,0.158217,0.239392,0.366866,0.219956,0.248696,0.372363,0.158986
1599,0,13,1436.29,13,1588.94,2,0,0,137.418,0.24753,0.166268,0.251596,0.334606,0.231374,0.261612,0.339786,0.167228
1600,0,13,1436.29,13,1586.11,2,1,13,137.35,0.254221,0.170749,0.23136,0.343671,0.213894,0.267561,0.34753,0.171015
1601,0,13,1436.29,13,1586.11,0,3,0,137.281,0.237969,0.15982,0.280491,0.32172,0.199108,0.318167,0.323538,0.159186
1602,0,13,1436.29,13,1586.11,3,1,0,137.212,0.218778,0.163829,0.287558,0.329835,0.20122,0.321571,0.327002,0.150207
1603,0,13,1436.29,13,1586.11,3,0,0,137.144,0.228562,0.171146,0.300435,0.299857,0.209902,0.292276,0.341144,0.156679
1604,0,13,1436.29,13,1586.11,2,2,0,137.075,0.237631,0.177926,0.312373,0.272069,0.195202,0.297717,0.347506,0.159576
1605,0,13,1436.29,13,1586.11,2,1,9,137.007,0.247488,0.185296,0.283854,0.283362,0.204447,0.311844,0.316582,0.167127
1606,0,13,1436.29,13,1586.11,0,1,0,136.938,0.239251,0.179119,0.307691,0.273939,0.197093,0.336577,0.305221,0.161109
1607,0,13,1436.29,13,1586.11,0,1,0,136.87,0.219653,0.183719,0.315629,0.280999,0.206072,0.306333,0.319154,0.168441
1608,0,13,1436.29,13,1586.11,2,0,0,136.801,0.203017,0.187622,0.322368,0.286993,0.214222,0.278875,0.331806,0.175097
1609,0,13,1436.29,13,1586.11,3,1,0,136.733,0.211691,0.195636,0.293397,0.299276,0.198953,0.284296,0.338267,0.178483
1610,0,13,1436.29,13,1581.53,0,2,13,136.664,0.219927,0.203244,0.304831,0.271999,0.205527,0.260615,0.349481,0.184377
1611,0,13,1436.29,13,1581.53,3,0,0,136.596,0.26736,0.190875,0.286303,0.255461,0.189098,0.239795,0.401472,0.169635
1612,0,13,1436.29,13,1581.53,3,1,0,136.528,0.275449,0.196637,0.294969,0.232946,0.179154,0.242727,0.406422,0.171697
1613,0,13,1436.29,13,1581.53,2,1,0,136.459,0.282296,0.201511,0.302306,0.213887,0.182958,0.226582,0.415119,0.175341
1614,0,13,1436.29,13,1573.14,0,2,13,136.391,0.293388,0.209415,0.274919,0.222279,0.186224,0.212707,0.422599,0.17847
1615,0,13,1436.29,13,1573.14,1,1,0,136.323,0.342544,0.194841,0.255801,0.206813,0.168859,0.192878,0.476436,0.161827
1616,0,13,1436.29,13,1573.14,1,2,0,136.255,0.347793,0.182541,0.259706,0.209961,0.170617,0.184379,0.481495,0.16351
1617,0,13,1436.29,13,1573.14,2,2,0,136.187,0.352298,0.171988,0.263054,0.212659,0.182534,0.19726,0.445276,0.174929
1618,0,13,1436.29,13,1561.78,2,2,13,136.119,0.362033,0.176715,0.242739,0.218513,0.194035,0.209693,0.410323,0.18595
1619,0,13,1436.29,13,1561.78,2,3,0,136.051,0.337459,0.164697,0.294184,0.20366,0.176291,0.190519,0.464247,0.168943
1620,0,13,1436.29,13,1561.78,3,2,0,135.983,0.349384,0.170492,0.269289,0.210836,0.177552,0.191885,0.467658,0.162906
1621,0,13,1436.29,13,1542.64,3,2,13,135.915,0.355607,0.173504,0.274071,0.196818,0.189469,0.204768,0.431925,0.173837
1622,0,13,1436.29,13,1542.64,2,0,0,135.847,0.334209,0.16304,0.257566,0.245184,0.17143,0.185275,0.486011,0.157284
1623,0,13,1436.29,13,1542.64,3,2,0,135.779,0.343512,0.167555,0.236939,0.251993,0.165538,0.186573,0.489509,0.15838
1624,0,13,1436.29,13,1542.64,2,2,0,135.711,0.352462,0.171896,0.243095,0.232547,0.177327,0.199865,0.45315,0.169658
1625,0,13,1436.29,13,1536.11,0,2,13,135.643,0.360817,0.175945,0.225198,0.23804,0.188731,0.212722,0.41798,0.180567
1626,0,13,1436.29,13,1536.11,3,1,9,135.575,0.413675,0.161389,0.206577,0.21836,0.171159,0.192921,0.472167,0.163753
1627,0,13,1436.29,13,1536.11,2,2,0,135.507,0.39746,0.155034,0.198452,0.249054,0.164358,0.224897,0.453499,0.157246
1628,0,13,1436.29,13,1536.11,0,3,0,135.44,0.403052,0.157185,0.187227,0.252535,0.175051,0.239543,0.417931,0.167474
1629,0,13,1436.29,13,1536.11,3,1,0,135.372,0.369542,0.166001,0.197734,0.266723,0.176494,0.241532,0.421449,0.160526
1630,0,13,1436.29,13,1536.11,2,0,0,135.304,0.379768,0.170567,0.20318,0.246485,0.180078,0.226056,0.430083,0.163783
1631,0,13,1436.29,13,1531.69,0,2,13,135.237,0.385545,0.173134,0.191109,0.250213,0.172083,0.228248,0.434309,0.165361
1632,0,13,1436.29,13,1531.69,3,3,0,135.169,0.439203,0.158009,0.174417,0.228371,0.155585,0.206378,0.48853,0.149507
1633,0,13,1436.29,13,1543.58,0,2,9,135.101,0.446888,0.160741,0.177437,0.214934,0.156213,0.207222,0.490613,0.145951
1634,0,13,1436.29,13,1543.58,2,2,0,135.034,0.473328,0.153053,0.168953,0.204666,0.148297,0.196732,0.516418,0.138553
1635,0,13,1436.29,13,1543.58,0,0,0,134.966,0.476721,0.154115,0.163065,0.206099,0.159666,0.211827,0.479333,0.149173
1636,0,13,1436.29,13,1543.58,0,1,9,134.899,0.440666,0.16473,0.174298,0.220307,0.154911,0.213009,0.482086,0.149995
1637,0,13,1436.29,13,1543.58,2,3,0,134.831,0.467258,0.156894,0.166009,0.20984,0.14844,0.245779,0.462053,0.143728
1638,0,13,1436.29,13,1546.96,0,0,9,134.764,0.470462,0.157936,0.160357,0.211245,0.149032,0.246784,0.464002,0.140182
1639,0,13,1436.29,13,1544.97,2,1,13,134.697,0.496735,0.150096,0.152398,0.200771,0.178768,0.238148,0.447822,0.135262
1640,0,13,1436.29,13,1544.97,0,0,0,134.629,0.468651,0.141576,0.200387,0.189386,0.166063,0.292224,0.416071,0.125642
1641,0,13,1436.29,13,1544.97,0,1,0,134.562,0.432336,0.151245,0.214088,0.202331,0.158706,0.294799,0.419767,0.126727
1642,0,13,1436.29,13,1544.97,3,3,0,134.495,0.397424,0.160539,0.227259,0.214778,0.163739,0.272358,0.433163,0.13074
1643,0,13,1436.29,13,1570.72,0,2,9,134.427,0.4041,0.163207,0.231051,0.201642,0.164274,0.273276,0.434664,0.127785
1644,0,13,1436.29,13,1570.72,0,1,0,134.36,0.430598,0.155943,0.220783,0.192676,0.156776,0.260829,0.460449,0.121946
1645,0,13,1436.29,13,1570.72,1,2,0,134.293,0.395876,0.165445,0.234253,0.204426,0.160404,0.243629,0.471206,0.124762
1646,0,13,1436.29,13,1570.72,0,1,9,134.226,0.399338,0.158198,0.236277,0.206186,0.171509,0.260518,0.434581,0.133392
1647,0,13,1436.29,13,1570.72,1,2,0,134.159,0.425931,0.151187,0.225824,0.197059,0.164254,0.291726,0.416276,0.127744
1648,0,13,1436.29,13,1570.72,1,2,0,134.092,0.428462,0.146203,0.227137,0.198199,0.174027,0.309117,0.381519,0.135337
1649,0,13,1436.29,13,1570.72,2,1,0,134.025,0.430686,0.14183,0.228287,0.199197,0.183286,0.325603,0.34858,0.142531
1650,0,13,1436.29,13,1570.72,1,2,0,133.958,0.438364,0.144327,0.214592,0.202717,0.190999,0.297185,0.363294,0.148521
1651,0,13,1436.29,13,1570.72,1,0,0,133.891,0.440394,0.140425,0.215556,0.203625,0.20047,0.31195,0.331702,0.155878
1652,0,13,1436.29,13,1563.05,0,3,13,133.824,0.442188,0.136986,0.216403,0.204423,0.186973,0.317223,0.337313,0.158491
1653,0,13,1436.29,13,1563.05,0,0,0,133.757,0.496696,0.123592,0.195262,0.18445,0.177116,0.30053,0.319567,0.202788
1654,0,13,1436.29,13,1563.05,2,2,0,133.69,0.459988,0.132598,0.209509,0.197906,0.166052,0.304575,0.323872,0.205501
1655,0,13,1436.29,13,1563.05,0,3,0,133.623,0.466255,0.134371,0.198806,0.200568,0.173211,0.317744,0.294674,0.21437
1656,0,13,1436.29,13,1563.05,0,3,0,133.556,0.430578,0.143344,0.212099,0.213979,0.176673,0.324134,0.300596,0.198597
1657,0,13,1436.29,13,1563.05,1,1,0,133.489,0.396285,0.151968,0.224877,0.226871,0.17962,0.329581,0.305643,0.185156
1658,0,13,1436.29,13,1563.05,3,3,0,133.423,0.398865,0.146497,0.226316,0.228322,0.187445,0.300339,0.318992,0.193223
1659,0,13,1436.29,13,1563.05,2,3,0,133.356,0.406291,0.149194,0.230503,0.214012,0.190399,0.305101,0.324053,0.180447
1660,0,13,1436.29,13,1563.05,2,3,0,133.289,0.413852,0.15194,0.216241,0.217967,0.192924,0.309176,0.328385,0.169515
1661,0,13,1436.29,13,1563.05,3,3,0,133.223,0.420371,0.154303,0.203955,0.221371,0.19509,0.312676,0.332107,0.160127
1662,0,13,1436.29,13,1561.22,0,1,13,133.156,0.427224,0.156787,0.20725,0.208739,0.196953,0.315693,0.335315,0.152038
1663,0,13,1436.29,13,1561.22,3,1,0,133.089,0.482659,0.141607,0.187195,0.18854,0.181787,0.368363,0.309527,0.140323
1664,0,13,1436.29,13,1558.4,2,2,13,133.023,0.487141,0.142887,0.188897,0.181075,0.190822,0.336942,0.324946,0.14729
1665,0,13,1436.29,13,1558.4,1,1,0,132.956,0.455458,0.133561,0.241717,0.169265,0.175932,0.310685,0.377594,0.135789
1666,0,13,1436.29,13,1576.03,0,1,9,132.89,0.456759,0.131149,0.242377,0.169715,0.182296,0.285697,0.391313,0.140694
1667,0,13,1436.29,13,1576.03,2,1,0,132.823,0.483621,0.124655,0.230404,0.16132,0.174576,0.315896,0.374799,0.134729
1668,0,13,1436.29,13,1576.03,3,1,0,132.757,0.491493,0.12665,0.217947,0.16391,0.181131,0.290159,0.38893,0.13978
1669,0,13,1436.29,13,1576.03,2,1,0,132.691,0.494405,0.127366,0.219203,0.159026,0.186751,0.268081,0.401058,0.14411
1670,0,13,1436.29,13,1576.03,0,2,9,132.624,0.501316,0.129111,0.208361,0.161212,0.19157,0.249139,0.411471,0.147821
1671,0,13,1436.29,13,1640.57,0,1,9,132.558,0.527744,0.122262,0.197327,0.152667,0.182626,0.23752,0.438942,0.140912
1672,0,13,1436.29,13,1546.43,0,2,13,132.492,0.553505,0.115587,0.18657,0.144338,0.174842,0.269951,0.420308,0.134899
1673,0,13,1436.29,13,1546.43,0,1,0,132.425,0.605483,0.102125,0.164858,0.127534,0.158296,0.244426,0.475151,0.122127
1674,0,13,1436.29,13,1546.43,0,2,0,132.359,0.568148,0.111784,0.180467,0.139602,0.161288,0.230048,0.484236,0.124428
1675,0,13,1436.29,13,1546.86,0,3,9,132.293,0.530776,0.121451,0.196092,0.151681,0.172621,0.246231,0.447984,0.133165
1676,0,13,1436.29,13,1546.86,2,2,0,132.227,0.556477,0.114792,0.185359,0.143372,0.16686,0.23803,0.433115,0.161995
1677,0,13,1436.29,13,1530.12,0,2,13,132.161,0.560661,0.115619,0.179309,0.14441,0.177069,0.252611,0.398415,0.171905
1678,0,13,1436.29,13,1529.52,0,2,13,132.095,0.612389,0.102001,0.158203,0.127407,0.160993,0.229693,0.453016,0.156298
1679,0,13,1436.29,13,1535.87,3,2,9,132.029,0.660765,0.089266,0.138464,0.111505,0.144901,0.206749,0.507676,0.140674
1680,0,13,1436.29,13,1535.87,2,0,0,131.963,0.638689,0.0862491,0.133796,0.141266,0.137336,0.195969,0.533366,0.133329
1681,0,13,1436.29,13,1535.87,3,1,0,131.897,0.638991,0.0862553,0.133464,0.14129,0.135484,0.196368,0.534558,0.13359
1682,0,13,1436.29,13,1535.87,1,2,0,131.831,0.639793,0.0863291,0.13359,0.140287,0.136801,0.188411,0.5399,0.134888
1683,0,13,1436.29,13,1535.87,2,3,0,131.765,0.63755,0.0896171,0.13308,0.139753,0.148,0.203848,0.502222,0.14593
1684,0,13,1436.29,13,1529.55,0,2,13,131.699,0.637827,0.0896209,0.13278,0.139771,0.148508,0.204562,0.50407,0.14286
1685,0,13,1436.29,13,1529.55,0,3,0,131.633,0.683818,0.0782355,0.115921,0.122026,0.132406,0.182393,0.557833,0.127368
1686,0,13,1436.29,13,1529.55,0,0,0,131.567,0.647599,0.087192,0.129202,0.136007,0.132467,0.182488,0.558249,0.126796
1687,0,13,1436.29,13,1529.55,0,2,9,131.502,0.610361,0.0963994,0.142857,0.150383,0.131432,0.182682,0.558966,0.126921
1688,0,13,1436.29,13,1518.47,0,2,13,131.436,0.632879,0.0908226,0.134603,0.141696,0.124145,0.172565,0.583407,0.119883
1689,0,13,1436.29,13,1516.46,0,2,13,131.37,0.679315,0.0793296,0.117579,0.123776,0.109247,0.151866,0.633391,0.105496
1690,0,13,1436.29,13,1512.33,3,3,13,131.304,0.721644,0.068854,0.102061,0.107441,0.0954252,0.132661,0.679765,0.0921483
1691,0,13,1436.29,13,1510.82,0,1,13,131.239,0.686744,0.0654933,0.0970869,0.150676,0.0912474,0.126862,0.65026,0.131631
1692,0,13,1436.29,13,1567.74,1,2,9,131.173,0.727701,0.0569242,0.0843907,0.130984,0.0863953,0.173041,0.615923,0.124641
1693,0,13,1436.29,13,1533.94,0,1,13,131.108,0.71159,0.0778839,0.0824867,0.12804,0.0816699,0.163599,0.636899,0.117832
1694,0,13,1436.29,13,1533.94,3,1,0,131.042,0.749758,0.0675734,0.0715678,0.111101,0.0766433,0.214824,0.597945,0.110588
1695,0,13,1436.29,13,1533.94,0,2,0,130.976,0.748498,0.0674274,0.0714139,0.112661,0.0776334,0.204423,0.605918,0.112025
1696,0,13,1436.29,13,1574.07,0,2,9,130.911,0.714237,0.0766089,0.0811392,0.128015,0.0854947,0.225167,0.56596,0.123378
1697,0,13,1436.29,13,1518.29,3,2,13,130.845,0.7306,0.0722188,0.0764904,0.120691,0.0811021,0.21364,0.588211,0.117047
1698,0,13,1436.29,13,1506.49,0,2,13,130.78,0.692993,0.0684697,0.0725204,0.166017,0.0716683,0.188826,0.636066,0.10344
1699,0,13,1436.29,13,1506.49,0,2,9,130.715,0.732338,0.0596891,0.063221,0.144752,0.0629075,0.165776,0.680515,0.090802
1700,0,13,1436.29,13,1506.49,0,3,0,130.649,0.747008,0.056412,0.0597507,0.136829,0.0594623,0.156727,0.697975,0.0858354
1701,0,13,1436.29,13,1506.49,3,2,0,130.584,0.71187,0.0642407,0.0680435,0.155846,0.059252,0.156203,0.69585,0.088695
1702,0,13,1436.29,13,1518.48,0,2,9,130.519,0.714499,0.064447,0.0682628,0.152791,0.0666097,0.175634,0.65804,0.0997168
1703,0,13,1436.29,13,1518.48,2,2,0,130.453,0.730198,0.0608975,0.0645039,0.144401,0.0629956,0.166136,0.676554,0.0943139
1704,0,13,1436.29,13,1508.25,0,2,13,130.388,0.72708,0.0606074,0.068575,0.143738,0.0704974,0.185957,0.637992,0.105554
1705,0,13,1436.29,13,1508.25,0,2,0,130.323,0.76299,0.0526277,0.0595477,0.124834,0.0618609,0.163207,0.682301,0.0926302
1706,0,13,1436.29,13,1508.25,0,2,9,130.258,0.728889,0.0601941,0.0681107,0.142807,0.0693236,0.182932,0.643932,0.103813
1707,0,13,1436.29,13,1508.25,2,1,0,130.193,0.743765,0.0568855,0.0643686,0.134981,0.0655808,0.173089,0.663114,0.0982162
1708,0,13,1436.29,13,1508.25,0,3,0,130.128,0.740584,0.0566131,0.0684452,0.134357,0.0659641,0.167939,0.667299,0.0987982
1709,0,13,1436.29,13,1508.03,0,2,13,130.063,0.704914,0.064391,0.0778517,0.152843,0.0658068,0.16757,0.666016,0.100608
1710,0,13,1436.29,13,1508.03,0,2,9,129.998,0.743101,0.0560528,0.0677729,0.133074,0.0575166,0.146487,0.708055,0.0879407
1711,0,13,1436.29,13,1508.03,0,2,0,129.933,0.757145,0.0529831,0.0640639,0.125808,0.0543362,0.138413,0.724166,0.083085
1712,0,13,1436.29,13,1572.22,2,2,9,129.868,0.722534,0.060528,0.0731895,0.143748,0.0615105,0.156718,0.687709,0.0940631
1713,0,13,1436.29,13,1572.22,0,1,0,129.803,0.704192,0.0589622,0.0967928,0.140053,0.0581212,0.14811,0.704881,0.0888877
1714,0,13,1436.29,13,1573.09,0,2,9,129.738,0.666146,0.0665381,0.10924,0.158076,0.0582553,0.145785,0.706859,0.0891003
1715,0,13,1436.29,13,1573.09,0,2,0,129.673,0.683823,0.0630078,0.103455,0.149715,0.0550237,0.137723,0.723088,0.0841648
1716,0,13,1436.29,13,1573.09,2,2,0,129.608,0.644902,0.0707558,0.116188,0.168154,0.0622689,0.155886,0.68659,0.0952552
1717,0,13,1436.29,13,1573.09,0,1,9,129.543,0.644989,0.0707341,0.116145,0.168132,0.069846,0.174887,0.648411,0.106855
1718,0,13,1436.29,13,1495.76,2,1,13,129.478,0.66365,0.0670083,0.110038,0.159303,0.0670015,0.208204,0.622282,0.102512
1719,0,13,1436.29,13,1485.04,0,2,13,129.414,0.63227,0.0638106,0.152192,0.151727,0.0623163,0.263305,0.579027,0.0953522
1720,0,13,1436.29,13,1485.04,2,1,0,129.349,0.676057,0.0562043,0.134074,0.133664,0.0552992,0.233723,0.626356,0.0846222
1721,0,13,1436.29,13,1485.04,0,1,9,129.284,0.677524,0.0562982,0.132267,0.133911,0.0562223,0.220615,0.637121,0.0860421
1722,0,13,1436.29,13,1485.04,0,1,0,129.22,0.694133,0.053391,0.125458,0.127018,0.0537639,0.254392,0.609558,0.0822868
1723,0,13,1436.29,13,1485.04,2,2,0,129.155,0.654988,0.0602154,0.141518,0.143278,0.0548918,0.238441,0.622647,0.0840202
1724,0,13,1436.29,13,1485.04,0,1,0,129.091,0.657092,0.0603799,0.138833,0.143695,0.0609043,0.264636,0.581228,0.0932313
1725,0,13,1436.29,13,1485.04,0,2,0,129.026,0.616652,0.0674912,0.15521,0.160646,0.0623197,0.247271,0.595003,0.095406
1726,0,13,1436.29,13,1485.04,3,1,0,128.961,0.575371,0.0747486,0.171929,0.177951,0.0686831,0.272595,0.553565,0.105157
1727,0,13,1436.29,13,1485.04,0,1,0,128.897,0.580582,0.0753947,0.173444,0.17058,0.0704123,0.254036,0.567738,0.107813
1728,0,13,1436.29,13,1485.04,0,2,0,128.833,0.539154,0.0828304,0.190581,0.187434,0.071897,0.238055,0.579952,0.110096
1729,0,13,1436.29,13,1485.04,3,2,9,128.768,0.498005,0.0902142,0.207605,0.204176,0.0788962,0.261292,0.538987,0.120824
1730,0,13,1436.29,13,1484.67,0,2,13,128.704,0.478586,0.0866668,0.199475,0.235272,0.0750151,0.248498,0.561597,0.114891
1731,0,13,1436.29,13,1484.67,0,2,0,128.639,0.529997,0.0781096,0.179809,0.212084,0.0665993,0.220672,0.610718,0.10201
1732,0,13,1436.29,13,1484.67,2,2,0,128.575,0.488575,0.0849803,0.195658,0.230786,0.0735725,0.243836,0.569892,0.1127
1733,0,13,1436.29,13,1484.67,0,0,0,128.511,0.495288,0.0861177,0.184673,0.233921,0.0805684,0.267086,0.528918,0.123427
1734,0,13,1436.29,13,1484.67,0,2,9,128.447,0.45476,0.0930191,0.199503,0.252718,0.0824656,0.266519,0.527868,0.123147
1735,0,13,1436.29,13,1484.67,1,2,0,128.382,0.478464,0.0889619,0.19083,0.241744,0.0784493,0.253599,0.550794,0.117158
1736,0,13,1436.29,13,1484.67,2,3,0,128.318,0.478223,0.0894893,0.190699,0.241589,0.0855766,0.276704,0.509907,0.127813
1737,0,13,1436.29,13,1480.65,0,2,13,128.254,0.48448,0.0906299,0.180173,0.244717,0.085802,0.277498,0.511433,0.125267
1738,0,13,1436.29,13,1507.17,0,1,9,128.19,0.536086,0.0815458,0.162136,0.220232,0.0767588,0.248309,0.562859,0.112073
1739,0,13,1436.29,13,1507.17,0,2,0,128.126,0.558225,0.0776432,0.154398,0.209734,0.0733341,0.281624,0.537961,0.107081
1740,0,13,1436.29,13,1507.17,0,2,9,128.062,0.516657,0.0849369,0.168925,0.229482,0.0798647,0.306786,0.496724,0.116625
1741,0,13,1436.29,13,1507.17,2,2,0,127.998,0.53932,0.0809427,0.161003,0.218734,0.0761636,0.292648,0.51996,0.111229
1742,0,13,1436.29,13,1507.17,1,1,0,127.934,0.543242,0.0815004,0.154973,0.220285,0.0826448,0.317636,0.479016,0.120703
1743,0,13,1436.29,13,1507.17,2,2,0,127.87,0.542246,0.0832627,0.15465,0.219841,0.0856945,0.292271,0.496867,0.125167
1744,0,13,1436.29,13,1521.08,3,2,9,127.806,0.545669,0.0837569,0.149385,0.221189,0.0925023,0.315568,0.456809,0.135121
1745,0,13,1436.29,13,1596.78,1,3,9,127.742,0.523011,0.080249,0.143145,0.253595,0.0883465,0.301464,0.481129,0.12906
1746,0,13,1436.29,13,1596.78,0,1,0,127.678,0.510033,0.103144,0.139557,0.247266,0.0855101,0.291857,0.46584,0.156792
1747,0,13,1436.29,13,1596.78,3,1,0,127.614,0.468565,0.111862,0.151361,0.268212,0.0882386,0.269079,0.480867,0.161815
1748,0,13,1436.29,13,1603.87,2,1,9,127.55,0.48174,0.114974,0.155582,0.247703,0.0905725,0.249558,0.493754,0.166115
1749,0,13,1436.29,13,1603.87,0,1,0,127.487,0.465282,0.111014,0.184495,0.239209,0.086698,0.281481,0.472792,0.159028
1750,0,13,1436.29,13,1603.87,0,2,0,127.423,0.425082,0.119348,0.198365,0.257205,0.0892463,0.260177,0.486854,0.163722
1751,0,13,1436.29,13,1603.87,3,1,0,127.359,0.386607,0.127322,0.21164,0.274432,0.0961383,0.280329,0.447145,0.176387
1752,0,13,1436.29,13,1572.94,2,2,13,127.295,0.399254,0.131458,0.218537,0.250752,0.0990069,0.258692,0.460629,0.181672
1753,0,13,1436.29,13,1563.31,3,2,13,127.232,0.373674,0.123008,0.268653,0.234665,0.0892503,0.233244,0.513716,0.163789
1754,0,13,1436.29,13,1563.31,0,1,0,127.168,0.349447,0.115007,0.251218,0.284328,0.0797406,0.208432,0.565473,0.146355
1755,0,13,1436.29,13,1558.46,0,1,13,127.105,0.314725,0.121129,0.26463,0.299516,0.0807831,0.19784,0.57309,0.148287
1756,0,13,1436.29,13,1558.46,2,0,0,127.041,0.363019,0.112577,0.245985,0.278419,0.0753325,0.251737,0.534632,0.138298
1757,0,13,1436.29,13,1577.13,2,2,9,126.977,0.373348,0.115753,0.224573,0.286326,0.0774827,0.251134,0.533432,0.137951
1758,0,13,1436.29,13,1577.13,0,1,0,126.914,0.360399,0.111712,0.25151,0.27638,0.0737311,0.239031,0.555952,0.131286
1759,0,13,1436.29,13,1577.13,3,2,0,126.851,0.324848,0.117904,0.265495,0.291753,0.0751343,0.224304,0.566761,0.1338
1760,0,13,1436.29,13,1577.13,0,2,0,126.787,0.338105,0.122691,0.276318,0.262887,0.0822916,0.245725,0.52542,0.146563
1761,0,13,1436.29,13,1577.13,1,1,0,126.724,0.304361,0.128929,0.290415,0.276296,0.0893658,0.266908,0.484546,0.159181
1762,0,13,1436.29,13,1565.42,2,1,13,126.66,0.306895,0.121684,0.29283,0.278591,0.091694,0.247622,0.497338,0.163347
1763,0,13,1436.29,13,1565.42,0,0,0,126.597,0.28601,0.113382,0.340981,0.259627,0.0849049,0.303155,0.46067,0.15127
1764,0,13,1436.29,13,1555.98,0,1,13,126.534,0.258709,0.117698,0.354038,0.269555,0.0855465,0.302937,0.460377,0.15114
1765,0,13,1436.29,13,1555.98,3,1,0,126.47,0.30859,0.10976,0.330234,0.251417,0.0787138,0.358453,0.423749,0.139084
1766,0,13,1436.29,13,1543.63,2,2,13,126.407,0.318228,0.113165,0.340552,0.228055,0.0826663,0.326073,0.445176,0.146084
1767,0,13,1436.29,13,1543.63,2,3,0,126.344,0.294241,0.104613,0.390294,0.210852,0.0748764,0.295427,0.497363,0.132334
1768,0,13,1436.29,13,1536.19,0,2,13,126.281,0.312252,0.110994,0.353011,0.223743,0.0751735,0.296681,0.499526,0.12862
1769,0,13,1436.29,13,1536.19,0,1,9,126.218,0.362709,0.102834,0.327134,0.207323,0.0674677,0.266343,0.550742,0.115448
1770,0,13,1436.29,13,1536.19,2,1,0,126.155,0.385594,0.0991246,0.315408,0.199873,0.0644675,0.298735,0.526472,0.110326
1771,0,13,1436.29,13,1504.84,0,2,13,126.092,0.402272,0.103384,0.285854,0.208491,0.0665622,0.275708,0.543807,0.113923
1772,0,13,1436.29,13,1503.99,0,1,13,126.028,0.453608,0.0944907,0.261318,0.190583,0.0593407,0.245866,0.593219,0.101574
1773,0,13,1436.29,13,1503.99,0,1,0,125.965,0.504923,0.085604,0.23679,0.172683,0.054863,0.302509,0.548708,0.0939195
1774,0,13,1436.29,13,1503.99,0,2,9,125.902,0.462747,0.0928832,0.256977,0.187393,0.0566865,0.279054,0.567208,0.0970517
1775,0,13,1436.29,13,1503.99,0,0,0,125.84,0.485446,0.0889459,0.246134,0.179475,0.0540022,0.265925,0.587607,0.0924659
1776,0,13,1436.29,13,1503.99,2,3,0,125.777,0.443805,0.0961297,0.266067,0.193998,0.0573295,0.264969,0.585588,0.0921141
1777,0,13,1436.29,13,1503.99,2,2,0,125.714,0.456854,0.0989258,0.244552,0.199669,0.0572562,0.264711,0.585111,0.0929222
1778,0,13,1436.29,13,1503.99,3,1,9,125.651,0.467984,0.101305,0.226212,0.204499,0.0631738,0.292159,0.542131,0.102536
1779,0,13,1436.29,13,1503.99,0,1,0,125.588,0.450384,0.0974652,0.217673,0.234477,0.060358,0.323476,0.51819,0.0979752
1780,0,13,1436.29,13,1510.61,3,2,9,125.525,0.410132,0.104589,0.23362,0.251659,0.062713,0.296839,0.53864,0.101808
1781,0,13,1436.29,13,1510.61,1,3,0,125.462,0.394703,0.100627,0.224807,0.279863,0.0598219,0.283243,0.559811,0.0971238
1782,0,13,1436.29,13,1510.61,3,1,0,125.4,0.395697,0.0984072,0.225347,0.280549,0.059791,0.283184,0.559772,0.0972524
1783,0,13,1436.29,13,1488.84,2,2,13,125.337,0.409412,0.10179,0.233132,0.255666,0.0615116,0.26229,0.576138,0.100061
1784,0,13,1436.29,13,1488.84,0,2,0,125.274,0.382232,0.0950056,0.284092,0.23867,0.0546027,0.232897,0.623669,0.0888308
1785,0,13,1436.29,13,1488.84,0,3,0,125.212,0.344948,0.100722,0.301252,0.253078,0.0607447,0.25917,0.581253,0.0988325
1786,0,13,1436.29,13,1488.84,1,2,0,125.149,0.310155,0.106054,0.317268,0.266523,0.0607043,0.259073,0.581129,0.099094
1787,0,13,1436.29,13,1488.84,0,0,0,125.087,0.311646,0.101764,0.318794,0.267796,0.0668933,0.285569,0.53833,0.109208
1788,0,13,1436.29,13,1488.84,2,1,0,125.024,0.279766,0.106458,0.333574,0.280202,0.0692819,0.284824,0.536993,0.108902
1789,0,13,1436.29,13,1488.84,3,2,0,124.961,0.29389,0.111811,0.299952,0.294348,0.0713255,0.263492,0.553059,0.112124
1790,0,13,1436.29,13,1488.84,2,2,0,124.899,0.306506,0.116588,0.31283,0.264075,0.0780793,0.288517,0.510651,0.122752
1791,0,13,1436.29,13,1641.64,1,2,9,124.837,0.320704,0.121965,0.281031,0.276299,0.0847223,0.313147,0.468923,0.133208
1792,0,13,1436.29,13,1641.64,0,1,0,124.774,0.312186,0.145302,0.273559,0.268952,0.0809735,0.299369,0.492333,0.127325
1793,0,13,1436.29,13,1641.64,3,1,0,124.712,0.280497,0.151982,0.286171,0.281351,0.0836987,0.275593,0.509086,0.131622
1794,0,13,1436.29,13,1660.44,1,2,9,124.649,0.291783,0.158077,0.297686,0.252454,0.0860298,0.255216,0.523454,0.1353
1795,0,13,1436.29,13,1637.72,0,2,13,124.587,0.283409,0.182245,0.289144,0.245202,0.0818856,0.242975,0.546345,0.128794
1796,0,13,1436.29,13,1637.72,1,2,0,124.525,0.331197,0.170082,0.269871,0.22885,0.0728299,0.216151,0.596458,0.114561
1797,0,13,1436.29,13,1637.72,2,2,0,124.463,0.335977,0.158131,0.273755,0.232136,0.0803818,0.238616,0.55455,0.126452
1798,0,13,1436.29,13,1637.72,0,1,0,124.4,0.347876,0.163707,0.248078,0.240339,0.0879222,0.261057,0.512694,0.138327
1799,0,13,1436.29,13,1624.88,0,2,13,124.338,0.313874,0.172232,0.261019,0.252875,0.0900888,0.242649,0.525513,0.141748
1800,0,13,1436.29,13,1624.88,2,2,0,124.276,0.363536,0.159756,0.242132,0.234576,0.080333,0.216415,0.576842,0.12641
1801,0,13,1436.29,13,1624.88,1,2,0,124.214,0.373343,0.16404,0.221734,0.240883,0.0882437,0.237774,0.535112,0.13887
1802,0,13,1436.29,13,1642.05,1,2,9,124.152,0.37773,0.154262,0.224316,0.243692,0.0960891,0.258965,0.493716,0.151231
1803,0,13,1436.29,13,1602.6,0,2,13,124.09,0.365782,0.181057,0.217198,0.235963,0.0915428,0.246761,0.517608,0.144088
1804,0,13,1436.29,13,1564.09,2,2,13,124.028,0.417619,0.166253,0.199446,0.216682,0.0817249,0.22034,0.569289,0.128647
1805,0,13,1436.29,13,1564.09,0,0,0,123.966,0.391659,0.15589,0.249265,0.203186,0.0723703,0.195158,0.618541,0.113932
1806,0,13,1436.29,13,1564.09,0,2,0,123.904,0.354362,0.165438,0.264557,0.215642,0.0751881,0.194537,0.616717,0.113557
1807,0,13,1436.29,13,1564.09,1,2,0,123.842,0.319436,0.174378,0.278879,0.227307,0.0833329,0.215652,0.575147,0.125869
1808,0,13,1436.29,13,1564.09,0,2,0,123.78,0.324469,0.161393,0.283265,0.230872,0.0915239,0.236894,0.53333,0.138252
1809,0,13,1436.29,13,1564.09,3,2,0,123.718,0.291789,0.169189,0.296981,0.242041,0.0996429,0.257957,0.491871,0.150529
1810,0,13,1436.29,13,1564.09,0,2,0,123.656,0.300689,0.17433,0.306041,0.218939,0.10758,0.278558,0.45133,0.162532
1811,0,13,1436.29,13,1580.95,3,2,9,123.594,0.270316,0.181891,0.319349,0.228444,0.115238,0.298445,0.412199,0.174117
1812,0,13,1436.29,13,1571.97,2,2,13,123.532,0.261261,0.175784,0.308663,0.254291,0.110332,0.285792,0.437158,0.166718
1813,0,13,1436.29,13,1571.97,2,3,0,123.471,0.242578,0.163201,0.358117,0.236105,0.0998415,0.258668,0.490612,0.150879
1814,0,13,1436.29,13,1571.97,1,1,0,123.409,0.255755,0.172052,0.323265,0.248929,0.100487,0.260392,0.493943,0.145178
1815,0,13,1436.29,13,1571.97,0,3,0,123.347,0.259566,0.159701,0.328097,0.252637,0.102993,0.241778,0.506421,0.148809
1816,0,13,1436.29,13,1590.23,2,2,9,123.285,0.235573,0.16486,0.338745,0.260822,0.103584,0.243206,0.509487,0.143724
1817,0,13,1436.29,13,1590.23,0,2,0,123.224,0.226926,0.158798,0.363023,0.251254,0.0985149,0.231344,0.533442,0.136699
1818,0,13,1436.29,13,1590.23,3,2,0,123.162,0.208614,0.162542,0.371643,0.257201,0.107193,0.251765,0.492291,0.148751
1819,0,13,1436.29,13,1590.23,0,3,0,123.101,0.214738,0.167305,0.382598,0.235359,0.115678,0.27174,0.452047,0.160535
1820,0,13,1436.29,13,1564.04,3,3,13,123.039,0.198858,0.170671,0.390361,0.240111,0.116659,0.274093,0.456007,0.153241
1821,0,13,1436.29,13,1564.04,0,2,9,122.978,0.185167,0.158916,0.363535,0.292382,0.110162,0.258873,0.43073,0.200235
1822,0,13,1436.29,13,1564.04,2,3,0,122.916,0.212517,0.153564,0.35135,0.282569,0.105344,0.247591,0.455567,0.191498
1823,0,13,1436.29,13,1564.04,1,1,0,122.855,0.223775,0.161689,0.31698,0.297556,0.106781,0.251012,0.461917,0.180289
1824,0,13,1436.29,13,1564.04,3,2,0,122.793,0.226731,0.150575,0.32119,0.301504,0.109365,0.23273,0.473234,0.184671
1825,0,13,1436.29,13,1564.04,2,3,0,122.732,0.236363,0.156959,0.334858,0.27182,0.117608,0.250311,0.433468,0.198612
1826,0,13,1436.29,13,1564.04,0,2,0,122.67,0.248047,0.164705,0.301982,0.285265,0.1194,0.254163,0.440187,0.18625
1827,0,13,1436.29,13,1564.04,3,0,0,122.609,0.224777,0.169787,0.311337,0.294099,0.127568,0.271589,0.401835,0.199008
1828,0,13,1436.29,13,1564.04,2,1,0,122.548,0.233938,0.176697,0.324047,0.265318,0.123195,0.272944,0.403872,0.199988
1829,0,13,1436.29,13,1564.04,1,3,0,122.486,0.244901,0.184967,0.292374,0.277758,0.126949,0.250671,0.416278,0.206102
1830,0,13,1436.29,13,1564.04,2,2,0,122.425,0.249286,0.170356,0.29762,0.282738,0.129078,0.25491,0.423359,0.192653
1831,0,13,1436.29,13,1564.04,0,3,9,122.364,0.259774,0.17751,0.268074,0.294641,0.137389,0.271359,0.386179,0.205073
1832,0,13,1436.29,13,1595.36,3,1,9,122.303,0.285024,0.171443,0.258933,0.2846,0.132296,0.261335,0.37194,0.234428
1833,0,13,1436.29,13,1595.36,1,1,0,122.242,0.275475,0.165682,0.250254,0.308589,0.127151,0.289966,0.357548,0.225336
1834,0,13,1436.29,13,1595.36,2,1,0,122.181,0.279247,0.154256,0.253675,0.312822,0.131811,0.263836,0.370731,0.233622
1835,0,13,1436.29,13,1595.36,0,3,9,122.119,0.287912,0.159024,0.230527,0.322537,0.135766,0.241643,0.381932,0.240659
1836,0,13,1436.29,13,1595.36,3,3,0,122.058,0.313996,0.153186,0.22208,0.310739,0.130502,0.232301,0.367201,0.269996
1837,0,13,1436.29,13,1587.45,2,1,13,121.997,0.327886,0.159939,0.231887,0.280289,0.134623,0.239663,0.378873,0.246842
1838,0,13,1436.29,13,1584.06,3,2,13,121.936,0.306547,0.149508,0.281905,0.262039,0.125309,0.292163,0.352735,0.229793
1839,0,13,1436.29,13,1584.06,1,3,0,121.875,0.285878,0.139408,0.262893,0.311821,0.115102,0.268409,0.405389,0.2111
1840,0,13,1436.29,13,1584.06,2,3,0,121.814,0.288556,0.131344,0.265352,0.314748,0.117233,0.273426,0.413,0.19634
1841,0,13,1436.29,13,1586.39,0,3,9,121.754,0.298369,0.135789,0.240385,0.325457,0.119051,0.277712,0.419508,0.183729
1842,0,13,1436.29,13,1606.86,0,2,9,121.693,0.323988,0.130815,0.231606,0.313591,0.11471,0.267632,0.404315,0.213342
1843,0,13,1436.29,13,1579.7,2,2,13,121.632,0.348592,0.126039,0.223176,0.302194,0.109827,0.256282,0.429606,0.204285
1844,0,13,1436.29,13,1599.25,3,1,9,121.571,0.326206,0.117921,0.273093,0.282779,0.0994248,0.232048,0.483568,0.184959
1845,0,13,1436.29,13,1599.25,1,1,0,121.51,0.314641,0.113717,0.263402,0.30824,0.0952809,0.263886,0.46356,0.177272
1846,0,13,1436.29,13,1599.25,3,2,0,121.449,0.316424,0.108704,0.264885,0.309986,0.0978684,0.243723,0.476299,0.182109
1847,0,13,1436.29,13,1599.25,0,2,0,121.389,0.330743,0.113599,0.276861,0.278797,0.105392,0.262509,0.435965,0.196134
1848,0,13,1436.29,13,1599.25,0,1,9,121.328,0.297936,0.11915,0.290442,0.292472,0.112617,0.280554,0.397225,0.209604
1849,0,13,1436.29,13,1599.25,1,1,0,121.267,0.321709,0.115098,0.280615,0.282577,0.10808,0.309414,0.38132,0.201186
1850,0,13,1436.29,13,1572.41,3,1,13,121.207,0.323495,0.110201,0.282165,0.284139,0.112474,0.281216,0.39692,0.20939
1851,0,13,1436.29,13,1572.41,1,3,0,121.146,0.300577,0.102372,0.262168,0.334883,0.103982,0.335368,0.367045,0.193605
1852,0,13,1436.29,13,1572.41,3,0,0,121.086,0.301655,0.0991536,0.2631,0.336091,0.105773,0.341223,0.37346,0.179544
1853,0,13,1436.29,13,1572.41,0,1,0,121.025,0.31685,0.104125,0.276346,0.30268,0.102909,0.342322,0.37467,0.1801
1854,0,13,1436.29,13,1572.41,3,1,0,120.965,0.284962,0.108966,0.289251,0.31682,0.10796,0.309917,0.393162,0.188961
1855,0,13,1436.29,13,1505.42,2,3,13,120.904,0.298196,0.114005,0.302684,0.285115,0.112269,0.282246,0.40896,0.196525
1856,0,13,1436.29,13,1493.68,0,2,13,120.844,0.276769,0.105792,0.352813,0.264626,0.105198,0.264518,0.383301,0.246983
1857,0,13,1436.29,13,1493.68,3,2,0,120.783,0.328945,0.098142,0.327378,0.245534,0.0961026,0.241692,0.436537,0.225668
1858,0,13,1436.29,13,1493.68,2,0,0,120.723,0.338695,0.101026,0.337081,0.223198,0.10276,0.258482,0.397416,0.241341
1859,0,13,1436.29,13,1493.68,0,0,0,120.662,0.355757,0.10609,0.30373,0.234422,0.100667,0.259076,0.398364,0.241893
1860,0,13,1436.29,13,1493.68,2,3,0,120.602,0.321349,0.111739,0.319969,0.246943,0.0988125,0.259602,0.399206,0.24238
1861,0,13,1436.29,13,1493.68,2,1,0,120.542,0.336387,0.116943,0.288184,0.258486,0.101309,0.266212,0.409406,0.223074
1862,0,13,1436.29,13,1493.21,0,0,13,120.482,0.34914,0.121351,0.261236,0.268272,0.104306,0.244353,0.421634,0.229708
1863,0,13,1436.29,13,1484.84,3,2,13,120.421,0.40223,0.111439,0.239934,0.246397,0.142891,0.233815,0.403495,0.219799
1864,0,13,1436.29,13,1531.08,3,1,9,120.361,0.373598,0.103479,0.222832,0.300091,0.130006,0.212753,0.457244,0.199997
1865,0,13,1436.29,13,1531.08,2,3,0,120.301,0.35893,0.0993914,0.214061,0.327617,0.124894,0.243584,0.439373,0.192149
1866,0,13,1436.29,13,1531.08,0,1,0,120.241,0.366687,0.101513,0.197109,0.33469,0.126743,0.247224,0.445991,0.180042
1867,0,13,1436.29,13,1531.08,3,3,0,120.181,0.331397,0.107152,0.208086,0.353366,0.129883,0.228445,0.457156,0.184516
1868,0,13,1436.29,13,1531.08,2,2,0,120.121,0.348981,0.112812,0.219107,0.3191,0.131547,0.231398,0.463129,0.173926
1869,0,13,1436.29,13,1531.08,3,1,0,120.06,0.356856,0.115332,0.201518,0.326295,0.141357,0.248682,0.423053,0.186907
1870,0,13,1436.29,13,1531.08,0,1,0,120,0.373156,0.120573,0.210698,0.295573,0.144975,0.229348,0.433976,0.191701
1871,0,13,1436.29,13,1531.08,3,2,0,119.94,0.338247,0.127272,0.22243,0.312051,0.148056,0.212864,0.443295,0.195786
1872,0,13,1436.29,13,1531.08,0,0,0,119.88,0.352783,0.132715,0.23197,0.282532,0.158392,0.22774,0.404402,0.209465
1873,0,13,1436.29,13,1520.8,0,3,13,119.821,0.319457,0.139534,0.243915,0.297093,0.150207,0.229944,0.408361,0.211488
1874,0,13,1436.29,13,1552.93,3,3,9,119.761,0.371791,0.12879,0.225159,0.274259,0.1403,0.214797,0.381506,0.263397
1875,0,13,1436.29,13,1552.93,3,1,0,119.701,0.356979,0.123633,0.216167,0.303221,0.134842,0.206457,0.366736,0.291965
1876,0,13,1436.29,13,1481.6,2,2,13,119.641,0.371208,0.128534,0.224761,0.275498,0.137499,0.190699,0.374038,0.297764
1877,0,13,1436.29,13,1481.6,2,1,0,119.581,0.346351,0.119901,0.276713,0.257035,0.125786,0.174467,0.427305,0.272443
1878,0,13,1436.29,13,1481.6,0,3,0,119.521,0.35836,0.124032,0.251678,0.26593,0.127296,0.164409,0.432539,0.275755
1879,0,13,1436.29,13,1481.6,3,2,0,119.462,0.324372,0.130587,0.265015,0.280026,0.131239,0.16951,0.446046,0.253205
1880,0,13,1436.29,13,1481.6,1,1,0,119.402,0.336163,0.135309,0.274637,0.253891,0.140544,0.181538,0.406725,0.271193
1881,0,13,1436.29,13,1481.6,0,1,0,119.342,0.338735,0.128719,0.276727,0.255819,0.142445,0.170341,0.412315,0.274899
1882,0,13,1436.29,13,1501.24,0,1,9,119.282,0.306342,0.135009,0.290293,0.268356,0.144073,0.160733,0.417117,0.278077
1883,0,13,1436.29,13,1501.24,2,0,0,119.223,0.331728,0.130053,0.279679,0.25854,0.13911,0.189524,0.402833,0.268533
1884,0,13,1436.29,13,1501.24,0,3,0,119.163,0.343521,0.134651,0.25411,0.267718,0.133029,0.190845,0.405702,0.270424
1885,0,13,1436.29,13,1629.84,1,1,9,119.104,0.311004,0.141306,0.266703,0.280988,0.137117,0.196725,0.418264,0.247895
1886,0,13,1436.29,13,1629.62,0,3,13,119.044,0.30176,0.166841,0.258768,0.272631,0.13198,0.2267,0.402684,0.238636
1887,0,13,1436.29,13,1629.62,3,1,9,118.985,0.353284,0.154518,0.239678,0.25252,0.122746,0.210863,0.374595,0.291796
1888,0,13,1436.29,13,1629.62,2,3,0,118.925,0.33977,0.148583,0.230491,0.281155,0.118339,0.239069,0.361225,0.281367
1889,0,13,1436.29,13,1629.62,0,2,0,118.866,0.348213,0.15225,0.211405,0.288131,0.122619,0.247751,0.374375,0.255255
1890,0,13,1436.29,13,1629.62,3,3,0,118.806,0.315061,0.159982,0.222155,0.302801,0.129703,0.262099,0.338159,0.270039
1891,0,13,1436.29,13,1629.62,1,1,0,118.747,0.328304,0.166684,0.231477,0.273535,0.134181,0.271187,0.349901,0.244732
1892,0,13,1436.29,13,1543.2,3,2,13,118.687,0.332531,0.155982,0.234441,0.277047,0.138734,0.246357,0.361843,0.253066
1893,0,13,1436.29,13,1543.2,3,1,0,118.628,0.308177,0.144536,0.217256,0.330031,0.12713,0.225778,0.415165,0.231928
1894,0,13,1436.29,13,1543.2,2,0,9,118.569,0.322869,0.151404,0.227597,0.29813,0.129865,0.208992,0.424197,0.236946
1895,0,13,1436.29,13,1543.2,1,3,0,118.509,0.311331,0.145971,0.255226,0.287472,0.157018,0.202455,0.410987,0.22954
1896,0,13,1436.29,13,1543.2,2,2,0,118.45,0.314496,0.137305,0.25781,0.290389,0.160554,0.207025,0.420324,0.212097
1897,0,13,1436.29,13,1543.2,3,3,0,118.391,0.324491,0.141645,0.234251,0.299614,0.171156,0.220706,0.382024,0.226114
1898,0,13,1436.29,13,1543.2,3,0,0,118.332,0.337634,0.147358,0.243723,0.271286,0.175053,0.225743,0.390785,0.208419
1899,0,13,1436.29,13,1550.38,3,0,9,118.273,0.348781,0.152197,0.251753,0.247269,0.164303,0.228673,0.395902,0.211121
1900,0,13,1436.29,13,1550.38,0,0,0,118.213,0.335327,0.146302,0.242026,0.276345,0.192778,0.220871,0.382436,0.203915
1901,0,13,1436.29,13,1550.38,0,3,0,118.154,0.303394,0.153317,0.253656,0.289632,0.179429,0.224513,0.388785,0.207274
1902,0,13,1436.29,13,1550.38,0,2,0,118.095,0.273824,0.159811,0.264426,0.301938,0.182805,0.228748,0.396161,0.192286
1903,0,13,1436.29,13,1530.04,3,1,13,118.036,0.2481,0.165458,0.273797,0.312646,0.193934,0.242684,0.359388,0.203994
1904,0,13,1436.29,13,1530.04,3,1,0,117.977,0.228935,0.152664,0.252652,0.365749,0.180557,0.294876,0.334641,0.189925
1905,0,13,1436.29,13,1530.04,3,0,0,117.918,0.241064,0.160739,0.266043,0.332154,0.187825,0.266447,0.348155,0.197573
1906,0,13,1436.29,13,1500.87,3,2,13,117.859,0.252386,0.168275,0.278544,0.300795,0.174195,0.270916,0.354014,0.200875
1907,0,13,1436.29,13,1500.87,1,1,0,117.8,0.233471,0.155652,0.257674,0.353203,0.159762,0.248491,0.407511,0.184236
1908,0,13,1436.29,13,1500.87,3,1,0,117.741,0.235779,0.147271,0.260226,0.356724,0.163943,0.228738,0.418255,0.189064
1909,0,13,1436.29,13,1500.87,3,3,0,117.683,0.247869,0.154808,0.273575,0.323747,0.1675,0.211919,0.42741,0.193171
1910,0,13,1436.29,13,1477.19,2,2,13,117.624,0.259131,0.161827,0.286011,0.293031,0.169974,0.215059,0.433803,0.181164
1911,0,13,1436.29,13,1477.19,3,2,0,117.565,0.240301,0.150053,0.337903,0.271743,0.15336,0.194047,0.489135,0.163458
1912,0,13,1436.29,13,1477.19,0,1,0,117.506,0.248156,0.154944,0.348972,0.247928,0.165505,0.209425,0.448664,0.176406
1913,0,13,1436.29,13,1471.73,0,2,13,117.447,0.227916,0.159098,0.358387,0.254599,0.168308,0.195943,0.456353,0.179396
1914,0,13,1436.29,13,1472.96,3,2,9,117.389,0.281028,0.148138,0.333752,0.237082,0.151171,0.175998,0.511699,0.161132
1915,0,13,1436.29,13,1472.96,0,2,9,117.33,0.270474,0.142556,0.32123,0.26574,0.143437,0.166999,0.536674,0.15289
1916,0,13,1436.29,13,1472.96,2,2,0,117.271,0.298016,0.137158,0.309116,0.25571,0.13591,0.158239,0.560983,0.144868
1917,0,13,1436.29,13,1472.96,1,2,0,117.213,0.311074,0.143146,0.278873,0.266906,0.148806,0.17326,0.519318,0.158617
1918,0,13,1436.29,13,1491.57,3,0,9,117.154,0.31402,0.135047,0.281508,0.269426,0.161531,0.188082,0.478204,0.172183
1919,0,13,1436.29,13,1491.57,2,1,0,117.095,0.302318,0.129992,0.271012,0.296678,0.192204,0.181183,0.460749,0.165864
1920,0,13,1436.29,13,1500.45,2,2,9,117.037,0.312985,0.134556,0.245315,0.307145,0.194513,0.171269,0.466366,0.167852
1921,0,13,1436.29,13,1544.32,2,2,9,116.978,0.301584,0.129632,0.272829,0.295955,0.185154,0.163025,0.49205,0.159771
1922,0,13,1436.29,13,1551.16,2,2,9,116.92,0.290661,0.124916,0.299188,0.285235,0.175963,0.154928,0.517274,0.151835
1923,0,13,1436.29,13,1551.16,2,2,0,116.861,0.280117,0.120365,0.324631,0.274887,0.166982,0.147017,0.541919,0.144082
1924,0,13,1436.29,13,1551.16,0,0,0,116.803,0.293239,0.125982,0.293016,0.287763,0.182211,0.160421,0.500149,0.157218
1925,0,13,1436.29,13,1551.16,3,1,0,116.745,0.26405,0.131167,0.305127,0.299657,0.172936,0.162218,0.505867,0.158978
1926,0,13,1436.29,13,1547.23,0,1,13,116.686,0.275073,0.136624,0.317875,0.270428,0.174315,0.15543,0.510011,0.160244
1927,0,13,1436.29,13,1547.23,0,2,0,116.628,0.327904,0.126651,0.294722,0.250723,0.164091,0.204868,0.480199,0.150842
1928,0,13,1436.29,13,1509.31,2,2,13,116.57,0.296259,0.132598,0.308612,0.262531,0.176964,0.220951,0.439413,0.162673
1929,0,13,1436.29,13,1509.31,1,2,0,116.511,0.273681,0.122473,0.361329,0.242517,0.159588,0.199265,0.49445,0.146698
1930,0,13,1436.29,13,1493.37,3,2,13,116.453,0.275068,0.11801,0.36318,0.243741,0.172603,0.215524,0.453214,0.158659
1931,0,13,1436.29,13,1493.37,3,1,0,116.395,0.255581,0.109631,0.337469,0.297319,0.155256,0.193873,0.50816,0.142711
1932,0,13,1436.29,13,1567.8,0,2,9,116.337,0.265736,0.113968,0.350898,0.269398,0.157312,0.18308,0.51501,0.144598
1933,0,13,1436.29,13,1567.8,2,3,0,116.278,0.294441,0.109494,0.337198,0.258866,0.149365,0.173836,0.539508,0.137291
1934,0,13,1436.29,13,1567.8,3,0,0,116.22,0.308992,0.114882,0.304475,0.271651,0.149992,0.174572,0.541913,0.133523
1935,0,13,1436.29,13,1606.5,1,1,9,116.162,0.319961,0.118937,0.315283,0.24582,0.144888,0.175596,0.545217,0.134299
1936,0,13,1436.29,13,1606.5,0,1,0,116.104,0.311036,0.143526,0.306488,0.23895,0.139172,0.207985,0.523845,0.128999
1937,0,13,1436.29,13,1606.5,0,2,0,116.046,0.280305,0.149913,0.320174,0.249608,0.141317,0.195635,0.532062,0.130986
1938,0,13,1436.29,13,1606.5,3,3,0,115.988,0.254059,0.155364,0.331866,0.258711,0.154043,0.213265,0.489913,0.142779
1939,0,13,1436.29,13,1606.5,2,3,0,115.93,0.261874,0.160127,0.342093,0.235906,0.154941,0.214523,0.492883,0.137653
1940,0,13,1436.29,13,1606.5,3,3,0,115.872,0.274767,0.167994,0.309724,0.247516,0.155723,0.21562,0.495487,0.13317
1941,0,13,1436.29,13,1606.5,2,1,0,115.814,0.282821,0.172901,0.31881,0.225468,0.156407,0.21658,0.497776,0.129237
1942,0,13,1436.29,13,1606.5,2,1,0,115.756,0.295513,0.180643,0.28827,0.235575,0.159117,0.202891,0.50652,0.131472
1943,0,13,1436.29,13,1606.5,0,1,0,115.698,0.307068,0.187688,0.260468,0.244776,0.161443,0.191126,0.514043,0.133388
1944,0,13,1436.29,13,1606.5,3,3,0,115.641,0.277662,0.195645,0.271527,0.255166,0.163444,0.180983,0.520536,0.135037
1945,0,13,1436.29,13,1610.73,3,2,9,115.583,0.286649,0.201963,0.280314,0.231074,0.164099,0.181712,0.522743,0.131446
1946,0,13,1436.29,13,1610.73,2,1,0,115.525,0.276486,0.194789,0.270375,0.25835,0.15555,0.172248,0.54761,0.124592
1947,0,13,1436.29,13,1610.73,0,2,0,115.467,0.286426,0.201777,0.244164,0.267634,0.156904,0.164907,0.552518,0.125671
1948,0,13,1436.29,13,1610.73,2,0,0,115.409,0.25878,0.209587,0.253624,0.278009,0.171539,0.18029,0.510784,0.137387
1949,0,13,1436.29,13,1610.73,2,0,0,115.352,0.266978,0.216218,0.229983,0.286821,0.163777,0.181957,0.515616,0.13865
1950,0,13,1436.29,13,1606.5,0,2,13,115.294,0.273889,0.221806,0.210056,0.294249,0.157029,0.183404,0.519822,0.139745
1951,0,13,1436.29,13,1606.5,3,0,0,115.236,0.326963,0.205589,0.194696,0.272752,0.139249,0.162642,0.574189,0.123919
1952,0,13,1436.29,13,1606.5,1,2,0,115.179,0.337705,0.212323,0.201071,0.248901,0.135971,0.163236,0.576429,0.124364
1953,0,13,1436.29,13,1606.5,0,3,0,115.121,0.344386,0.196776,0.205028,0.253809,0.149348,0.179301,0.534756,0.136596
1954,0,13,1436.29,13,1606.5,2,0,0,115.064,0.313092,0.206164,0.214812,0.265932,0.149918,0.179992,0.536935,0.133155
1955,0,13,1436.29,13,1606.5,0,1,0,115.006,0.319733,0.21052,0.198182,0.271564,0.145089,0.180991,0.540034,0.133886
1956,0,13,1436.29,13,1606.02,2,1,13,114.949,0.290258,0.219638,0.206763,0.283341,0.146525,0.172743,0.545523,0.135209
1957,0,13,1436.29,13,1606.02,1,2,0,114.891,0.271945,0.205769,0.256823,0.265463,0.137123,0.225696,0.510651,0.126531
1958,0,13,1436.29,13,1606.02,2,2,0,114.834,0.277832,0.188582,0.262379,0.271208,0.148715,0.2448,0.46926,0.137225
1959,0,13,1436.29,13,1606.02,0,0,0,114.776,0.28707,0.194838,0.237868,0.280224,0.159965,0.263346,0.429085,0.147604
1960,0,13,1436.29,13,1606.02,3,2,0,114.719,0.259966,0.202237,0.24691,0.290887,0.151953,0.26585,0.433207,0.14899
1961,0,13,1436.29,13,1606.02,3,0,0,114.661,0.269958,0.209999,0.256398,0.263645,0.1623,0.283983,0.394583,0.159135
1962,0,13,1436.29,13,1599.69,3,2,13,114.604,0.279025,0.217042,0.265007,0.238926,0.15332,0.287025,0.398835,0.16082
1963,0,13,1436.29,13,1599.69,3,2,0,114.547,0.260043,0.202266,0.246976,0.290714,0.139052,0.260346,0.454747,0.145855
1964,0,13,1436.29,13,1599.69,0,0,0,114.49,0.270036,0.210029,0.256465,0.26347,0.149114,0.27922,0.415255,0.156411
1965,0,13,1436.29,13,1599.69,2,1,0,114.432,0.244466,0.217379,0.265451,0.272703,0.142212,0.28148,0.418649,0.157659
1966,0,13,1436.29,13,1599.69,3,2,0,114.375,0.252687,0.224684,0.240749,0.28188,0.146796,0.258225,0.432236,0.162743
1967,0,13,1436.29,13,1599.69,0,3,0,114.318,0.261914,0.232883,0.249537,0.255667,0.156665,0.275616,0.394031,0.173688
1968,0,13,1436.29,13,1599.69,2,3,0,114.261,0.237332,0.240636,0.257849,0.264184,0.158581,0.279019,0.398923,0.163477
1969,0,13,1436.29,13,1599.69,2,2,0,114.204,0.244942,0.248353,0.234044,0.272661,0.160225,0.281943,0.403133,0.1547
1970,0,13,1436.29,13,1599.69,3,0,0,114.147,0.251365,0.254866,0.213953,0.279816,0.170037,0.299243,0.366547,0.164173
1971,0,13,1436.29,13,1599.69,1,1,0,114.089,0.260303,0.26393,0.221554,0.254213,0.159716,0.302966,0.371123,0.166195
1972,0,13,1436.29,13,1599.69,0,2,0,114.032,0.2689,0.239629,0.228864,0.262607,0.16589,0.275956,0.385533,0.172621
1973,0,13,1436.29,13,1599.69,0,3,0,113.975,0.244341,0.247678,0.236548,0.271432,0.175396,0.2918,0.35029,0.182514
1974,0,13,1436.29,13,1599.69,0,1,0,113.918,0.223238,0.254594,0.243151,0.279017,0.177986,0.296138,0.355511,0.170366
1975,0,13,1436.29,13,1599.69,1,1,0,113.861,0.205376,0.260448,0.24874,0.285437,0.184663,0.269684,0.368899,0.176755
1976,0,13,1436.29,13,1653.13,1,2,9,113.805,0.211563,0.23814,0.256243,0.294055,0.190339,0.247182,0.380292,0.182187
1977,0,13,1436.29,13,1653.13,1,0,0,113.748,0.203164,0.268356,0.24608,0.2824,0.181639,0.235896,0.408607,0.173858
1978,0,13,1436.29,13,1656.96,0,2,9,113.691,0.209687,0.244836,0.25399,0.291486,0.17143,0.238829,0.413733,0.176009
1979,0,13,1436.29,13,1656.96,1,2,0,113.634,0.239575,0.235573,0.244383,0.280469,0.163103,0.227243,0.442194,0.16746
1980,0,13,1436.29,13,1614.35,0,3,13,113.577,0.245657,0.216156,0.250589,0.287598,0.174047,0.242507,0.404749,0.178698
1981,0,13,1436.29,13,1614.35,0,1,0,113.52,0.299791,0.200638,0.232605,0.266966,0.163135,0.227318,0.379437,0.230111
1982,0,13,1436.29,13,1614.35,3,1,0,113.464,0.273059,0.208291,0.241485,0.277165,0.166704,0.210332,0.387803,0.235161
1983,0,13,1436.29,13,1614.35,3,1,0,113.407,0.282514,0.215491,0.24984,0.252154,0.169743,0.195851,0.39494,0.239466
1984,0,13,1436.29,13,1614.35,1,2,0,113.35,0.29061,0.221654,0.256993,0.230742,0.172339,0.183468,0.401048,0.243145
1985,0,13,1436.29,13,1614.35,2,1,0,113.293,0.296958,0.20467,0.262601,0.235772,0.182568,0.19436,0.365478,0.257594
1986,0,13,1436.29,13,1614.35,0,0,0,113.237,0.305769,0.210727,0.240749,0.242756,0.185478,0.18145,0.371355,0.261717
1987,0,13,1436.29,13,1614.35,3,3,0,113.18,0.279219,0.218782,0.249958,0.252042,0.173925,0.184007,0.376642,0.265425
1988,0,13,1436.29,13,1614.35,1,0,0,113.124,0.287127,0.224967,0.257032,0.230874,0.178977,0.189354,0.387642,0.244026
1989,0,13,1436.29,13,1614.35,1,1,0,113.067,0.293508,0.20776,0.262737,0.235994,0.168836,0.191677,0.392454,0.247033
1990,0,13,1436.29,13,1614.35,3,1,0,113.01,0.29894,0.193115,0.267594,0.240351,0.171228,0.180141,0.39808,0.250551
1991,0,13,1436.29,13,1614.35,2,1,0,112.954,0.306229,0.197806,0.274112,0.221853,0.173281,0.170224,0.402921,0.253574
1992,0,13,1436.29,13,1615.72,3,2,9,112.897,0.315631,0.203862,0.251857,0.22865,0.175049,0.161668,0.407101,0.256181
1993,0,13,1436.29,13,1615.72,0,2,0,112.841,0.302468,0.195343,0.241343,0.260847,0.166379,0.153659,0.43645,0.243512
1994,0,13,1436.29,13,1615.72,2,1,0,112.785,0.276568,0.202589,0.250305,0.270538,0.177158,0.163611,0.399925,0.259307
1995,0,13,1436.29,13,1615.72,0,0,0,112.728,0.284209,0.208173,0.229606,0.278012,0.178791,0.155814,0.403678,0.261717
1996,0,13,1436.29,13,1611.94,0,2,13,112.672,0.259763,0.215277,0.237445,0.287515,0.169297,0.157596,0.40837,0.264737
1997,0,13,1436.29,13,1611.68,0,2,13,112.616,0.315934,0.198935,0.219426,0.265705,0.152383,0.141849,0.467459,0.238309
1998,0,13,1436.29,13,1597.57,0,2,13,112.559,0.374877,0.181789,0.200517,0.242818,0.135541,0.126169,0.5263,0.211989
1999,0,13,1436.29,13,1597.57,0,3,0,112.503,0.43652,0.163858,0.180742,0.21888,0.119228,0.110982,0.583298,0.186491
2000,0,13,1436.29,13,1597.57,1,3,0,112.447,0.403199,0.173542,0.191429,0.23183,0.120247,0.111929,0.588469,0.179356
2001,0,13,1436.29,13,1597.57,0,1,0,112.39,0.406674,0.166475,0.193049,0.233802,0.121134,0.112753,0.593,0.173113
2002,0,13,1436.29,13,1599.84,3,3,9,112.334,0.374742,0.175428,0.203438,0.246392,0.121051,0.11316,0.592782,0.173007
2003,0,13,1436.29,13,1597.29,3,2,13,112.278,0.357506,0.167334,0.194057,0.281103,0.115842,0.108289,0.567454,0.208415
2004,0,13,1436.29,13,1597.29,3,3,0,112.222,0.327696,0.153357,0.177854,0.341092,0.101222,0.0946215,0.622022,0.182134
2005,0,13,1436.29,13,1616.11,1,2,9,112.166,0.342198,0.16012,0.185702,0.311979,0.101988,0.0953361,0.626956,0.17572
2006,0,13,1436.29,13,1592.49,3,2,13,112.11,0.329682,0.190867,0.178888,0.300562,0.0955014,0.0892712,0.650666,0.164561
2007,0,13,1436.29,13,1592.49,1,0,0,112.054,0.302044,0.174847,0.163871,0.359237,0.0822996,0.0769297,0.698942,0.141828
2008,0,13,1436.29,13,1592.49,1,2,0,111.998,0.305324,0.165894,0.165631,0.363151,0.0854275,0.0766403,0.69662,0.141312
2009,0,13,1436.29,13,1592.49,1,2,0,111.942,0.308162,0.158149,0.16715,0.366539,0.0960262,0.0861469,0.658967,0.15886
2010,0,13,1436.29,13,1592.84,0,3,9,111.886,0.310625,0.151428,0.168465,0.369482,0.106996,0.0959856,0.619994,0.177025
2011,0,13,1436.29,13,1648.07,1,2,9,111.83,0.343885,0.144108,0.160325,0.351683,0.102325,0.0917934,0.593137,0.212745
2012,0,13,1436.29,13,1648.07,1,2,0,111.774,0.331951,0.173834,0.154737,0.339479,0.0961151,0.086221,0.6178,0.199864
2013,0,13,1436.29,13,1648.07,3,0,0,111.718,0.335828,0.164205,0.15652,0.343446,0.106259,0.095319,0.577431,0.220991
2014,0,13,1436.29,13,1648.07,1,2,0,111.662,0.351119,0.171657,0.163622,0.313601,0.106649,0.0952513,0.577229,0.220871
2015,0,13,1436.29,13,1609.12,0,2,13,111.606,0.354884,0.162809,0.165351,0.316956,0.116889,0.104394,0.536607,0.242111
2016,0,13,1436.29,13,1609.12,0,0,0,111.55,0.414969,0.147636,0.149941,0.287454,0.102781,0.0917919,0.592507,0.212921
2017,0,13,1436.29,13,1609.12,3,2,0,111.495,0.381432,0.156089,0.158526,0.303953,0.103581,0.0916838,0.59203,0.212706
2018,0,13,1436.29,13,1609.12,0,2,0,111.439,0.394448,0.161386,0.163907,0.280259,0.11389,0.100806,0.551395,0.233909
2019,0,13,1436.29,13,1609.12,0,2,0,111.383,0.362176,0.169978,0.172634,0.295212,0.124168,0.109901,0.510877,0.255054
2020,0,13,1436.29,13,1609.12,1,0,0,111.328,0.331697,0.178091,0.180874,0.309337,0.134278,0.118847,0.471012,0.275863
2021,0,13,1436.29,13,1564.74,2,2,13,111.272,0.335745,0.168088,0.183059,0.313108,0.130681,0.119316,0.473004,0.276999
2022,0,13,1436.29,13,1564.74,3,3,0,111.216,0.314212,0.157286,0.23548,0.293022,0.116238,0.106127,0.531213,0.246422
2023,0,13,1436.29,13,1564.59,3,2,13,111.161,0.325437,0.162882,0.243878,0.267802,0.118584,0.108267,0.542099,0.23105
2024,0,13,1436.29,13,1564.59,1,3,0,111.105,0.29981,0.150035,0.224661,0.325494,0.104085,0.0950275,0.598061,0.202827
2025,0,13,1436.29,13,1538.47,3,1,13,111.05,0.302301,0.14298,0.226515,0.328205,0.10526,0.0960988,0.605026,0.193615
2026,0,13,1436.29,13,1538.47,3,2,0,110.994,0.275878,0.130463,0.206704,0.386955,0.100378,0.137796,0.577168,0.184658
2027,0,13,1436.29,13,1538.47,2,0,0,110.938,0.290461,0.137339,0.217618,0.354583,0.110077,0.15112,0.536278,0.202525
2028,0,13,1436.29,13,1537.54,3,2,13,110.883,0.295852,0.139867,0.203102,0.361179,0.109624,0.151172,0.536598,0.202606
2029,0,13,1436.29,13,1537.54,3,2,0,110.828,0.267887,0.126627,0.183891,0.421595,0.0963972,0.13294,0.592481,0.178181
2030,0,13,1436.29,13,1525.93,3,2,13,110.772,0.283648,0.134057,0.194695,0.387601,0.10606,0.146275,0.551598,0.196066
2031,0,13,1436.29,13,1525.93,1,3,0,110.717,0.255315,0.120648,0.175234,0.448802,0.0930113,0.128287,0.606736,0.171965
2032,0,13,1436.29,13,1525.93,3,2,0,110.661,0.255684,0.11934,0.175474,0.449501,0.0936579,0.129187,0.611183,0.165971
2033,0,13,1436.29,13,1520.47,0,2,13,110.606,0.27204,0.126955,0.186685,0.41432,0.103448,0.142701,0.570509,0.183342
2034,0,13,1436.29,13,1520.47,0,2,0,110.551,0.333486,0.116221,0.170914,0.379379,0.0903971,0.124706,0.624668,0.16023
2035,0,13,1436.29,13,1543.7,3,2,9,110.496,0.305697,0.121048,0.178026,0.395228,0.100147,0.138165,0.584156,0.177532
2036,0,13,1436.29,13,1543.7,3,1,0,110.44,0.289845,0.11475,0.168776,0.426629,0.0940995,0.12983,0.609241,0.16683
2037,0,13,1436.29,13,1543.7,1,2,0,110.385,0.307373,0.121666,0.178964,0.391997,0.0942454,0.128234,0.610413,0.167108
2038,0,13,1436.29,13,1543.7,2,1,0,110.33,0.308255,0.119148,0.179457,0.39314,0.104082,0.141627,0.569719,0.184571
2039,0,13,1436.29,13,1543.7,1,2,0,110.275,0.311634,0.120431,0.170465,0.397469,0.10444,0.138463,0.571871,0.185227
2040,0,13,1436.29,13,1543.7,1,2,0,110.22,0.312432,0.11818,0.170881,0.398507,0.114387,0.151658,0.531064,0.202891
2041,0,13,1436.29,13,1543.7,0,2,0,110.164,0.313141,0.116182,0.171248,0.39943,0.124237,0.164727,0.490649,0.220387
2042,0,13,1436.29,13,1543.7,0,3,0,110.109,0.288676,0.1203,0.177332,0.413691,0.133864,0.177502,0.451141,0.237492
2043,0,13,1436.29,13,1543.7,0,3,0,110.054,0.26765,0.123836,0.182558,0.425955,0.136684,0.181251,0.460756,0.221309
2044,0,13,1436.29,13,1543.7,3,3,0,109.999,0.249573,0.126872,0.187049,0.436506,0.139099,0.184464,0.469011,0.207426
2045,0,13,1436.29,13,1543.7,3,1,0,109.944,0.264748,0.134568,0.198411,0.402273,0.141172,0.187225,0.476119,0.195484
2046,0,13,1436.29,13,1543.7,3,1,0,109.889,0.279229,0.14191,0.209251,0.36961,0.142771,0.177892,0.481627,0.197711
2047,0,13,1436.29,13,1543.7,1,3,0,109.834,0.292933,0.148854,0.219508,0.338705,0.144153,0.169802,0.486407,0.199638
2048,0,13,1436.29,13,1535.05,2,2,13,109.779,0.295097,0.142568,0.221117,0.341217,0.146016,0.172003,0.492815,0.189165
2049,0,13,1436.29,13,1535.05,2,3,0,109.725,0.273728,0.132224,0.27753,0.316517,0.129078,0.152055,0.551636,0.16723
2050,0,13,1436.29,13,1544.01,3,2,9,109.67,0.282564,0.136473,0.254218,0.326745,0.129934,0.153069,0.555456,0.161541
2051,0,13,1436.29,13,1544.01,3,2,0,109.615,0.269478,0.130134,0.242439,0.357949,0.121985,0.14371,0.582639,0.151666
2052,0,13,1436.29,13,1544.01,2,3,0,109.56,0.282283,0.136297,0.253954,0.327466,0.133672,0.157483,0.542641,0.166203
2053,0,13,1436.29,13,1544.01,3,3,0,109.505,0.28978,0.139897,0.234151,0.336173,0.134556,0.15853,0.546382,0.160532
2054,0,13,1436.29,13,1544.01,2,3,0,109.451,0.302433,0.145984,0.244364,0.307219,0.135328,0.159444,0.549669,0.155559
2055,0,13,1436.29,13,1526.22,2,1,13,109.396,0.310153,0.149689,0.225095,0.315063,0.136003,0.160244,0.552565,0.151188
2056,0,13,1436.29,13,1526.22,1,2,0,109.341,0.287873,0.138916,0.280781,0.292431,0.127254,0.214116,0.517165,0.141465
2057,0,13,1436.29,13,1526.22,0,2,0,109.286,0.290066,0.132358,0.282918,0.294659,0.137756,0.231812,0.477288,0.153144
2058,0,13,1436.29,13,1517.27,0,2,13,109.232,0.264299,0.137144,0.293193,0.305364,0.147979,0.24904,0.43847,0.164512
2059,0,13,1436.29,13,1517.27,3,2,0,109.177,0.321453,0.126474,0.270423,0.28165,0.132302,0.22268,0.497932,0.147086
2060,0,13,1436.29,13,1517.27,2,2,0,109.123,0.33202,0.130607,0.279303,0.25807,0.142688,0.240186,0.458489,0.158637
2061,0,13,1436.29,13,1508.09,3,2,13,109.068,0.342488,0.1347,0.25662,0.266193,0.152739,0.257131,0.420316,0.169814
2062,0,13,1436.29,13,1508.09,2,3,0,109.013,0.314876,0.123817,0.235917,0.32539,0.137053,0.230748,0.479822,0.152377
2063,0,13,1436.29,13,1537.65,0,2,9,108.959,0.322228,0.126684,0.2181,0.332989,0.137902,0.232202,0.482917,0.146979
2064,0,13,1436.29,13,1537.65,0,0,0,108.904,0.353898,0.120749,0.207904,0.317449,0.130219,0.219288,0.5117,0.138792
2065,0,13,1436.29,13,1537.65,3,3,0,108.85,0.323484,0.126416,0.217686,0.332413,0.127673,0.219912,0.513242,0.139174
2066,0,13,1436.29,13,1537.65,3,1,0,108.796,0.337549,0.131888,0.227133,0.303431,0.128159,0.220772,0.515338,0.135731
2067,0,13,1436.29,13,1537.65,1,0,0,108.741,0.349815,0.136655,0.235367,0.278163,0.130204,0.208187,0.52371,0.137899
2068,0,13,1436.29,13,1533.52,3,2,13,108.687,0.351686,0.132068,0.236608,0.279638,0.127907,0.208716,0.525138,0.138238
2069,0,13,1436.29,13,1533.52,0,2,0,108.633,0.322244,0.120988,0.216782,0.339986,0.112345,0.18334,0.582894,0.121421
2070,0,13,1436.29,13,1533.52,0,2,9,108.578,0.294737,0.125881,0.225575,0.353808,0.123196,0.201069,0.542583,0.133151
2071,0,13,1436.29,13,1533.52,1,1,0,108.524,0.328217,0.119888,0.214862,0.337034,0.115769,0.188965,0.570142,0.125125
2072,0,13,1436.29,13,1533.52,1,2,0,108.47,0.329439,0.116627,0.215643,0.338291,0.11688,0.180993,0.575799,0.126328
2073,0,13,1436.29,13,1531.62,0,2,13,108.415,0.330516,0.113754,0.21633,0.339399,0.127954,0.19816,0.535586,0.1383
2074,0,13,1436.29,13,1531.62,0,2,9,108.361,0.390789,0.103497,0.19685,0.308864,0.112123,0.173658,0.593028,0.121191
2075,0,13,1436.29,13,1531.89,3,2,9,108.307,0.42298,0.0980136,0.186444,0.292563,0.105005,0.162647,0.61885,0.113499
2076,0,13,1436.29,13,1531.89,2,1,0,108.253,0.401582,0.093028,0.176983,0.328407,0.0982007,0.152121,0.643533,0.106146
2077,0,13,1436.29,13,1531.89,3,2,0,108.199,0.405794,0.0939764,0.16839,0.331839,0.0985425,0.148925,0.646016,0.106517
2078,0,13,1436.29,13,1531.89,3,2,0,108.145,0.42189,0.0976752,0.175039,0.305397,0.109526,0.165537,0.606547,0.118391
2079,0,13,1436.29,13,1531.89,0,0,9,108.091,0.435753,0.100855,0.180758,0.282633,0.120682,0.182415,0.56645,0.130453
2080,0,13,1436.29,13,1551.58,2,2,9,108.037,0.468176,0.0950466,0.170368,0.26641,0.151725,0.175951,0.546502,0.125822
2081,0,13,1436.29,13,1551.58,3,1,9,107.982,0.448527,0.0910286,0.205243,0.255201,0.142603,0.165377,0.573768,0.118252
2082,0,13,1436.29,13,1551.58,1,2,0,107.929,0.426497,0.08653,0.195132,0.291841,0.13666,0.200009,0.55001,0.11332
2083,0,13,1436.29,13,1551.58,1,1,0,107.875,0.425983,0.0876833,0.194866,0.291467,0.149096,0.218227,0.509049,0.123628
2084,0,13,1436.29,13,1551.58,0,1,0,107.821,0.425518,0.0887315,0.194623,0.291127,0.151519,0.205398,0.51745,0.125632
2085,0,13,1436.29,13,1641.4,1,1,9,107.767,0.390585,0.0941109,0.206455,0.30885,0.153606,0.194332,0.524705,0.127357
2086,0,13,1436.29,13,1617.63,3,1,13,107.713,0.379379,0.12014,0.200506,0.299975,0.146881,0.229483,0.501858,0.121778
2087,0,13,1436.29,13,1503.9,3,2,13,107.659,0.346354,0.109656,0.183029,0.360961,0.135503,0.289065,0.463093,0.112339
2088,0,13,1436.29,13,1503.9,0,2,0,107.605,0.313905,0.0993602,0.16586,0.420874,0.120793,0.257724,0.521343,0.10014
2089,0,13,1436.29,13,1503.9,3,0,0,107.551,0.288951,0.102953,0.171876,0.43622,0.131257,0.280092,0.47984,0.108811
2090,0,13,1436.29,13,1503.9,3,3,0,107.498,0.307394,0.109502,0.182827,0.400276,0.127477,0.281301,0.481962,0.10926
2091,0,13,1436.29,13,1503.9,3,0,0,107.444,0.324961,0.115736,0.193255,0.366048,0.127658,0.281744,0.482774,0.107824
2092,0,13,1436.29,13,1503.9,1,0,0,107.39,0.341539,0.121615,0.203094,0.333752,0.124327,0.28281,0.484652,0.10821
2093,0,13,1436.29,13,1506.23,2,2,9,107.336,0.343051,0.11775,0.203971,0.335228,0.12139,0.283748,0.486313,0.108549
2094,0,13,1436.29,13,1525.69,0,2,9,107.283,0.329351,0.113023,0.235788,0.321838,0.114844,0.268492,0.513971,0.102693
2095,0,13,1436.29,13,1525.69,0,2,0,107.229,0.359573,0.107913,0.225162,0.307353,0.108446,0.253578,0.541006,0.0969696
2096,0,13,1436.29,13,1523.31,3,2,13,107.175,0.327462,0.113307,0.23645,0.322781,0.1183,0.276666,0.499255,0.105778
2097,0,13,1436.29,13,1523.31,3,0,0,107.122,0.299153,0.103489,0.215995,0.381363,0.104682,0.244859,0.556859,0.0935996
2098,0,13,1436.29,13,1523.31,1,0,0,107.068,0.315352,0.10907,0.227676,0.347902,0.104493,0.244891,0.557023,0.0935937
2099,0,13,1436.29,13,1523.31,3,0,0,107.015,0.316238,0.106575,0.228301,0.348886,0.10432,0.244918,0.557176,0.0935861
2100,0,13,1436.29,13,1523.31,3,0,0,106.961,0.331539,0.111707,0.239331,0.317423,0.104162,0.244941,0.55732,0.0935768
2101,0,13,1436.29,13,1523.31,3,2,0,106.908,0.345448,0.116368,0.249356,0.288828,0.104018,0.244961,0.557455,0.0935662
2102,0,13,1436.29,13,1523.31,2,3,0,106.854,0.357316,0.12034,0.257906,0.264438,0.11387,0.268207,0.515497,0.102426
2103,0,13,1436.29,13,1528.45,3,2,9,106.801,0.366966,0.123563,0.237908,0.271563,0.113895,0.268312,0.515766,0.102027
2104,0,13,1436.29,13,1463.25,2,2,13,106.748,0.350008,0.117827,0.226895,0.305269,0.107521,0.25334,0.542824,0.0963153
2105,0,13,1436.29,13,1463.25,1,2,0,106.694,0.32433,0.109159,0.283646,0.282865,0.0943681,0.222387,0.598713,0.0845313
2106,0,13,1436.29,13,1463.25,1,1,0,106.641,0.325429,0.106156,0.2846,0.283816,0.104236,0.245685,0.556711,0.0933687
2107,0,13,1436.29,13,1481.07,2,2,9,106.587,0.326397,0.103512,0.285439,0.284652,0.106398,0.229849,0.568449,0.0953034
2108,0,13,1436.29,13,1481.07,0,3,0,106.534,0.312217,0.0989923,0.316512,0.272279,0.100062,0.216195,0.594116,0.0896262
2109,0,13,1436.29,13,1494.34,0,2,9,106.481,0.283187,0.103151,0.329886,0.283775,0.0998769,0.215827,0.593226,0.0910703
2110,0,13,1436.29,13,1495.34,3,2,9,106.428,0.314475,0.0986304,0.315501,0.271393,0.0938048,0.202737,0.617926,0.085532
2111,0,13,1436.29,13,1504.43,2,2,9,106.374,0.301323,0.0944835,0.302307,0.301886,0.0879937,0.190207,0.641567,0.080232
2112,0,13,1436.29,13,1579.03,1,2,9,106.321,0.288791,0.0905329,0.331345,0.289331,0.0824563,0.178265,0.664097,0.0751816
2113,0,13,1436.29,13,1579.03,1,2,0,106.268,0.281194,0.114449,0.322637,0.281719,0.0771999,0.166927,0.685486,0.0703876
2114,0,13,1436.29,13,1516.09,2,2,13,106.215,0.282449,0.110487,0.324086,0.282977,0.0869722,0.188086,0.645646,0.0792962
2115,0,13,1436.29,13,1516.09,0,2,0,106.162,0.258277,0.101013,0.381951,0.25876,0.0749756,0.162167,0.6945,0.0683571
2116,0,13,1436.29,13,1516.09,2,2,0,106.109,0.237919,0.103764,0.392459,0.265858,0.0846568,0.183135,0.655026,0.0771823
2117,0,13,1436.29,13,1517.99,0,2,9,106.056,0.25152,0.109678,0.357738,0.281063,0.0946854,0.204861,0.614129,0.0863238
2118,0,13,1436.29,13,1517.99,3,2,0,106.003,0.28379,0.10493,0.342333,0.268947,0.0888252,0.192212,0.637983,0.0809796
2119,0,13,1436.29,13,1517.99,0,2,0,105.95,0.292787,0.108236,0.353199,0.245778,0.0989583,0.214172,0.596653,0.090216
2120,0,13,1436.29,13,1517.99,3,1,0,105.897,0.267264,0.112122,0.365969,0.254645,0.10923,0.236439,0.554754,0.099578
2121,0,13,1436.29,13,1524.18,2,1,9,105.844,0.274495,0.115136,0.375894,0.234476,0.111307,0.221732,0.565491,0.10147
2122,0,13,1436.29,13,1523.77,3,2,13,105.791,0.260916,0.109421,0.406792,0.22287,0.106069,0.258182,0.539055,0.0966936
2123,0,13,1436.29,13,1516.11,2,1,13,105.738,0.241392,0.101215,0.376385,0.281008,0.0931282,0.226722,0.595255,0.0848947
2124,0,13,1436.29,13,1510.78,0,2,13,105.685,0.218122,0.0914427,0.436508,0.253927,0.0857469,0.28781,0.548278,0.0781645
2125,0,13,1436.29,13,1514.2,3,3,9,105.632,0.27632,0.0846159,0.404046,0.235018,0.0753285,0.252902,0.603103,0.0686661
2126,0,13,1436.29,13,1514.2,1,3,0,105.579,0.264336,0.0809271,0.386553,0.268184,0.0734389,0.246618,0.588219,0.0917246
2127,0,13,1436.29,13,1514.2,2,1,0,105.527,0.264266,0.0811425,0.386479,0.268113,0.0733617,0.246418,0.587845,0.0923749
2128,0,13,1436.29,13,1514.2,1,3,0,105.474,0.27962,0.0858369,0.35085,0.283692,0.0749431,0.229919,0.600767,0.0943706
2129,0,13,1436.29,13,1546.48,0,2,9,105.421,0.279846,0.085081,0.35115,0.283923,0.0748686,0.229743,0.60042,0.0949688
2130,0,13,1436.29,13,1530.05,0,2,13,105.368,0.310631,0.081425,0.336156,0.271788,0.0705004,0.216387,0.623681,0.089432
2131,0,13,1436.29,13,1530.05,2,1,0,105.316,0.367875,0.0746463,0.308258,0.249221,0.0611695,0.18779,0.673442,0.0775993
2132,0,13,1436.29,13,1530.05,2,1,0,105.263,0.382923,0.0776749,0.280007,0.259395,0.0617849,0.179288,0.680543,0.0783837
2133,0,13,1436.29,13,1530.05,3,2,0,105.21,0.395731,0.0802473,0.255971,0.268051,0.0623167,0.171891,0.68673,0.0790621
2134,0,13,1436.29,13,1527.13,3,2,13,105.158,0.407624,0.0826327,0.263641,0.246102,0.0704393,0.194335,0.645854,0.0893716
2135,0,13,1436.29,13,1528.81,3,2,9,105.105,0.375909,0.0761792,0.243108,0.304804,0.060852,0.167919,0.694018,0.0772111
2136,0,13,1436.29,13,1528.81,0,2,0,105.053,0.359112,0.0727521,0.232225,0.335911,0.057063,0.157495,0.713035,0.072407
2137,0,13,1436.29,13,1528.81,3,0,0,105,0.324501,0.0766623,0.244763,0.354073,0.0649371,0.179265,0.673396,0.0824024
2138,0,13,1436.29,13,1519.28,3,2,13,104.948,0.341644,0.0806887,0.257678,0.319989,0.0680587,0.178635,0.671207,0.0821
2139,0,13,1436.29,13,1519.28,0,1,0,104.895,0.312676,0.0738259,0.235817,0.377682,0.0585777,0.153779,0.716977,0.0706656
2140,0,13,1436.29,13,1515.95,3,2,13,104.843,0.284241,0.0768602,0.245566,0.393333,0.0588543,0.14942,0.720724,0.0710019
2141,0,13,1436.29,13,1515.95,3,2,0,104.79,0.256355,0.0693018,0.221468,0.452874,0.0503006,0.127727,0.761287,0.060685
2142,0,13,1436.29,13,1515.95,3,2,9,104.738,0.274719,0.0742467,0.237326,0.413708,0.0579896,0.147279,0.724767,0.069964
2143,0,13,1436.29,13,1509.66,0,2,13,104.686,0.260981,0.0705154,0.225452,0.443051,0.0543358,0.138025,0.742081,0.0655581
2144,0,13,1436.29,13,1497.79,0,2,13,104.633,0.32131,0.0647402,0.207035,0.406915,0.0463121,0.117665,0.780143,0.0558794
2145,0,13,1436.29,13,1488.44,3,2,13,104.581,0.381344,0.0589963,0.188711,0.370949,0.0393078,0.0998879,0.813374,0.0474299
2146,0,13,1436.29,13,1484,3,2,13,104.529,0.346123,0.0535275,0.171257,0.429092,0.0332618,0.0845398,0.842062,0.0401362
2147,0,13,1436.29,13,1484,2,1,0,104.476,0.310725,0.0480352,0.153721,0.487519,0.0280898,0.0714078,0.866606,0.0338965
2148,0,13,1436.29,13,1484,0,2,0,104.424,0.313221,0.048403,0.146898,0.491479,0.0279843,0.0743019,0.863943,0.0337705
2149,0,13,1436.29,13,1484,3,2,0,104.372,0.287248,0.0502145,0.152429,0.510109,0.0333394,0.0885376,0.837889,0.0402343
2150,0,13,1436.29,13,1484,3,2,0,104.32,0.311957,0.0545149,0.16552,0.468008,0.0393622,0.104552,0.808581,0.0475044
2151,0,13,1436.29,13,1484,3,2,0,104.268,0.335931,0.0586839,0.178218,0.427168,0.0460391,0.122311,0.776085,0.0555645
2152,0,13,1436.29,13,1484,0,3,0,104.215,0.358888,0.0626725,0.190373,0.388067,0.0533299,0.141708,0.740595,0.0643663
2153,0,13,1436.29,13,1481.91,0,2,13,104.163,0.324919,0.0659742,0.200447,0.40866,0.0531186,0.141174,0.738049,0.0676577
2154,0,13,1436.29,13,1481.91,3,2,0,104.111,0.38527,0.060059,0.182516,0.372156,0.0453045,0.12043,0.776558,0.0577076
2155,0,13,1436.29,13,1481.91,0,1,0,104.059,0.407211,0.0634558,0.192881,0.336452,0.0525002,0.139585,0.741038,0.0668765
2156,0,13,1436.29,13,1481.91,2,2,0,104.007,0.369321,0.067494,0.205201,0.357983,0.052652,0.1367,0.743574,0.0670732
2157,0,13,1436.29,13,1481.91,2,2,0,103.955,0.376537,0.0687893,0.189698,0.364975,0.0604442,0.156961,0.705591,0.0770033
2158,0,13,1436.29,13,1481.91,0,1,0,103.903,0.382673,0.0698865,0.17652,0.37092,0.0686972,0.178427,0.665355,0.0875215
2159,0,13,1436.29,13,1481.91,3,2,0,103.851,0.346432,0.0739706,0.18687,0.392728,0.0692985,0.170927,0.671483,0.0882918
2160,0,13,1436.29,13,1482.07,0,2,9,103.799,0.367285,0.0783989,0.198094,0.356222,0.078065,0.192584,0.629885,0.0994659
2161,0,13,1436.29,13,1495.25,3,2,9,103.747,0.396508,0.0747608,0.188936,0.339794,0.0733147,0.180898,0.652369,0.0934179
2162,0,13,1436.29,13,1495.25,0,2,0,103.696,0.377724,0.0711952,0.179959,0.371122,0.068793,0.169772,0.673775,0.0876605
2163,0,13,1436.29,13,1495.25,0,2,0,103.644,0.341811,0.0752851,0.190332,0.392572,0.0775435,0.191402,0.632239,0.0988158
2164,0,13,1436.29,13,1495.25,0,3,0,103.592,0.310644,0.0788303,0.199332,0.411194,0.0865426,0.213653,0.589516,0.110289
2165,0,13,1436.29,13,1495.25,3,3,0,103.54,0.283972,0.0818599,0.207031,0.427138,0.0866044,0.213844,0.590163,0.109388
2166,0,13,1436.29,13,1495.25,0,3,0,103.488,0.302626,0.0872155,0.220617,0.389542,0.0866571,0.214013,0.590749,0.108581
2167,0,13,1436.29,13,1495.25,0,3,0,103.437,0.276417,0.0904727,0.228899,0.404211,0.0867017,0.214162,0.591281,0.107856
2168,0,13,1436.29,13,1495.25,3,2,0,103.385,0.254059,0.0932471,0.235962,0.416732,0.0867392,0.214293,0.591764,0.107204
2169,0,13,1436.29,13,1528.64,0,2,9,103.333,0.270001,0.0990782,0.250764,0.380157,0.0959124,0.236999,0.548543,0.118546
2170,0,13,1436.29,13,1528.64,2,2,0,103.281,0.303147,0.0945602,0.239373,0.36292,0.0904212,0.22347,0.574345,0.111764
2171,0,13,1436.29,13,1525.14,0,2,13,103.23,0.310781,0.0969191,0.220227,0.372073,0.0996011,0.246203,0.53108,0.123116
2172,0,13,1436.29,13,1525.14,2,3,0,103.178,0.371261,0.0883968,0.200895,0.339447,0.0875756,0.216516,0.587652,0.108256
2173,0,13,1436.29,13,1525.14,3,0,0,103.127,0.377831,0.0899354,0.186785,0.345448,0.0876215,0.216669,0.588184,0.107525
2174,0,13,1436.29,13,1525.14,0,2,9,103.075,0.396053,0.0942456,0.195765,0.313936,0.0887129,0.216385,0.587532,0.10737
2175,0,13,1436.29,13,1525.61,3,2,9,103.024,0.426671,0.0894523,0.185836,0.298041,0.0834509,0.203587,0.611957,0.101005
2176,0,13,1436.29,13,1525.61,2,2,0,102.972,0.405756,0.0850409,0.176697,0.332506,0.0784074,0.191317,0.635372,0.0949042
2177,0,13,1436.29,13,1526.12,3,2,9,102.921,0.41077,0.0860648,0.166564,0.336601,0.087584,0.213746,0.592655,0.106016
2178,0,13,1436.29,13,1526.12,3,2,0,102.869,0.390466,0.0817851,0.158303,0.369447,0.0823638,0.201042,0.616893,0.0997006
2179,0,13,1436.29,13,1552.91,3,0,9,102.818,0.411515,0.0861671,0.166806,0.335511,0.091612,0.223656,0.573832,0.1109
2180,0,13,1436.29,13,1552.91,3,1,0,102.766,0.391157,0.0818787,0.158526,0.368438,0.118353,0.21705,0.556988,0.107609
2181,0,13,1436.29,13,1552.91,2,2,0,102.715,0.41213,0.0862419,0.166995,0.334633,0.120372,0.203519,0.566666,0.109443
2182,0,13,1436.29,13,1552.72,0,2,13,102.663,0.416478,0.0871245,0.158248,0.338149,0.132443,0.223952,0.52319,0.120415
2183,0,13,1436.29,13,1550.24,0,2,13,102.612,0.477696,0.0779695,0.141636,0.302699,0.11663,0.197233,0.580101,0.106036
2184,0,13,1436.29,13,1530.85,0,2,13,102.561,0.538383,0.068897,0.12517,0.267549,0.101679,0.171968,0.633913,0.0924413
2185,0,13,1436.29,13,1530.85,1,2,0,102.51,0.596809,0.0601655,0.10932,0.233706,0.0878681,0.148626,0.683622,0.079884
2186,0,13,1436.29,13,1539.31,0,2,9,102.458,0.59465,0.0636457,0.108888,0.232817,0.0993652,0.16809,0.64221,0.0903346
2187,0,13,1436.29,13,1540.85,0,2,9,102.407,0.620825,0.0595253,0.101849,0.217801,0.0932651,0.157788,0.66416,0.0847873
2188,0,13,1436.29,13,1540.85,0,2,0,102.356,0.645823,0.0555909,0.0951278,0.203458,0.0874698,0.147999,0.685014,0.0795173
2189,0,13,1436.29,13,1508.08,0,2,13,102.305,0.605258,0.0619471,0.106016,0.226779,0.0989549,0.167449,0.643639,0.0899565
2190,0,13,1436.29,13,1508.08,0,2,9,102.254,0.659357,0.0534477,0.09148,0.195715,0.085371,0.144478,0.692545,0.0776064
2191,0,13,1436.29,13,1510.18,0,0,9,102.202,0.682412,0.0498215,0.0852826,0.182484,0.0799966,0.135397,0.711887,0.0727194
2192,0,13,1436.29,13,1508.13,0,2,13,102.151,0.70418,0.0463983,0.0794315,0.16999,0.105856,0.131559,0.691936,0.0706491
2193,0,13,1436.29,13,1508.13,3,2,0,102.1,0.748709,0.0394071,0.0674702,0.144414,0.0908039,0.112856,0.735742,0.060598
2194,0,13,1436.29,13,1499.69,0,2,13,102.049,0.750825,0.0394952,0.0676283,0.142051,0.104245,0.129567,0.696626,0.0695623
2195,0,13,1436.29,13,1499.69,0,2,0,101.998,0.789701,0.0333274,0.0570731,0.119898,0.0893577,0.111068,0.739951,0.0596233
2196,0,13,1436.29,13,1499.69,0,2,0,101.947,0.756858,0.0385256,0.0659821,0.138635,0.102707,0.127667,0.701102,0.0685249
2197,0,13,1436.29,13,1470.45,0,2,13,101.896,0.72144,0.0441296,0.0755883,0.158842,0.116839,0.145239,0.659974,0.0779473
2198,0,13,1436.29,13,1469.73,0,1,13,101.845,0.764026,0.0373766,0.0640281,0.134569,0.100664,0.125137,0.707048,0.0671507
2199,0,13,1436.29,13,1469.73,0,2,9,101.794,0.801194,0.0314839,0.0539394,0.113383,0.0950271,0.173868,0.667719,0.0633856
2200,0,13,1436.29,13,1469.73,0,2,9,101.743,0.815201,0.0292607,0.0501358,0.105403,0.0894366,0.163659,0.687253,0.0596517
2201,0,13,1436.29,13,1469.73,0,2,0,101.693,0.828181,0.0272006,0.0466111,0.0980073,0.0841341,0.153974,0.705781,0.0561106
2202,0,13,1436.29,13,1469.73,0,2,0,101.642,0.799003,0.0318141,0.0545227,0.11466,0.0960668,0.175834,0.664036,0.0640636
2203,0,13,1436.29,13,1469.73,0,2,0,101.591,0.766947,0.0368816,0.0632141,0.132957,0.108523,0.198657,0.620456,0.0723642
2204,0,13,1436.29,13,1469.73,2,1,0,101.54,0.732225,0.042369,0.0726273,0.152779,0.121299,0.22207,0.575754,0.0808768
2205,0,13,1436.29,13,1466.89,0,1,13,101.489,0.729633,0.042195,0.0759813,0.15219,0.123572,0.207316,0.586727,0.0823857
2206,0,13,1436.29,13,1466.89,0,2,0,101.439,0.771246,0.0356944,0.0642831,0.128777,0.114422,0.265845,0.543453,0.0762795
2207,0,13,1436.29,13,1466.89,0,3,0,101.388,0.736783,0.0410647,0.0739634,0.148189,0.125823,0.292384,0.49792,0.0838732
2208,0,13,1436.29,13,1465.15,3,2,13,101.337,0.699921,0.0468072,0.0843164,0.168956,0.125812,0.292406,0.49801,0.0837722
2209,0,13,1436.29,13,1465.15,0,2,0,101.287,0.651155,0.0435224,0.0784085,0.226914,0.111731,0.259725,0.554153,0.0743907
2210,0,13,1436.29,13,1465.15,0,1,0,101.236,0.6095,0.0487076,0.0877602,0.254032,0.123166,0.286352,0.508485,0.0819969
2211,0,13,1436.29,13,1465.15,0,2,9,101.185,0.567048,0.0539897,0.0972888,0.281673,0.127353,0.261947,0.525922,0.0847778
2212,0,13,1436.29,13,1488.87,3,2,9,101.135,0.5934,0.0506913,0.091356,0.264553,0.120655,0.248205,0.550828,0.0803122
2213,0,13,1436.29,13,1463.83,0,2,13,101.084,0.562903,0.0480625,0.0866285,0.302406,0.114154,0.234865,0.575003,0.0759786
2214,0,13,1436.29,13,1463.83,3,0,0,101.034,0.618601,0.0419264,0.0755777,0.263895,0.0999391,0.205649,0.6279,0.0665123
2215,0,13,1436.29,13,1463.83,0,2,0,100.983,0.633639,0.0429226,0.0773826,0.246055,0.0994809,0.205725,0.628272,0.0665219
2216,0,13,1436.29,13,1463.83,3,1,0,100.933,0.59123,0.0478789,0.0863281,0.274563,0.111502,0.230618,0.583325,0.0745544
2217,0,13,1436.29,13,1463.83,2,2,0,100.882,0.606969,0.0491288,0.0885922,0.25531,0.113787,0.214663,0.595474,0.0760759
2218,0,13,1436.29,13,1463.83,0,2,9,100.832,0.606117,0.0490351,0.0899413,0.254907,0.126483,0.238644,0.550315,0.0845574
2219,0,13,1436.29,13,1463.83,3,2,0,100.781,0.630935,0.0459344,0.084264,0.238866,0.119592,0.225671,0.574794,0.0799439
2220,0,13,1436.29,13,1463.83,0,3,0,100.731,0.642892,0.0467803,0.0858263,0.224502,0.132308,0.249699,0.529556,0.0884374
2221,0,13,1436.29,13,1463.83,0,2,0,100.68,0.601196,0.0522305,0.0958372,0.250736,0.132293,0.249703,0.529645,0.0883591
2222,0,13,1436.29,13,1463.83,3,1,0,100.63,0.558839,0.0577648,0.106005,0.277391,0.144898,0.273528,0.484805,0.0967696
2223,0,13,1436.29,13,1463.83,0,2,0,100.58,0.574159,0.0593215,0.108875,0.257645,0.149461,0.250536,0.500194,0.0998091
2224,0,13,1436.29,13,1476.85,0,2,9,100.53,0.532016,0.0651785,0.119639,0.283166,0.16258,0.272555,0.456303,0.108561
2225,0,13,1436.29,13,1476.85,3,0,0,100.479,0.560179,0.0612433,0.112429,0.266148,0.154507,0.259047,0.483284,0.103162
2226,0,13,1436.29,13,1476.85,0,0,0,100.429,0.57413,0.0627408,0.115192,0.247937,0.146703,0.261426,0.487782,0.10409
2227,0,13,1436.29,13,1476.85,0,2,0,100.379,0.532249,0.0688976,0.126512,0.272342,0.139956,0.26348,0.491676,0.104889
2228,0,13,1436.29,13,1498.87,2,2,9,100.329,0.49074,0.0749973,0.137729,0.296534,0.151928,0.286055,0.448162,0.113854
2229,0,13,1436.29,13,1447.88,2,2,13,100.278,0.472707,0.0722143,0.169469,0.285609,0.144412,0.271938,0.475435,0.108216
2230,0,13,1436.29,13,1447.84,0,2,13,100.228,0.441843,0.0674739,0.223748,0.266934,0.128417,0.241849,0.53351,0.0962242
2231,0,13,1436.29,13,1445.6,0,1,13,100.178,0.502373,0.060143,0.199486,0.237998,0.112974,0.212791,0.589588,0.0846473
2232,0,13,1436.29,13,1445.6,0,3,0,100.128,0.56166,0.0529655,0.175722,0.209653,0.104411,0.27228,0.545082,0.0782271
2233,0,13,1436.29,13,1445.6,3,1,0,100.078,0.518803,0.0581307,0.192904,0.230162,0.104296,0.272033,0.544663,0.0790088
2234,0,13,1436.29,13,1445.6,2,1,0,100.028,0.529135,0.0592624,0.196707,0.214896,0.107412,0.250105,0.561119,0.0813645
2235,0,13,1436.29,13,1445.6,0,0,0,99.978,0.536375,0.0600469,0.185782,0.217797,0.110065,0.231396,0.575169,0.0833697
2236,0,13,1436.29,13,1445.6,0,0,0,99.928,0.49411,0.065507,0.20272,0.237662,0.108311,0.231829,0.576351,0.0835088
2237,0,13,1436.29,13,1445.6,0,2,9,99.878,0.452753,0.0708472,0.219296,0.257103,0.10675,0.232212,0.577408,0.0836296
2238,0,13,1436.29,13,1460.6,0,1,9,99.8281,0.482344,0.0670022,0.207441,0.243212,0.100713,0.219114,0.601276,0.0788964
2239,0,13,1436.29,13,1456.6,0,2,13,99.7782,0.511477,0.063218,0.19577,0.229535,0.0960943,0.254728,0.573903,0.0752741
2240,0,13,1436.29,13,1456.6,3,0,0,99.7283,0.570876,0.0555197,0.171969,0.201636,0.0840924,0.222957,0.627081,0.0658694
2241,0,13,1436.29,13,1456.6,0,3,0,99.6784,0.57865,0.0562495,0.174269,0.190831,0.0849336,0.222725,0.626557,0.0657847
2242,0,13,1436.29,13,1456.6,1,1,0,99.6286,0.536182,0.0619064,0.191838,0.210074,0.0847069,0.222173,0.625135,0.0679853
2243,0,13,1436.29,13,1456.6,0,2,0,99.5788,0.534652,0.0646612,0.191251,0.209436,0.0862681,0.207585,0.636911,0.0692353
2244,0,13,1436.29,13,1456.6,0,2,0,99.529,0.492481,0.0705072,0.208587,0.228424,0.09692,0.233258,0.592042,0.0777806
2245,0,13,1436.29,13,1456.6,3,3,0,99.4792,0.451238,0.076222,0.225543,0.246997,0.107728,0.259315,0.546506,0.0864506
2246,0,13,1436.29,13,1456.6,1,1,0,99.4295,0.462376,0.0780756,0.231078,0.228471,0.107686,0.259259,0.546469,0.086586
2247,0,13,1436.29,13,1461.85,3,2,9,99.3798,0.46186,0.0791683,0.230788,0.228184,0.110595,0.239073,0.561412,0.0889209
2248,0,13,1436.29,13,1462.4,0,2,9,99.3301,0.440836,0.0755379,0.220252,0.263374,0.104425,0.225769,0.58585,0.0839563
2249,0,13,1436.29,13,1462.4,3,1,0,99.2804,0.470543,0.0715104,0.208553,0.249394,0.0984773,0.212944,0.609407,0.0791714
2250,0,13,1436.29,13,1462.4,3,2,0,99.2308,0.482196,0.0732537,0.213683,0.230867,0.100118,0.199607,0.619788,0.0804871
2251,0,13,1436.29,13,1462.4,0,0,0,99.1811,0.492166,0.0747402,0.218066,0.215028,0.111898,0.223123,0.575025,0.0899534
2252,0,13,1436.29,13,1462.4,0,2,0,99.1316,0.451098,0.0807697,0.235708,0.232424,0.109985,0.223581,0.576313,0.0901214
2253,0,13,1436.29,13,1462.4,3,2,0,99.082,0.411469,0.0865852,0.252734,0.249211,0.121685,0.247399,0.531213,0.0997039
2254,0,13,1436.29,13,1462.4,3,0,0,99.0324,0.422319,0.0888406,0.259373,0.229468,0.133284,0.27102,0.486492,0.109204
2255,0,13,1436.29,13,1462.4,0,2,0,98.9829,0.431565,0.0907573,0.265025,0.212653,0.128012,0.272657,0.489488,0.109843
2256,0,13,1436.29,13,1462.4,0,1,9,98.9334,0.393171,0.0968714,0.28294,0.227017,0.138955,0.29601,0.445806,0.119229
2257,0,13,1436.29,13,1462.4,1,2,0,98.884,0.423915,0.0919484,0.268619,0.215517,0.132524,0.328497,0.425272,0.113708
2258,0,13,1436.29,13,1462.4,0,1,0,98.8345,0.424154,0.0914904,0.268746,0.21561,0.142068,0.352218,0.383822,0.121893
2259,0,13,1436.29,13,1462.4,3,1,0,98.7851,0.386098,0.0975207,0.286521,0.22986,0.149868,0.316576,0.404975,0.128581
2260,0,13,1436.29,13,1462.4,0,0,0,98.7357,0.395022,0.0997473,0.293126,0.212104,0.156507,0.286217,0.423002,0.134273
2261,0,13,1436.29,13,1462.4,0,2,0,98.6863,0.358662,0.105726,0.310762,0.224851,0.147529,0.28926,0.427531,0.13568
2262,0,13,1436.29,13,1462.4,2,2,0,98.637,0.324523,0.111336,0.327323,0.236818,0.158016,0.309864,0.386798,0.145323
2263,0,13,1436.29,13,1462.4,3,1,0,98.5877,0.339953,0.116605,0.29538,0.248062,0.167916,0.32932,0.34834,0.154424
2264,0,13,1436.29,13,1462.4,0,1,0,98.5384,0.349581,0.119881,0.303738,0.2268,0.176326,0.295678,0.365841,0.162156
2265,0,13,1436.29,13,1461.85,2,2,13,98.4891,0.316517,0.125959,0.319195,0.238329,0.183451,0.267165,0.380679,0.168705
2266,0,13,1436.29,13,1461.85,2,0,0,98.4399,0.288814,0.114913,0.378817,0.217456,0.165783,0.241453,0.440308,0.152455
2267,0,13,1436.29,13,1461.85,2,0,0,98.3907,0.305068,0.121358,0.343894,0.229681,0.156349,0.244173,0.44532,0.154158
2268,0,13,1436.29,13,1461.85,2,1,9,98.3415,0.320279,0.127385,0.311216,0.24112,0.148231,0.246511,0.449638,0.15562
2269,0,13,1436.29,13,1461.85,1,2,0,98.2923,0.305971,0.121672,0.342022,0.230335,0.141499,0.280633,0.429314,0.148554
2270,0,13,1436.29,13,1461.85,1,0,0,98.2431,0.307628,0.116922,0.343881,0.231569,0.151514,0.300535,0.388882,0.159069
2271,0,13,1436.29,13,1461.85,2,1,0,98.194,0.309072,0.112781,0.345504,0.232643,0.142725,0.303648,0.39293,0.160697
2272,0,13,1436.29,13,1461.85,1,0,0,98.1449,0.324554,0.118407,0.312757,0.244283,0.148539,0.275199,0.409017,0.167246
2273,0,13,1436.29,13,1461.85,0,1,0,98.0959,0.326282,0.113728,0.31442,0.24557,0.140735,0.277716,0.412791,0.168759
2274,0,13,1436.29,13,1461.85,2,1,0,98.0468,0.294985,0.118993,0.329044,0.256978,0.14545,0.253417,0.426714,0.174419
2275,0,13,1436.29,13,1461.85,0,1,0,97.9978,0.308757,0.124526,0.297748,0.268969,0.149452,0.232776,0.438548,0.179225
2276,0,13,1436.29,13,1461.85,2,2,0,97.9488,0.27902,0.129866,0.310569,0.280545,0.152852,0.215218,0.448622,0.183309
2277,0,13,1436.29,13,1461.85,3,2,9,97.8998,0.291048,0.135443,0.28087,0.292639,0.163987,0.230913,0.40843,0.19667
2278,0,13,1436.29,13,1468.53,0,2,9,97.8509,0.27851,0.129588,0.268769,0.323133,0.155667,0.219211,0.438424,0.186698
2279,0,13,1436.29,13,1484.12,3,2,9,97.8019,0.31074,0.123782,0.256765,0.308713,0.147386,0.207565,0.468275,0.176773
2280,0,13,1436.29,13,1484.12,3,1,0,97.753,0.296885,0.118241,0.245306,0.339568,0.139206,0.196059,0.497766,0.166969
2281,0,13,1436.29,13,1484.12,0,1,9,97.7042,0.311297,0.123959,0.257205,0.307539,0.141193,0.184451,0.504998,0.169358
2282,0,13,1436.29,13,1481.04,3,1,13,97.6553,0.342148,0.11839,0.245686,0.293776,0.135151,0.219219,0.483513,0.162117
2283,0,13,1436.29,13,1481.04,3,2,0,97.6065,0.312606,0.108144,0.224457,0.354793,0.124776,0.279041,0.446507,0.149676
2284,0,13,1436.29,13,1481.04,0,2,9,97.5577,0.328788,0.113718,0.236061,0.321433,0.13404,0.299807,0.405357,0.160795
2285,0,13,1436.29,13,1481.04,3,2,9,97.5089,0.359841,0.108441,0.225139,0.30658,0.127486,0.285193,0.434383,0.152938
2286,0,13,1436.29,13,1481.04,3,2,0,97.4601,0.342751,0.103266,0.214426,0.339557,0.12096,0.270639,0.463285,0.145116
2287,0,13,1436.29,13,1481.04,2,2,0,97.4114,0.359631,0.108326,0.224965,0.307078,0.130384,0.291771,0.421418,0.156427
2288,0,13,1436.29,13,1481.04,2,1,0,97.3627,0.367722,0.110736,0.207565,0.313977,0.139381,0.311954,0.381438,0.167227
2289,0,13,1436.29,13,1481.04,0,2,0,97.314,0.374607,0.112783,0.192765,0.319845,0.145416,0.282077,0.398034,0.174474
2290,0,13,1436.29,13,1481.04,2,1,9,97.2654,0.340281,0.118956,0.203339,0.337424,0.154678,0.300084,0.359644,0.185594
2291,0,13,1436.29,13,1481.04,3,0,0,97.2167,0.326451,0.114097,0.235742,0.323709,0.147861,0.330869,0.34385,0.17742
2292,0,13,1436.29,13,1481.04,3,3,0,97.1681,0.341467,0.11932,0.246569,0.292643,0.138551,0.334491,0.347618,0.17934
2293,0,13,1436.29,13,1477.65,2,2,13,97.1195,0.35424,0.123758,0.255776,0.266226,0.140798,0.339976,0.35332,0.165905
2294,0,13,1436.29,13,1477.65,0,1,0,97.071,0.325452,0.113676,0.316294,0.244577,0.127879,0.308836,0.412597,0.150688
2295,0,13,1436.29,13,1477.65,2,2,0,97.0224,0.294099,0.118942,0.331013,0.255946,0.133098,0.280526,0.429534,0.156842
2296,0,13,1436.29,13,1477.65,0,0,0,96.9739,0.307976,0.124532,0.299477,0.268015,0.142399,0.300175,0.389617,0.167808
2297,0,13,1436.29,13,1477.65,2,1,0,96.9255,0.278188,0.129875,0.312381,0.279557,0.13505,0.302747,0.392976,0.169227
2298,0,13,1436.29,13,1477.65,2,3,0,96.877,0.290305,0.135511,0.282449,0.291734,0.140437,0.274839,0.408739,0.175985
2299,0,13,1436.29,13,1477.65,3,2,0,96.8285,0.301278,0.140611,0.255351,0.30276,0.142293,0.278509,0.41423,0.164967
2300,0,13,1436.29,13,1476.67,2,1,13,96.7801,0.313799,0.146433,0.265955,0.273813,0.15168,0.296922,0.375543,0.175855
2301,0,13,1436.29,13,1476.67,2,1,0,96.7317,0.288287,0.134508,0.32566,0.251545,0.138558,0.35768,0.343116,0.160646
2302,0,13,1436.29,13,1476.67,3,1,0,96.6834,0.301425,0.140616,0.294957,0.263002,0.146266,0.321877,0.36227,0.169588
2303,0,13,1436.29,13,1476.67,1,1,0,96.635,0.311238,0.145171,0.304558,0.239033,0.152987,0.29064,0.378987,0.177386
2304,0,13,1436.29,13,1476.67,2,2,0,96.5867,0.314116,0.137279,0.307373,0.241231,0.158693,0.264106,0.393193,0.184008
2305,0,13,1436.29,13,1476.67,0,1,0,96.5384,0.327187,0.142968,0.278589,0.251256,0.168415,0.280315,0.355983,0.195287
2306,0,13,1436.29,13,1476.67,1,1,0,96.4902,0.296889,0.149391,0.291145,0.262575,0.174448,0.254474,0.36879,0.202288
2307,0,13,1436.29,13,1476.67,0,3,9,96.4419,0.299918,0.140722,0.294114,0.265247,0.179554,0.232593,0.379639,0.208214
2308,0,13,1436.29,13,1476.67,0,3,0,96.3937,0.331687,0.134321,0.280778,0.253214,0.172057,0.222893,0.363843,0.241207
2309,0,13,1436.29,13,1486.71,3,0,9,96.3455,0.301118,0.14045,0.293632,0.264801,0.176668,0.228878,0.373649,0.220805
2310,0,13,1436.29,13,1486.71,0,0,0,96.2973,0.287909,0.134268,0.28075,0.297074,0.208402,0.220047,0.359267,0.212284
2311,0,13,1436.29,13,1486.71,0,1,0,96.2492,0.260814,0.139359,0.291439,0.308388,0.192129,0.224561,0.366673,0.216637
2312,0,13,1436.29,13,1486.71,1,2,0,96.201,0.237878,0.143666,0.300489,0.317968,0.1966,0.206463,0.375254,0.221683
2313,0,13,1436.29,13,1486.71,0,3,0,96.1529,0.239878,0.136432,0.30303,0.32066,0.207865,0.218296,0.339448,0.234391
2314,0,13,1436.29,13,1486.71,3,3,0,96.1049,0.220326,0.139922,0.310832,0.32892,0.213333,0.22404,0.348411,0.214216
2315,0,13,1436.29,13,1486.71,2,1,0,96.0568,0.230174,0.146163,0.324747,0.298917,0.217954,0.228896,0.355994,0.197156
2316,0,13,1436.29,13,1486.71,0,1,0,96.0088,0.240249,0.152547,0.295186,0.312018,0.22322,0.210235,0.36463,0.201915
2317,0,13,1436.29,13,1486.71,2,2,0,95.9608,0.220645,0.156466,0.30281,0.320079,0.227684,0.194408,0.371958,0.205949
2318,0,13,1436.29,13,1486.71,0,3,9,95.9128,0.229171,0.162501,0.275857,0.332472,0.240376,0.205239,0.33696,0.217425
2319,0,13,1436.29,13,1486.71,0,3,0,95.8648,0.263792,0.155187,0.263469,0.317553,0.230494,0.196795,0.32313,0.249581
2320,0,13,1436.29,13,1478.63,0,3,13,95.8169,0.241478,0.159874,0.271456,0.327192,0.237417,0.202699,0.332857,0.227026
2321,0,13,1436.29,13,1478.63,2,1,0,95.769,0.302073,0.147088,0.249772,0.301067,0.219838,0.187685,0.308233,0.284243
2322,0,13,1436.29,13,1478.63,0,2,0,95.7211,0.310714,0.151274,0.228333,0.309679,0.223852,0.172817,0.313883,0.289448
2323,0,13,1436.29,13,1473.63,2,1,13,95.6733,0.282179,0.157522,0.237784,0.322516,0.234097,0.180717,0.282475,0.302711
2324,0,13,1436.29,13,1473.63,1,2,0,95.6254,0.259937,0.145089,0.297872,0.297103,0.219321,0.232405,0.264655,0.283618
2325,0,13,1436.29,13,1473.63,0,3,0,95.5776,0.262334,0.13719,0.300626,0.29985,0.227265,0.240825,0.238003,0.293906
2326,0,13,1436.29,13,1473.63,1,2,0,95.5298,0.239166,0.14148,0.310077,0.309277,0.236882,0.251018,0.248076,0.264024
2327,0,13,1436.29,13,1473.63,3,2,0,95.4821,0.241101,0.134499,0.312604,0.311796,0.244788,0.2594,0.22297,0.272842
2328,0,13,1436.29,13,1471.3,3,3,13,95.4343,0.251109,0.140065,0.325596,0.28323,0.251404,0.266413,0.201961,0.280222
2329,0,13,1436.29,13,1471.3,2,3,0,95.3866,0.229173,0.127815,0.297168,0.345845,0.231433,0.245253,0.18591,0.337404
2330,0,13,1436.29,13,1471.3,3,0,9,95.3389,0.237457,0.13242,0.271747,0.358376,0.242933,0.257442,0.195139,0.304485
2331,0,13,1436.29,13,1471.3,0,1,0,95.2912,0.224723,0.125304,0.257182,0.392791,0.273805,0.246944,0.187172,0.292079
2332,0,13,1436.29,13,1471.3,3,3,0,95.2436,0.209872,0.127683,0.262103,0.400342,0.282401,0.223314,0.193033,0.301252
2333,0,13,1436.29,13,1471.3,3,1,0,95.196,0.221703,0.134867,0.27689,0.36654,0.29464,0.232982,0.201384,0.270994
2334,0,13,1436.29,13,1471.3,1,1,0,95.1484,0.232872,0.141648,0.290853,0.334627,0.302849,0.211632,0.206979,0.27854
2335,0,13,1436.29,13,1463.01,2,0,13,95.1008,0.234537,0.135475,0.292945,0.337043,0.30976,0.193665,0.211685,0.28489
2336,0,13,1436.29,13,1463.01,2,0,0,95.0532,0.213393,0.123248,0.35668,0.30668,0.36972,0.176835,0.193293,0.260153
2337,0,13,1436.29,13,1463.01,1,3,0,95.0057,0.223859,0.129279,0.325116,0.321745,0.334972,0.186577,0.203945,0.274506
2338,0,13,1436.29,13,1463.01,3,1,9,94.9582,0.22515,0.124212,0.327015,0.323623,0.346548,0.193002,0.210972,0.249477
2339,0,13,1436.29,13,1463.01,3,0,0,94.9107,0.213896,0.11799,0.310693,0.357421,0.332635,0.225438,0.202482,0.239445
2340,0,13,1436.29,13,1463.01,3,0,0,94.8633,0.224415,0.123778,0.325997,0.32581,0.30033,0.236351,0.212279,0.251039
2341,0,13,1436.29,13,1463.01,2,0,0,94.8159,0.234238,0.12918,0.340291,0.296291,0.270472,0.246438,0.221334,0.261756
2342,0,13,1436.29,13,1463.01,1,0,0,94.7684,0.244976,0.135086,0.310049,0.309889,0.243082,0.255691,0.229639,0.271587
2343,0,13,1436.29,13,1463.01,0,0,0,94.7211,0.246665,0.129092,0.312202,0.31204,0.219635,0.263612,0.236749,0.280005
2344,0,13,1436.29,13,1463.01,3,3,0,94.6737,0.226498,0.132529,0.320569,0.320403,0.199952,0.270262,0.242715,0.287071
2345,0,13,1436.29,13,1475.5,0,1,9,94.6264,0.236059,0.138108,0.334124,0.291709,0.207899,0.281021,0.252372,0.258708
2346,0,13,1436.29,13,1475.5,2,1,0,94.5791,0.271462,0.13169,0.318653,0.278195,0.199104,0.311419,0.241704,0.247773
2347,0,13,1436.29,13,1475.5,0,1,0,94.5318,0.282874,0.137207,0.290027,0.289892,0.207822,0.281248,0.252297,0.258633
2348,0,13,1436.29,13,1475.5,2,1,0,94.4845,0.257235,0.142095,0.300405,0.300265,0.215849,0.253463,0.262053,0.268635
2349,0,13,1436.29,13,1475.5,1,0,0,94.4373,0.267209,0.147587,0.273285,0.311918,0.222955,0.228863,0.27069,0.277491
2350,0,13,1436.29,13,1475.5,2,3,0,94.39,0.269446,0.14044,0.275575,0.314539,0.2031,0.234705,0.277609,0.284586
2351,0,13,1436.29,13,1475.5,1,0,0,94.3428,0.27808,0.144921,0.252371,0.324628,0.210955,0.243789,0.288364,0.256893
2352,0,13,1436.29,13,1475.5,3,3,0,94.2957,0.280145,0.138568,0.254239,0.327048,0.193429,0.2492,0.294774,0.262597
2353,0,13,1436.29,13,1475.5,3,3,0,94.2485,0.292025,0.144424,0.265016,0.298534,0.199738,0.257341,0.304414,0.238506
2354,0,13,1436.29,13,1477.35,3,2,9,94.2014,0.303075,0.149868,0.275038,0.272019,0.205067,0.26422,0.312562,0.218151
2355,0,13,1436.29,13,1473.21,2,1,13,94.1543,0.288596,0.142688,0.261893,0.306823,0.1953,0.251648,0.345289,0.207763
2356,0,13,1436.29,13,1473.21,0,2,0,94.1072,0.264261,0.130638,0.324145,0.280955,0.179197,0.313311,0.316856,0.190635
2357,0,13,1436.29,13,1473.21,1,1,0,94.0602,0.242801,0.13443,0.333615,0.289154,0.187084,0.327137,0.28675,0.199028
2358,0,13,1436.29,13,1473.21,2,2,0,94.0131,0.244179,0.129488,0.335528,0.290805,0.195589,0.296521,0.299811,0.208079
2359,0,13,1436.29,13,1473.21,1,2,0,93.9661,0.254896,0.135154,0.30637,0.30358,0.203564,0.308637,0.271233,0.216566
2360,0,13,1436.29,13,1473.21,2,2,0,93.9191,0.256567,0.129463,0.30839,0.30558,0.210366,0.318976,0.246854,0.223804
2361,0,13,1436.29,13,1464.15,3,2,13,93.8722,0.266686,0.134551,0.281119,0.317644,0.216126,0.327738,0.226201,0.229936
2362,0,13,1436.29,13,1495.07,3,2,9,93.8252,0.24132,0.121737,0.254383,0.38256,0.199474,0.302511,0.285794,0.212222
2363,0,13,1436.29,13,1480.83,2,2,13,93.7783,0.227067,0.114531,0.239361,0.419041,0.190384,0.288749,0.318314,0.202553
2364,0,13,1436.29,13,1480.83,2,0,0,93.7314,0.207424,0.104609,0.30513,0.382837,0.17294,0.262315,0.380748,0.183997
2365,0,13,1436.29,13,1480.83,3,2,9,93.6846,0.214662,0.108244,0.280849,0.396244,0.163321,0.265361,0.385198,0.18612
2366,0,13,1436.29,13,1480.83,2,2,0,93.6377,0.20181,0.101749,0.264048,0.432393,0.154286,0.250705,0.419181,0.175828
2367,0,13,1436.29,13,1469.66,3,2,13,93.5909,0.206677,0.104189,0.246245,0.442889,0.163867,0.2663,0.38308,0.186752
2368,0,13,1436.29,13,1462.71,3,2,13,93.5441,0.181302,0.0913846,0.216019,0.511294,0.14646,0.238035,0.448586,0.166919
2369,0,13,1436.29,13,1462.71,0,2,0,93.4974,0.156569,0.0789072,0.186557,0.577967,0.128919,0.209546,0.514605,0.146931
2370,0,13,1436.29,13,1462.71,3,0,0,93.4506,0.153487,0.0791709,0.187212,0.58013,0.1394,0.226604,0.475116,0.15888
2371,0,13,1436.29,13,1459.06,2,1,13,93.4039,0.167321,0.0862951,0.204094,0.54229,0.135527,0.227608,0.477292,0.159573
2372,0,13,1436.29,13,1459.06,3,2,9,93.3572,0.153516,0.0791648,0.269655,0.497665,0.12419,0.292105,0.437476,0.146229
2373,0,13,1436.29,13,1459.06,2,0,0,93.3105,0.142939,0.0737008,0.251104,0.532256,0.116832,0.274845,0.470752,0.13757
2374,0,13,1436.29,13,1459.06,1,2,0,93.2638,0.145683,0.0751057,0.236594,0.542617,0.114912,0.275433,0.471809,0.137845
2375,0,13,1436.29,13,1459.06,3,2,0,93.2172,0.14517,0.0781952,0.235785,0.54085,0.123398,0.295825,0.432746,0.148031
2376,0,13,1436.29,13,1474.34,3,2,9,93.1706,0.157279,0.0847071,0.255477,0.502536,0.131543,0.315407,0.395242,0.157808
2377,0,13,1436.29,13,1460.38,3,2,13,93.124,0.146313,0.0787909,0.237686,0.53721,0.124266,0.298011,0.42864,0.149083
2378,0,13,1436.29,13,1460.38,3,1,0,93.0775,0.125804,0.0677383,0.204389,0.602068,0.11001,0.263868,0.494138,0.131984
2379,0,13,1436.29,13,1460.38,3,2,0,93.0309,0.137989,0.0742899,0.224207,0.563514,0.112741,0.245436,0.506557,0.135266
2380,0,13,1436.29,13,1454.29,3,1,13,92.9844,0.150174,0.0808405,0.244031,0.524954,0.121839,0.265285,0.466688,0.146187
2381,0,13,1436.29,13,1454.29,1,3,0,92.9379,0.129451,0.0696761,0.210376,0.590497,0.110799,0.331742,0.424514,0.132945
2382,0,13,1436.29,13,1454.29,3,3,0,92.8914,0.128912,0.0733513,0.20952,0.588217,0.111367,0.333516,0.426805,0.128312
2383,0,13,1436.29,13,1454.29,3,1,0,92.845,0.141018,0.0802305,0.229218,0.549534,0.111861,0.335069,0.428814,0.124256
2384,0,13,1436.29,13,1450.29,2,2,13,92.7986,0.153071,0.0870782,0.248834,0.511017,0.116679,0.306306,0.447404,0.129611
2385,0,13,1436.29,13,1450.29,3,1,0,92.7522,0.139083,0.0791119,0.317374,0.464431,0.102866,0.270096,0.512769,0.114269
2386,0,13,1436.29,13,1450.29,0,2,9,92.7058,0.148802,0.0846308,0.339609,0.426958,0.105504,0.251209,0.526086,0.117201
2387,0,13,1422.51,13,1422.51,3,2,33,92.6594,0.182796,0.0812287,0.326048,0.409927,0.0984108,0.234361,0.557904,0.109324
2388,0,13,1422.51,13,1422.51,3,2,0,92.6131,0.113262,0.0503217,0.202045,0.634372,0.0542521,0.129221,0.756257,0.0602697
2389,0,13,1422.51,13,1422.51,3,2,0,92.5668,0.1255,0.0557499,0.223902,0.594849,0.0620711,0.147871,0.7211,0.0689576
2390,0,13,1422.51,13,1482.39,3,2,9,92.5205,0.137879,0.0612391,0.246015,0.554867,0.0703716,0.167674,0.683774,0.0781806
2391,0,13,1422.51,13,1482.39,3,2,0,92.4743,0.128019,0.0568507,0.22845,0.58668,0.0649457,0.154773,0.708128,0.072154
2392,0,13,1422.51,13,1482.39,3,2,0,92.428,0.140409,0.0623428,0.250589,0.546659,0.0733945,0.174937,0.670126,0.0815423
2393,0,13,1422.51,13,1490.59,2,2,9,92.3818,0.15274,0.0678067,0.272627,0.506826,0.082186,0.195926,0.630576,0.0913117
2394,0,13,1422.51,13,1490.59,3,2,0,92.3356,0.144222,0.0640149,0.313087,0.478676,0.0760672,0.181371,0.658047,0.0845153
2395,0,13,1422.51,13,1490.59,3,1,0,92.2895,0.154978,0.0687777,0.336487,0.439757,0.0849418,0.202566,0.618114,0.0943775
2396,0,13,1422.51,13,1504.13,3,1,9,92.2433,0.165326,0.0733582,0.359011,0.402305,0.0859043,0.19328,0.625367,0.0954489
2397,0,13,1422.51,13,1467.42,2,2,13,92.1972,0.155888,0.069159,0.338568,0.436385,0.0816368,0.233118,0.594536,0.0907092
2398,0,13,1422.51,13,1467.42,3,0,0,92.1511,0.139828,0.0620239,0.406641,0.391508,0.0698211,0.199419,0.653178,0.077582
2399,0,13,1422.51,13,1466.96,3,0,13,92.105,0.147904,0.0655955,0.430218,0.356283,0.0730187,0.198704,0.650989,0.0772891
2400,0,13,1422.51,13,1568.49,2,2,9,92.059,0.132356,0.0586908,0.385078,0.423875,0.11129,0.190471,0.624166,0.074073
2401,0,13,1422.51,13,1541.58,3,2,13,92.0129,0.124877,0.0553652,0.419743,0.400015,0.103341,0.176886,0.650996,0.0687769
2402,0,13,1422.51,13,1541.58,2,0,0,91.9669,0.111195,0.0492913,0.373847,0.465667,0.0876292,0.150009,0.704046,0.0583154
2403,0,13,1422.51,13,1541.58,0,1,0,91.9209,0.116874,0.0518003,0.341735,0.48959,0.0897067,0.149634,0.702501,0.0581585
2404,0,13,1422.51,13,1541.58,3,2,0,91.875,0.114946,0.051893,0.342475,0.490686,0.0900483,0.14611,0.705466,0.0583749
2405,0,13,1422.51,13,1538.56,3,2,13,91.829,0.124018,0.0559799,0.369587,0.450414,0.102026,0.165561,0.666279,0.0661337
2406,0,13,1422.51,13,1538.56,3,2,0,91.7831,0.109254,0.0493075,0.325658,0.515781,0.0862692,0.140006,0.71781,0.0559153
2407,0,13,1422.51,13,1538.56,3,2,0,91.7372,0.118471,0.0534588,0.353209,0.474861,0.0980553,0.159149,0.679247,0.063549
2408,0,13,1422.51,13,1533.94,3,2,13,91.6914,0.127432,0.0574932,0.380008,0.435067,0.110385,0.179178,0.638903,0.0715338
2409,0,13,1422.51,13,1533.72,2,0,13,91.6455,0.112639,0.0508109,0.335968,0.500583,0.0937672,0.152218,0.693255,0.0607593
2410,0,13,1422.51,13,1533.72,2,0,0,91.5997,0.100848,0.0454849,0.405351,0.448316,0.138347,0.144699,0.659207,0.0577471
2411,0,13,1422.51,13,1477.47,3,2,13,91.5539,0.106968,0.0482373,0.369132,0.475663,0.135332,0.145173,0.661569,0.0579258
2412,0,13,1422.51,13,1477.47,3,2,0,91.5081,0.093793,0.0422895,0.323748,0.54017,0.11474,0.123085,0.713071,0.0491035
2413,0,13,1422.51,13,1477.47,3,2,0,91.4624,0.102321,0.0461273,0.353272,0.498279,0.130536,0.140033,0.673577,0.0558542
2414,0,13,1422.51,13,1477.47,3,2,0,91.4166,0.110675,0.0498853,0.382209,0.457231,0.147044,0.157744,0.632305,0.0629069
2415,0,13,1422.51,13,1497.38,3,2,9,91.3709,0.118749,0.0535161,0.410195,0.41754,0.16402,0.175957,0.589866,0.0701573
2416,0,13,1422.51,13,1493.88,0,2,13,91.3252,0.112042,0.0504854,0.387123,0.45035,0.152868,0.163995,0.617761,0.0653761
2417,0,13,1422.51,13,1493.88,2,2,0,91.2796,0.158354,0.0478332,0.366935,0.426878,0.130571,0.140078,0.67352,0.0558311
2418,0,13,1422.51,13,1493.88,1,0,0,91.2339,0.166634,0.0503223,0.333756,0.449288,0.147092,0.157804,0.632219,0.0628847
2419,0,13,1422.51,13,1493.88,0,1,0,91.1883,0.166115,0.0531427,0.332764,0.447978,0.14294,0.158542,0.635351,0.0631671
2420,0,13,1422.51,13,1493.88,3,2,0,91.1427,0.1577,0.0536589,0.336119,0.452522,0.143815,0.153211,0.639431,0.0635434
2421,0,13,1422.51,13,1489.11,3,2,13,91.0972,0.169066,0.0575138,0.360398,0.413022,0.160643,0.171141,0.597248,0.0709673
2422,0,13,1422.51,13,1489.11,3,2,0,91.0516,0.150283,0.0511133,0.320408,0.478195,0.137647,0.146644,0.654911,0.0607983
2423,0,13,1422.51,13,1489.11,2,2,0,91.0061,0.161926,0.0550611,0.345283,0.43773,0.154323,0.164412,0.613112,0.0681529
2424,0,13,1422.51,13,1489.11,1,2,0,90.9606,0.169356,0.0575754,0.31516,0.457908,0.171346,0.18255,0.570445,0.0756583
2425,0,13,1422.51,13,1481.3,0,2,13,90.9151,0.168865,0.0601783,0.314285,0.456671,0.188453,0.200778,0.527571,0.0831982
2426,0,13,1422.51,13,1479.67,3,2,13,90.8696,0.225826,0.0560346,0.292741,0.425398,0.163655,0.17436,0.589746,0.0722386
2427,0,13,1422.51,13,1479.67,0,1,0,90.8242,0.200257,0.0496762,0.259609,0.490457,0.140399,0.149585,0.648053,0.0619631
2428,0,13,1422.51,13,1478.05,0,2,13,90.7788,0.188374,0.0503948,0.263452,0.49778,0.141068,0.145345,0.651339,0.0622481
2429,0,13,1422.51,13,1478.05,0,0,9,90.7334,0.248554,0.04664,0.243903,0.460903,0.119656,0.123284,0.704269,0.0527911
2430,0,13,1422.51,13,1478.05,3,0,0,90.688,0.285479,0.044331,0.231905,0.438285,0.15302,0.11858,0.677632,0.0507681
2431,0,13,1422.51,13,1479.31,3,2,9,90.6427,0.30593,0.047489,0.248507,0.398073,0.148349,0.119202,0.681424,0.0510257
2432,0,13,1422.51,13,1505.73,1,2,9,90.5974,0.289842,0.0449749,0.235429,0.429755,0.137661,0.110609,0.704391,0.0473394
2433,0,13,1422.51,13,1505.73,0,0,0,90.5521,0.284414,0.062837,0.23101,0.421739,0.127629,0.102544,0.725947,0.0438801
2434,0,13,1422.51,13,1505.73,3,0,0,90.5068,0.259575,0.0649981,0.239017,0.43641,0.125869,0.102718,0.727466,0.0439472
2435,0,13,1422.51,13,1485.57,2,2,13,90.4615,0.278019,0.0695972,0.255997,0.396388,0.124299,0.10287,0.728826,0.0440047
2436,0,13,1422.51,13,1485.15,3,2,13,90.4163,0.254736,0.0637511,0.318296,0.363217,0.104264,0.0862858,0.772546,0.0369042
2437,0,13,1422.51,13,1485.15,0,2,0,90.3711,0.229773,0.0574878,0.287117,0.425623,0.0869432,0.0719487,0.810341,0.0307671
2438,0,13,1422.51,13,1491.09,3,2,9,90.3259,0.211656,0.0588199,0.293864,0.435659,0.101792,0.0842336,0.77796,0.0360143
2439,0,13,1422.51,13,1491.09,2,0,0,90.2808,0.199927,0.0555461,0.277598,0.466929,0.0941972,0.0779457,0.794537,0.0333202
2440,0,13,1422.51,13,1491.09,0,0,0,90.2356,0.20626,0.057291,0.254646,0.481802,0.0955667,0.0777967,0.793386,0.0332508
2441,0,13,1422.51,13,1491.09,1,3,0,90.1905,0.192717,0.0582479,0.258977,0.490058,0.0968118,0.0776584,0.792344,0.0331861
2442,0,13,1422.51,13,1483.74,0,2,13,90.1454,0.192203,0.0606544,0.258301,0.488842,0.096372,0.0773022,0.789075,0.0372505
2443,0,13,1422.51,13,1483.74,0,2,9,90.1003,0.251931,0.0561503,0.239189,0.45273,0.0802277,0.0643496,0.824418,0.0310044
2444,0,13,1422.51,13,1481.47,0,2,13,90.0553,0.287824,0.0534377,0.2277,0.431039,0.0743061,0.0595974,0.837386,0.0287105
2445,0,13,1422.51,13,1475.99,3,2,13,90.0103,0.351757,0.0486237,0.207248,0.392372,0.0615607,0.0493727,0.865285,0.0237814
2446,0,13,1422.51,13,1471.39,0,2,13,89.9653,0.315875,0.0436464,0.186087,0.454391,0.0509067,0.0408263,0.888605,0.0196619
2447,0,13,1422.51,13,1471.39,3,2,0,89.9203,0.380569,0.0395037,0.168473,0.411454,0.0420626,0.033732,0.907962,0.0162429
2448,0,13,1422.51,13,1469.92,0,0,13,89.8753,0.407491,0.0422791,0.180362,0.369868,0.0510719,0.0409551,0.888255,0.0197182
2449,0,13,1422.51,13,1469.92,0,2,0,89.8304,0.469212,0.0378614,0.161563,0.331364,0.0812881,0.0396283,0.860007,0.0190766
2450,0,13,1422.51,13,1591.42,1,2,9,89.7855,0.425163,0.0409886,0.174959,0.35889,0.0972628,0.0474092,0.832509,0.0228189
2451,0,13,1422.51,13,1591.42,1,2,0,89.7406,0.417942,0.0573193,0.171956,0.352782,0.0904874,0.0441003,0.844189,0.0212232
2452,0,13,1422.51,13,1516.29,0,1,13,89.6957,0.417394,0.0585973,0.171701,0.352308,0.107667,0.0524657,0.814622,0.0252453
2453,0,13,1422.51,13,1515.42,0,2,13,89.6508,0.479093,0.052377,0.153507,0.315022,0.104151,0.0830982,0.788337,0.0244138
2454,0,13,1422.51,13,1515.42,0,2,0,89.606,0.540222,0.0462176,0.135484,0.278076,0.0872771,0.0696318,0.822639,0.0204524
2455,0,13,1422.51,13,1506.09,3,2,13,89.5612,0.494125,0.050837,0.149058,0.30598,0.103371,0.0824683,0.789944,0.0242168
2456,0,13,1422.51,13,1506.09,3,2,9,89.5164,0.447784,0.0460483,0.135046,0.371122,0.0866008,0.069086,0.824031,0.0202822
2457,0,13,1422.51,13,1501.61,0,2,13,89.4717,0.42558,0.043745,0.128319,0.402357,0.080756,0.0644204,0.835916,0.0189078
2458,0,13,1422.51,13,1471.33,2,2,13,89.4269,0.485987,0.0391307,0.114808,0.360074,0.0673644,0.0537353,0.863133,0.0157678
2459,0,13,1422.51,13,1446.32,0,2,13,89.3822,0.461294,0.0371237,0.159823,0.341759,0.0560987,0.0447468,0.886027,0.013127
2460,0,13,1422.51,13,1470.64,0,2,9,89.3375,0.52098,0.0329985,0.142105,0.303917,0.0466833,0.037235,0.905161,0.0109207
2461,0,13,1422.51,13,1470.64,0,2,0,89.2929,0.54674,0.0312124,0.134452,0.287595,0.0438002,0.0349338,0.911023,0.0102432
2462,0,13,1422.51,13,1470.64,3,2,0,89.2482,0.498621,0.0345133,0.148715,0.318151,0.0536812,0.0428127,0.890956,0.0125504
2463,0,13,1422.51,13,1468.09,0,2,13,89.2036,0.520956,0.0360401,0.155339,0.287665,0.0652147,0.0520088,0.867534,0.0152425
2464,0,13,1422.51,13,1468.09,1,2,0,89.159,0.579382,0.0316336,0.136386,0.252598,0.0542856,0.0432908,0.889739,0.0126843
2465,0,13,1422.51,13,1468.09,2,1,0,89.1144,0.577587,0.0347148,0.135924,0.251774,0.0659192,0.0525658,0.866117,0.0153982
2466,0,13,1422.51,13,1476.79,2,2,9,89.0699,0.581464,0.0349281,0.130186,0.253422,0.0656659,0.0557665,0.863233,0.0153345
2467,0,13,1422.51,13,1476.79,2,2,0,89.0253,0.560769,0.0336661,0.161203,0.244362,0.0613659,0.052113,0.872195,0.0143262
2468,0,13,1422.51,13,1476.79,0,2,9,88.9808,0.566972,0.0340193,0.151986,0.247023,0.0740326,0.0628677,0.845821,0.0172783
2469,0,13,1422.51,13,1478.98,0,2,9,88.9363,0.591539,0.0320787,0.143358,0.233024,0.0691087,0.0586844,0.856082,0.0161244
2470,0,13,1422.51,13,1478.98,3,2,0,88.8919,0.61519,0.0302112,0.135053,0.219546,0.0645482,0.05481,0.865586,0.015056
2471,0,13,1422.51,13,1478.98,1,2,0,88.8474,0.62779,0.0308113,0.137777,0.203622,0.0776816,0.06596,0.838244,0.0181141
2472,0,13,1422.51,13,1478.99,3,2,9,88.803,0.625765,0.0340245,0.137291,0.202919,0.092571,0.0786001,0.807249,0.0215798
2473,0,13,1422.51,13,1478.99,3,2,0,88.7586,0.597599,0.0324742,0.131072,0.238854,0.0862904,0.0732649,0.820335,0.0201098
2474,0,13,1422.51,13,1478.99,0,2,0,88.7142,0.61248,0.0332634,0.134295,0.219961,0.102214,0.0867819,0.78719,0.0238138
2475,0,13,1422.51,13,1478.99,3,2,0,88.6698,0.564499,0.0373703,0.150918,0.247213,0.119808,0.101716,0.750572,0.0279046
2476,0,13,1422.51,13,1478.99,3,2,0,88.6255,0.579749,0.038359,0.154954,0.226938,0.138914,0.117933,0.710808,0.0323453
2477,0,13,1422.51,13,1478.99,0,3,0,88.5812,0.592715,0.0391956,0.158378,0.209712,0.159294,0.135231,0.668395,0.0370799
2478,0,13,1422.51,13,1478.99,2,2,0,88.5369,0.545061,0.0437693,0.176908,0.234261,0.158684,0.134708,0.666024,0.0405838
2479,0,13,1422.51,13,1478.99,0,0,0,88.4926,0.552479,0.0443425,0.16577,0.237409,0.179867,0.152687,0.621457,0.045989
2480,0,13,1422.51,13,1478.99,3,1,0,88.4484,0.505003,0.0490331,0.183354,0.26261,0.170174,0.15446,0.628854,0.0465122
2481,0,13,1422.51,13,1478.99,0,1,0,88.4042,0.520722,0.0505358,0.189023,0.239719,0.171455,0.147941,0.633754,0.0468502
2482,0,13,1422.51,13,1488.9,0,2,9,88.36,0.474018,0.0554459,0.207443,0.263093,0.172566,0.142264,0.638028,0.0471416
2483,0,13,1422.51,13,1488.9,0,1,0,88.3158,0.502117,0.0524703,0.196362,0.24905,0.161191,0.132881,0.661905,0.0440227
2484,0,13,1422.51,13,1488.9,0,2,0,88.2716,0.455845,0.0573318,0.214612,0.272211,0.161854,0.129138,0.664816,0.0441923
2485,0,13,1422.51,13,1488.9,1,2,0,88.2275,0.411205,0.062019,0.232219,0.294557,0.183238,0.146193,0.62055,0.0500181
2486,0,13,1422.51,13,1499.84,3,2,9,88.1834,0.410958,0.0626277,0.232054,0.294361,0.205193,0.163702,0.575109,0.0559964
2487,0,13,1422.51,13,1499.84,3,0,0,88.1393,0.392184,0.0597441,0.221427,0.326645,0.192275,0.153389,0.601879,0.0524575
2488,0,13,1422.51,13,1499.84,0,2,0,88.0952,0.41214,0.0627606,0.232668,0.292432,0.18105,0.155491,0.610294,0.053165
2489,0,13,1422.51,13,1515.97,0,2,9,88.0512,0.369684,0.0672759,0.249472,0.313567,0.202173,0.173627,0.564847,0.0593532
2490,0,13,1422.51,13,1515.97,0,0,0,88.0071,0.398355,0.0641992,0.238126,0.29932,0.189477,0.162718,0.592193,0.0556121
2491,0,13,1422.51,13,1515.97,0,2,0,87.9631,0.356704,0.0686261,0.254613,0.320058,0.178563,0.16488,0.600218,0.056339
2492,0,13,1422.51,13,1515.97,3,2,9,87.9192,0.317865,0.0727506,0.269986,0.339398,0.198857,0.183616,0.554799,0.0627275
2493,0,13,1422.51,13,1515.97,0,2,0,87.8752,0.304182,0.0695982,0.258355,0.367865,0.186407,0.172118,0.582688,0.0587868
2494,0,13,1422.51,13,1515.97,3,2,0,87.8313,0.272338,0.0727634,0.270175,0.384723,0.206754,0.190901,0.537157,0.0651883
2495,0,13,1422.51,13,1515.97,3,0,0,87.7873,0.290205,0.0775167,0.2879,0.344378,0.226977,0.209571,0.491904,0.0715481
2496,0,13,1422.51,13,1508.99,0,2,13,87.7435,0.306811,0.0819306,0.304373,0.306885,0.209806,0.214207,0.502872,0.0731152
2497,0,13,1422.51,13,1508.99,0,2,0,87.6996,0.364904,0.075047,0.278874,0.281175,0.18352,0.18737,0.565169,0.0639413
2498,0,13,1422.51,13,1508.99,3,1,0,87.6557,0.325883,0.0796394,0.296017,0.29846,0.202655,0.206908,0.519844,0.0705934
2499,0,13,1422.51,13,1508.99,1,0,0,87.6119,0.340994,0.0833085,0.309736,0.265962,0.206202,0.192942,0.529042,0.0718138
2500,0,13,1422.51,13,1508.99,3,2,0,87.5681,0.341807,0.0811414,0.310469,0.266583,0.192592,0.196228,0.538158,0.073022
2501,0,13,1422.51,13,1508.99,2,1,0,87.5243,0.354545,0.0841412,0.322033,0.23928,0.211251,0.215239,0.493429,0.080081
2502,0,13,1422.51,13,1508.99,2,0,0,87.4806,0.372275,0.0883234,0.288175,0.251226,0.215349,0.199946,0.503086,0.0816186
2503,0,13,1422.51,13,1516.69,0,2,9,87.4368,0.387255,0.0918511,0.259579,0.261315,0.200347,0.203749,0.512748,0.083156
2504,0,13,1422.51,13,1516.69,3,0,0,87.3931,0.417928,0.0872377,0.246592,0.248242,0.187929,0.191121,0.542963,0.077988
2505,0,13,1422.51,13,1516.69,0,2,0,87.3494,0.430036,0.089737,0.253709,0.226518,0.177124,0.19364,0.550235,0.0790018
2506,0,13,1422.51,13,1516.69,1,0,0,87.3057,0.388475,0.0962645,0.272221,0.24304,0.194607,0.212757,0.505851,0.0867856
2507,0,13,1422.51,13,1516.69,2,0,0,87.2621,0.389581,0.0937324,0.272977,0.243709,0.18245,0.215949,0.51353,0.0880719
2508,0,13,1422.51,13,1516.69,2,2,0,87.2184,0.403341,0.0970153,0.247351,0.252293,0.172014,0.218686,0.520128,0.0891721
2509,0,13,1422.51,13,1516.69,3,2,0,87.1748,0.414971,0.0997842,0.225701,0.259543,0.187667,0.238596,0.476463,0.0972735
2510,0,13,1422.51,13,1516.69,0,1,0,87.1312,0.427748,0.102827,0.232622,0.236803,0.202889,0.257963,0.433998,0.10515
2511,0,13,1422.51,13,1516.69,0,2,0,87.0877,0.387035,0.110128,0.249179,0.253658,0.20878,0.236366,0.446666,0.108189
2512,0,13,1422.51,13,1516.69,3,0,0,87.0441,0.348593,0.117019,0.264814,0.269575,0.224275,0.253914,0.405608,0.116203
2513,0,13,1422.51,13,1516.69,1,1,0,87.0006,0.361035,0.121169,0.274251,0.243545,0.206435,0.259747,0.414965,0.118853
2514,0,13,1422.51,13,1516.89,2,2,9,86.9571,0.363334,0.115608,0.275981,0.245077,0.212569,0.237704,0.427355,0.122372
2515,0,13,1422.51,13,1516.89,0,1,0,86.9136,0.346446,0.11021,0.309676,0.233667,0.200397,0.224097,0.460154,0.115352
2516,0,13,1422.51,13,1494.99,2,3,13,86.8702,0.31067,0.116225,0.326646,0.246458,0.204564,0.207899,0.4698,0.117737
2517,0,13,1422.51,13,1494.99,3,2,0,86.8267,0.282116,0.105522,0.388567,0.223796,0.193326,0.196479,0.444065,0.166131
2518,0,13,1422.51,13,1527.5,0,2,9,86.7833,0.288875,0.108029,0.397902,0.205194,0.207539,0.210925,0.403196,0.17834
2519,0,13,1422.51,13,1527.5,1,1,0,86.7399,0.323765,0.10271,0.378409,0.195116,0.196222,0.199423,0.435745,0.16861
2520,0,13,1422.51,13,1527.5,0,2,0,86.6966,0.32493,0.099489,0.379783,0.195798,0.199593,0.185602,0.443303,0.171502
2521,0,13,1422.51,13,1631.11,0,1,9,86.6532,0.292919,0.104187,0.397823,0.205072,0.214192,0.199174,0.402593,0.18404
2522,0,13,1422.51,13,1615.16,3,2,13,86.6099,0.327779,0.0990314,0.378239,0.194951,0.204912,0.233828,0.385199,0.176061
2523,0,13,1422.51,13,1615.16,0,0,0,86.5666,0.304485,0.0919715,0.351368,0.252175,0.183303,0.209176,0.45003,0.15749
2524,0,13,1422.51,13,1615.16,0,1,0,86.5233,0.273395,0.0960627,0.367097,0.263446,0.171709,0.21213,0.456455,0.159705
2525,0,13,1422.51,13,1615.16,0,3,0,86.48,0.247161,0.0995103,0.380373,0.272955,0.174974,0.197062,0.465225,0.162739
2526,0,13,1422.51,13,1615.16,3,1,0,86.4368,0.225033,0.102414,0.391577,0.280976,0.176746,0.199061,0.470027,0.154166
2527,0,13,1422.51,13,1624.06,0,2,9,86.3936,0.233165,0.106098,0.405773,0.254964,0.179588,0.186094,0.477678,0.15664
2528,0,13,1422.51,13,1624.06,3,2,0,86.3504,0.268426,0.101199,0.387141,0.243234,0.168476,0.174581,0.509999,0.146944
2529,0,13,1422.51,13,1624.06,3,2,0,86.3072,0.275984,0.104028,0.398071,0.221917,0.183219,0.189859,0.467123,0.159799
2530,0,13,1422.51,13,1612.74,2,1,13,86.2641,0.282373,0.106416,0.407316,0.203894,0.197514,0.204673,0.425552,0.172261
2531,0,13,1422.51,13,1612.74,3,3,0,86.2209,0.251272,0.0946767,0.472626,0.181425,0.182415,0.265413,0.393082,0.159089
2532,0,13,1422.51,13,1612.74,1,3,0,86.1778,0.254628,0.0959224,0.478998,0.170451,0.184515,0.268489,0.397669,0.149328
2533,0,13,1422.51,13,1612.74,0,2,0,86.1347,0.254878,0.0949902,0.479528,0.170604,0.186312,0.271123,0.401602,0.140964
2534,0,13,1422.51,13,1612.74,0,3,0,86.0917,0.234869,0.097518,0.492449,0.175165,0.19844,0.288793,0.362635,0.150132
2535,0,13,1422.51,13,1612.74,2,0,0,86.0486,0.217806,0.0996692,0.503475,0.17905,0.20057,0.291916,0.366573,0.14094
2536,0,13,1422.51,13,1612.74,2,2,0,86.0056,0.236566,0.108237,0.460734,0.194464,0.184744,0.297696,0.373849,0.14371
2537,0,13,1422.51,13,1612.74,0,2,0,85.9626,0.254718,0.116524,0.419381,0.209377,0.195677,0.315343,0.336774,0.152207
2538,0,13,1422.51,13,1612.74,0,2,0,85.9196,0.233522,0.119816,0.431343,0.215319,0.205849,0.331767,0.302274,0.160111
2539,0,13,1422.51,13,1601.36,3,2,13,85.8766,0.215514,0.12261,0.441512,0.220365,0.214786,0.346204,0.271956,0.167054
2540,0,13,1422.51,13,1601.36,2,3,0,85.8337,0.198028,0.112649,0.405749,0.283573,0.196205,0.316285,0.334914,0.152595
2541,0,13,1422.51,13,1601.36,3,3,0,85.7908,0.211031,0.120033,0.366721,0.302215,0.198527,0.320059,0.338914,0.1425
2542,0,13,1422.51,13,1601.36,2,2,0,85.7479,0.219831,0.125024,0.382055,0.273091,0.200505,0.323278,0.342327,0.133891
2543,0,13,1422.51,13,1601.36,3,0,0,85.705,0.233116,0.132564,0.344712,0.289607,0.211108,0.340407,0.307525,0.14096
2544,0,13,1422.51,13,1601.36,2,1,0,85.6622,0.242341,0.137795,0.358382,0.261481,0.193369,0.348075,0.314446,0.14411
2545,0,13,1422.51,13,1601.36,3,0,0,85.6193,0.255772,0.145415,0.322836,0.275977,0.203707,0.313201,0.331288,0.151805
2546,0,13,1422.51,13,1601.36,2,3,0,85.5765,0.265315,0.150823,0.334897,0.248965,0.18687,0.319831,0.338304,0.154996
2547,0,13,1422.51,13,1589.42,0,0,13,85.5337,0.27875,0.158443,0.301238,0.261569,0.189048,0.323593,0.342288,0.145071
2548,0,13,1422.51,13,1589.42,3,2,0,85.491,0.340211,0.144928,0.275579,0.239282,0.246026,0.300865,0.31825,0.134859
2549,0,13,1422.51,13,1589.42,3,0,0,85.4482,0.349793,0.148984,0.283328,0.217895,0.257868,0.315358,0.285441,0.141333
2550,0,13,1422.51,13,1589.42,0,3,0,85.4055,0.357881,0.152403,0.289867,0.199848,0.232951,0.325958,0.29503,0.146061
2551,0,13,1422.51,13,1589.42,1,2,0,85.3628,0.32277,0.160725,0.305734,0.210771,0.235415,0.329427,0.298164,0.136994
2552,0,13,1422.51,13,1589.42,0,2,0,85.3201,0.327006,0.149731,0.309743,0.21352,0.245272,0.343244,0.268769,0.142715
2553,0,13,1422.51,13,1589.42,0,2,0,85.2775,0.294171,0.157022,0.324874,0.223933,0.253602,0.354925,0.243927,0.147546
2554,0,13,1422.51,13,1589.42,2,0,0,85.2348,0.265472,0.163392,0.338102,0.233034,0.260642,0.364802,0.222931,0.151625
2555,0,13,1422.51,13,1589.42,3,0,0,85.1922,0.278807,0.171583,0.304877,0.244733,0.237953,0.376021,0.229765,0.156261
2556,0,13,1422.51,13,1589.42,0,0,0,85.1496,0.287227,0.176747,0.314089,0.221937,0.218719,0.385538,0.235556,0.160187
2557,0,13,1422.51,13,1598.78,3,1,9,85.107,0.259335,0.183652,0.326396,0.230617,0.20238,0.393626,0.240474,0.163519
2558,0,13,1422.51,13,1547.41,0,1,13,85.0645,0.247697,0.175398,0.311763,0.265143,0.190639,0.428804,0.226531,0.154026
2559,0,13,1422.51,13,1547.41,3,3,0,85.0219,0.309229,0.161039,0.286274,0.243458,0.167774,0.497313,0.199367,0.135546
2560,0,13,1422.51,13,1547.41,1,1,0,84.9794,0.318504,0.165848,0.294856,0.220792,0.168507,0.499597,0.200246,0.13165
2561,0,13,1422.51,13,1547.41,0,1,0,84.9369,0.322926,0.154288,0.298945,0.223841,0.182225,0.458861,0.216555,0.14236
2562,0,13,1422.51,13,1547.41,1,1,0,84.8945,0.290801,0.161595,0.313144,0.23446,0.195497,0.419447,0.232335,0.152721
2563,0,13,1422.51,13,1547.41,2,1,0,84.852,0.294622,0.150583,0.317264,0.237531,0.208182,0.381777,0.247419,0.162622
2564,0,13,1422.51,13,1547.41,2,0,0,84.8096,0.308228,0.157516,0.285766,0.248489,0.220171,0.346174,0.261676,0.171979
2565,0,13,1422.51,13,1547.41,3,2,0,84.7672,0.320251,0.163638,0.257939,0.258171,0.202554,0.354012,0.267586,0.175848
2566,0,13,1422.51,13,1547.41,3,1,0,84.7248,0.330421,0.168811,0.266118,0.23465,0.209017,0.365348,0.244181,0.181454
2567,0,13,1422.51,13,1547.41,3,3,0,84.6824,0.339015,0.173179,0.273028,0.214779,0.220289,0.331117,0.257359,0.191235
2568,0,13,1422.51,13,1547.41,1,0,0,84.6401,0.346292,0.176873,0.278877,0.197957,0.224093,0.336862,0.261811,0.177235
2569,0,13,1422.51,13,1534.45,3,2,13,84.5978,0.351156,0.165348,0.282781,0.200715,0.205986,0.344739,0.267919,0.181356
2570,0,13,1422.51,13,1534.45,0,1,0,84.5555,0.324588,0.152816,0.261376,0.26122,0.187584,0.313974,0.333292,0.16515
2571,0,13,1422.51,13,1524.4,3,0,13,84.5132,0.292941,0.159963,0.27363,0.273467,0.19578,0.283962,0.347895,0.172362
2572,0,13,1422.51,13,1524.4,1,0,0,84.471,0.267703,0.146164,0.250052,0.336082,0.255426,0.262903,0.322108,0.159563
2573,0,13,1422.51,13,1524.4,0,0,0,84.4287,0.270257,0.138005,0.252434,0.339303,0.232178,0.271113,0.33218,0.16453
2574,0,13,1422.51,13,1524.4,3,1,0,84.3865,0.245887,0.142596,0.260863,0.350654,0.212544,0.278046,0.340689,0.168721
2575,0,13,1422.51,13,1524.4,1,2,0,84.3443,0.258523,0.149908,0.274272,0.317297,0.219943,0.252889,0.352582,0.174586
2576,0,13,1422.51,13,1594.49,1,2,9,84.3021,0.26125,0.140925,0.277168,0.320656,0.231256,0.265904,0.319282,0.183558
2577,0,13,1422.51,13,1594.49,2,3,0,84.26,0.251788,0.172024,0.267133,0.309055,0.219509,0.252405,0.353859,0.174226
2578,0,13,1422.51,13,1594.49,3,1,9,84.2179,0.26043,0.177915,0.24198,0.319676,0.222437,0.255779,0.358613,0.163171
2579,0,13,1422.51,13,1561.04,3,2,13,84.1757,0.247248,0.168896,0.229728,0.354128,0.2114,0.292685,0.340851,0.155064
2580,0,13,1422.51,13,1561.04,2,0,0,84.1337,0.221369,0.151207,0.20568,0.421743,0.189959,0.263018,0.407693,0.139329
2581,0,13,1422.51,13,1561.04,1,2,0,84.0916,0.225103,0.153746,0.19224,0.428912,0.178079,0.26687,0.4137,0.141351
2582,0,13,1422.51,13,1561.04,1,0,0,84.0495,0.226913,0.146893,0.193779,0.432416,0.189344,0.283774,0.376597,0.150286
2583,0,13,1422.51,13,1567.27,0,2,9,84.0075,0.228483,0.140939,0.195114,0.435464,0.176829,0.288154,0.382431,0.152586
2584,0,13,1422.51,13,1567.27,3,3,0,83.9655,0.267601,0.133774,0.185206,0.413419,0.166551,0.271431,0.418305,0.143712
2585,0,13,1422.51,13,1567.27,1,3,0,83.9235,0.284621,0.142263,0.196972,0.376145,0.167677,0.273293,0.421211,0.137819
2586,0,13,1422.51,13,1567.04,3,2,13,83.8816,0.286843,0.13556,0.198495,0.379102,0.168655,0.274914,0.423745,0.132686
2587,0,13,1422.51,13,1567.04,2,1,0,83.8396,0.255194,0.120585,0.176581,0.44764,0.148275,0.241717,0.493361,0.116647
2588,0,13,1422.51,13,1567.04,1,3,0,83.7977,0.258092,0.121936,0.167197,0.452775,0.151397,0.225634,0.503871,0.119098
2589,0,13,1422.51,13,1567.04,1,3,0,83.7558,0.258949,0.118983,0.167737,0.45433,0.15168,0.226074,0.504933,0.117313
2590,0,13,1422.51,13,1567.04,0,2,0,83.7139,0.259705,0.116376,0.168212,0.455707,0.151929,0.226463,0.505884,0.115724
2591,0,13,1422.51,13,1566.19,3,1,13,83.6721,0.240444,0.119381,0.17257,0.467605,0.164286,0.244903,0.465681,0.12513
2592,0,13,1422.51,13,1566.19,3,1,0,83.6302,0.209136,0.103822,0.150089,0.536953,0.149313,0.313641,0.423326,0.113719
2593,0,13,1422.51,13,1566.19,3,1,0,83.5884,0.227673,0.113009,0.163382,0.495936,0.155144,0.286752,0.43995,0.118154
2594,0,13,1422.51,13,1566.19,2,2,0,83.5466,0.245826,0.122002,0.176397,0.455774,0.160126,0.263761,0.454172,0.121941
2595,0,13,1422.51,13,1566.19,0,1,0,83.5049,0.248503,0.123314,0.167389,0.460794,0.171502,0.282529,0.415371,0.130598
2596,0,13,1422.51,13,1566.19,3,3,0,83.4631,0.230935,0.126174,0.171283,0.471608,0.176983,0.25953,0.428722,0.134764
2597,0,13,1422.51,13,1566.19,2,3,0,83.4214,0.248042,0.135505,0.183961,0.432493,0.177891,0.260881,0.430998,0.130229
2598,0,13,1422.51,13,1551.6,3,2,13,83.3797,0.251141,0.137181,0.173734,0.437945,0.178684,0.262064,0.432996,0.126255
2599,0,13,1422.51,13,1584.66,2,2,9,83.338,0.219757,0.120024,0.152012,0.508207,0.156567,0.229644,0.503168,0.11062
2600,0,13,1422.51,13,1504.46,2,1,13,83.2963,0.210147,0.114761,0.189029,0.486063,0.145385,0.213259,0.538644,0.102712
2601,0,13,1422.51,13,1499.01,0,2,13,83.2547,0.193684,0.105758,0.252499,0.44806,0.132826,0.281096,0.492244,0.0938334
2602,0,13,1422.51,13,1499.01,1,2,0,83.213,0.25621,0.0975357,0.232909,0.413345,0.114975,0.243355,0.560453,0.081217
2603,0,13,1422.51,13,1499.01,3,2,0,83.1714,0.256614,0.0960794,0.233271,0.414036,0.125939,0.266601,0.518504,0.0889558
2604,0,13,1422.51,13,1499.01,0,1,0,83.1298,0.273436,0.102358,0.248559,0.375648,0.136754,0.289539,0.477119,0.096588
2605,0,13,1422.51,13,1499.01,2,2,0,83.0883,0.249141,0.10576,0.256865,0.388234,0.141083,0.266933,0.492346,0.0996386
2606,0,13,1422.51,13,1488.95,2,1,13,83.0467,0.256374,0.108811,0.235275,0.39954,0.152317,0.288224,0.451894,0.107565
2607,0,13,1422.51,13,1513.02,3,1,9,83.0052,0.234553,0.0995329,0.300348,0.365566,0.137191,0.358827,0.407106,0.0968761
2608,0,13,1422.51,13,1513.02,2,1,0,82.9637,0.221847,0.0941249,0.284091,0.399937,0.12931,0.395581,0.383804,0.0913048
2609,0,13,1422.51,13,1509.83,3,2,13,82.9222,0.229589,0.0973931,0.259075,0.413943,0.137323,0.358045,0.407676,0.096956
2610,0,13,1422.51,13,1479.45,2,2,13,82.8808,0.202742,0.0859898,0.228786,0.482482,0.121392,0.316567,0.476339,0.0857018
2611,0,13,1422.51,13,1473.14,2,2,13,82.8393,0.185179,0.0785269,0.295534,0.440761,0.105568,0.275354,0.544553,0.074525
2612,0,13,1422.51,13,1469.89,0,2,13,82.7979,0.167082,0.0708408,0.36432,0.397757,0.0904203,0.23589,0.609862,0.0638273
2613,0,13,1422.51,13,1511.32,2,2,9,82.7565,0.223087,0.0660571,0.33983,0.371026,0.0764057,0.199367,0.670297,0.0539307
2614,0,13,1422.51,13,1489.33,3,2,13,82.7151,0.211766,0.0626898,0.37331,0.352234,0.0702504,0.183341,0.696826,0.0495826
2615,0,13,1422.51,13,1489.33,2,0,0,82.6738,0.190366,0.056341,0.335624,0.417669,0.0584069,0.152461,0.747912,0.0412206
2616,0,13,1422.51,13,1489.33,2,2,0,82.6324,0.199696,0.0590878,0.303009,0.438207,0.0621281,0.151821,0.745013,0.041037
2617,0,13,1422.51,13,1489.33,3,0,0,82.5911,0.207636,0.0614221,0.27524,0.455702,0.0712412,0.174122,0.707584,0.0470525
2618,0,13,1422.51,13,1489.33,3,2,0,82.5498,0.223745,0.0661715,0.296611,0.413472,0.0742129,0.17353,0.705377,0.0468803
2619,0,13,1422.51,13,1489.33,3,3,0,82.5085,0.239082,0.0706901,0.316961,0.373267,0.0842342,0.196996,0.665564,0.0532059
2620,0,13,1422.51,13,1489.33,3,2,0,82.4673,0.253498,0.0749341,0.336091,0.335476,0.0838796,0.1962,0.663036,0.0568839
2621,0,13,1422.51,13,1479.56,3,2,13,82.4261,0.266881,0.0788708,0.353854,0.300394,0.0942297,0.220447,0.621425,0.0638979
2622,0,13,1422.51,13,1501.63,0,2,9,82.3848,0.242074,0.0715224,0.320982,0.365421,0.0794583,0.185922,0.680743,0.0538771
2623,0,13,1422.51,13,1501.63,1,2,0,82.3437,0.276715,0.068234,0.306316,0.348734,0.0730406,0.170934,0.706503,0.0495217
2624,0,13,1422.51,13,1506.73,2,2,9,82.3025,0.276746,0.0681091,0.306356,0.348789,0.0829484,0.194154,0.666662,0.0562349
2625,0,13,1422.51,13,1506.73,0,2,0,82.2613,0.263457,0.0648204,0.339667,0.332056,0.0763059,0.178637,0.69333,0.0517276
2626,0,13,1422.51,13,1515.31,3,2,9,82.2202,0.23721,0.0671101,0.351782,0.343898,0.0863712,0.202235,0.652848,0.0585463
2627,0,13,1422.51,13,1514.49,3,2,13,82.1791,0.225434,0.0637625,0.334345,0.376458,0.0795172,0.186218,0.680369,0.0538961
2628,0,13,1422.51,13,1515.3,3,2,9,82.138,0.201687,0.0570313,0.299149,0.442133,0.0663032,0.155299,0.733461,0.0449363
2629,0,13,1422.51,13,1515.3,0,2,0,82.0969,0.189892,0.0536825,0.281677,0.474749,0.0607927,0.142416,0.755592,0.0411984
2630,0,13,1422.51,13,1515.3,3,1,0,82.0559,0.177248,0.0545002,0.286062,0.48219,0.0699544,0.163907,0.718735,0.0474035
2631,0,13,1422.51,13,1515.3,3,2,9,82.0149,0.192182,0.059078,0.310193,0.438547,0.0703732,0.158568,0.723376,0.0476836
2632,0,13,1422.51,13,1514.94,3,2,13,81.9738,0.180944,0.0556104,0.292083,0.471363,0.0645235,0.145411,0.746349,0.0437165
2633,0,13,1422.51,13,1514.94,3,1,0,81.9329,0.158277,0.0486324,0.255517,0.537574,0.0531865,0.119881,0.7909,0.0360326
2634,0,13,1422.51,13,1514.94,2,2,9,81.8919,0.173674,0.0533507,0.2804,0.492576,0.0532003,0.119228,0.791532,0.0360391
2635,0,13,1422.51,13,1514.94,2,2,0,81.8509,0.164326,0.0504673,0.319045,0.466162,0.0486833,0.109123,0.809217,0.0329766
2636,0,13,1422.51,13,1506.48,3,2,13,81.81,0.171403,0.0526284,0.289629,0.486339,0.0568877,0.127533,0.777048,0.038531
2637,0,13,1422.51,13,1506.48,3,2,0,81.7691,0.149457,0.0458791,0.252572,0.552092,0.0466723,0.104649,0.817069,0.0316095
2638,0,13,1422.51,13,1499.9,3,2,13,81.7282,0.164577,0.0505084,0.278152,0.506763,0.0546736,0.122609,0.785691,0.0370256
2639,0,13,1422.51,13,1499.9,3,2,0,81.6874,0.14286,0.0438334,0.241475,0.571832,0.0447991,0.100481,0.824384,0.0303361
2640,0,13,1422.51,13,1490.98,3,2,13,81.6465,0.158021,0.0484736,0.267129,0.526376,0.0526036,0.118005,0.793773,0.0356182
2641,0,13,1422.51,13,1490.98,3,2,0,81.6057,0.136589,0.0418895,0.230924,0.590598,0.0430533,0.0965968,0.831201,0.0291494
2642,0,13,1422.51,13,1490.98,3,2,0,81.5649,0.151744,0.0465263,0.256573,0.545157,0.0506675,0.113699,0.801332,0.0343019
2643,0,13,1422.51,13,1490.98,2,1,0,81.5241,0.16685,0.0511458,0.282143,0.499861,0.0590733,0.132583,0.768354,0.0399896
2644,0,13,1422.51,13,1490.98,0,0,0,81.4834,0.172376,0.052827,0.25827,0.516527,0.0591769,0.13067,0.770097,0.0400566
2645,0,13,1422.51,13,1490.16,2,2,13,81.4426,0.162793,0.0534182,0.261243,0.522546,0.0628413,0.130124,0.767154,0.0398799
2646,0,13,1422.51,13,1490.16,2,2,0,81.4019,0.147572,0.0484129,0.330217,0.473799,0.0516134,0.10689,0.808745,0.0327515
2647,0,13,1422.51,13,1490.16,3,2,0,81.3612,0.154307,0.0506113,0.299541,0.495541,0.0603259,0.124952,0.776445,0.0382766
2648,0,13,1422.51,13,1490.16,0,2,0,81.3205,0.167882,0.0550514,0.325935,0.451131,0.0698363,0.144672,0.741185,0.044307
2649,0,13,1422.51,13,1490.92,3,2,9,81.2798,0.157507,0.0557173,0.329995,0.45678,0.0800575,0.16587,0.703285,0.0507871
2650,0,13,1422.51,13,1490.92,3,2,0,81.2392,0.14803,0.0523539,0.310185,0.489431,0.0734437,0.152189,0.72778,0.0465872
2651,0,13,1422.51,13,1490.92,3,1,0,81.1986,0.160816,0.0568641,0.337026,0.445294,0.0838953,0.173872,0.689021,0.053212
2652,0,13,1422.51,13,1469.97,2,2,13,81.158,0.173112,0.0611992,0.362849,0.40284,0.0845409,0.167226,0.694616,0.0536166
2653,0,13,1422.51,13,1469.97,2,2,0,81.1174,0.154805,0.0547159,0.430179,0.3603,0.0701952,0.138869,0.746422,0.0445144
2654,0,13,1422.51,13,1581.19,2,2,9,81.0769,0.166216,0.058737,0.388123,0.386924,0.0805627,0.159401,0.708952,0.0510843
2655,0,13,1422.51,13,1567.57,2,2,13,81.0363,0.157344,0.0555899,0.420735,0.366332,0.0738512,0.146141,0.733183,0.0468243
2656,0,13,1422.51,13,1542.71,3,2,13,80.9958,0.139255,0.0491889,0.487285,0.324272,0.0609165,0.120562,0.779902,0.0386197
2657,0,13,1422.51,13,1542.71,2,2,0,80.9553,0.124839,0.0440878,0.436951,0.394122,0.0498961,0.0987645,0.819709,0.0316301
2658,0,13,1422.51,13,1542.71,3,2,0,80.9148,0.134441,0.0474689,0.393556,0.424533,0.0585103,0.115831,0.788571,0.0370875
2659,0,13,1422.51,13,1542.71,2,1,0,80.8744,0.144356,0.050959,0.422671,0.382014,0.0679647,0.134566,0.754393,0.0430763
2660,0,13,1422.51,13,1542.71,2,0,0,80.8339,0.154867,0.0546582,0.380565,0.40991,0.0681056,0.132413,0.75632,0.0431617
2661,0,13,1422.51,13,1542.71,3,2,0,80.7935,0.164418,0.058017,0.34229,0.435274,0.0713207,0.13192,0.753768,0.0429914
2662,0,13,1422.51,13,1591.67,2,2,9,80.7531,0.176645,0.0623184,0.367798,0.393238,0.082039,0.151764,0.71675,0.0494473
2663,0,13,1422.51,13,1591.67,3,2,0,80.7127,0.167157,0.0589587,0.40171,0.372175,0.075169,0.139072,0.740457,0.0453019
2664,0,13,1422.51,13,1591.67,3,0,0,80.6724,0.177106,0.062455,0.425695,0.334744,0.0861558,0.159419,0.702507,0.0519181
2665,0,13,1422.51,13,1526.6,2,2,13,80.632,0.185614,0.0654417,0.446223,0.302721,0.0880497,0.159054,0.701108,0.0517877
2666,0,13,1422.51,13,1523.1,3,2,13,80.5917,0.16292,0.0574283,0.513918,0.265734,0.0729976,0.131879,0.752193,0.04293
2667,0,13,1422.51,13,1505.1,2,2,13,80.5514,0.147465,0.0519697,0.465274,0.335292,0.0600151,0.108438,0.796256,0.0352912
2668,0,13,1422.51,13,1505.1,2,2,0,80.5112,0.129121,0.0454956,0.531751,0.293632,0.0490346,0.0886082,0.833526,0.0288312
2669,0,13,1422.51,13,1484.63,2,2,13,80.4709,0.141667,0.0499056,0.486212,0.322215,0.057783,0.104429,0.803816,0.0339715
2670,0,13,1422.51,13,1484.63,2,0,9,80.4307,0.12346,0.0434827,0.552207,0.28085,0.0471615,0.0852435,0.839871,0.027724
2671,0,13,1422.51,13,1484.63,2,0,0,80.3904,0.115124,0.0405383,0.582408,0.26193,0.0682895,0.0833202,0.821298,0.0270924
2672,0,13,1422.51,13,1483.73,2,2,13,80.3503,0.127777,0.0449842,0.536474,0.290765,0.0712928,0.0830187,0.8187,0.0269883
2673,0,13,1422.51,13,1483.73,3,1,0,80.3101,0.110148,0.0387699,0.600391,0.250691,0.05823,0.0678094,0.851922,0.022039
2674,0,13,1422.51,13,1483.73,2,2,0,80.2699,0.112838,0.0397084,0.615262,0.232192,0.0580177,0.0707559,0.849272,0.0219544
2675,0,13,1422.51,13,1483.73,3,3,0,80.2298,0.126135,0.0443786,0.569894,0.259592,0.0689405,0.0840802,0.820897,0.0260826
2676,0,13,1422.51,13,1483.73,2,2,0,80.1897,0.12949,0.0455492,0.585225,0.239736,0.0686395,0.0837164,0.817717,0.0299271
2677,0,13,1422.51,13,1503.45,3,2,9,80.1496,0.143639,0.0505156,0.539881,0.265964,0.0807403,0.0984791,0.785583,0.0351972
2678,0,13,1422.51,13,1495.56,0,2,13,80.1095,0.135738,0.0477272,0.510322,0.306212,0.0740383,0.0903083,0.803383,0.0322703
2679,0,13,1422.51,13,1495.56,0,1,0,80.0694,0.189141,0.0447597,0.47882,0.28728,0.0606055,0.0739265,0.839057,0.0264111
2680,0,13,1422.51,13,1495.56,2,2,0,80.0294,0.175971,0.045468,0.486627,0.291934,0.060411,0.0764634,0.836804,0.0263219
2681,0,13,1422.51,13,1498.52,3,2,9,79.9894,0.191378,0.0494357,0.441658,0.317528,0.071534,0.0905463,0.806757,0.0311632
2682,0,13,1422.51,13,1498.52,0,2,0,79.9494,0.181158,0.046783,0.418142,0.353917,0.0656008,0.08304,0.822786,0.0285737
2683,0,13,1422.51,13,1498.52,0,0,0,79.9094,0.167628,0.0475371,0.425068,0.359767,0.0773238,0.0978842,0.791118,0.0336743
2684,0,13,1422.51,13,1499.14,0,2,9,79.8695,0.156145,0.0481736,0.430949,0.364732,0.0796429,0.0976039,0.789183,0.0335707
2685,0,13,1422.51,13,1481.79,2,2,13,79.8295,0.189162,0.0462703,0.414104,0.350464,0.073051,0.0895291,0.806633,0.0307868
2686,0,13,1422.51,13,1481.79,0,2,0,79.7896,0.167845,0.0410446,0.480101,0.311009,0.0597831,0.0732713,0.841755,0.0251908
2687,0,13,1422.51,13,1481.79,0,2,0,79.7497,0.157221,0.0415505,0.486258,0.31497,0.0709344,0.0869421,0.812239,0.0298844
2688,0,13,1422.51,13,1481.17,0,2,13,79.7099,0.148128,0.0419806,0.491533,0.318359,0.0833546,0.102169,0.779365,0.0351109
2689,0,13,1422.51,13,1481.17,2,2,0,79.67,0.203027,0.039258,0.459882,0.297833,0.0684421,0.0838942,0.818839,0.0288244
2690,0,13,1422.51,13,1522.35,0,2,9,79.6302,0.219938,0.042514,0.414882,0.322666,0.0805994,0.0988003,0.786662,0.0339387
2691,0,13,1422.51,13,1522.35,0,2,0,79.5904,0.25468,0.0406039,0.396422,0.308294,0.0739192,0.0906152,0.804345,0.0311204
2692,0,13,1422.51,13,1499.57,2,2,13,79.5506,0.229852,0.0419393,0.409647,0.318562,0.0866553,0.106232,0.770636,0.036476
2693,0,13,1422.51,13,1499.57,2,2,0,79.5108,0.204333,0.0372705,0.475183,0.283214,0.0712243,0.0873187,0.811482,0.0299754
2694,0,13,1422.51,13,1480.97,2,2,13,79.471,0.222141,0.0405048,0.429439,0.307916,0.0836872,0.102602,0.778496,0.0352145
2695,0,13,1422.51,13,1504.4,2,2,9,79.4313,0.196571,0.0358302,0.495108,0.27249,0.0687036,0.0842353,0.818157,0.0289045
2696,0,13,1422.51,13,1499.21,3,2,13,79.3916,0.184682,0.0336518,0.525639,0.256027,0.0629993,0.0772447,0.833256,0.0265001
2697,0,13,1422.51,13,1524.21,0,2,9,79.3519,0.167926,0.0305881,0.478047,0.323439,0.0513799,0.0630005,0.864011,0.0216088
2698,0,13,1422.51,13,1524.21,0,2,9,79.3122,0.201608,0.0293352,0.458719,0.310337,0.0471747,0.0578465,0.875142,0.0198367
2699,0,13,1422.51,13,1524.21,3,0,0,79.2725,0.236045,0.0280559,0.438956,0.296944,0.0433414,0.0531482,0.885289,0.0182217
2700,0,13,1422.51,13,1588.43,2,2,9,79.2329,0.246223,0.0292532,0.45794,0.266585,0.0470543,0.0529146,0.881893,0.0181377
2701,0,13,1422.51,13,1588.43,1,2,0,79.1933,0.232659,0.02763,0.487807,0.251904,0.043276,0.0486668,0.891379,0.0166781
2702,0,13,1422.51,13,1554.02,2,3,13,79.1537,0.232002,0.0302996,0.486501,0.251197,0.0523602,0.058884,0.868581,0.0201752
2703,0,13,1422.51,13,1554.02,2,2,0,79.1141,0.203291,0.0265391,0.550056,0.220114,0.0514627,0.0578761,0.854173,0.0364879
2704,0,13,1422.51,13,1554.02,2,2,9,79.0746,0.225429,0.0294171,0.501066,0.244087,0.0615103,0.0691774,0.825704,0.0436088
2705,0,13,1422.51,13,1554.02,2,2,0,79.035,0.212297,0.0276922,0.530138,0.229872,0.0565417,0.063591,0.839784,0.0400835
2706,0,13,1422.51,13,1554.02,0,2,0,78.9955,0.23432,0.0305524,0.481405,0.253722,0.0672429,0.0756281,0.809463,0.0476665
2707,0,13,1422.51,13,1584.34,0,2,9,78.956,0.213563,0.0313654,0.494488,0.260584,0.0791728,0.0890477,0.77566,0.0561194
2708,0,13,1422.51,13,1564.05,2,2,13,78.9165,0.249402,0.0299214,0.471983,0.248693,0.0727693,0.0818475,0.793806,0.0515769
2709,0,13,1422.51,13,1544.69,3,2,13,78.8771,0.219266,0.0262947,0.535798,0.218642,0.0597327,0.0671861,0.830747,0.042334
2710,0,13,1422.51,13,1544.69,2,2,0,78.8376,0.201412,0.0241435,0.492259,0.282185,0.0488258,0.0549195,0.861653,0.0346016
2711,0,13,1422.51,13,1544.69,2,0,9,78.7982,0.220804,0.0264567,0.443366,0.309374,0.0585284,0.0658346,0.834162,0.0414747
2712,0,13,1422.51,13,1544.54,3,2,13,78.7588,0.209288,0.0250663,0.472387,0.293259,0.0821847,0.0641518,0.813253,0.0404108
2713,0,13,1422.51,13,1544.54,2,2,0,78.7194,0.189808,0.0227235,0.428488,0.35898,0.0674604,0.0526556,0.846718,0.0331661
2714,0,13,1422.51,13,1544.54,3,2,0,78.6801,0.205398,0.0245795,0.381508,0.388514,0.0806323,0.0629337,0.816798,0.0396362
2715,0,13,1422.51,13,1544.54,2,1,0,78.6407,0.220315,0.0263533,0.409265,0.344067,0.0954007,0.0744568,0.783253,0.0468893
2716,0,13,1422.51,13,1544.54,3,0,0,78.6014,0.237212,0.0283624,0.363937,0.370489,0.0951621,0.0764488,0.781624,0.0467654
2717,0,13,1422.51,13,1544.54,3,3,0,78.5621,0.25328,0.0302707,0.388623,0.327827,0.0954909,0.0763908,0.781393,0.0467252
2718,0,13,1422.51,13,1545.32,3,2,9,78.5228,0.267001,0.0318971,0.409711,0.291391,0.0951133,0.0760853,0.778631,0.05017
2719,0,13,1422.51,13,1545.32,0,2,0,78.4836,0.254436,0.0303831,0.390464,0.324717,0.0876386,0.0701029,0.796037,0.0462214
2720,0,13,1422.51,13,1549.38,3,2,9,78.4443,0.227932,0.0314483,0.40436,0.33626,0.10306,0.0824349,0.760157,0.0543478
2721,0,13,1422.51,13,1549.38,2,3,0,78.4051,0.216884,0.0299122,0.384805,0.368398,0.0949812,0.0759694,0.778968,0.0500811
2722,0,13,1422.51,13,1530.35,0,2,13,78.3659,0.232166,0.0320071,0.34143,0.394397,0.0946186,0.0756761,0.776322,0.0533836
2723,0,13,1422.51,13,1527.65,3,2,13,78.3267,0.292782,0.0294665,0.314478,0.363274,0.0780365,0.0624109,0.81553,0.044023
2724,0,13,1422.51,13,1499.81,2,2,13,78.2876,0.264123,0.02657,0.283699,0.425608,0.0640526,0.0512247,0.848593,0.0361301
2725,0,13,1422.51,13,1499.81,3,2,0,78.2484,0.240541,0.0241866,0.347627,0.387646,0.052408,0.0419103,0.876123,0.0295583
2726,0,13,1422.51,13,1499.81,2,2,0,78.2093,0.258028,0.025933,0.372926,0.343113,0.0633993,0.0506978,0.85015,0.0357534
2727,0,13,1422.51,13,1499.81,2,1,0,78.1702,0.275833,0.0277098,0.329646,0.366811,0.0759516,0.0607326,0.820489,0.0428272
2728,0,13,1422.51,13,1499.81,0,1,0,78.1311,0.291483,0.0292685,0.291603,0.387645,0.0756965,0.0635027,0.818122,0.0426785
2729,0,13,1422.51,13,1499.81,2,2,0,78.092,0.25956,0.0305728,0.304738,0.405129,0.075456,0.0660943,0.815912,0.042538
2730,0,13,1422.51,13,1499.81,0,2,0,78.053,0.271807,0.0320018,0.271908,0.424283,0.089389,0.0782966,0.781927,0.0503869
2731,0,13,1422.51,13,1493.16,2,2,13,78.014,0.244233,0.0331983,0.282195,0.440374,0.104762,0.0917591,0.744434,0.0590453
2732,0,13,1422.51,13,1493.16,3,2,0,77.975,0.2219,0.0301506,0.347795,0.400154,0.0867983,0.0760234,0.788263,0.0489153
2733,0,13,1422.51,13,1493.16,3,1,0,77.936,0.238285,0.032364,0.373509,0.355842,0.101929,0.0892735,0.751362,0.0574357
2734,0,13,1422.51,13,1493.16,3,2,9,77.897,0.253199,0.0343759,0.396922,0.315503,0.101825,0.0899078,0.750896,0.0573707
2735,0,13,1422.51,13,1493.16,2,2,0,77.8581,0.241055,0.0327141,0.377919,0.348312,0.0939029,0.0829106,0.770286,0.0529009
2736,0,13,1422.51,13,1507.69,0,0,9,77.8191,0.257568,0.0349411,0.335291,0.3722,0.109682,0.0968399,0.731695,0.061783
2737,0,13,1422.51,13,1529.92,2,2,9,77.7802,0.290057,0.0333973,0.320622,0.355924,0.142299,0.0932617,0.704945,0.0594948
2738,0,13,1422.51,13,1529.92,3,2,0,77.7413,0.276991,0.0318792,0.351224,0.339905,0.131664,0.0862847,0.727012,0.055039
2739,0,13,1422.51,13,1529.92,0,0,0,77.7025,0.293583,0.0337741,0.37228,0.300364,0.152167,0.0997122,0.684523,0.0635983
2740,0,13,1422.51,13,1529.92,3,2,0,77.6636,0.261247,0.0353046,0.389337,0.314112,0.145699,0.100442,0.6898,0.0640582
2741,0,13,1422.51,13,1528.23,3,2,13,77.6248,0.274252,0.0370473,0.408752,0.279949,0.166626,0.11486,0.645267,0.0732469
2742,0,13,1422.51,13,1528.23,3,3,0,77.586,0.249565,0.033699,0.371987,0.344749,0.14053,0.0968643,0.700841,0.0617652
2743,0,13,1422.51,13,1535.98,0,2,9,77.5472,0.264396,0.0356873,0.394125,0.305792,0.140142,0.09659,0.699133,0.064135
2744,0,13,1422.51,13,1535.98,2,0,0,77.5084,0.297952,0.0340445,0.376163,0.291841,0.129651,0.0893524,0.721672,0.0593245
2745,0,13,1422.51,13,1535.98,3,2,0,77.4696,0.318207,0.0363431,0.33377,0.311679,0.125951,0.0897016,0.724796,0.0595514
2746,0,13,1422.51,13,1544.36,2,2,9,77.4309,0.334961,0.03824,0.351347,0.275453,0.145433,0.103569,0.682245,0.0687524
2747,0,13,1422.51,13,1544.36,0,2,0,77.3922,0.319382,0.0364456,0.381542,0.262631,0.134603,0.0958503,0.705923,0.063623
2748,0,13,1422.51,13,1544.36,0,0,0,77.3535,0.284307,0.0383078,0.401226,0.27616,0.154619,0.110096,0.662212,0.0730729
2749,0,13,1422.51,13,1543.86,0,2,13,77.3148,0.254798,0.0398707,0.417791,0.28754,0.147744,0.110961,0.667654,0.0736409
2750,0,13,1422.51,13,1543.86,3,1,0,77.2762,0.319176,0.0364111,0.381719,0.262694,0.12401,0.0931305,0.721057,0.0618025
2751,0,13,1422.51,13,1543.86,3,1,0,77.2375,0.331079,0.0377525,0.395968,0.235201,0.123972,0.0931645,0.721089,0.0617748
2752,0,13,1422.51,13,1541.02,2,2,13,77.1989,0.341034,0.0388708,0.407889,0.212207,0.123935,0.0931924,0.721125,0.0617476
2753,0,13,1422.51,13,1541.02,3,2,9,77.1603,0.303282,0.0345529,0.473466,0.188698,0.103086,0.077511,0.76805,0.0513532
2754,0,13,1422.51,13,1541.02,2,0,0,77.1217,0.290192,0.0330472,0.453071,0.22369,0.0951123,0.0715114,0.786002,0.0473744
2755,0,13,1422.51,13,1541.02,2,2,0,77.0832,0.314873,0.0358423,0.406583,0.242702,0.0950889,0.0714838,0.786075,0.0473522
2756,0,13,1422.51,13,1543.83,2,2,9,77.0446,0.338243,0.0384857,0.362571,0.260701,0.11179,0.084034,0.748515,0.0556611
2757,0,13,1422.51,13,1532.13,0,2,13,77.0061,0.322051,0.0366275,0.393112,0.248209,0.103172,0.0775513,0.767914,0.051363
2758,0,13,1422.51,13,1532.13,1,2,0,76.9676,0.387421,0.0330821,0.355228,0.224269,0.0852055,0.0640429,0.808339,0.0424127
2759,0,13,1422.51,13,1506.82,2,2,13,76.9291,0.386659,0.0350123,0.354524,0.223804,0.100892,0.0758286,0.773066,0.0502137
2760,0,13,1422.51,13,1506.82,1,2,0,76.8906,0.347914,0.0314887,0.419243,0.201355,0.0832562,0.0625706,0.812742,0.0414309
2761,0,13,1422.51,13,1506.82,0,2,0,76.8522,0.34715,0.0336209,0.418338,0.200891,0.098731,0.0741964,0.777948,0.0491248
2762,0,13,1422.51,13,1506.82,2,2,0,76.8138,0.309239,0.0355578,0.442662,0.212541,0.115797,0.0870167,0.739578,0.0576082
2763,0,13,1422.51,13,1506.82,3,2,0,76.7754,0.335002,0.0385034,0.396265,0.23023,0.134279,0.100899,0.698029,0.0667933
2764,0,13,1422.51,13,1504.71,0,2,13,76.737,0.344877,0.0396213,0.40796,0.207541,0.15392,0.115651,0.653877,0.0765524
2765,0,13,1422.51,13,1504.71,2,2,0,76.6986,0.410997,0.0356083,0.366812,0.186583,0.129433,0.097247,0.708954,0.0643651
2766,0,13,1422.51,13,1504.71,2,1,0,76.6603,0.43717,0.0378574,0.326539,0.198433,0.148815,0.111802,0.66539,0.0739929
2767,0,13,1422.51,13,1504.71,0,0,0,76.6219,0.459412,0.039764,0.292328,0.208496,0.149132,0.10972,0.667007,0.0741402
2768,0,13,1422.51,13,1504.71,3,2,0,76.5836,0.412891,0.0431711,0.317502,0.226436,0.142935,0.110489,0.671922,0.0746537
2769,0,13,1422.51,13,1504.71,3,2,0,76.5453,0.424258,0.0443395,0.326226,0.205177,0.162664,0.125733,0.626656,0.0849469
2770,0,13,1422.51,13,1504.71,0,2,0,76.5071,0.433803,0.0453166,0.333548,0.187333,0.182996,0.141442,0.58001,0.0955524
2771,0,13,1422.51,13,1504.71,2,2,0,76.4688,0.388882,0.0488958,0.360036,0.202187,0.203557,0.157326,0.532842,0.106275
2772,0,13,1422.51,13,1504.71,0,0,0,76.4306,0.412681,0.0518667,0.32092,0.214532,0.223971,0.173094,0.486019,0.116917
2773,0,13,1422.51,13,1504.71,3,2,0,76.3924,0.36937,0.0556747,0.344607,0.230349,0.205989,0.177084,0.497324,0.119603
2774,0,13,1422.51,13,1504.71,0,3,0,76.3542,0.380162,0.0572798,0.354671,0.207887,0.224769,0.193222,0.451516,0.130493
2775,0,13,1422.51,13,1504.71,2,3,0,76.316,0.339091,0.0610572,0.378198,0.221653,0.226375,0.194597,0.454806,0.124222
2776,0,13,1422.51,13,1504.71,2,1,0,76.2778,0.361294,0.0650327,0.337527,0.236147,0.227762,0.195784,0.457657,0.118797
2777,0,13,1422.51,13,1504.71,3,2,0,76.2397,0.38124,0.0685994,0.300999,0.249162,0.23189,0.181161,0.466015,0.120934
2778,0,13,1422.51,13,1504.71,0,2,0,76.2016,0.393432,0.070769,0.31061,0.225188,0.251219,0.196251,0.421533,0.130997
2779,0,13,1422.51,13,1504.71,0,0,0,76.1635,0.352529,0.0755233,0.331575,0.240372,0.26965,0.210639,0.379121,0.14059
2780,0,13,1422.51,13,1504.71,2,0,0,76.1254,0.314419,0.0799497,0.351112,0.254519,0.2431,0.218286,0.392931,0.145682
2781,0,13,1422.51,13,1504.71,2,3,0,76.0873,0.332739,0.0845849,0.313338,0.269338,0.220762,0.224718,0.404557,0.149963
2782,0,13,1422.51,13,1504.71,0,1,0,76.0493,0.349142,0.0887302,0.279525,0.282603,0.223148,0.227148,0.408979,0.140725
2783,0,13,1422.51,13,1504.71,1,2,0,76.0113,0.311937,0.0937835,0.295513,0.298767,0.228772,0.207632,0.419338,0.144258
2784,0,13,1422.51,13,1504.71,0,0,0,75.9732,0.313233,0.0900256,0.296737,0.300005,0.245147,0.22249,0.377794,0.15457
2785,0,13,1422.51,13,1504.71,0,2,0,75.9353,0.278876,0.0945097,0.311591,0.315024,0.222428,0.229177,0.38919,0.159204
2786,0,13,1422.51,13,1504.71,3,2,0,75.8973,0.249355,0.0983581,0.324356,0.32793,0.236846,0.244034,0.349607,0.169513
2787,0,13,1422.51,13,1504.71,2,3,0,75.8593,0.262384,0.103478,0.341322,0.292816,0.250287,0.257883,0.31271,0.17912
2788,0,13,1422.51,13,1504.71,3,0,0,75.8214,0.276671,0.109092,0.305468,0.308768,0.254951,0.262691,0.318552,0.163806
2789,0,13,1422.51,13,1504.71,1,2,0,75.7835,0.289991,0.114323,0.32018,0.275506,0.229058,0.271822,0.329637,0.169484
2790,0,13,1422.51,13,1504.71,0,0,0,75.7456,0.29187,0.108578,0.322262,0.277289,0.241042,0.286054,0.294564,0.178341
2791,0,13,1422.51,13,1504.71,3,0,0,75.7077,0.26168,0.113188,0.336017,0.289115,0.216317,0.295379,0.304168,0.184137
2792,0,13,1422.51,13,1504.71,3,2,0,75.6699,0.272367,0.117791,0.349757,0.260085,0.195671,0.303166,0.312189,0.188974
2793,0,13,1422.51,13,1504.71,0,2,9,75.632,0.281373,0.121665,0.36134,0.235621,0.205152,0.317884,0.278836,0.198129
2794,0,13,1422.51,13,1497.08,0,2,13,75.5942,0.3189,0.115294,0.342493,0.223313,0.195184,0.302466,0.313849,0.188501
2795,0,13,1422.51,13,1497.08,0,1,9,75.5564,0.387486,0.103668,0.308025,0.200821,0.176256,0.273158,0.380366,0.17022
2796,0,13,1422.51,13,1497.08,2,2,0,75.5187,0.423477,0.0975619,0.289944,0.189017,0.167156,0.31063,0.360784,0.16143
2797,0,13,1422.51,13,1497.08,2,2,9,75.4809,0.439116,0.101135,0.263783,0.195966,0.176935,0.328844,0.323348,0.170873
2798,0,13,1422.51,13,1497.08,1,2,0,75.4432,0.415262,0.0956132,0.303834,0.185291,0.167937,0.312159,0.357722,0.162182
2799,0,13,1422.51,13,1497.15,3,2,9,75.4054,0.416152,0.0937227,0.304467,0.185658,0.177662,0.330277,0.320488,0.171573
2800,0,13,1422.51,13,1497.15,0,1,0,75.3677,0.397374,0.0894669,0.29071,0.222449,0.16862,0.313506,0.355034,0.16284
2801,0,13,1422.51,13,1497.15,3,1,0,75.33,0.357765,0.09533,0.309834,0.237071,0.17649,0.281411,0.37166,0.170439
2802,0,13,1422.51,13,1497.15,2,2,0,75.2924,0.367979,0.0980255,0.31867,0.215326,0.183137,0.254292,0.385714,0.176857
2803,0,13,1422.51,13,1497.15,1,2,0,75.2547,0.385213,0.102589,0.286811,0.225386,0.194622,0.270258,0.347173,0.187947
2804,0,13,1422.51,13,1497.15,0,2,0,75.2171,0.386533,0.0995564,0.287777,0.226134,0.205332,0.285148,0.311234,0.198287
2805,0,13,1422.51,13,1497.15,1,0,0,75.1795,0.348116,0.105774,0.305814,0.240296,0.215211,0.298887,0.278075,0.207827
2806,0,13,1422.51,13,1511.23,2,2,9,75.1419,0.349694,0.101746,0.307192,0.241368,0.194819,0.306661,0.285303,0.213217
2807,0,13,1422.51,13,1511.23,1,0,0,75.1043,0.331303,0.0963715,0.343669,0.228657,0.185338,0.291763,0.320055,0.202844
2808,0,13,1422.51,13,1511.23,2,2,0,75.0668,0.332445,0.0932723,0.344855,0.229428,0.169953,0.297276,0.326109,0.206661
2809,0,13,1422.51,13,1501.88,0,2,13,75.0293,0.350655,0.0983565,0.309011,0.241977,0.178546,0.312342,0.291993,0.217119
2810,0,13,1422.51,13,1501.88,3,0,0,74.9917,0.420102,0.0878219,0.275977,0.216099,0.161712,0.282924,0.358708,0.196656
2811,0,13,1422.51,13,1501.88,2,3,0,74.9542,0.42911,0.089677,0.281872,0.199341,0.150729,0.28663,0.363423,0.199217
2812,0,13,1422.51,13,1487.58,0,0,13,74.9168,0.443994,0.0927583,0.257025,0.206223,0.153704,0.292325,0.370662,0.183309
2813,0,13,1422.51,13,1487.58,3,1,0,74.8793,0.515799,0.0807667,0.223843,0.179592,0.210067,0.272856,0.345992,0.171085
2814,0,13,1422.51,13,1474.82,0,2,13,74.8419,0.522071,0.0817185,0.226527,0.169683,0.217784,0.246117,0.358737,0.177362
2815,0,13,1422.51,13,1474.82,0,2,0,74.8044,0.591687,0.0698049,0.193541,0.144966,0.194029,0.219278,0.428683,0.15801
2816,0,13,1422.51,13,1474.82,3,1,0,74.767,0.547692,0.0773148,0.214407,0.160586,0.20787,0.234925,0.387931,0.169274
2817,0,13,1422.51,13,1513.64,0,0,9,74.7297,0.552381,0.0779461,0.216202,0.153471,0.213324,0.214809,0.398159,0.173708
2818,0,13,1422.51,13,1513.64,0,0,0,74.6923,0.586732,0.071954,0.199622,0.141692,0.25124,0.204445,0.378995,0.16532
2819,0,13,1422.51,13,1469.05,2,2,13,74.655,0.542787,0.0795938,0.220862,0.156757,0.22854,0.210632,0.390512,0.170316
2820,0,13,1422.51,13,1469.05,0,0,0,74.6176,0.493808,0.0723838,0.291232,0.142577,0.201871,0.186049,0.461648,0.150432
2821,0,13,1422.51,13,1469.05,2,0,0,74.5803,0.450104,0.0786177,0.316401,0.154877,0.187924,0.189282,0.469754,0.15304
2822,0,13,1422.51,13,1469.05,2,1,0,74.543,0.469137,0.0819135,0.287558,0.161392,0.17601,0.19204,0.476687,0.155263
2823,0,13,1422.51,13,1469.05,0,3,0,74.5058,0.485366,0.0847176,0.262977,0.166939,0.178653,0.179815,0.483941,0.157591
2824,0,13,1422.51,13,1469.05,0,1,0,74.4685,0.442599,0.0917431,0.28485,0.180808,0.180276,0.181449,0.488435,0.14984
2825,0,13,1422.51,13,1469.05,0,2,0,74.4313,0.401478,0.0984955,0.305885,0.194142,0.182581,0.17089,0.494779,0.15175
2826,0,13,1422.51,13,1469.05,0,2,0,74.3941,0.362463,0.104899,0.325846,0.206792,0.198027,0.185344,0.452046,0.164582
2827,0,13,1422.51,13,1469.05,3,2,0,74.3569,0.325891,0.110899,0.344561,0.218649,0.212928,0.199288,0.410823,0.17696
2828,0,13,1422.51,13,1496.16,2,2,9,74.3197,0.333808,0.113569,0.352935,0.199688,0.227112,0.212561,0.371586,0.188741
2829,0,13,1422.51,13,1496.16,2,2,0,74.2825,0.314949,0.107129,0.389535,0.188387,0.213766,0.200067,0.408524,0.177643
2830,0,13,1422.51,13,1496.16,0,3,0,74.2454,0.334599,0.113788,0.351493,0.200119,0.22791,0.213302,0.369399,0.18939
2831,0,13,1422.51,13,1464.52,3,2,13,74.2083,0.300996,0.119516,0.369271,0.210217,0.231875,0.21701,0.375862,0.175253
2832,0,13,1422.51,13,1464.52,2,3,0,74.1711,0.276303,0.109692,0.338991,0.275014,0.205244,0.192084,0.447556,0.155117
2833,0,13,1422.51,13,1464.52,2,1,0,74.1341,0.290899,0.115465,0.304094,0.289542,0.207152,0.193867,0.451787,0.147194
2834,0,13,1422.51,13,1464.52,0,3,0,74.097,0.304351,0.120782,0.271936,0.302931,0.210389,0.181208,0.458919,0.149484
2835,0,13,1422.51,13,1464.52,0,2,0,74.0599,0.272347,0.126321,0.284452,0.31688,0.212088,0.182666,0.462697,0.142549
2836,0,13,1422.51,13,1464.52,3,3,0,74.0229,0.245334,0.130991,0.295018,0.328657,0.228394,0.196704,0.421405,0.153497
2837,0,13,1422.51,13,1500.72,3,0,9,73.9859,0.257565,0.137505,0.309738,0.295193,0.230559,0.198563,0.425452,0.145425
2838,0,13,1422.51,13,1500.72,2,2,9,73.9489,0.244336,0.130426,0.29384,0.331397,0.270755,0.188176,0.403259,0.13781
2839,0,13,1422.51,13,1477.03,2,2,13,73.9119,0.231468,0.123542,0.331028,0.313963,0.253813,0.176389,0.440628,0.129169
2840,0,13,1422.51,13,1477.03,3,2,9,73.875,0.207324,0.110641,0.400805,0.28123,0.22089,0.153498,0.513213,0.112399
2841,0,13,1422.51,13,1484.26,0,1,9,73.838,0.195814,0.104486,0.378605,0.321095,0.204574,0.142149,0.549194,0.104083
2842,0,13,1422.51,13,1484.26,2,2,9,73.8011,0.232796,0.09966,0.361211,0.306333,0.195693,0.179302,0.525454,0.0995505
2843,0,13,1422.51,13,1484.26,3,0,0,73.7642,0.219561,0.0939784,0.397526,0.288934,0.181202,0.166022,0.56061,0.0921664
2844,0,13,1422.51,13,1484.26,2,2,0,73.7273,0.227855,0.0975117,0.412591,0.262042,0.171558,0.167952,0.567264,0.0932267
2845,0,13,1422.51,13,1484.26,2,1,0,73.6905,0.243264,0.104089,0.372875,0.279772,0.189148,0.185171,0.522908,0.102773
2846,0,13,1422.51,13,1484.26,0,2,0,73.6536,0.257754,0.11027,0.335532,0.296444,0.19159,0.174553,0.529769,0.104087
2847,0,13,1422.51,13,1484.26,2,0,0,73.6168,0.232984,0.113929,0.346744,0.306343,0.209459,0.190829,0.48593,0.113781
2848,0,13,1422.51,13,1484.26,3,0,0,73.58,0.245588,0.120076,0.311404,0.322933,0.195232,0.194244,0.494719,0.115805
2849,0,13,1422.51,13,1484.26,2,2,0,73.5432,0.257736,0.125997,0.326823,0.289444,0.183057,0.197163,0.502247,0.117533
2850,0,13,1422.51,13,1484.26,1,1,0,73.5064,0.270594,0.132264,0.293251,0.303891,0.198852,0.214178,0.459306,0.127663
2851,0,13,1422.51,13,1484.26,2,3,0,73.4697,0.273088,0.124252,0.295959,0.3067,0.202678,0.198992,0.468222,0.130108
2852,0,13,1422.51,13,1484.26,3,0,9,73.4329,0.284923,0.129616,0.265462,0.319999,0.203726,0.20002,0.470722,0.125532
2853,0,13,1422.51,13,1483.86,0,2,13,73.3962,0.269582,0.122618,0.251166,0.356633,0.244165,0.189845,0.446854,0.119135
2854,0,13,1422.51,13,1483.86,3,0,0,73.3595,0.339237,0.110908,0.227212,0.322643,0.212124,0.164924,0.519465,0.103487
2855,0,13,1422.51,13,1483.86,3,1,0,73.3229,0.355641,0.116245,0.23818,0.289933,0.198203,0.167815,0.528691,0.105291
2856,0,13,1422.51,13,1484.27,3,1,9,73.2862,0.36954,0.120761,0.247468,0.26223,0.200147,0.159564,0.533979,0.10631
2857,0,13,1422.51,13,1484.94,0,2,9,73.2496,0.349932,0.114328,0.234319,0.301421,0.190904,0.19829,0.509419,0.101387
2858,0,13,1422.51,13,1484.94,0,2,0,73.2129,0.387067,0.107782,0.220934,0.284217,0.176942,0.18379,0.545307,0.0939607
2859,0,13,1422.51,13,1484.94,1,2,0,73.1763,0.349329,0.114402,0.234537,0.301732,0.194182,0.201698,0.501019,0.103102
2860,0,13,1422.51,13,1466.29,3,2,13,73.1397,0.351214,0.109651,0.235784,0.303351,0.211091,0.219264,0.457579,0.112066
2861,0,13,1422.51,13,1466.29,3,2,9,73.1032,0.315626,0.098517,0.211876,0.373982,0.18293,0.190014,0.529952,0.0971036
2862,0,13,1422.51,13,1466.29,0,2,0,73.0666,0.296841,0.0926321,0.19925,0.411277,0.169197,0.17575,0.565251,0.0898022
2863,0,13,1422.51,13,1464.51,3,2,13,73.0301,0.269807,0.0961726,0.206897,0.427123,0.186513,0.193738,0.520769,0.09898
2864,0,13,1422.51,13,1464.51,2,2,0,72.9936,0.235293,0.0838528,0.180421,0.500433,0.159161,0.165328,0.591057,0.0844541
2865,0,13,1422.51,13,1462.73,0,2,13,72.9571,0.238177,0.0848633,0.170314,0.506645,0.176481,0.183321,0.546566,0.0936326
2866,0,13,1422.51,13,1462.73,0,1,9,72.9206,0.310482,0.0767883,0.15413,0.4586,0.149692,0.155494,0.615404,0.0794095
2867,0,13,1422.51,13,1462.73,1,2,0,72.8841,0.351753,0.0721727,0.144886,0.431188,0.142701,0.194778,0.58683,0.0756914
2868,0,13,1422.51,13,1462.68,3,2,13,72.8477,0.35159,0.0726128,0.144792,0.431005,0.158286,0.216064,0.541703,0.0839473
2869,0,13,1422.51,13,1463.3,3,2,9,72.8113,0.307138,0.0634123,0.126464,0.502986,0.134586,0.183725,0.61032,0.071369
2870,0,13,1422.51,13,1463.3,3,2,0,72.7749,0.285274,0.0588796,0.11744,0.538407,0.123762,0.168959,0.641658,0.0656209
2871,0,13,1422.51,13,1459.96,3,2,13,72.7385,0.313132,0.0646092,0.128886,0.493372,0.139083,0.189887,0.597296,0.0737348
2872,0,13,1422.51,13,1459.96,3,2,0,72.7021,0.269354,0.0555587,0.110847,0.564241,0.116802,0.159477,0.661806,0.0619147
2873,0,13,1422.51,13,1459.96,3,2,0,72.6657,0.297377,0.0613197,0.122358,0.518945,0.131922,0.180132,0.618026,0.0699205
2874,0,13,1422.51,13,1459.34,3,0,13,72.6294,0.325047,0.0670041,0.133719,0.474229,0.147418,0.201304,0.573155,0.0781238
2875,0,13,1422.51,13,1459.34,2,2,0,72.5931,0.280868,0.0578789,0.115524,0.545729,0.207455,0.187105,0.53284,0.0725998
2876,0,13,1422.51,13,1461.06,3,2,9,72.5568,0.281697,0.0580314,0.112859,0.547412,0.227742,0.205398,0.487177,0.0796827
2877,0,13,1422.51,13,1461.67,0,2,9,72.5205,0.260489,0.0536453,0.104343,0.581523,0.212131,0.191314,0.52235,0.0742049
2878,0,13,1422.51,13,1461.67,3,2,0,72.4843,0.304208,0.050454,0.0981486,0.547189,0.196917,0.177591,0.556623,0.0688687
2879,0,13,1422.51,13,1461.67,3,0,0,72.448,0.335061,0.0555509,0.108078,0.50131,0.217343,0.196007,0.510653,0.0759963
2880,0,13,1422.51,13,1461.67,3,0,0,72.4118,0.365331,0.0605478,0.117816,0.456305,0.201443,0.199968,0.521071,0.0775172
2881,0,13,1422.51,13,1461.67,3,2,9,72.3756,0.394558,0.0653683,0.127212,0.412861,0.187884,0.203342,0.529964,0.0788101
2882,0,13,1422.51,13,1461.67,3,2,0,72.3394,0.370396,0.0613432,0.119395,0.448866,0.17412,0.188448,0.564408,0.0730237
2883,0,13,1422.51,13,1461.67,1,1,0,72.3032,0.399422,0.0661266,0.128722,0.405729,0.192378,0.208211,0.518744,0.0806668
2884,0,13,1422.51,13,1461.67,0,3,0,72.2671,0.39922,0.0666279,0.128628,0.405524,0.195846,0.193847,0.5282,0.0821067
2885,0,13,1422.51,13,1464.55,3,2,9,72.2309,0.358904,0.0710797,0.13724,0.432776,0.19574,0.193742,0.528019,0.0824987
2886,0,13,1422.51,13,1464.55,2,2,9,72.1948,0.335814,0.0664854,0.128387,0.469314,0.181346,0.179495,0.56274,0.076419
2887,0,13,1422.51,13,1464.55,2,3,0,72.1587,0.322747,0.0638777,0.162293,0.451082,0.167476,0.165766,0.596197,0.0705618
2888,0,13,1422.51,13,1503.8,3,2,9,72.1227,0.326524,0.0646043,0.152479,0.456392,0.167129,0.165422,0.595112,0.0723371
2889,0,13,1422.51,13,1540.88,3,2,9,72.0866,0.304872,0.0603008,0.142346,0.49248,0.153926,0.152354,0.627108,0.0666116
2890,0,13,1422.51,13,1525.03,3,2,13,72.0506,0.283594,0.056074,0.132391,0.52794,0.141412,0.139967,0.657436,0.0611857
2891,0,13,1422.51,13,1558.4,2,2,9,72.0145,0.242023,0.0478388,0.112967,0.597171,0.117299,0.116101,0.715856,0.0507443
2892,0,13,1422.51,13,1568.25,3,2,9,71.9785,0.232809,0.0460026,0.146649,0.57454,0.107165,0.10607,0.740413,0.0463524
2893,0,13,1422.51,13,1568.7,2,2,9,71.9425,0.21515,0.0424994,0.135513,0.606838,0.0977979,0.0967981,0.76311,0.0422937
2894,0,13,1422.51,13,1568.05,3,2,13,71.9066,0.20608,0.0406946,0.171848,0.581377,0.089177,0.0882652,0.783999,0.0385591
2895,0,13,1422.51,13,1552.45,3,2,13,71.8706,0.174196,0.0343873,0.145255,0.646162,0.0723555,0.0716155,0.824749,0.0312804
2896,0,13,1422.51,13,1504.86,0,2,13,71.8347,0.145297,0.0286732,0.121153,0.704877,0.0583913,0.057794,0.858575,0.0252392
2897,0,13,1422.51,13,1545.7,3,2,9,71.7988,0.205632,0.026634,0.112569,0.655166,0.046959,0.0464785,0.886268,0.0202943
2898,0,13,1422.51,13,1519.44,3,2,13,71.7629,0.189751,0.024567,0.103863,0.68182,0.0428814,0.0424426,0.896147,0.018529
2899,0,13,1422.51,13,1519.44,2,2,13,71.727,0.157718,0.0204113,0.0863184,0.735552,0.0344079,0.0340557,0.916671,0.0148651
2900,0,13,1422.51,13,1519.44,3,2,0,71.6911,0.14993,0.0193955,0.131227,0.699447,0.0276064,0.0273238,0.933145,0.0119247
2901,0,13,1422.51,13,1519.44,3,2,0,71.6553,0.172692,0.022331,0.151146,0.653831,0.0341893,0.0338393,0.917206,0.0147657
2902,0,13,1422.51,13,1535.88,3,2,9,71.6194,0.196472,0.0253956,0.171954,0.606178,0.0419985,0.0415684,0.898298,0.0181353
2903,0,13,1422.51,13,1525.95,3,2,13,71.5836,0.18226,0.0235489,0.159512,0.634679,0.0383871,0.0379939,0.907046,0.0165731
2904,0,13,1422.51,13,1525.95,0,2,0,71.5478,0.153184,0.019784,0.134061,0.692972,0.0307884,0.030473,0.925448,0.0132902
2905,0,13,1422.51,13,1525.95,3,2,0,71.5121,0.145824,0.0199431,0.135191,0.699042,0.0379795,0.0375903,0.908039,0.0163916
2906,0,13,1422.51,13,1525.95,3,1,0,71.4763,0.1679,0.0229531,0.155654,0.653492,0.0464593,0.0459831,0.88751,0.020048
2907,0,13,1422.51,13,1525.95,0,3,0,71.4406,0.190957,0.0260947,0.177027,0.605922,0.0462684,0.0493852,0.884384,0.0199623
2908,0,13,1422.51,13,1524.35,3,2,13,71.4048,0.178148,0.0264931,0.179798,0.615561,0.0460864,0.0491916,0.881426,0.0232963
2909,0,13,1422.51,13,1524.35,3,2,0,71.3691,0.150115,0.0223158,0.151506,0.676063,0.0370208,0.0395157,0.904752,0.0187111
2910,0,13,1422.51,13,1524.35,2,2,0,71.3335,0.171682,0.0255122,0.173274,0.629532,0.0452725,0.0483241,0.883525,0.0228786
2911,0,13,1422.51,13,1524.35,3,2,0,71.2978,0.173768,0.0258122,0.163075,0.637345,0.0548667,0.0585658,0.858844,0.0277233
2912,0,13,1422.51,13,1524,3,2,13,71.2621,0.196649,0.0292,0.184545,0.589605,0.0658654,0.0703069,0.830551,0.0332762
2913,0,13,1422.51,13,1524,3,2,9,71.2265,0.166482,0.0247111,0.156233,0.652574,0.053126,0.0567092,0.863328,0.0268364
2914,0,13,1422.51,13,1524,3,2,9,71.1909,0.153752,0.0228129,0.144285,0.67915,0.0484745,0.0517447,0.875297,0.0244834
2915,0,13,1422.51,13,1524,3,2,0,71.1553,0.141788,0.0210296,0.133056,0.704127,0.0442572,0.0472435,0.886149,0.0223503
2916,0,13,1422.51,13,1525.18,2,2,9,71.1197,0.163363,0.0242204,0.1533,0.659117,0.053701,0.0573253,0.861858,0.0271158
2917,0,13,1422.51,13,1525.18,3,2,0,71.0842,0.156088,0.023133,0.190836,0.629943,0.0489918,0.0522989,0.873975,0.0247345
2918,0,13,1422.51,13,1515.43,2,2,13,71.0486,0.176586,0.0261608,0.215905,0.581349,0.0591606,0.063155,0.84782,0.0298644
2919,0,13,1422.51,13,1515.43,0,2,0,71.0131,0.161213,0.0238743,0.284045,0.530867,0.0476175,0.0508332,0.877515,0.0240341
2920,0,13,1422.51,13,1515.43,2,2,0,70.9776,0.150569,0.0241637,0.287631,0.537636,0.0575842,0.0614737,0.851881,0.0290606
2921,0,13,1422.51,13,1524.17,3,2,9,70.9421,0.156317,0.025077,0.260304,0.558302,0.0689685,0.073628,0.822602,0.0348011
2922,0,13,1422.51,13,1524.17,3,2,0,70.9066,0.145656,0.0233583,0.242577,0.588408,0.0628539,0.0671012,0.838333,0.0317114
2923,0,13,1422.51,13,1524.17,3,2,0,70.8712,0.163241,0.0261687,0.271891,0.538699,0.0749239,0.0799879,0.807292,0.0377959
2924,0,13,1422.51,13,1524.17,3,2,0,70.8357,0.18075,0.0289649,0.301084,0.489201,0.0883946,0.0943702,0.77265,0.0445851
2925,0,13,1422.51,13,1524.17,0,2,0,70.8003,0.197844,0.0316925,0.329591,0.440872,0.103177,0.110153,0.734636,0.052034
2926,0,13,1422.51,13,1523.92,2,2,13,70.7649,0.180861,0.0323479,0.336565,0.450226,0.119115,0.127171,0.693649,0.0600639
2927,0,13,1422.51,13,1523.92,0,2,0,70.7295,0.161444,0.0288651,0.407726,0.401964,0.0980518,0.104684,0.747828,0.0494358
2928,0,13,1422.51,13,1524.35,3,2,9,70.6942,0.148539,0.0292944,0.414009,0.408158,0.113628,0.121316,0.707775,0.0572812
2929,0,13,1422.51,13,1524.35,0,1,0,70.6588,0.140323,0.0276653,0.391192,0.44082,0.103853,0.110881,0.732921,0.0523461
2930,0,13,1422.51,13,1524.35,3,2,0,70.6235,0.131032,0.0279496,0.395422,0.445597,0.103967,0.109624,0.734013,0.0523964
2931,0,13,1422.51,13,1583.12,3,2,9,70.5882,0.142157,0.0303132,0.429089,0.398441,0.120011,0.126543,0.692972,0.0604741
2932,0,13,1422.51,13,1583.12,3,2,0,70.5529,0.134118,0.0285903,0.404915,0.432377,0.109758,0.115733,0.719209,0.0553
2933,0,13,1422.51,13,1583.12,3,2,0,70.5176,0.145083,0.0309182,0.438117,0.385882,0.126183,0.133053,0.677198,0.0635665
2934,0,13,1422.51,13,1585.02,2,2,9,70.4824,0.154833,0.0329858,0.467663,0.344519,0.143452,0.151264,0.633028,0.0722562
2935,0,13,1422.51,13,1512.21,2,2,13,70.4471,0.145196,0.0309231,0.500754,0.323127,0.131699,0.138873,0.6631,0.0663274
2936,0,13,1422.51,13,1510.13,3,2,13,70.4119,0.1254,0.0266989,0.568784,0.279117,0.108992,0.11493,0.721195,0.0548837
2937,0,13,1422.51,13,1503.03,2,2,13,70.3767,0.112663,0.0239796,0.511166,0.352191,0.0892247,0.0940869,0.771765,0.0449237
2938,0,13,1422.51,13,1503.03,2,2,0,70.3415,0.0973239,0.0207083,0.577659,0.304309,0.0724343,0.0763824,0.814718,0.0364649
2939,0,13,1422.51,13,1503.03,2,2,0,70.3063,0.108966,0.0231783,0.527067,0.340789,0.0856884,0.0903598,0.78082,0.0431313
2940,0,13,1422.51,13,1503.03,2,2,0,70.2712,0.120503,0.0256244,0.476915,0.376957,0.100293,0.105762,0.743469,0.0504757
2941,0,13,1422.51,13,1548.36,3,2,9,70.236,0.131708,0.0279985,0.428189,0.412104,0.116107,0.122439,0.703028,0.0584263
2942,0,13,1422.51,13,1548.36,2,1,0,70.2009,0.124282,0.0264116,0.40414,0.445166,0.106103,0.111891,0.72862,0.0533853
2943,0,13,1422.51,13,1548.36,2,2,0,70.1658,0.133378,0.0283358,0.360418,0.477869,0.106238,0.11049,0.729826,0.0534457
2944,0,13,1422.51,13,1535.84,3,1,13,70.1307,0.141173,0.0299825,0.322919,0.505926,0.122515,0.12742,0.688439,0.0616258
2945,0,13,1422.51,13,1535.84,3,0,0,70.0957,0.121769,0.0258536,0.278582,0.573795,0.11443,0.18479,0.643229,0.0575511
2946,0,13,1422.51,13,1535.84,2,2,0,70.0606,0.135922,0.0288494,0.31101,0.524219,0.111927,0.185281,0.645101,0.0576907
2947,0,13,1422.51,13,1535.84,2,3,0,70.0256,0.141829,0.0300939,0.280929,0.547149,0.126524,0.209466,0.598804,0.0652059
2948,0,13,1422.51,13,1535.84,3,1,9,69.9906,0.146832,0.0311459,0.255417,0.566605,0.126262,0.209055,0.597753,0.066929
2949,0,13,1422.51,13,1535.84,3,1,0,69.9556,0.136268,0.0288961,0.237066,0.59777,0.119577,0.250764,0.566281,0.0633774
2950,0,13,1422.51,13,1535.84,3,0,0,69.9206,0.152744,0.0323798,0.265758,0.549118,0.122819,0.230281,0.581813,0.0650871
2951,0,13,1422.51,13,1535.84,2,2,0,69.8857,0.169212,0.0358596,0.294444,0.500485,0.118755,0.231324,0.584556,0.0653654
2952,0,13,1422.51,13,1535.84,2,2,0,69.8507,0.175886,0.0372624,0.266515,0.520337,0.132353,0.257846,0.53696,0.0728412
2953,0,13,1422.51,13,1535.84,0,1,0,69.8158,0.181533,0.0384469,0.24286,0.537161,0.145873,0.284224,0.48963,0.0802727
2954,0,13,1422.51,13,1535.84,1,2,0,69.7809,0.169493,0.0389946,0.246411,0.545101,0.151151,0.258212,0.50747,0.0831673
2955,0,13,1422.51,13,1535.84,2,2,0,69.746,0.168978,0.0417736,0.245679,0.54357,0.165383,0.282554,0.461076,0.090987
2956,0,13,1422.51,13,1535.84,3,0,0,69.7111,0.17348,0.0428745,0.225464,0.558182,0.179138,0.306086,0.416234,0.0985426
2957,0,13,1422.51,13,1535.84,2,1,0,69.6763,0.192171,0.0474808,0.24977,0.510578,0.165649,0.311115,0.423098,0.100139
2958,0,13,1422.51,13,1535.84,0,2,0,69.6414,0.197574,0.048802,0.228589,0.525035,0.173041,0.2803,0.442062,0.104597
2959,0,13,1422.51,13,1535.84,0,1,0,69.6066,0.183647,0.0496293,0.232536,0.534189,0.18653,0.30218,0.39855,0.11274
2960,0,13,1422.51,13,1535.84,3,1,0,69.5718,0.171767,0.0503314,0.235898,0.542004,0.194587,0.271989,0.415827,0.117597
2961,0,13,1422.51,13,1539.27,3,2,9,69.537,0.189336,0.055466,0.260044,0.495154,0.20139,0.246482,0.430431,0.121697
2962,0,13,1422.51,13,1539.27,3,2,0,69.5022,0.176091,0.0515732,0.241868,0.530468,0.188252,0.230412,0.467591,0.113746
2963,0,13,1422.51,13,1539.27,0,1,0,69.4675,0.193601,0.0566876,0.265935,0.483776,0.203812,0.249467,0.423586,0.123135
2964,0,13,1422.51,13,1539.27,0,0,0,69.4328,0.179646,0.0576478,0.270524,0.492182,0.209809,0.227333,0.436113,0.126746
2965,0,13,1422.51,13,1539.27,3,1,0,69.398,0.167764,0.0584618,0.274428,0.499346,0.193426,0.232034,0.445189,0.129351
2966,0,13,1422.51,13,1544.58,3,2,9,69.3633,0.183072,0.063783,0.299499,0.453645,0.198194,0.213038,0.456239,0.132529
2967,0,13,1422.51,13,1544.58,0,2,0,69.3287,0.170872,0.0595199,0.279568,0.490039,0.184477,0.198296,0.493881,0.123347
2968,0,13,1422.51,13,1536.26,3,2,13,69.294,0.160156,0.0602679,0.283169,0.496407,0.200623,0.215655,0.449589,0.134132
2969,0,13,1422.51,13,1535.24,3,2,13,69.2593,0.137375,0.0516852,0.242919,0.568021,0.173677,0.186693,0.523523,0.116107
2970,0,13,1422.51,13,1535.24,3,1,0,69.2247,0.115881,0.04359,0.204935,0.635594,0.147611,0.158675,0.595041,0.0986732
2971,0,13,1422.51,13,1535.24,0,0,0,69.1901,0.130509,0.0490826,0.230829,0.589579,0.148831,0.151558,0.600129,0.0994812
2972,0,13,1422.51,13,1535.24,2,3,0,69.1555,0.126046,0.0493138,0.231989,0.592651,0.142962,0.152575,0.604322,0.10014
2973,0,13,1422.51,13,1544.41,0,0,9,69.1209,0.128775,0.050372,0.215183,0.60567,0.143032,0.152652,0.604795,0.0995206
2974,0,13,1422.51,13,1552.94,3,3,9,69.0864,0.164999,0.0482575,0.20621,0.580534,0.181462,0.14578,0.577726,0.0950321
2975,0,13,1422.51,13,1552.94,3,2,0,69.0518,0.152134,0.044484,0.19014,0.613242,0.175156,0.140708,0.557779,0.126357
2976,0,13,1422.51,13,1552.94,0,0,0,69.0173,0.170494,0.0498403,0.213097,0.566568,0.193505,0.155441,0.511469,0.139585
2977,0,13,1422.51,13,1541.48,0,1,13,68.9828,0.160876,0.0503977,0.215543,0.573184,0.180477,0.157929,0.519778,0.141816
2978,0,13,1422.51,13,1544.32,3,2,9,68.9483,0.223965,0.0465897,0.199314,0.530131,0.167162,0.219961,0.481531,0.131346
2979,0,13,1422.51,13,1544.32,3,0,0,68.9138,0.207774,0.0432082,0.184902,0.564116,0.155565,0.204712,0.517495,0.122228
2980,0,13,1422.51,13,1544.32,2,2,0,68.8794,0.230517,0.0479227,0.205136,0.516423,0.147121,0.206739,0.522715,0.123425
2981,0,13,1422.51,13,1561.63,3,2,9,68.8449,0.234925,0.0488236,0.18987,0.526382,0.161412,0.226836,0.476342,0.13541
2982,0,13,1422.51,13,1561.63,3,2,0,68.8105,0.21791,0.0452733,0.176111,0.560705,0.150254,0.21117,0.512532,0.126045
2983,0,13,1422.51,13,1560.72,3,1,13,68.7761,0.241485,0.0501555,0.195155,0.513204,0.164481,0.23118,0.466365,0.137974
2984,0,13,1422.51,13,1560.72,2,2,0,68.7417,0.206565,0.0428891,0.166927,0.583619,0.149442,0.301388,0.423814,0.125355
2985,0,13,1422.51,13,1561.9,3,2,9,68.7073,0.208841,0.0433482,0.157637,0.590174,0.16073,0.324197,0.380254,0.134818
2986,0,13,1422.51,13,1561.9,3,3,0,68.673,0.192565,0.0399573,0.145343,0.622134,0.151446,0.305514,0.416013,0.127027
2987,0,13,1422.51,13,1561.9,2,2,0,68.6387,0.216535,0.044917,0.163426,0.575122,0.152597,0.30788,0.41926,0.120264
2988,0,13,1422.51,13,1560.57,3,2,13,68.6043,0.218813,0.0453751,0.154528,0.581284,0.163957,0.330846,0.375987,0.12921
2989,0,13,1422.51,13,1560.57,3,2,0,68.57,0.184138,0.0381727,0.130031,0.647658,0.145181,0.292999,0.447412,0.114408
2990,0,13,1422.51,13,1560.57,0,0,0,68.5357,0.208346,0.0431774,0.147115,0.601361,0.156921,0.316737,0.402689,0.123654
2991,0,13,1422.51,13,1560.57,3,1,0,68.5015,0.194185,0.0439302,0.149717,0.612168,0.145933,0.320866,0.407959,0.125242
2992,0,13,1422.51,13,1560.13,3,3,13,68.4672,0.217667,0.0492279,0.167813,0.565293,0.152991,0.287933,0.427779,0.131296
2993,0,13,1422.51,13,1560.13,3,1,0,68.433,0.183691,0.0415315,0.141611,0.633166,0.14339,0.269897,0.401015,0.185698
2994,0,13,1422.51,13,1559.97,3,1,13,68.3988,0.206984,0.0467841,0.15956,0.586671,0.148618,0.243181,0.415722,0.192479
2995,0,13,1422.51,13,1559.97,3,2,9,68.3646,0.173833,0.0392793,0.133998,0.65289,0.134979,0.31255,0.377648,0.174823
2996,0,13,1422.51,13,1559.97,0,1,0,68.3304,0.159355,0.0359971,0.122831,0.681817,0.127297,0.294813,0.413007,0.164883
2997,0,13,1422.51,13,1559.97,3,1,0,68.2962,0.152104,0.036289,0.123857,0.687749,0.132697,0.264788,0.430628,0.171886
2998,0,13,1422.51,13,1559.97,3,2,0,68.2621,0.173778,0.0414481,0.1415,0.643273,0.137243,0.239489,0.445484,0.177784
2999,0,13,1422.51,13,1557.85,3,1,13,68.228,0.196268,0.0467987,0.159806,0.597127,0.148266,0.258753,0.400909,0.192072
3000,0,13,1422.51,13,1557.85,0,2,0,68.1938,0.164364,0.0391801,0.133824,0.662632,0.134264,0.328674,0.36312,0.173943
3001,0,13,1422.51,13,1557.85,0,1,9,68.1597,0.156428,0.0395329,0.135062,0.668977,0.142756,0.349524,0.322766,0.184954
3002,0,13,1422.51,13,1557.85,0,3,0,68.1257,0.196234,0.0376491,0.128657,0.63746,0.135056,0.384548,0.305408,0.174987
3003,0,13,1422.51,13,1557.85,3,1,0,68.0916,0.183836,0.0382112,0.13061,0.647343,0.137361,0.391192,0.310671,0.160776
3004,0,13,1422.51,13,1552.73,0,2,13,68.0576,0.208036,0.0432277,0.147794,0.600943,0.146827,0.349179,0.332133,0.171861
3005,0,13,1422.51,13,1552.73,3,2,0,68.0235,0.278693,0.0393535,0.134581,0.547372,0.1314,0.312546,0.402246,0.153808
3006,0,13,1422.51,13,1552.73,3,1,0,67.9895,0.308522,0.0435485,0.148964,0.498966,0.140804,0.334972,0.359402,0.164821
3007,0,13,1422.51,13,1552.73,3,2,0,67.9555,0.337762,0.0476572,0.163058,0.451522,0.148625,0.297958,0.379436,0.173982
3008,0,13,1422.51,13,1552.73,0,0,0,67.9215,0.36592,0.0516099,0.176626,0.405844,0.15843,0.31766,0.338445,0.185466
3009,0,13,1422.51,13,1578.57,0,1,9,67.8876,0.326858,0.054771,0.18749,0.43088,0.145664,0.322484,0.343589,0.188263
3010,0,13,1422.51,13,1578.57,0,3,0,67.8536,0.366042,0.0515656,0.176561,0.405831,0.137923,0.358421,0.325388,0.178268
3011,0,13,1422.51,13,1585.23,0,1,9,67.8197,0.32695,0.0547271,0.187432,0.43089,0.140446,0.365045,0.331395,0.163113
3012,0,13,1422.51,13,1585.23,0,1,0,67.7858,0.366147,0.0515228,0.176502,0.405829,0.132494,0.400938,0.312685,0.153882
3013,0,13,1422.51,13,1585.23,3,1,0,67.7519,0.327027,0.0546845,0.187379,0.43091,0.141842,0.358607,0.334805,0.164745
3014,0,13,1422.51,13,1585.23,3,2,0,67.718,0.352467,0.0589175,0.201933,0.386682,0.150556,0.319137,0.355436,0.174871
3015,0,13,1422.51,13,1585.23,1,0,0,67.6842,0.376415,0.0628979,0.215629,0.345059,0.159654,0.338471,0.316432,0.185444
3016,0,13,1422.51,13,1585.23,1,2,0,67.6503,0.376408,0.0629455,0.215601,0.345046,0.14695,0.343599,0.321221,0.18823
3017,0,13,1422.51,13,1585.23,3,1,0,67.6165,0.376403,0.0629864,0.215574,0.345036,0.154536,0.361399,0.286107,0.197958
3018,0,13,1422.51,13,1538.62,3,2,13,67.5827,0.397787,0.0665409,0.227796,0.307876,0.163934,0.322518,0.303543,0.210006
3019,0,13,1422.51,13,1538.62,3,2,0,67.5489,0.355983,0.0595268,0.203834,0.380656,0.14752,0.290264,0.373229,0.188988
3020,0,13,1422.51,13,1538.62,0,1,0,67.5151,0.379725,0.0634741,0.217404,0.339397,0.156887,0.308737,0.333378,0.200998
3021,0,13,1422.51,13,1538.62,0,1,0,67.4814,0.338805,0.0676434,0.231741,0.361811,0.164534,0.274979,0.349681,0.210806
3022,0,13,1422.51,13,1538.62,3,1,0,67.4476,0.302,0.0713894,0.244635,0.381976,0.170954,0.246625,0.363379,0.219042
3023,0,13,1422.51,13,1538.62,2,2,0,67.4139,0.321826,0.076054,0.260683,0.341437,0.176336,0.222836,0.374877,0.22595
3024,0,13,1422.51,13,1538.62,3,0,0,67.3802,0.333599,0.0788136,0.233655,0.353932,0.187383,0.236807,0.335695,0.240116
3025,0,13,1422.51,13,1538.62,1,2,0,67.3465,0.353418,0.0834717,0.247518,0.315592,0.171252,0.2415,0.342372,0.244876
3026,0,13,1422.51,13,1538.62,2,2,0,67.3128,0.354219,0.0814183,0.248062,0.316301,0.180809,0.254995,0.305636,0.25856
3027,0,13,1422.51,13,1538.62,0,1,0,67.2792,0.365744,0.0840424,0.22363,0.326584,0.189592,0.267401,0.271867,0.27114
3028,0,13,1422.51,13,1538.62,2,0,0,67.2455,0.327012,0.089156,0.237283,0.346549,0.197372,0.2373,0.283042,0.282286
3029,0,13,1422.51,13,1538.62,3,0,0,67.2119,0.336849,0.0918141,0.214358,0.356978,0.178257,0.242945,0.289786,0.289012
3030,0,13,1422.51,13,1538.62,1,2,0,67.1783,0.356672,0.0971918,0.226952,0.319184,0.162314,0.247653,0.295412,0.294622
3031,0,13,1422.51,13,1538.62,3,1,0,67.1447,0.357985,0.0938945,0.227767,0.320353,0.169777,0.259062,0.262956,0.308205
3032,0,13,1422.51,13,1538.62,3,3,0,67.1112,0.375471,0.0984542,0.238871,0.287204,0.175876,0.232382,0.272426,0.319316
3033,0,13,1422.51,13,1538.62,3,3,0,67.0776,0.390258,0.102304,0.248255,0.259183,0.184655,0.243995,0.28605,0.2853
3034,0,13,1422.51,13,1538.62,0,2,9,67.0441,0.402747,0.10555,0.256177,0.235525,0.192681,0.254614,0.298508,0.254197
3035,0,13,1422.51,13,1538.62,0,3,0,67.0105,0.442332,0.0985406,0.239207,0.21992,0.182452,0.24111,0.335723,0.240716
3036,0,13,1422.51,13,1538.62,0,0,0,66.977,0.40061,0.105898,0.257114,0.236378,0.187896,0.248318,0.345782,0.218005
3037,0,13,1422.51,13,1537.72,3,3,13,66.9435,0.361055,0.112871,0.274091,0.251982,0.172977,0.252874,0.35215,0.221999
3038,0,13,1422.51,13,1533.42,0,0,13,66.9101,0.326727,0.102116,0.248018,0.32314,0.157709,0.230572,0.321113,0.290606
3039,0,13,1422.51,13,1533.42,0,0,0,66.8766,0.39887,0.0911575,0.221442,0.288531,0.216055,0.214592,0.298877,0.270477
3040,0,13,1422.51,13,1533.42,0,3,0,66.8432,0.358693,0.097233,0.236243,0.307831,0.194921,0.220368,0.306942,0.27777
3041,0,13,1422.51,13,1533.42,1,1,0,66.8098,0.321136,0.102909,0.250078,0.325877,0.202856,0.229345,0.319467,0.248332
3042,0,13,1422.51,13,1530.08,3,1,13,66.7764,0.322744,0.0984285,0.251318,0.32751,0.208633,0.20736,0.328594,0.255414
3043,0,13,1422.51,13,1530.08,3,3,0,66.743,0.288048,0.0878263,0.224289,0.399836,0.191327,0.27307,0.301365,0.234238
3044,0,13,1422.51,13,1530.08,0,1,0,66.7096,0.307358,0.0936915,0.239313,0.359638,0.197226,0.281509,0.310685,0.210579
3045,0,13,1422.51,13,1512.79,3,2,13,66.6762,0.276023,0.0979101,0.250135,0.375932,0.205382,0.251766,0.323562,0.21929
3046,0,13,1422.51,13,1512.79,2,2,0,66.6429,0.242777,0.0860994,0.220003,0.451121,0.183327,0.22474,0.396189,0.195744
3047,0,13,1422.51,13,1512.79,2,2,0,66.6096,0.248059,0.0879545,0.202992,0.460994,0.195315,0.239445,0.356694,0.208546
3048,0,13,1422.51,13,1512.79,1,1,0,66.5763,0.252548,0.0895275,0.188531,0.469393,0.20652,0.253192,0.319774,0.220513
3049,0,13,1422.51,13,1512.79,2,0,9,66.543,0.252724,0.0888445,0.188652,0.469779,0.213505,0.2279,0.330619,0.227975
3050,0,13,1422.51,13,1512.79,2,0,0,66.5097,0.23994,0.0843327,0.229656,0.446071,0.251456,0.216897,0.31468,0.216968
3051,0,13,1422.51,13,1512.79,3,3,0,66.4765,0.245684,0.0863335,0.211176,0.456806,0.226113,0.224233,0.325348,0.224307
3052,0,13,1422.51,13,1512.79,2,2,0,66.4432,0.265009,0.0931047,0.22778,0.414107,0.232219,0.230288,0.334158,0.203336
3053,0,13,1422.51,13,1512.79,3,2,0,66.41,0.271488,0.0953612,0.20888,0.42427,0.244433,0.2424,0.299142,0.214025
3054,0,13,1422.51,13,1529.62,0,0,9,66.3768,0.290838,0.102136,0.223756,0.383271,0.255663,0.253536,0.26695,0.223852
3055,0,13,1422.51,13,1529.62,0,3,0,66.3436,0.331977,0.0961927,0.210768,0.361062,0.29145,0.241347,0.254118,0.213085
3056,0,13,1422.51,13,1529.62,3,2,0,66.3104,0.297753,0.101101,0.221558,0.379588,0.299065,0.247644,0.260751,0.192539
3057,0,13,1422.51,13,1580.24,1,1,9,66.2773,0.316248,0.107358,0.235306,0.341089,0.309969,0.256663,0.233827,0.199541
3058,0,13,1422.51,13,1580.24,0,0,0,66.2441,0.305509,0.137678,0.227302,0.329511,0.293992,0.295007,0.221762,0.189239
3059,0,13,1422.51,13,1580.24,2,1,0,66.211,0.273375,0.144031,0.237816,0.344778,0.262251,0.308282,0.231729,0.197738
3060,0,13,1422.51,13,1580.24,2,2,0,66.1779,0.281349,0.148213,0.215586,0.354851,0.274676,0.27553,0.242701,0.207094
3061,0,13,1422.51,13,1580.24,3,1,0,66.1448,0.288055,0.151726,0.196894,0.363325,0.283848,0.284731,0.217423,0.213998
3062,0,13,1422.51,13,1580.24,0,0,0,66.1117,0.304819,0.160536,0.208337,0.326308,0.295995,0.254148,0.226715,0.223143
3063,0,13,1422.51,13,1565.21,0,2,13,66.0787,0.273206,0.167822,0.217805,0.341167,0.264658,0.265465,0.236805,0.233073
3064,0,13,1422.51,13,1545.71,0,2,13,66.0457,0.34589,0.151027,0.196017,0.307066,0.241588,0.242325,0.303335,0.212751
3065,0,13,1422.51,13,1545.71,2,0,0,66.0126,0.420588,0.133769,0.173627,0.272016,0.216544,0.217205,0.37556,0.190691
3066,0,13,1422.51,13,1545.71,3,3,0,65.9796,0.426393,0.135584,0.162276,0.275747,0.198708,0.222139,0.384135,0.195019
3067,0,13,1422.51,13,1545.71,2,3,0,65.9466,0.440829,0.140142,0.167737,0.251292,0.202298,0.226158,0.391127,0.180417
3068,0,13,1422.51,13,1545.71,1,2,0,65.9137,0.446142,0.141799,0.157768,0.254292,0.205346,0.22957,0.397072,0.168012
3069,0,13,1422.51,13,1545.71,0,1,0,65.8807,0.4496,0.135207,0.158958,0.256235,0.218426,0.244198,0.35867,0.178706
3070,0,13,1422.51,13,1545.71,3,1,0,65.8478,0.408085,0.145395,0.170941,0.275578,0.224716,0.222403,0.369036,0.183845
3071,0,13,1422.51,13,1571.72,0,2,9,65.8148,0.422003,0.150323,0.176741,0.250933,0.230026,0.203998,0.377794,0.188182
3072,0,13,1422.51,13,1559.5,0,2,13,65.7819,0.463045,0.139641,0.164187,0.233126,0.214759,0.190454,0.419102,0.175685
3073,0,13,1422.51,13,1559.5,3,2,0,65.749,0.54067,0.119448,0.140448,0.199434,0.185729,0.164705,0.497636,0.151931
3074,0,13,1422.51,13,1559.5,2,2,0,65.7162,0.548771,0.121201,0.142514,0.187513,0.201406,0.178603,0.455243,0.164748
3075,0,13,1422.51,13,1559.5,0,0,0,65.6833,0.552013,0.12188,0.137527,0.188581,0.216548,0.192026,0.414298,0.177127
3076,0,13,1422.51,13,1559.5,0,2,0,65.6505,0.508233,0.133785,0.150964,0.207018,0.200263,0.196003,0.422942,0.180792
3077,0,13,1422.51,13,1559.5,1,2,0,65.6176,0.465186,0.145489,0.164175,0.22515,0.213908,0.209357,0.383629,0.193107
3078,0,13,1422.51,13,1559.5,0,1,0,65.5848,0.468751,0.139009,0.165399,0.226842,0.226793,0.221966,0.346506,0.204735
3079,0,13,1422.51,13,1559.5,2,2,0,65.552,0.42697,0.149934,0.178403,0.244693,0.232281,0.203114,0.35492,0.209684
3080,0,13,1422.51,13,1559.5,3,2,0,65.5193,0.432846,0.151965,0.167155,0.248033,0.244925,0.214165,0.319815,0.221094
3081,0,13,1422.51,13,1559.5,3,3,0,65.4865,0.444391,0.155986,0.171581,0.228042,0.256648,0.22441,0.287271,0.231672
3082,0,13,1422.51,13,1559.5,2,0,0,65.4538,0.454219,0.159402,0.175342,0.211037,0.264084,0.230905,0.2956,0.209411
3083,0,13,1422.51,13,1559.49,3,1,13,65.421,0.459774,0.161318,0.165323,0.213585,0.237821,0.239142,0.30616,0.216877
3084,0,13,1422.51,13,1559.49,1,1,0,65.3883,0.417015,0.146285,0.149918,0.286783,0.215796,0.309594,0.277821,0.196789
3085,0,13,1422.51,13,1552.41,3,2,13,65.3556,0.420708,0.138777,0.151214,0.289301,0.225724,0.277822,0.290616,0.205838
3086,0,13,1422.51,13,1552.41,0,3,0,65.323,0.374788,0.123602,0.134682,0.366928,0.202629,0.249407,0.363189,0.184775
3087,0,13,1422.51,13,1552.41,1,2,0,65.2903,0.336758,0.131104,0.142858,0.389281,0.205902,0.253446,0.369099,0.171553
3088,0,13,1422.51,13,1531.18,3,2,13,65.2576,0.33923,0.124739,0.143882,0.39215,0.217624,0.267886,0.333178,0.181313
3089,0,13,1422.51,13,1531.18,0,0,0,65.225,0.296018,0.108827,0.125533,0.469622,0.192729,0.237251,0.409453,0.160566
3090,0,13,1422.51,13,1531.18,1,3,0,65.1924,0.270455,0.112757,0.130069,0.486719,0.179695,0.241073,0.416093,0.16314
3091,0,13,1422.51,13,1531.18,3,0,0,65.1598,0.271232,0.11017,0.130423,0.488175,0.18162,0.24367,0.420621,0.154089
3092,0,13,1422.51,13,1531.18,0,1,0,65.1272,0.293929,0.119367,0.141316,0.445387,0.170385,0.247005,0.426426,0.156184
3093,0,13,1422.51,13,1531.18,0,2,0,65.0947,0.268234,0.12369,0.146439,0.461637,0.174741,0.227675,0.437409,0.160175
3094,0,13,1422.51,13,1531.18,3,2,0,65.0621,0.246354,0.127366,0.150796,0.475483,0.186917,0.243552,0.398199,0.171332
3095,0,13,1422.51,13,1502.05,3,1,13,65.0296,0.266001,0.137506,0.162806,0.433687,0.198473,0.258623,0.360983,0.181922
3096,0,13,1422.51,13,1502.05,1,1,0,64.9971,0.228906,0.118314,0.140088,0.512691,0.178391,0.333599,0.324497,0.163512
3097,0,13,1422.51,13,1502.05,3,1,0,64.9646,0.229571,0.115685,0.140482,0.514263,0.187392,0.299938,0.34091,0.171759
3098,0,13,1422.51,13,1502.05,3,3,0,64.9321,0.249859,0.125891,0.152882,0.471368,0.195148,0.270925,0.355062,0.178865
3099,0,13,1422.51,13,1502.05,1,1,0,64.8996,0.269562,0.135799,0.164921,0.429718,0.198077,0.27501,0.360435,0.166479
3100,0,13,1422.51,13,1499.24,3,2,13,64.8672,0.271357,0.130021,0.166003,0.43262,0.204844,0.250202,0.372793,0.17216
3101,0,13,1422.51,13,1499.24,2,3,0,64.8347,0.233503,0.111867,0.142832,0.511798,0.178924,0.218552,0.452154,0.150371
3102,0,13,1422.51,13,1499.24,3,2,0,64.8023,0.234935,0.112537,0.137511,0.515018,0.180276,0.220211,0.455654,0.143859
3103,0,13,1422.51,13,1499.24,3,1,0,64.7699,0.255698,0.122464,0.149648,0.47219,0.193437,0.236298,0.415911,0.154354
3104,0,13,1422.51,13,1506.44,3,3,9,64.7375,0.275868,0.132105,0.161435,0.430593,0.197967,0.218355,0.425716,0.157962
3105,0,13,1422.51,13,1506.44,2,1,0,64.7052,0.255477,0.122322,0.149486,0.472714,0.188515,0.207934,0.405452,0.1981
3106,0,13,1422.51,13,1507.42,0,2,9,64.6728,0.257465,0.123256,0.142827,0.476452,0.19201,0.193182,0.413033,0.201775
3107,0,13,1422.51,13,1507.42,3,2,9,64.6405,0.303442,0.115604,0.133963,0.446991,0.177835,0.178921,0.456362,0.186881
3108,0,13,1422.51,13,1530.13,0,2,9,64.6082,0.28068,0.106911,0.123894,0.488515,0.163724,0.164724,0.499499,0.172054
3109,0,13,1422.51,13,1530.13,2,0,0,64.5759,0.326896,0.100021,0.115913,0.45717,0.149885,0.150801,0.541801,0.157513
3110,0,13,1422.51,13,1502.12,0,2,13,64.5436,0.328195,0.100394,0.112393,0.459017,0.144747,0.151687,0.545126,0.15844
3111,0,13,1422.51,13,1502.12,3,2,0,64.5113,0.408484,0.0883774,0.0989424,0.404196,0.120409,0.126184,0.621604,0.131802
3112,0,13,1422.51,13,1497.79,0,2,13,64.479,0.436232,0.0943519,0.105633,0.363783,0.133781,0.140198,0.579578,0.146442
3113,0,13,1422.51,13,1468.6,2,2,13,64.4468,0.514025,0.0813179,0.0910431,0.313614,0.110307,0.115599,0.653345,0.120749
3114,0,13,1422.51,13,1468.6,3,2,0,64.4146,0.486817,0.0769853,0.139213,0.296985,0.0893584,0.0936464,0.719177,0.0978185
3115,0,13,1422.51,13,1461.78,0,2,13,64.3824,0.50502,0.0798344,0.144382,0.270764,0.101657,0.106536,0.680524,0.111283
3116,0,13,1422.51,13,1538.73,0,2,9,64.3502,0.58095,0.0675765,0.122227,0.229247,0.0818443,0.0857734,0.742786,0.0895963
3117,0,13,1422.51,13,1538.73,0,2,0,64.318,0.617282,0.061707,0.111624,0.209386,0.07311,0.0766204,0.770233,0.0800361
3118,0,13,1422.51,13,1538.73,0,3,0,64.2858,0.57214,0.0689739,0.124785,0.234101,0.0843283,0.0883782,0.734975,0.0923189
3119,0,13,1422.51,13,1538.73,1,2,0,64.2537,0.526682,0.0762892,0.138036,0.258993,0.084135,0.0881765,0.733608,0.0940809
3120,0,13,1422.51,13,1569.35,0,3,9,64.2216,0.526216,0.0771796,0.137877,0.258728,0.0960951,0.100712,0.695736,0.107457
3121,0,13,1422.51,13,1569.35,0,0,0,64.1895,0.564835,0.0708768,0.126632,0.237657,0.0920606,0.0964846,0.666789,0.144665
3122,0,13,1422.51,13,1569.35,0,1,0,64.1574,0.519366,0.0782696,0.139856,0.262509,0.0933251,0.0963216,0.665921,0.144433
3123,0,13,1422.51,13,1569.35,3,3,0,64.1253,0.47447,0.0855664,0.152912,0.287051,0.0932034,0.0972265,0.665313,0.144257
3124,0,13,1422.51,13,1568.63,0,1,13,64.0932,0.491219,0.0885564,0.158274,0.261951,0.093575,0.097615,0.668229,0.140581
3125,0,13,1422.51,13,1568.25,0,2,13,64.0612,0.568185,0.075149,0.134327,0.222339,0.0880411,0.150723,0.628958,0.132278
3126,0,13,1422.51,13,1568.25,3,0,0,64.0292,0.640598,0.0625377,0.111798,0.185067,0.0719889,0.123256,0.696586,0.108169
3127,0,13,1422.51,13,1568.25,3,3,0,63.9971,0.648166,0.063247,0.113079,0.175509,0.0745488,0.122884,0.694727,0.10784
3128,0,13,1422.51,13,1568.25,0,2,0,63.9651,0.654723,0.0638572,0.114183,0.167236,0.0745455,0.122891,0.695006,0.107557
3129,0,13,1422.51,13,1551.72,0,2,13,63.9332,0.610973,0.0719391,0.128649,0.188438,0.0846554,0.139571,0.65362,0.122153
3130,0,13,1422.51,13,1550.04,0,2,13,63.9012,0.679811,0.0592017,0.105883,0.155104,0.0688296,0.113491,0.718355,0.0993247
3131,0,13,1422.51,13,1550.04,0,2,0,63.8692,0.740487,0.0479767,0.0858171,0.125719,0.055197,0.0910214,0.774123,0.079658
3132,0,13,1422.51,13,1550.04,0,2,0,63.8373,0.700956,0.0552776,0.0988879,0.144879,0.0640518,0.105634,0.737871,0.0924437
3133,0,13,1422.51,13,1534.57,3,2,13,63.8054,0.659051,0.0630153,0.112743,0.16519,0.0735736,0.121349,0.698883,0.106194
3134,0,13,1422.51,13,1524.08,3,2,13,63.7735,0.604598,0.0577816,0.103391,0.234229,0.0592269,0.0976962,0.757584,0.0854926
3135,0,13,1422.51,13,1524.08,3,2,0,63.7416,0.543527,0.0519206,0.0929148,0.311638,0.0471308,0.0777512,0.807081,0.0680372
3136,0,13,1422.51,13,1538.41,0,2,9,63.7097,0.565649,0.0540084,0.0966624,0.283681,0.0552417,0.0911407,0.773866,0.0797518
3137,0,13,1422.51,13,1536.13,0,2,13,63.6779,0.60157,0.0495299,0.0886571,0.260243,0.0494765,0.0816371,0.797453,0.0714338
3138,0,13,1422.51,13,1536.13,0,2,0,63.646,0.669708,0.0410494,0.0734859,0.215756,0.0390966,0.0645166,0.839935,0.0564515
3139,0,13,1422.51,13,1498.89,2,2,13,63.6142,0.624527,0.0466533,0.0835276,0.245292,0.0463199,0.0764439,0.81035,0.0668861
3140,0,13,1422.51,13,1498.89,2,2,0,63.5824,0.592959,0.0442721,0.12992,0.232849,0.0365246,0.0602844,0.850445,0.0527456
3141,0,13,1422.51,13,1498.89,0,2,0,63.5506,0.596254,0.044495,0.125151,0.234099,0.043432,0.0716923,0.822151,0.0627252
3142,0,13,1422.51,13,1498.89,3,2,0,63.5188,0.54875,0.0497175,0.139869,0.261663,0.0511577,0.0844535,0.7905,0.0738883
3143,0,13,1422.51,13,1498.89,0,2,0,63.4871,0.565078,0.0511722,0.143992,0.239759,0.0596676,0.0985119,0.755635,0.0861857
3144,0,13,1422.51,13,1487.68,0,2,13,63.4553,0.517825,0.0567183,0.159631,0.265826,0.0688924,0.113753,0.717837,0.0995175
3145,0,13,1422.51,13,1487.68,1,2,0,63.4236,0.59202,0.0479792,0.135063,0.224937,0.0552129,0.0911754,0.773849,0.0797629
3146,0,13,1422.51,13,1487.68,0,2,0,63.3919,0.590383,0.0506955,0.13465,0.224272,0.0640851,0.105837,0.737491,0.0925869
3147,0,13,1422.51,13,1487.68,0,2,0,63.3602,0.54309,0.0565358,0.150191,0.250183,0.073626,0.121606,0.698389,0.106379
3148,0,13,1422.51,13,1487.68,0,0,0,63.3285,0.495954,0.0623541,0.16568,0.276012,0.0837154,0.138284,0.657034,0.120966
3149,0,13,1422.51,13,1487.68,0,3,0,63.2969,0.449806,0.0680474,0.180843,0.301303,0.0852311,0.138025,0.656008,0.120736
3150,0,13,1422.51,13,1488.81,3,2,9,63.2652,0.405383,0.0735248,0.195438,0.325654,0.0853791,0.138278,0.657416,0.118927
3151,0,13,1422.51,13,1488.81,3,0,0,63.2336,0.380696,0.0690236,0.183509,0.366772,0.0770482,0.124798,0.690824,0.10733
3152,0,13,1422.51,13,1488.81,2,3,0,63.202,0.40447,0.073309,0.194941,0.327281,0.0791897,0.124477,0.689283,0.10705
3153,0,13,1422.51,13,1488.81,3,0,0,63.1704,0.41253,0.0747444,0.178937,0.333789,0.0791906,0.12449,0.68959,0.10673
3154,0,13,1422.51,13,1488.81,0,1,0,63.1388,0.433601,0.0785353,0.188045,0.299819,0.0811629,0.124192,0.688174,0.106471
3155,0,13,1422.51,13,1482.35,0,1,13,63.1072,0.390466,0.0844995,0.202361,0.322674,0.0813194,0.122202,0.689796,0.106682
3156,0,13,1422.51,13,1482.35,3,2,0,63.0756,0.467236,0.0738422,0.176869,0.282053,0.0757082,0.182492,0.642473,0.0993264
3157,0,13,1422.51,13,1482.35,0,0,0,63.0441,0.483994,0.0764624,0.183177,0.256366,0.0851265,0.205231,0.597954,0.111689
3158,0,13,1422.51,13,1482.35,3,3,0,63.0126,0.439053,0.0831066,0.199129,0.278711,0.085825,0.205049,0.59755,0.111576
3159,0,13,1422.51,13,1482.35,3,2,9,62.9811,0.454776,0.086054,0.206227,0.252943,0.085972,0.205435,0.598806,0.109787
3160,0,13,1422.51,13,1482.35,0,2,0,62.9496,0.428199,0.080998,0.194145,0.296658,0.0782127,0.186927,0.634978,0.0998831
3161,0,13,1422.51,13,1482.35,3,2,9,62.9181,0.385399,0.0870439,0.208673,0.318884,0.0877853,0.209842,0.590259,0.112113
3162,0,13,1422.51,13,1477.87,2,2,13,62.8867,0.362144,0.0817672,0.196057,0.360032,0.0799264,0.191089,0.626903,0.102082
3163,0,13,1422.51,13,1477.87,2,0,0,62.8552,0.332354,0.0750187,0.262212,0.330415,0.0654741,0.156564,0.694335,0.0836273
3164,0,13,1422.51,13,1473.85,0,0,13,62.8238,0.345003,0.0778507,0.234156,0.34299,0.0680566,0.156098,0.692477,0.0833682
3165,0,13,1422.51,13,1473.85,3,2,0,62.7924,0.419323,0.0690011,0.207584,0.304091,0.110075,0.149029,0.661313,0.0795827
3166,0,13,1422.51,13,1473.85,3,2,0,62.761,0.437714,0.0720014,0.216658,0.273627,0.124611,0.168718,0.616585,0.0900857
3167,0,13,1422.51,13,1473.85,0,2,0,62.7296,0.453261,0.0745319,0.224322,0.247885,0.139513,0.188907,0.570728,0.100853
3168,0,13,1422.51,13,1473.85,0,0,0,62.6982,0.40903,0.0805453,0.242474,0.26795,0.154517,0.209236,0.524554,0.111692
3169,0,13,1422.51,13,1473.85,0,1,0,62.6669,0.367047,0.0862501,0.259706,0.286997,0.146715,0.211147,0.529441,0.112698
3170,0,13,1422.51,13,1473.85,1,2,0,62.6355,0.327753,0.0915863,0.275834,0.304826,0.149443,0.196344,0.539426,0.114787
3171,0,13,1422.51,13,1481.66,0,1,9,62.6042,0.329022,0.0880848,0.276892,0.306002,0.164253,0.215813,0.493778,0.126156
3172,0,13,1422.51,13,1481.66,0,0,0,62.5729,0.367438,0.0830243,0.261044,0.288493,0.155043,0.259689,0.466192,0.119076
3173,0,13,1422.51,13,1481.66,2,2,9,62.5416,0.32812,0.0881665,0.277276,0.306438,0.146141,0.262414,0.471139,0.120307
3174,0,13,1422.51,13,1481.66,3,1,0,62.5104,0.310499,0.0834097,0.316115,0.289977,0.135077,0.242576,0.511152,0.111194
3175,0,13,1422.51,13,1481.66,2,1,0,62.4791,0.324574,0.0871678,0.330446,0.257812,0.138504,0.223226,0.524259,0.114011
3176,0,13,1422.51,13,1462.75,2,2,13,62.4479,0.342323,0.0919104,0.293868,0.271898,0.141414,0.206766,0.535418,0.116402
3177,0,13,1422.51,13,1462.75,0,2,0,62.4167,0.306396,0.0822427,0.36801,0.243351,0.118509,0.173288,0.610659,0.097544
3178,0,13,1422.51,13,1462.75,3,0,0,62.3854,0.274363,0.0860208,0.385031,0.254585,0.132419,0.193644,0.564948,0.108989
3179,0,13,1422.51,13,1462.75,2,1,0,62.3543,0.283319,0.0888081,0.397627,0.230247,0.127839,0.194642,0.567981,0.109539
3180,0,13,1422.51,13,1462.75,2,0,0,62.3231,0.302532,0.0948088,0.356807,0.245851,0.129717,0.182642,0.576497,0.111144
3181,0,13,1422.51,13,1462.75,3,0,0,62.2919,0.320469,0.100407,0.318707,0.260417,0.125655,0.183469,0.579239,0.111636
3182,0,13,1422.51,13,1462.75,2,2,0,62.2608,0.332275,0.104081,0.330447,0.233197,0.12209,0.184191,0.581654,0.112065
3183,0,13,1422.51,13,1462.75,0,2,0,62.2296,0.350057,0.109626,0.294656,0.24566,0.135404,0.204294,0.536019,0.124283
3184,0,13,1422.51,13,1462.75,1,0,0,62.1985,0.313015,0.115857,0.311465,0.259664,0.14863,0.224268,0.490681,0.136421
3185,0,13,1422.51,13,1462.75,1,3,0,62.1674,0.315312,0.10938,0.313749,0.261559,0.141325,0.226176,0.494932,0.137567
3186,0,13,1422.51,13,1462.75,3,3,0,62.1363,0.317283,0.103822,0.315711,0.263185,0.142263,0.227698,0.498342,0.131696
3187,0,13,1422.51,13,1462.75,3,3,0,62.1053,0.329012,0.107636,0.327381,0.235971,0.143075,0.22902,0.501314,0.126591
3188,0,13,1422.51,13,1483.26,0,2,9,62.0742,0.338835,0.110824,0.337155,0.213186,0.14378,0.230171,0.503911,0.122139
3189,0,13,1422.51,13,1483.26,3,1,0,62.0432,0.379433,0.104003,0.316474,0.200091,0.132038,0.211393,0.544409,0.11216
3190,0,13,1422.51,13,1449.83,0,2,13,62.0122,0.387088,0.106074,0.322847,0.183991,0.134384,0.197229,0.554238,0.114149
3191,0,13,1422.51,13,1449.83,2,0,0,61.9812,0.466301,0.0923509,0.281142,0.160206,0.111796,0.164091,0.629154,0.0949592
3192,0,13,1422.51,13,1449.83,2,1,0,61.9502,0.482114,0.0954517,0.256832,0.165603,0.110275,0.164342,0.630288,0.0950943
3193,0,13,1422.51,13,1449.83,0,2,0,61.9192,0.495572,0.0980843,0.236155,0.170189,0.111202,0.157097,0.63581,0.0958911
3194,0,13,1422.51,13,1449.83,1,0,0,61.8882,0.452179,0.106509,0.256485,0.184828,0.124777,0.176286,0.591343,0.107594
3195,0,13,1422.51,13,1449.83,2,2,0,61.8573,0.453474,0.104012,0.25719,0.185324,0.121654,0.176889,0.593507,0.107951
3196,0,13,1422.51,13,1449.83,3,1,0,61.8264,0.466465,0.10696,0.235975,0.190599,0.135134,0.196503,0.548455,0.119909
3197,0,13,1422.51,13,1449.83,0,2,0,61.7954,0.473571,0.108558,0.239538,0.178333,0.137134,0.184457,0.556728,0.121681
3198,0,13,1422.51,13,1552.29,1,0,9,61.7645,0.431279,0.117267,0.258795,0.192659,0.151014,0.203138,0.511855,0.133993
3199,0,13,1422.51,13,1544.22,0,2,13,61.7337,0.414072,0.15254,0.248445,0.184943,0.191457,0.193442,0.487514,0.127587
3200,0,13,1422.51,13,1524.71,2,2,13,61.7028,0.494612,0.131565,0.214304,0.159519,0.162081,0.163762,0.566155,0.108002
3201,0,13,1422.51,13,1490.26,0,2,13,61.6719,0.447156,0.118911,0.289753,0.144181,0.13443,0.135825,0.640175,0.0895697
3202,0,13,1422.51,13,1488.73,0,2,13,61.6411,0.526742,0.101782,0.248059,0.123417,0.109533,0.11067,0.706822,0.0729751
3203,0,13,1422.51,13,1443.93,0,2,13,61.6103,0.603495,0.0852661,0.207844,0.103394,0.0879585,0.0888711,0.764574,0.0585964
3204,0,13,1422.51,13,1441.82,2,3,13,61.5795,0.674125,0.0700703,0.170834,0.084971,0.069845,0.0705699,0.813059,0.0465258
3205,0,13,1422.51,13,1441.82,1,2,0,61.5487,0.616373,0.0640384,0.241929,0.0776594,0.0673984,0.068098,0.784963,0.0795405
3206,0,13,1422.51,13,1441.82,0,3,0,61.5179,0.615104,0.0660423,0.241386,0.0774675,0.0790096,0.0798299,0.747914,0.0932466
3207,0,13,1422.51,13,1441.82,0,2,9,61.4872,0.568541,0.0740193,0.270612,0.0868272,0.0789491,0.0797689,0.747677,0.0936052
3208,0,13,1422.51,13,1455.4,0,2,9,61.4564,0.605565,0.0676563,0.247413,0.0793657,0.0710474,0.0717853,0.772928,0.0842396
3209,0,13,1422.51,13,1457.51,0,2,9,61.4257,0.640727,0.0616146,0.225378,0.0722807,0.0638588,0.0645222,0.7959,0.0757188
3210,0,13,1422.51,13,1457.51,2,2,0,61.395,0.673796,0.0559339,0.204652,0.0656187,0.0573498,0.0579457,0.816701,0.0680032
3211,0,13,1422.51,13,1457.51,0,2,0,61.3643,0.684544,0.0567978,0.192024,0.0666343,0.0679215,0.0686274,0.78291,0.0805415
3212,0,13,1422.51,13,1472.37,0,2,9,61.3336,0.640279,0.0647576,0.218988,0.0759751,0.0795861,0.0804134,0.745624,0.0943766
3213,0,13,1422.51,13,1472.37,2,2,0,61.3029,0.673616,0.0587471,0.198711,0.0689256,0.0716185,0.0723631,0.771087,0.0849311
3214,0,13,1422.51,13,1472.37,0,2,0,61.2723,0.68356,0.0595852,0.186943,0.0699112,0.083622,0.0844916,0.732717,0.0991693
3215,0,13,1422.51,13,1472.37,2,2,0,61.2416,0.639438,0.0678837,0.213028,0.0796503,0.0965593,0.0975636,0.691361,0.114516
3216,0,13,1422.51,13,1468.75,0,2,13,61.211,0.650643,0.0690423,0.199303,0.0810123,0.110249,0.111396,0.647598,0.130756
3217,0,13,1422.51,13,1484.26,2,2,9,61.1804,0.715705,0.0561771,0.162199,0.0659187,0.089839,0.0907738,0.712834,0.106553
3218,0,13,1422.51,13,1484.26,1,0,0,61.1498,0.678569,0.0532351,0.205727,0.0624686,0.0809937,0.0818366,0.741104,0.0960655
3219,0,13,1422.51,13,1484.26,0,0,0,61.1192,0.676615,0.0560404,0.205086,0.0622589,0.0823198,0.0816892,0.740096,0.0958955
3220,0,13,1422.51,13,1484.26,0,2,0,61.0887,0.631514,0.0638453,0.233709,0.0709313,0.0835279,0.0815524,0.739182,0.095738
3221,0,13,1422.51,13,1484.26,0,2,0,61.0581,0.584943,0.0719023,0.263271,0.0798843,0.096655,0.0943686,0.698189,0.110787
3222,0,13,1422.51,13,1484.26,2,1,0,61.0276,0.537757,0.0800629,0.293227,0.0889527,0.11059,0.107973,0.654674,0.126763
3223,0,13,1422.51,13,1479.18,0,2,13,60.9971,0.557385,0.0829535,0.267496,0.0921661,0.110744,0.106491,0.655822,0.126943
3224,0,13,1422.51,13,1475.49,0,2,13,60.9666,0.63135,0.069081,0.222814,0.0767546,0.0900552,0.0865956,0.720118,0.103231
3225,0,13,1422.51,13,1469.26,0,2,13,60.9361,0.698349,0.0565178,0.182336,0.0627972,0.0722431,0.0694671,0.775475,0.0828148
3226,0,13,1422.51,13,1469.26,0,2,0,60.9057,0.756757,0.0455677,0.147043,0.0506316,0.0573572,0.0551529,0.821737,0.0657525
3227,0,13,1422.51,13,1451.25,0,2,13,60.8752,0.716861,0.053034,0.171176,0.0589288,0.0680782,0.0654613,0.788416,0.0780448
3228,0,13,1422.51,13,1455.16,0,1,9,60.8448,0.772562,0.0425945,0.137513,0.04733,0.0539268,0.0518534,0.832396,0.0618233
3229,0,13,1422.51,13,1455.16,0,2,0,60.8143,0.795494,0.0382943,0.123659,0.0425526,0.0525377,0.0758301,0.8114,0.0602325
3230,0,13,1422.51,13,1455.16,0,1,0,60.7839,0.759109,0.0451008,0.145673,0.0501171,0.0622877,0.0899092,0.776391,0.0714124
3231,0,13,1422.51,13,1455.16,0,2,9,60.7535,0.719377,0.0525319,0.169715,0.0583759,0.0622348,0.0902896,0.776122,0.0713536
3232,0,13,1422.51,13,1455.16,0,2,0,60.7232,0.746983,0.0473573,0.153033,0.0526268,0.056028,0.081291,0.798442,0.0642392
3233,0,13,1422.51,13,1455.16,0,2,0,60.6928,0.70628,0.0549677,0.177668,0.0610852,0.0661539,0.0959898,0.762005,0.0758512
3234,0,13,1422.51,13,1455.16,0,1,0,60.6625,0.662893,0.063078,0.20393,0.0700996,0.0772372,0.11208,0.722121,0.0885616
3235,0,13,1422.51,13,1455.16,0,0,0,60.6321,0.61751,0.0715593,0.231404,0.0795267,0.0773718,0.110207,0.723703,0.0887184
3236,0,13,1422.51,13,1455.16,0,2,0,60.6018,0.57093,0.0802621,0.259607,0.0892003,0.078682,0.110018,0.722737,0.0885628
3237,0,13,1422.51,13,1455.16,2,2,0,60.5715,0.524006,0.0890268,0.288024,0.0989432,0.0908297,0.127013,0.679919,0.102238
3238,0,13,1422.51,13,1471.05,2,2,9,60.5412,0.542583,0.0921503,0.26285,0.102417,0.103638,0.144933,0.634772,0.116658
3239,0,13,1422.51,13,1470.15,3,2,13,60.511,0.508029,0.0862512,0.309858,0.0958624,0.0941467,0.131669,0.668208,0.105977
3240,0,13,1422.51,13,1470.15,3,2,0,60.4807,0.479907,0.0814478,0.292676,0.145969,0.0764495,0.106925,0.730567,0.0860581
3241,0,13,1422.51,13,1470.15,0,2,0,60.4505,0.484541,0.0822052,0.295473,0.13778,0.088456,0.123727,0.688242,0.0995759
3242,0,13,1422.51,13,1470.15,2,1,0,60.4202,0.43835,0.0895561,0.321978,0.150117,0.101162,0.141508,0.643448,0.113882
3243,0,13,1422.51,13,1470.15,0,0,0,60.39,0.459188,0.0937836,0.289809,0.157219,0.10179,0.135934,0.647684,0.114592
3244,0,13,1422.51,13,1470.15,0,2,13,60.3598,0.414357,0.101542,0.313856,0.170244,0.100593,0.136085,0.648606,0.114715
3245,0,13,1422.51,13,1470.15,3,2,0,60.3296,0.493201,0.0878587,0.271623,0.147317,0.0819912,0.110926,0.713578,0.0935042
3246,0,13,1422.51,13,1470.15,2,2,0,60.2995,0.497828,0.0886524,0.274138,0.139381,0.0943994,0.127721,0.670222,0.107658
3247,0,13,1422.51,13,1470.15,3,1,0,60.2693,0.514538,0.0915964,0.249843,0.144022,0.107426,0.145355,0.624701,0.122517
3248,0,13,1422.51,13,1470.15,2,2,0,60.2392,0.518805,0.0923241,0.251879,0.136992,0.108171,0.139205,0.629254,0.12337
3249,0,13,1422.51,13,1496.01,0,2,9,60.2091,0.53323,0.0948584,0.231148,0.140764,0.121793,0.156744,0.582553,0.13891
3250,0,13,1422.51,13,1496.01,0,2,0,60.179,0.572655,0.0868367,0.211639,0.12887,0.111097,0.142985,0.619205,0.126714
3251,0,13,1422.51,13,1496.01,0,2,0,60.1489,0.526039,0.0962981,0.23474,0.142923,0.12478,0.160604,0.572291,0.142324
3252,0,13,1422.51,13,1496.01,2,0,0,60.1188,0.479889,0.105663,0.257614,0.156834,0.138575,0.178368,0.524995,0.158062
3253,0,13,1422.51,13,1496.01,1,1,0,60.0887,0.49423,0.108788,0.235498,0.161485,0.132187,0.179668,0.528935,0.15921
3254,0,13,1422.51,13,1496.01,3,2,0,60.0587,0.495872,0.105897,0.236246,0.161985,0.134009,0.168206,0.536374,0.161411
3255,0,13,1422.51,13,1496.01,2,1,0,60.0287,0.501374,0.107039,0.238831,0.152756,0.147531,0.185188,0.489576,0.177705
3256,0,13,1422.51,13,1496.01,2,0,0,59.9987,0.513907,0.10968,0.219875,0.156537,0.149817,0.172438,0.49728,0.180464
3257,0,13,1422.51,13,1496.01,0,2,0,59.9687,0.524576,0.111923,0.203752,0.159749,0.141825,0.174038,0.501998,0.18214
3258,0,13,1422.51,13,1496.01,3,0,0,59.9387,0.479295,0.122573,0.223168,0.174964,0.154876,0.190061,0.456151,0.198911
3259,0,13,1422.51,13,1496.01,1,3,0,59.9087,0.485648,0.124164,0.226092,0.164095,0.145621,0.192124,0.461183,0.201072
3260,0,13,1422.51,13,1496.01,0,2,0,59.8788,0.488163,0.1197,0.227228,0.164909,0.148371,0.195763,0.470001,0.185864
3261,0,13,1422.51,13,1479.91,2,2,13,59.8488,0.443958,0.130028,0.246865,0.179149,0.160837,0.212222,0.425452,0.201489
3262,0,13,1422.51,13,1479.91,0,0,0,59.8189,0.398064,0.116558,0.324778,0.160601,0.138418,0.182651,0.505521,0.173411
3263,0,13,1422.51,13,1479.91,2,1,0,59.789,0.357118,0.12447,0.346897,0.171514,0.132101,0.183968,0.509271,0.17466
3264,0,13,1422.51,13,1479.91,3,2,0,59.7591,0.377397,0.13151,0.309866,0.181227,0.134012,0.172017,0.516775,0.177196
3265,0,13,1422.51,13,1475.56,0,2,13,59.7292,0.383896,0.133747,0.31519,0.167168,0.146699,0.188313,0.471005,0.193983
3266,0,13,1422.51,13,1495.31,2,2,9,59.6993,0.463975,0.116351,0.274242,0.145432,0.124565,0.159908,0.550804,0.164723
3267,0,13,1422.51,13,1495.31,2,2,0,59.6695,0.43456,0.108945,0.320315,0.13618,0.113696,0.145962,0.589985,0.150358
3268,0,13,1422.51,13,1495.31,2,3,0,59.6397,0.454527,0.113919,0.28915,0.142404,0.126564,0.162489,0.543562,0.167385
3269,0,13,1422.51,13,1495.31,0,2,0,59.6098,0.471489,0.118138,0.262689,0.147684,0.127948,0.164275,0.549668,0.15811
3270,0,13,1422.51,13,1495.31,3,1,0,59.58,0.427568,0.127944,0.284539,0.15995,0.141074,0.181138,0.50345,0.174338
3271,0,13,1422.51,13,1495.31,0,3,0,59.5502,0.432664,0.129437,0.287907,0.149991,0.143043,0.169576,0.510604,0.176778
3272,0,13,1422.51,13,1495.31,3,2,0,59.5205,0.390514,0.139042,0.309319,0.161125,0.144898,0.171781,0.517358,0.165964
3273,0,13,1422.51,13,1495.31,2,0,0,59.4907,0.395578,0.140815,0.313315,0.150291,0.158539,0.187959,0.471908,0.181594
3274,0,13,1422.51,13,1495.31,0,1,0,59.461,0.413378,0.147121,0.282478,0.157023,0.149472,0.189965,0.477032,0.18353
3275,0,13,1422.51,13,1495.31,0,2,0,59.4312,0.372663,0.157322,0.302102,0.167913,0.151844,0.176994,0.484713,0.18645
3276,0,13,1422.51,13,1495.31,2,1,0,59.4015,0.334423,0.1669,0.320538,0.178138,0.164902,0.192221,0.440384,0.202493
3277,0,13,1422.51,13,1495.31,3,2,0,59.3718,0.351078,0.175188,0.286749,0.186986,0.167725,0.178299,0.448009,0.205967
3278,0,13,1422.51,13,1495.31,2,3,0,59.3421,0.357536,0.178385,0.292012,0.172067,0.180717,0.192112,0.40524,0.221931
3279,0,13,1422.51,13,1494.32,3,0,13,59.3125,0.372136,0.185644,0.263152,0.179068,0.185034,0.196704,0.414986,0.203276
3280,0,13,1422.51,13,1494.32,2,3,0,59.2828,0.341207,0.170191,0.241264,0.247338,0.254919,0.179822,0.379428,0.185831
3281,0,13,1422.51,13,1495.6,0,2,9,59.2532,0.351542,0.175322,0.218322,0.254814,0.259522,0.183056,0.386309,0.171113
3282,0,13,1422.51,13,1458.78,2,2,13,59.2235,0.394238,0.163771,0.203947,0.238043,0.241638,0.17043,0.428623,0.159309
3283,0,13,1422.51,13,1455.28,0,2,13,59.1939,0.358407,0.14886,0.276347,0.216386,0.207366,0.146247,0.509685,0.136702
3284,0,13,1422.51,13,1504.56,2,2,9,59.1643,0.438112,0.130357,0.242028,0.189504,0.173959,0.122678,0.588693,0.11467
3285,0,13,1422.51,13,1495.57,0,2,13,59.1347,0.412134,0.122597,0.287031,0.178237,0.15792,0.111359,0.626632,0.104089
3286,0,13,1422.51,13,1495.57,2,2,0,59.1052,0.492953,0.105732,0.247586,0.153729,0.128591,0.0906709,0.695988,0.0847498
3287,0,13,1422.51,13,1489.47,3,2,13,59.0756,0.506347,0.108571,0.227213,0.157869,0.146911,0.103582,0.652691,0.0968162
3288,0,13,1422.51,13,1490.45,0,3,9,59.0461,0.466082,0.0999067,0.209111,0.2249,0.118889,0.0838185,0.71895,0.0783427
3289,0,13,1422.51,13,1490.45,0,1,0,59.0166,0.507581,0.0921297,0.192862,0.207427,0.114843,0.0809605,0.694734,0.109462
3290,0,13,1422.51,13,1490.45,3,2,0,58.9871,0.461499,0.100739,0.210915,0.226847,0.114676,0.0820515,0.693971,0.109301
3291,0,13,1422.51,13,1490.45,3,2,9,58.9576,0.472728,0.103159,0.216013,0.2081,0.131159,0.0938386,0.649993,0.12501
3292,0,13,1422.51,13,1490.45,2,2,9,58.9281,0.446554,0.0974171,0.204021,0.252008,0.118523,0.0847926,0.683719,0.112966
3293,0,13,1422.51,13,1487.83,3,2,13,58.8986,0.422668,0.0921783,0.246652,0.238501,0.106799,0.0763997,0.715012,0.10179
3294,0,13,1422.51,13,1487.83,3,0,0,58.8692,0.380917,0.0830476,0.222264,0.313771,0.0853886,0.0610797,0.772148,0.0813833
3295,0,13,1422.51,13,1486.85,3,2,13,58.8397,0.399691,0.0871142,0.233193,0.280001,0.0862974,0.0609926,0.771438,0.0812719
3296,0,13,1422.51,13,1486.24,2,2,13,58.8103,0.356863,0.077756,0.208184,0.357197,0.068248,0.0482324,0.819247,0.0642727
3297,0,13,1422.51,13,1486.24,3,2,0,58.7809,0.325971,0.0710033,0.27675,0.326275,0.0535475,0.0378406,0.858184,0.0504279
3298,0,13,1422.51,13,1486.24,0,0,0,58.7515,0.344642,0.0750474,0.292593,0.287717,0.064449,0.0455413,0.829316,0.0606936
3299,0,13,1422.51,13,1468.64,0,2,13,58.7221,0.304896,0.0795798,0.310348,0.305176,0.0668631,0.0454002,0.827228,0.0605091
3300,0,13,1422.51,13,1468.64,3,2,0,58.6928,0.37814,0.0711773,0.277656,0.273027,0.0524051,0.0355804,0.86459,0.0474241
3301,0,13,1422.51,13,1468.64,2,2,9,58.6634,0.393293,0.0740048,0.288764,0.243938,0.0632478,0.0429387,0.836578,0.0572351
3302,0,13,1422.51,13,1478.8,2,2,9,58.6341,0.370316,0.0696581,0.33036,0.229665,0.0565808,0.0384096,0.853809,0.0512009
3303,0,13,1422.51,13,1478.8,0,2,0,58.6048,0.348278,0.0654907,0.370254,0.215977,0.0506201,0.0343605,0.869213,0.0458061
3304,0,13,1422.51,13,1478.8,0,2,9,58.5755,0.308695,0.0694492,0.39277,0.229086,0.0612071,0.0415437,0.841864,0.0553851
3305,0,13,1422.51,13,1485.48,0,2,9,58.5462,0.349939,0.0652878,0.369363,0.21541,0.05475,0.0371581,0.858551,0.0495412
3306,0,13,1422.51,13,1485.48,2,2,0,58.5169,0.389122,0.0613356,0.347124,0.202419,0.0489814,0.0332404,0.873458,0.0443205
3307,0,13,1422.51,13,1486.24,2,2,9,58.4877,0.412335,0.0649706,0.308228,0.214466,0.0593287,0.0402594,0.84673,0.0536822
3308,0,13,1422.51,13,1486.24,2,2,9,58.4584,0.387417,0.0610217,0.350083,0.201479,0.0530659,0.0360068,0.862913,0.0480145
3309,0,13,1422.51,13,1478.65,3,2,13,58.4292,0.363723,0.0572686,0.389876,0.189132,0.0474747,0.0322105,0.87736,0.0429546
3310,0,13,1422.51,13,1478.65,2,2,0,58.4,0.33392,0.0525565,0.357934,0.25559,0.0369702,0.0250814,0.904499,0.0334496
3311,0,13,1422.51,13,1475.51,2,2,13,58.3708,0.355947,0.0560028,0.315614,0.272436,0.0453744,0.0307807,0.882792,0.0410526
3312,0,13,1422.51,13,1475.51,0,2,0,58.3416,0.317117,0.0498751,0.390304,0.242703,0.0353145,0.0239545,0.908781,0.0319503
3313,0,13,1422.51,13,1475.51,3,2,0,58.3124,0.281138,0.0524846,0.410895,0.255483,0.0434302,0.0294572,0.887821,0.039292
3314,0,13,1422.51,13,1475.51,0,2,0,58.2833,0.291181,0.0543414,0.425606,0.228871,0.0529222,0.0358925,0.863307,0.0478787
3315,0,13,1422.51,13,1475.51,2,2,0,58.2541,0.260314,0.0566885,0.444172,0.238825,0.0638651,0.0433108,0.835047,0.0577776
3316,0,13,1422.51,13,1478.19,3,2,9,58.225,0.282283,0.0614539,0.397287,0.258976,0.0762859,0.0517301,0.802971,0.0690131
3317,0,13,1422.51,13,1478.19,2,1,0,58.1959,0.266702,0.0580442,0.375384,0.29987,0.0682493,0.0462768,0.823733,0.0617414
3318,0,13,1422.51,13,1478.19,0,0,0,58.1668,0.285123,0.0620343,0.332254,0.320589,0.0679864,0.0495419,0.820969,0.0615024
3319,0,13,1422.51,13,1478.19,3,2,0,58.1377,0.251797,0.0649065,0.347754,0.335542,0.0700962,0.0494051,0.819163,0.0613353
3320,0,13,1422.51,13,1477.08,3,2,13,58.1086,0.266651,0.0687169,0.368294,0.296338,0.083327,0.0587264,0.785036,0.0729105
3321,0,13,1422.51,13,1476.11,2,2,13,58.0796,0.237928,0.0612981,0.328642,0.372132,0.065701,0.0463008,0.830512,0.0574863
3322,0,13,1422.51,13,1467.69,3,2,13,58.0505,0.210832,0.0543025,0.405084,0.329782,0.0514323,0.0362429,0.867324,0.0450005
3323,0,13,1422.51,13,1467.69,2,2,0,58.0215,0.186432,0.048005,0.35825,0.407313,0.0400808,0.0282418,0.89661,0.0350676
3324,0,13,1422.51,13,1491.86,0,1,9,57.9925,0.198211,0.0510241,0.317649,0.433116,0.0490658,0.0345704,0.873436,0.0429276
3325,0,13,1422.51,13,1491.86,0,2,9,57.9635,0.237948,0.0484771,0.301903,0.411672,0.0481007,0.0530676,0.85675,0.0420821
3326,0,13,1422.51,13,1520.49,3,2,9,57.9345,0.278144,0.0459028,0.285976,0.389977,0.0431342,0.0475892,0.87154,0.0377361
3327,0,13,1422.51,13,1512.58,3,2,13,57.9056,0.261011,0.0430597,0.268361,0.427568,0.0386959,0.0426933,0.884759,0.0338523
3328,0,13,1422.51,13,1510.36,0,2,13,57.8766,0.226113,0.0372891,0.232482,0.504116,0.030178,0.0332962,0.910126,0.0263999
3329,0,13,1422.51,13,1510.36,3,2,0,57.8477,0.299796,0.0337236,0.210329,0.456151,0.0235057,0.0259349,0.929997,0.0205623
3330,0,13,1422.51,13,1510.36,2,2,9,57.8187,0.327355,0.0368075,0.229648,0.40619,0.0293232,0.0323543,0.912672,0.0256507
3331,0,13,1422.51,13,1510.36,0,2,0,57.7898,0.310897,0.0349417,0.268377,0.385785,0.0263826,0.0291103,0.921429,0.0230778
3332,0,13,1422.51,13,1478.21,3,2,13,57.7609,0.274012,0.0367962,0.282737,0.406456,0.0327662,0.0361546,0.902418,0.0286609
3333,0,13,1422.51,13,1478.21,3,2,9,57.7321,0.23916,0.0321032,0.246777,0.481959,0.0255206,0.0281603,0.923997,0.0223226
3334,0,13,1422.51,13,1478.21,2,2,0,57.7032,0.222485,0.0298528,0.229572,0.518091,0.0229945,0.0253734,0.93152,0.0201124
3335,0,13,1422.51,13,1476.78,3,2,13,57.6743,0.228766,0.0306833,0.207744,0.532807,0.0287138,0.031685,0.914487,0.0251143
3336,0,13,1422.51,13,1478.14,2,2,9,57.6455,0.193097,0.0258887,0.175349,0.605665,0.0223541,0.0246677,0.933427,0.0195513
3337,0,13,1422.51,13,1478.14,3,1,0,57.6167,0.183533,0.0245966,0.216072,0.575799,0.0201725,0.0222608,0.939924,0.0176428
3338,0,13,1422.51,13,1475.37,2,2,13,57.5879,0.206542,0.0276691,0.243169,0.52262,0.0200958,0.0252592,0.93707,0.0175752
3339,0,13,1422.51,13,1475.37,3,2,0,57.5591,0.186095,0.0249199,0.318017,0.470969,0.0156689,0.0196957,0.950932,0.0137032
3340,0,13,1422.51,13,1484.5,0,2,9,57.5303,0.204389,0.0273586,0.349316,0.418937,0.0198194,0.0249141,0.937934,0.0173326
3341,0,13,1422.51,13,1484.5,2,2,0,57.5015,0.241751,0.0260605,0.332911,0.399277,0.0179161,0.0225226,0.943894,0.0156677
3342,0,13,1422.51,13,1484.5,2,2,0,57.4728,0.256419,0.0276295,0.292405,0.423546,0.0225603,0.028362,0.929349,0.0197284
3343,0,13,1422.51,13,1484.5,2,2,0,57.444,0.268683,0.028938,0.258532,0.443847,0.0281706,0.0354169,0.911779,0.0246339
3344,0,13,1422.51,13,1484.5,2,2,0,57.4153,0.278899,0.0300249,0.230307,0.460769,0.0348641,0.043834,0.890816,0.0304862
3345,0,13,1422.51,13,1484.5,3,2,0,57.3866,0.287403,0.0309266,0.206803,0.474867,0.042741,0.05374,0.866146,0.037373
3346,0,13,1422.51,13,1484.5,3,2,0,57.3579,0.315412,0.0339254,0.226941,0.423721,0.0518735,0.0652257,0.837543,0.0453573
3347,0,13,1422.51,13,1501.88,2,2,9,57.3292,0.342036,0.0367726,0.246081,0.37511,0.062292,0.0783295,0.804913,0.0544656
3348,0,13,1422.51,13,1488.35,0,2,13,57.3006,0.324845,0.0349089,0.283981,0.356264,0.0558802,0.0702702,0.824991,0.0488581
3349,0,13,1422.51,13,1488.35,2,0,0,57.2719,0.398128,0.0311067,0.253157,0.317608,0.0438544,0.05515,0.862653,0.0383424
3350,0,13,1422.51,13,1488.35,3,2,9,57.2433,0.413468,0.0322889,0.224411,0.329831,0.0468879,0.0549479,0.859965,0.0381992
3351,0,13,1422.51,13,1488.35,0,2,0,57.2147,0.389548,0.0304053,0.211403,0.368644,0.0420699,0.0493032,0.874354,0.0342725
3352,0,13,1422.51,13,1508.96,3,2,9,57.1861,0.34237,0.0327409,0.22773,0.397159,0.0512544,0.0600688,0.846924,0.041753
3353,0,13,1422.51,13,1499.17,0,1,13,57.1575,0.321777,0.0307571,0.214014,0.433452,0.0459745,0.0538826,0.862692,0.0374504
3354,0,13,1422.51,13,1459.58,2,2,13,57.1289,0.398229,0.0272775,0.189876,0.384618,0.0441739,0.0904534,0.829391,0.0359821
3355,0,13,1422.51,13,1453.35,0,2,13,57.1003,0.366449,0.0250872,0.254542,0.353922,0.0348006,0.0712703,0.865583,0.0283459
3356,0,13,1422.51,13,1453.35,3,2,0,57.0718,0.439045,0.0222019,0.225371,0.313382,0.0272988,0.055915,0.894552,0.0222347
3357,0,13,1422.51,13,1453.35,2,2,0,57.0432,0.462811,0.0233897,0.237538,0.276261,0.0336952,0.0690263,0.869835,0.0274433
3358,0,13,1422.51,13,1453.35,0,2,0,57.0147,0.478255,0.0241558,0.212139,0.285451,0.0411601,0.0843306,0.840987,0.0335218
3359,0,13,1422.51,13,1453.35,1,2,0,56.9862,0.425699,0.0265771,0.233505,0.314219,0.049727,0.101897,0.807878,0.0404972
3360,0,13,1422.51,13,1447.91,3,2,13,56.9577,0.424918,0.0284105,0.233048,0.313623,0.0593821,0.121699,0.77056,0.0483582
3361,0,13,1422.51,13,1447.91,3,2,9,56.9292,0.378344,0.0252828,0.20748,0.388893,0.0471977,0.0967423,0.817626,0.0384342
3362,0,13,1422.51,13,1447.91,3,3,0,56.9008,0.356912,0.0238377,0.195703,0.423548,0.0425082,0.0871426,0.835735,0.034614
3363,0,13,1422.51,13,1447.91,2,2,0,56.8723,0.388325,0.0259217,0.212902,0.372852,0.0423498,0.0868303,0.833117,0.037703
3364,0,13,1422.51,13,1495.45,2,2,9,56.8439,0.400086,0.0266923,0.18908,0.384142,0.051041,0.104665,0.798854,0.0454396
3365,0,13,1422.51,13,1495.45,0,0,0,56.8155,0.38238,0.0254972,0.224984,0.367138,0.0459948,0.0943309,0.818728,0.0409462
3366,0,13,1422.51,13,1495.45,3,2,0,56.7871,0.334486,0.0274614,0.242422,0.395632,0.0487072,0.0940285,0.816456,0.0408081
3367,0,13,1422.51,13,1495.45,3,1,0,56.7587,0.361314,0.0296492,0.261849,0.347188,0.0583788,0.112714,0.779998,0.0489094
3368,0,13,1422.51,13,1495.45,0,2,0,56.7303,0.385652,0.0316306,0.279469,0.303248,0.0585455,0.109777,0.78263,0.0490473
3369,0,13,1422.51,13,1457.56,2,2,13,56.7019,0.338481,0.0340449,0.300932,0.326543,0.0693704,0.130091,0.742425,0.058114
3370,0,13,1422.51,13,1457.56,2,1,0,56.6736,0.303824,0.0305451,0.372524,0.293107,0.0554112,0.103926,0.794244,0.0464183
3371,0,13,1422.51,13,1456.24,2,2,13,56.6452,0.326317,0.0327913,0.326088,0.314804,0.0555068,0.101958,0.796038,0.0464967
3372,0,13,1422.51,13,1453.71,3,2,13,56.6169,0.29176,0.0293053,0.397471,0.281464,0.0439105,0.0806673,0.838641,0.0367814
3373,0,13,1422.51,13,1453.71,0,2,0,56.5886,0.262072,0.0263112,0.357048,0.354568,0.0345214,0.0634265,0.873136,0.0289157
3374,0,13,1422.51,13,1464.55,0,2,9,56.5603,0.229496,0.0274589,0.372817,0.370228,0.0422533,0.0776417,0.844714,0.0353908
3375,0,13,1422.51,13,1462.96,3,2,13,56.532,0.265803,0.0261519,0.355257,0.352788,0.0380472,0.0699215,0.860165,0.0318667
3376,0,13,1422.51,13,1462.96,3,2,0,56.5038,0.236134,0.023222,0.315621,0.425024,0.0298319,0.0548303,0.890353,0.024985
3377,0,13,1422.51,13,1462.96,0,0,0,56.4755,0.257074,0.0252696,0.34363,0.374027,0.0367828,0.0676142,0.864798,0.0308055
3378,0,13,1422.51,13,1462.96,0,2,0,56.4473,0.225751,0.0263215,0.358121,0.389807,0.039752,0.0673753,0.862181,0.0306918
3379,0,13,1422.51,13,1462.52,2,2,13,56.419,0.199945,0.0271848,0.370061,0.40281,0.0484688,0.0821579,0.831953,0.0374199
3380,0,13,1422.51,13,1498.44,2,2,9,56.3908,0.176154,0.0239407,0.444974,0.354931,0.0381383,0.0646538,0.867765,0.0294428
3381,0,13,1422.51,13,1492.56,2,2,13,56.3626,0.165042,0.0224214,0.47995,0.332587,0.034369,0.05827,0.88083,0.0265315
3382,0,13,1422.51,13,1479.74,0,2,13,56.3345,0.141667,0.0192383,0.553571,0.285523,0.026899,0.0456101,0.906727,0.0207639
3383,0,13,1422.51,13,1477.31,3,2,13,56.3063,0.201646,0.017883,0.514919,0.265552,0.0210232,0.0356508,0.927099,0.0162274
3384,0,13,1422.51,13,1474.64,2,2,13,56.2781,0.181087,0.0160519,0.462507,0.340354,0.0164319,0.0278678,0.943018,0.0126828
3385,0,13,1422.51,13,1474.64,2,2,0,56.25,0.156727,0.0138859,0.534781,0.294606,0.0128584,0.0218096,0.955408,0.00992411
3386,0,13,1422.51,13,1474.64,2,2,0,56.2219,0.175884,0.0155756,0.477882,0.330659,0.0164364,0.0278813,0.942997,0.0126849
3387,0,13,1422.51,13,1474.64,0,2,0,56.1938,0.19448,0.0172141,0.422641,0.365665,0.0208357,0.0353478,0.927737,0.0160794
3388,0,13,1422.51,13,1473.81,3,2,13,56.1657,0.17325,0.0176569,0.433792,0.375302,0.0261798,0.0444188,0.909199,0.0202025
3389,0,13,1422.51,13,1473.37,3,2,13,56.1376,0.152611,0.0155464,0.382186,0.449657,0.0204524,0.0347049,0.929061,0.0157819
3390,0,13,1422.51,13,1473.37,3,2,0,56.1095,0.132552,0.0134969,0.332014,0.521937,0.0159811,0.0271205,0.944567,0.012331
3391,0,13,1422.51,13,1473.37,2,2,0,56.0815,0.148329,0.0150965,0.3716,0.464974,0.0202814,0.0344219,0.929648,0.0156483
3392,0,13,1422.51,13,1485.6,0,2,9,56.0534,0.159086,0.0161839,0.325922,0.498808,0.0255133,0.0433063,0.911496,0.0196841
3393,0,13,1422.51,13,1485.6,3,2,9,56.0254,0.194674,0.0154891,0.312117,0.47772,0.0230575,0.0391419,0.920012,0.0177884
3394,0,13,1422.51,13,1485.6,3,2,0,55.9974,0.18245,0.0145091,0.292545,0.510496,0.020861,0.0354169,0.927629,0.016093
3395,0,13,1422.51,13,1485.6,3,2,0,55.9694,0.203485,0.0161737,0.326305,0.454036,0.0262159,0.044513,0.909048,0.020223
3396,0,13,1422.51,13,1476.46,2,2,13,55.9414,0.223691,0.0177707,0.35874,0.399799,0.0326351,0.0554182,0.886773,0.0251734
3397,0,13,1422.51,13,1476.46,2,1,0,55.9134,0.198208,0.0157383,0.431759,0.354294,0.0255079,0.04332,0.911497,0.0196748
3398,0,13,1422.51,13,1476.46,0,2,0,55.8855,0.216798,0.0172057,0.378428,0.387569,0.0254237,0.0458288,0.909139,0.0196088
3399,0,13,1422.51,13,1476.46,2,0,0,55.8575,0.190902,0.0177638,0.390944,0.40039,0.0316696,0.0570945,0.886811,0.0244249
3400,0,13,1422.51,13,1470,3,2,13,55.8296,0.206528,0.0192086,0.341037,0.433226,0.0346251,0.0568918,0.884149,0.0243341
3401,0,13,1422.51,13,1469.05,2,2,13,55.8017,0.179735,0.0167088,0.296825,0.506731,0.0270896,0.0445148,0.909359,0.0190369
3402,0,13,1422.51,13,1475.14,3,2,9,55.7738,0.160241,0.0148894,0.373007,0.451863,0.0211683,0.0347882,0.929169,0.0148747
3403,0,13,1422.51,13,1471.34,2,2,13,55.7459,0.150634,0.0139901,0.350704,0.484673,0.019195,0.0315483,0.93577,0.0134872
3404,0,13,1422.51,13,1481.03,2,2,9,55.718,0.133044,0.0123505,0.42643,0.428176,0.0150078,0.0246688,0.949779,0.0105443
3405,0,13,1422.51,13,1481.03,3,2,9,55.6902,0.12561,0.0116549,0.45839,0.404345,0.013674,0.0224786,0.954241,0.00960652
3406,0,13,1422.51,13,1480.6,2,2,13,55.6623,0.118431,0.0109836,0.432307,0.438278,0.0124762,0.0205117,0.958248,0.00876442
3407,0,13,1422.51,13,1466.29,2,2,13,55.6345,0.103584,0.00960203,0.503383,0.383431,0.00978676,0.0160916,0.967247,0.00687462
3408,0,13,1422.51,13,1507.54,3,2,9,55.6067,0.0891119,0.00825659,0.572684,0.329948,0.00769841,0.0126592,0.974235,0.0054073
3409,0,13,1422.51,13,1494.77,2,2,13,55.5789,0.0839352,0.00777325,0.539616,0.368676,0.00709162,0.0116625,0.976265,0.00498074
3410,0,13,1422.51,13,1494.77,2,2,0,55.5511,0.071725,0.0066393,0.606498,0.315137,0.00560253,0.00921457,0.981248,0.00393461
3411,0,13,1422.51,13,1528.65,2,2,9,55.5233,0.0826349,0.00764555,0.54654,0.36318,0.00735592,0.0120996,0.975379,0.00516564
3412,0,13,1422.51,13,1528.61,3,2,13,55.4955,0.077453,0.0071627,0.574878,0.340506,0.00678091,0.0111549,0.977303,0.00476151
3413,0,13,1422.51,13,1528.61,3,2,0,55.4678,0.0685203,0.0063336,0.508781,0.416365,0.00535957,0.00881761,0.98206,0.00376319
3414,0,13,1422.51,13,1490.91,2,2,13,55.4401,0.0747304,0.00690434,0.555115,0.36325,0.00704563,0.0115927,0.976415,0.00494669
3415,0,13,1422.51,13,1490.91,2,2,0,55.4123,0.0636941,0.00588189,0.620721,0.309703,0.00556488,0.00915721,0.981371,0.00390679
3416,0,13,1422.51,13,1511.89,2,2,9,55.3846,0.0737696,0.00680908,0.560615,0.358807,0.007309,0.0120284,0.975532,0.00513088
3417,0,13,1422.51,13,1511.89,3,2,0,55.3569,0.0691375,0.00637848,0.588101,0.336383,0.00673724,0.0110886,0.977445,0.00472918
3418,0,13,1422.51,13,1511.89,2,2,0,55.3293,0.0733983,0.00676835,0.624612,0.295222,0.00880523,0.0144937,0.970521,0.00618035
3419,0,13,1422.51,13,1508,3,2,13,55.3016,0.0849717,0.00783184,0.565329,0.341868,0.0114235,0.0188052,0.961754,0.0080175
3420,0,13,1422.51,13,1486.87,3,2,13,55.2739,0.0751217,0.00692067,0.499985,0.417973,0.00896203,0.0147547,0.969994,0.00628952
3421,0,13,1422.51,13,1495.73,3,2,9,55.2463,0.0657875,0.00605785,0.438025,0.490129,0.00705173,0.0116108,0.976389,0.00494852
3422,0,13,1422.51,13,1535.01,2,2,9,55.2187,0.0621257,0.00571794,0.413802,0.518355,0.00650312,0.0107086,0.978225,0.00456322
3423,0,13,1422.51,13,1494.65,2,2,13,55.1911,0.058646,0.0053951,0.44643,0.489529,0.00600576,0.00989058,0.97989,0.00421392
3424,0,13,1422.51,13,1488.57,2,2,13,55.1635,0.0512712,0.0047144,0.515863,0.428152,0.00475227,0.00782704,0.984087,0.00333418
3425,0,13,1422.51,13,1488.57,2,2,0,55.1359,0.0442963,0.00407112,0.581569,0.370064,0.00377434,0.006217,0.987361,0.00264788
3426,0,13,1422.51,13,1487.54,2,2,13,55.1083,0.0509594,0.00468126,0.51845,0.42591,0.0050068,0.00824791,0.983233,0.00351226
3427,0,13,1422.51,13,1487.54,2,2,9,55.0808,0.0439995,0.00403998,0.584064,0.367896,0.00397255,0.0065448,0.986696,0.00278653
3428,0,13,1422.51,13,1487.54,2,2,0,55.0532,0.0413966,0.00379917,0.608525,0.346279,0.00370178,0.00609931,0.987602,0.00259642
3429,0,13,1422.51,13,1487.54,3,2,0,55.0257,0.0480206,0.00440498,0.545715,0.40186,0.00491333,0.00809636,0.983544,0.00344596
3430,0,13,1422.51,13,1481.61,2,2,13,54.9982,0.0521775,0.00478401,0.593242,0.349796,0.00647673,0.0106737,0.978307,0.00454212
3431,0,13,1422.51,13,1481.01,3,2,13,54.9707,0.04424,0.00405431,0.655009,0.296696,0.00511659,0.00843298,0.982862,0.003588
3432,0,13,1422.51,13,1484.1,3,2,9,54.9432,0.0395125,0.00361933,0.585331,0.371538,0.00405686,0.00668705,0.986411,0.00284467
3433,0,13,1422.51,13,1484.1,2,2,9,54.9157,0.0373308,0.00341786,0.55331,0.405941,0.00377817,0.0062283,0.987344,0.00264906
3434,0,13,1422.51,13,1484.1,2,2,0,54.8883,0.0352714,0.00322776,0.577771,0.38373,0.00352324,0.00580862,0.988198,0.00247014
3435,0,13,1422.51,13,1484.1,3,2,0,54.8608,0.0406349,0.00371681,0.513356,0.442293,0.00468283,0.00772116,0.984313,0.00328289
3436,0,13,1422.51,13,1490.63,3,2,9,54.8334,0.0448528,0.00410065,0.56693,0.384116,0.00618155,0.0101933,0.979292,0.00433327
3437,0,13,1422.51,13,1480.23,2,2,13,54.806,0.0423563,0.00387055,0.535646,0.418127,0.00571122,0.00941868,0.980867,0.00400328
3438,0,13,1422.51,13,1510.03,3,2,9,54.7786,0.0364855,0.00333248,0.599844,0.360338,0.00451855,0.00745252,0.984862,0.00316705
3439,0,13,1422.51,13,1510.03,2,2,0,54.7512,0.0344781,0.00314763,0.567159,0.395215,0.00419872,0.00692572,0.985933,0.00294267
3440,0,13,1422.51,13,1510.03,2,2,0,54.7238,0.0396155,0.0036149,0.502445,0.454325,0.00555815,0.009169,0.981378,0.00389515
3441,0,13,1422.51,13,1510.03,2,0,0,54.6965,0.0446547,0.00407278,0.438906,0.512367,0.00730664,0.0120546,0.975519,0.00512013
3442,0,13,1422.51,13,1515.01,3,2,9,54.6691,0.0492093,0.00448604,0.381403,0.564902,0.00903055,0.0120233,0.97384,0.00510596
3443,0,13,1422.51,13,1497.44,3,2,13,54.6418,0.0462968,0.0042185,0.358976,0.590509,0.00831818,0.0110755,0.975904,0.00470264
3444,0,13,1422.51,13,1495.56,3,2,13,54.6145,0.0393185,0.00358093,0.304993,0.652108,0.00656442,0.00874089,0.980984,0.00371074
3445,0,13,1422.51,13,1475.72,2,2,13,54.5872,0.032996,0.00300367,0.256054,0.707946,0.00519888,0.00692299,0.98494,0.00293849
3446,0,13,1422.51,13,1478.81,3,2,9,54.5599,0.0297483,0.00270673,0.328889,0.638656,0.00413282,0.0055037,0.988028,0.00233567
3447,0,13,1422.51,13,1480.21,3,2,9,54.5326,0.0279997,0.00254641,0.309706,0.659748,0.00386164,0.00514286,0.988813,0.00218216
3448,0,13,1422.51,13,1500.44,2,2,9,54.5053,0.0263357,0.00239393,0.29144,0.679831,0.0036128,0.00481174,0.989534,0.00204131
3449,0,13,1422.51,13,1500.44,2,2,0,54.4781,0.0249429,0.00226623,0.328496,0.644295,0.00338418,0.00450751,0.990196,0.00191192
3450,0,13,1422.51,13,1509,3,2,9,54.4508,0.0265267,0.00240898,0.285412,0.685652,0.00452623,0.006029,0.986888,0.00255684
3451,0,13,1422.51,13,1509,3,2,0,54.4236,0.0249231,0.00226226,0.268286,0.704529,0.00422136,0.00562322,0.987771,0.00238434
3452,0,13,1422.51,13,1507.15,3,2,13,54.3964,0.029929,0.00271534,0.322325,0.645031,0.00561716,0.00748299,0.983727,0.00317237
3453,0,13,1422.51,13,1486.25,2,2,13,54.3692,0.0252424,0.00228905,0.271981,0.700487,0.00445752,0.00593849,0.987087,0.00251716
3454,0,13,1422.51,13,1486.25,3,2,0,54.342,0.0227108,0.00205849,0.344578,0.630653,0.00355085,0.00473086,0.989713,0.00200493
3455,0,13,1422.51,13,1489.44,2,2,9,54.3148,0.026704,0.00241927,0.405385,0.565492,0.00474472,0.00632184,0.986255,0.00267873
3456,0,13,1422.51,13,1489.44,3,2,0,54.2877,0.0253079,0.00229168,0.436147,0.536253,0.00442041,0.00589007,0.987194,0.00249535
3457,0,13,1422.51,13,1477.9,3,2,13,54.2605,0.02892,0.00261751,0.498682,0.46978,0.00587661,0.00783086,0.982976,0.003317
3458,0,13,1422.51,13,1477.9,3,2,0,54.2334,0.0253264,0.00229116,0.436964,0.535418,0.00465841,0.00620791,0.986505,0.0026291
3459,0,13,1422.51,13,1477.9,2,2,0,54.2063,0.0289353,0.00261637,0.499514,0.468935,0.00618564,0.0082436,0.98208,0.00349063
3460,0,13,1422.51,13,1477.9,3,2,0,54.1792,0.032688,0.00295428,0.434309,0.530049,0.00815623,0.0108704,0.976371,0.00460214
3461,0,13,1422.51,13,1477.9,2,2,0,54.1521,0.0372041,0.00336082,0.494568,0.464867,0.0106771,0.014231,0.969068,0.00602384
3462,0,13,1422.51,13,1477.9,3,2,9,54.125,0.0418847,0.00378182,0.430718,0.523616,0.0138722,0.0184906,0.959812,0.00782554
3463,0,13,1422.51,13,1478.88,3,2,9,54.098,0.0395981,0.00357365,0.407394,0.549435,0.0126759,0.0168971,0.963277,0.00714989
3464,0,13,1422.51,13,1477.75,3,2,13,54.0709,0.0373803,0.00337187,0.384755,0.574493,0.0115996,0.0154632,0.966395,0.00654205
3465,0,13,1422.51,13,1477.75,3,2,9,54.0439,0.0319235,0.00287826,0.328742,0.636456,0.00909997,0.0121317,0.973637,0.0051317
3466,0,13,1422.51,13,1457.48,3,2,13,54.0168,0.0300128,0.00270468,0.30921,0.658073,0.00837431,0.0111649,0.975739,0.00472194
3467,0,13,1422.51,13,1497.28,2,2,9,53.9898,0.0252238,0.00227201,0.259992,0.712512,0.00659803,0.00879724,0.980885,0.00371994
3468,0,13,1422.51,13,1495.03,3,2,13,53.9628,0.0239193,0.00215347,0.297812,0.676115,0.00610681,0.00814276,0.982308,0.0034426
3469,0,13,1422.51,13,1488.26,3,2,13,53.9359,0.0200866,0.00180754,0.250219,0.727887,0.00483433,0.00644642,0.985994,0.00272495
3470,0,13,1422.51,13,1483.15,3,2,13,53.9089,0.0167268,0.00150448,0.208471,0.773298,0.00384158,0.00512291,0.98887,0.00216512
3471,0,13,1422.51,13,1509.24,3,2,9,53.8819,0.0138389,0.00124413,0.172565,0.812351,0.00306463,0.00408705,0.991121,0.00172703
3472,0,13,1422.51,13,1509.24,3,2,0,53.855,0.013026,0.00117048,0.16251,0.823293,0.00287746,0.00383766,0.991664,0.00162137
3473,0,13,1422.51,13,1509.24,3,2,0,53.8281,0.016405,0.00147341,0.20477,0.777351,0.003866,0.00515637,0.9888,0.00217813
3474,0,13,1422.51,13,1509.24,3,2,0,53.8012,0.0202818,0.00182072,0.253289,0.724608,0.00515909,0.00688145,0.985053,0.00290634
3475,0,13,1422.51,13,1509.24,3,2,0,53.7743,0.0245872,0.00220615,0.307211,0.665996,0.00683731,0.00912048,0.980191,0.00385131
3476,0,13,1422.51,13,1509.24,3,2,9,53.7474,0.029206,0.00261933,0.365108,0.603067,0.00899738,0.0120025,0.973933,0.00506745
3477,0,13,1422.51,13,1509.24,3,2,0,53.7205,0.0275495,0.00246957,0.344573,0.625407,0.0082784,0.0110441,0.976016,0.00466197
3478,0,13,1422.51,13,1509.24,2,2,0,53.6936,0.0322916,0.00289326,0.404088,0.560727,0.0108391,0.0144611,0.968596,0.00610335
3479,0,13,1422.51,13,1509.24,3,2,0,53.6668,0.0352034,0.00315264,0.350005,0.611639,0.0140849,0.0187925,0.959193,0.00793006
3480,0,13,1422.51,13,1504.34,3,2,13,53.64,0.0409906,0.00366913,0.40773,0.54761,0.0181573,0.0242275,0.947393,0.0102217
3481,0,13,1422.51,13,1504.34,2,2,0,53.6131,0.0351656,0.00314621,0.349951,0.611738,0.0141639,0.0189001,0.958963,0.00797271
3482,0,13,1422.51,13,1504.34,2,2,0,53.5863,0.0376153,0.00336375,0.304296,0.654725,0.0182572,0.0243636,0.947104,0.0102756
3483,0,13,1422.51,13,1504.82,3,2,9,53.5595,0.039653,0.00354426,0.266215,0.690588,0.0233354,0.0311421,0.93239,0.0131322
3484,0,13,1422.51,13,1508.02,2,2,9,53.5328,0.0370079,0.00330624,0.248551,0.711135,0.0211439,0.028219,0.93874,0.0118976
3485,0,13,1422.51,13,1503.1,3,2,13,53.506,0.0350498,0.0031298,0.287913,0.673907,0.0191831,0.0256036,0.94442,0.010793
3486,0,13,1422.51,13,1459.98,2,2,13,53.4792,0.0292641,0.0026119,0.240488,0.727636,0.0149531,0.019959,0.956676,0.00841209
3487,0,13,1422.51,13,1453.07,2,2,13,53.4525,0.0264696,0.00236133,0.312594,0.658575,0.0116802,0.0155913,0.966158,0.00657013
3488,0,13,1422.51,13,1511.76,2,2,9,53.4258,0.0236098,0.0021052,0.386485,0.5878,0.00914853,0.0122126,0.973493,0.00514547
3489,0,13,1422.51,13,1518.58,3,2,9,53.3991,0.0223688,0.00199357,0.418377,0.557261,0.00841148,0.0112294,0.975629,0.00473038
3490,0,13,1422.51,13,1510.02,3,2,13,53.3724,0.0212306,0.00189122,0.397322,0.579556,0.00774508,0.0103403,0.977559,0.00435512
3491,0,13,1422.51,13,1510.02,2,2,0,53.3457,0.0182205,0.0016223,0.341189,0.638969,0.0060996,0.00814395,0.982327,0.00342946
3492,0,13,1422.51,13,1510.02,2,2,0,53.319,0.0194961,0.00173503,0.29458,0.684189,0.00805484,0.0107551,0.976662,0.00452826
3493,0,13,1422.51,13,1510.02,3,2,0,53.2923,0.0205491,0.00182786,0.255964,0.721659,0.0105599,0.0141008,0.969403,0.00593586
3494,0,13,1422.51,13,1514.9,3,2,9,53.2657,0.024897,0.00221354,0.310278,0.662611,0.0137397,0.0183479,0.96019,0.00772238
3495,0,13,1422.51,13,1514.9,2,2,0,53.2391,0.0234265,0.00208179,0.292099,0.682392,0.012543,0.0167508,0.963657,0.00704898
3496,0,13,1422.51,13,1513.29,3,2,13,53.2124,0.0246552,0.00218992,0.254485,0.71867,0.0162374,0.0216858,0.952953,0.0091241
3497,0,13,1422.51,13,1513.29,3,2,0,53.1858,0.0204804,0.00181823,0.211493,0.766209,0.0126651,0.0169158,0.963303,0.00711592
3498,0,13,1422.51,13,1489.17,3,2,13,53.1592,0.0251687,0.00223337,0.260028,0.71257,0.0163917,0.0218944,0.952505,0.00920866
3499,0,13,1422.51,13,1489.17,2,2,0,53.1327,0.0209258,0.00185597,0.216294,0.760924,0.0127826,0.0170747,0.962962,0.00718031
3500,0,13,1422.51,13,1480.66,3,2,13,53.1061,0.0215747,0.00191259,0.191428,0.785085,0.0165402,0.0220954,0.952074,0.00928998
3501,0,13,1422.51,13,1480.66,2,2,0,53.0795,0.0177064,0.0015689,0.157173,0.823551,0.0128957,0.0172278,0.962634,0.00724218
3502,0,13,1422.51,13,1480.66,3,1,0,53.053,0.0180097,0.00159501,0.142092,0.838303,0.0166832,0.022289,0.95166,0.00936813
3503,0,13,1422.51,13,1480.66,0,2,0,53.0265,0.0227028,0.00200968,0.179194,0.796093,0.0166269,0.0248228,0.949215,0.00933543
3504,0,13,1422.51,13,1480.66,3,2,0,53,0.0244696,0.00200376,0.178827,0.794699,0.0213179,0.0318287,0.934886,0.0119679
3505,0,13,1422.51,13,1480.66,2,2,0,52.9735,0.0303087,0.00248067,0.221588,0.745622,0.0270873,0.0404459,0.917262,0.0152051
3506,0,13,1422.51,13,1480.66,2,2,0,52.947,0.0312658,0.00255772,0.196516,0.769661,0.0340878,0.050903,0.895877,0.0191325
3507,0,13,1422.51,13,1480.66,3,2,0,52.9205,0.0320513,0.00262067,0.175825,0.789503,0.0424562,0.0634045,0.870313,0.0238267
3508,0,13,1422.51,13,1480.66,3,1,0,52.894,0.0394816,0.00322659,0.21666,0.740632,0.0522961,0.0781057,0.840253,0.0293455
3509,0,13,1422.51,13,1480.66,2,2,0,52.8676,0.0477699,0.00390198,0.262231,0.686097,0.0522787,0.0779491,0.84044,0.0293323
3510,0,13,1422.51,13,1480.66,3,2,0,52.8412,0.0497447,0.00406125,0.231353,0.714841,0.0636434,0.0949018,0.80575,0.0357047
3511,0,13,1422.51,13,1480.66,3,2,0,52.8147,0.0595468,0.00485908,0.277026,0.658569,0.076514,0.114103,0.766463,0.0429203
3512,0,13,1422.51,13,1480.66,3,1,0,52.7883,0.0699743,0.00570712,0.325637,0.598681,0.0907869,0.135398,0.722894,0.0509207
3513,0,13,1422.51,13,1480.66,2,1,0,52.7619,0.0807184,0.00658011,0.375752,0.536949,0.091456,0.128729,0.728525,0.0512901
3514,0,13,1422.51,13,1480.66,3,1,0,52.7356,0.086916,0.00708177,0.327607,0.578395,0.0920299,0.122963,0.733401,0.051606
3515,0,13,1422.51,13,1480.66,0,1,0,52.7092,0.0994918,0.00810236,0.375108,0.517298,0.0925234,0.11796,0.73764,0.0518767
3516,0,13,1422.51,13,1480.66,2,3,0,52.6828,0.0927468,0.00815655,0.377906,0.52119,0.0929487,0.113605,0.741338,0.0521091
3517,0,13,1422.51,13,1495.06,3,2,9,52.6565,0.0998744,0.00877911,0.329909,0.561438,0.0927235,0.113334,0.739849,0.0540934
3518,0,13,1422.51,13,1495.06,3,2,0,52.6302,0.0930972,0.0081794,0.307596,0.591128,0.0835402,0.102114,0.765615,0.0487308
3519,0,13,1422.51,13,1495.06,3,0,0,52.6039,0.106779,0.00937689,0.352885,0.53096,0.0989964,0.121011,0.722252,0.0577404
3520,0,13,1422.51,13,1495.06,2,3,0,52.5775,0.120392,0.0105672,0.397967,0.471074,0.0967427,0.12128,0.724117,0.0578603
3521,0,13,1422.51,13,1497.02,2,2,9,52.5513,0.130558,0.0114539,0.346996,0.510992,0.0965518,0.121046,0.72298,0.0594225
3522,0,13,1422.51,13,1494.2,3,2,13,52.525,0.122762,0.0107648,0.385861,0.480612,0.0870616,0.109153,0.750209,0.0535766
3523,0,13,1422.51,13,1494.2,0,2,0,52.4987,0.105611,0.00925629,0.332028,0.553105,0.0689867,0.0864959,0.802068,0.0424494
3524,0,13,1422.51,13,1494.2,2,2,0,52.4725,0.0986568,0.00932106,0.334591,0.557432,0.0827535,0.103762,0.762569,0.0509156
3525,0,13,1422.51,13,1481.24,2,2,13,52.4462,0.104697,0.00988706,0.293651,0.591765,0.0979796,0.122858,0.718884,0.0602778
3526,0,13,1422.51,13,1481.24,2,2,0,52.42,0.0930229,0.00878048,0.372233,0.525963,0.0781113,0.0979497,0.775889,0.04805
3527,0,13,1422.51,13,1475.98,3,2,13,52.3938,0.0999455,0.00942945,0.325325,0.5653,0.0928876,0.116484,0.733494,0.0571341
3528,0,13,1422.51,13,1475.98,2,2,0,52.3676,0.0842087,0.007941,0.274166,0.633684,0.0738247,0.0925827,0.788188,0.0454043
3529,0,13,1422.51,13,1475.98,2,2,0,52.3414,0.0878096,0.00827666,0.242866,0.661048,0.0881531,0.110557,0.747079,0.0542114
3530,0,13,1422.51,13,1483.07,3,2,9,52.3153,0.0907969,0.00855419,0.216835,0.683814,0.103876,0.130282,0.701967,0.0638745
3531,0,13,1422.51,13,1478.43,3,2,13,52.2891,0.0836359,0.00787581,0.199768,0.70872,0.093773,0.117616,0.730955,0.0576562
3532,0,13,1422.51,13,1475.66,3,2,13,52.263,0.0681656,0.00641597,0.162845,0.762573,0.0745502,0.0935095,0.786108,0.0458326
3533,0,13,1422.51,13,1470.48,3,2,13,52.2368,0.0550286,0.00517703,0.131484,0.80831,0.0586532,0.073573,0.831718,0.0360558
3534,0,13,1422.51,13,1470.48,3,2,0,52.2107,0.0441146,0.00414829,0.105425,0.846312,0.0458123,0.0574683,0.86856,0.0281594
3535,0,13,1422.51,13,1470.48,3,0,0,52.1846,0.0549599,0.00516568,0.131366,0.808508,0.0563539,0.0706952,0.838315,0.0346356
3536,0,13,1422.51,13,1467.14,3,2,13,52.1585,0.0674578,0.00633736,0.161267,0.764938,0.058038,0.0705384,0.83687,0.0345539
3537,0,13,1422.51,13,1467.14,3,2,0,52.1324,0.0544252,0.00511059,0.130133,0.810331,0.0453005,0.0550595,0.872672,0.0269676
3538,0,13,1422.51,13,1467.14,3,2,0,52.1064,0.0668522,0.00627453,0.159875,0.766999,0.0558351,0.0678662,0.843063,0.0332354
3539,0,13,1422.51,13,1467.14,3,0,0,52.0803,0.080828,0.00758266,0.193331,0.718258,0.068017,0.0826763,0.808824,0.0404824
3540,0,13,1422.51,13,1457.47,3,2,13,52.0543,0.0961225,0.0090132,0.229954,0.664911,0.0688191,0.0825729,0.808182,0.040426
3541,0,13,1422.51,13,1457.47,3,2,0,52.0282,0.0789849,0.00740274,0.188988,0.724624,0.0539354,0.0647171,0.849668,0.0316796
3542,0,13,1422.51,13,1454.01,3,3,13,52.0022,0.0941337,0.00881836,0.225275,0.671773,0.0658805,0.0790529,0.816375,0.0386916
3543,0,13,1422.51,13,1454.01,0,2,0,51.9762,0.0772363,0.007232,0.184869,0.730663,0.0638361,0.0766025,0.791439,0.0681219
3544,0,13,1422.51,13,1454.01,3,2,0,51.9502,0.0752666,0.0072412,0.185224,0.732268,0.0765394,0.0918496,0.749932,0.0816792
3545,0,13,1422.51,13,1491.07,3,0,9,51.9243,0.0899291,0.00864778,0.221347,0.680076,0.0905275,0.10864,0.704225,0.0966079
3546,0,13,1422.51,13,1491.07,3,2,0,51.8983,0.0828168,0.00796012,0.203878,0.705345,0.123131,0.104715,0.679038,0.0931157
3547,0,13,1422.51,13,1491.07,3,2,0,51.8723,0.0980829,0.00942304,0.241504,0.650991,0.142767,0.12141,0.627865,0.107959
3548,0,13,1422.51,13,1491.07,3,2,0,51.8464,0.114203,0.0109666,0.281245,0.593585,0.163151,0.138741,0.574741,0.123367
3549,0,13,1422.51,13,1480.94,2,1,13,51.8205,0.130735,0.0125483,0.322018,0.534699,0.183805,0.156299,0.520921,0.138976
3550,0,13,1422.51,13,1480.94,3,0,0,51.7946,0.11543,0.011074,0.401263,0.472233,0.169332,0.222639,0.480003,0.128026
3551,0,13,1422.51,13,1480.94,3,2,0,51.7687,0.128086,0.0122825,0.445371,0.414261,0.154494,0.2266,0.488618,0.130289
3552,0,13,1422.51,13,1480.94,3,3,0,51.7428,0.139715,0.0133913,0.485927,0.360967,0.170494,0.250087,0.435641,0.143778
3553,0,13,1422.51,13,1480.94,2,0,0,51.7169,0.149583,0.0143304,0.520378,0.315709,0.172807,0.253499,0.441632,0.132062
3554,0,13,1422.51,13,1480.94,0,1,0,51.6911,0.167634,0.0160522,0.462455,0.353859,0.156899,0.258364,0.450158,0.134579
3555,0,13,1422.51,13,1480.94,2,2,0,51.6652,0.150748,0.0163674,0.471854,0.361031,0.162882,0.229989,0.467422,0.139707
3556,0,13,1422.51,13,1480.94,2,1,0,51.6394,0.166742,0.0180958,0.415758,0.399404,0.178645,0.252262,0.415872,0.153221
3557,0,13,1422.51,13,1480.78,3,2,13,51.6136,0.181838,0.0197254,0.362795,0.435642,0.185355,0.224107,0.431566,0.158972
3558,0,13,1422.51,13,1480.01,3,2,13,51.5878,0.157177,0.0170427,0.313635,0.512145,0.159038,0.192295,0.51227,0.136397
3559,0,13,1422.51,13,1480.01,3,2,0,51.562,0.133172,0.0144334,0.265771,0.586624,0.133429,0.161338,0.590802,0.11443
3560,0,13,1422.51,13,1480.01,1,2,0,51.5362,0.151765,0.0164413,0.30292,0.528873,0.150888,0.182455,0.537258,0.129399
3561,0,13,1422.51,13,1480.01,3,1,0,51.5104,0.151431,0.0184364,0.302294,0.527839,0.168282,0.203496,0.48391,0.144312
3562,0,13,1422.51,13,1480.01,2,0,0,51.4847,0.169828,0.0206674,0.339065,0.47044,0.172325,0.184262,0.495639,0.147774
3563,0,13,1422.51,13,1480.01,3,3,0,51.4589,0.180535,0.0219612,0.297303,0.500201,0.157966,0.187438,0.504282,0.150314
3564,0,13,1422.51,13,1480.01,3,1,0,51.4332,0.200792,0.0244151,0.330696,0.444097,0.159988,0.189844,0.510856,0.139312
3565,0,13,1422.51,13,1480.01,0,2,0,51.4075,0.220166,0.0267595,0.36264,0.390435,0.163219,0.173367,0.521293,0.142121
3566,0,13,1422.51,13,1480.01,2,3,0,51.3818,0.19401,0.0276429,0.374807,0.403541,0.181071,0.192331,0.468937,0.157661
3567,0,13,1422.51,13,1480.01,3,0,0,51.3561,0.20877,0.0297345,0.327189,0.434306,0.183724,0.195152,0.4759,0.145224
3568,0,13,1422.51,13,1480.01,3,1,0,51.3304,0.228056,0.0324687,0.357447,0.382028,0.167705,0.198963,0.485281,0.148051
3569,0,13,1422.51,13,1473.1,3,2,13,51.3047,0.246035,0.0350147,0.385661,0.33329,0.171441,0.181013,0.496199,0.151346
3570,0,13,1422.51,13,1474.32,0,3,9,51.2791,0.217267,0.0309085,0.340599,0.411226,0.143971,0.152011,0.576926,0.127093
3571,0,13,1422.51,13,1474.32,3,2,9,51.2534,0.256308,0.0293528,0.32361,0.390729,0.137671,0.145361,0.551834,0.165134
3572,0,13,1422.51,13,1474.32,0,1,0,51.2278,0.240775,0.0275619,0.304012,0.42765,0.125966,0.133004,0.58993,0.1511
3573,0,13,1422.51,13,1474.32,2,0,0,51.2022,0.212624,0.0285696,0.315278,0.443528,0.127031,0.125489,0.595098,0.152382
3574,0,13,1422.51,13,1474.32,3,2,0,51.1766,0.224506,0.0301539,0.276959,0.468381,0.120379,0.126417,0.599688,0.153516
3575,0,13,1422.51,13,1474.32,3,0,0,51.151,0.247191,0.0331875,0.304957,0.414664,0.136202,0.143035,0.547061,0.173702
3576,0,13,1422.51,13,1474.32,0,2,0,51.1254,0.268633,0.0360517,0.331423,0.363892,0.127893,0.144385,0.552373,0.175349
3577,0,13,1422.51,13,1513.03,2,1,9,51.0999,0.23489,0.0376988,0.346719,0.380693,0.142918,0.161351,0.499772,0.19596
3578,0,13,1422.51,13,1454.37,3,2,13,51.0743,0.220881,0.0354376,0.385657,0.358024,0.135981,0.201923,0.475635,0.186461
3579,0,13,1422.51,13,1454.37,3,3,0,51.0488,0.193902,0.0310978,0.33859,0.43641,0.114982,0.170754,0.556587,0.157677
3580,0,13,1422.51,13,1453.72,0,2,13,51.0233,0.211873,0.0339675,0.370012,0.384147,0.116501,0.173023,0.564117,0.146359
3581,0,13,1422.51,13,1453.72,3,2,0,50.9978,0.282083,0.0309273,0.337055,0.349934,0.0961478,0.142807,0.640251,0.120795
3582,0,13,1422.51,13,1450.65,3,2,13,50.9723,0.302298,0.0331289,0.361222,0.303351,0.110055,0.163476,0.588195,0.138274
3583,0,13,1422.51,13,1450.65,2,3,0,50.9468,0.269386,0.029509,0.321906,0.379199,0.0902645,0.13409,0.662232,0.113414
3584,0,13,1422.51,13,1431.57,2,2,13,50.9213,0.285939,0.0313084,0.280225,0.402528,0.0906997,0.134747,0.66569,0.108864
3585,0,13,1422.51,13,1431.57,1,1,0,50.8958,0.255517,0.0279651,0.356791,0.359726,0.0729955,0.108453,0.730934,0.0876174
3586,0,13,1422.51,13,1431.57,3,2,0,50.8704,0.255212,0.0290786,0.356389,0.359321,0.0732643,0.104829,0.733964,0.0879432
3587,0,13,1422.51,13,1434.06,0,2,9,50.845,0.274256,0.0312348,0.383008,0.311501,0.0861655,0.123297,0.687104,0.103433
3588,0,13,1422.51,13,1434.06,2,1,0,50.8195,0.313126,0.0295483,0.362509,0.294817,0.0778069,0.111344,0.717446,0.0934028
3589,0,13,1422.51,13,1434.06,3,2,0,50.7941,0.33672,0.0317599,0.314491,0.317028,0.0781281,0.107353,0.720727,0.0937918
3590,0,13,1422.51,13,1434.06,0,2,0,50.7687,0.357835,0.0337355,0.334207,0.274223,0.0915011,0.125736,0.672913,0.10985
3591,0,13,1422.51,13,1434.06,0,2,0,50.7433,0.310743,0.0361942,0.35873,0.294332,0.105667,0.145211,0.622262,0.126861
3592,0,13,1422.51,13,1434.06,3,3,0,50.718,0.270345,0.0382996,0.379771,0.311584,0.12032,0.165358,0.569863,0.144459
3593,0,13,1422.51,13,1434.06,2,1,0,50.6926,0.285812,0.0404751,0.401527,0.272186,0.121592,0.167117,0.576066,0.135226
3594,0,13,1422.51,13,1448.25,2,2,9,50.6673,0.309413,0.0438001,0.352129,0.294658,0.123345,0.154925,0.584552,0.137178
3595,0,13,1422.51,13,1448.25,3,1,0,50.6419,0.291265,0.0412151,0.390146,0.277373,0.112277,0.14103,0.62182,0.124872
3596,0,13,1422.51,13,1448.25,0,1,0,50.6166,0.30489,0.0431262,0.40842,0.243564,0.113313,0.132887,0.627773,0.126027
3597,0,13,1422.51,13,1448.25,0,2,0,50.5913,0.268012,0.0453966,0.430116,0.256475,0.114198,0.125897,0.632891,0.127014
3598,0,13,1422.51,13,1455.96,3,2,9,50.566,0.237335,0.047281,0.448171,0.267214,0.13027,0.143618,0.581219,0.144893
3599,0,13,1422.51,13,1457.55,3,2,9,50.5407,0.223269,0.0444646,0.421664,0.310602,0.118544,0.130693,0.618911,0.131853
3600,0,13,1422.51,13,1457.55,2,3,0,50.5154,0.2096,0.0417289,0.395899,0.352771,0.107463,0.118479,0.654527,0.119531
3601,0,13,1422.51,13,1457.55,3,0,0,50.4902,0.226579,0.0450945,0.34694,0.381387,0.108056,0.119135,0.658377,0.114432
3602,0,13,1422.51,13,1449.2,0,2,13,50.4649,0.244027,0.0485514,0.373688,0.333734,0.104377,0.119596,0.661152,0.114874
3603,0,13,1422.51,13,1449.2,3,0,0,50.4397,0.318744,0.0437365,0.336767,0.300753,0.0838136,0.0960368,0.727906,0.092244
3604,0,13,1422.51,13,1502.4,2,2,9,50.4145,0.336657,0.0461761,0.355697,0.26147,0.0830662,0.0960843,0.728561,0.0922888
3605,0,13,1422.51,13,1502.4,2,2,0,50.3893,0.316571,0.0434039,0.394168,0.245857,0.0745889,0.0862809,0.756258,0.0828721
3606,0,13,1422.51,13,1502.4,2,2,0,50.3641,0.342039,0.046877,0.345462,0.265622,0.0881941,0.102022,0.711794,0.0979903
3607,0,13,1422.51,13,1478.59,2,1,13,50.3389,0.36547,0.0500683,0.300658,0.283804,0.102868,0.119,0.663835,0.114297
3608,0,13,1422.51,13,1474.61,2,2,13,50.3137,0.324644,0.0444576,0.378811,0.252088,0.0956928,0.18022,0.617761,0.106326
3609,0,13,1422.51,13,1474.61,1,2,0,50.2886,0.283156,0.0387608,0.458221,0.219862,0.0778326,0.146602,0.689082,0.0864833
3610,0,13,1422.51,13,1474.61,2,3,0,50.2634,0.282791,0.0399665,0.457675,0.219567,0.0904138,0.170321,0.6388,0.100465
3611,0,13,1422.51,13,1475.62,0,2,9,50.2383,0.31023,0.0438272,0.405084,0.240859,0.0907161,0.170912,0.641187,0.0971852
3612,0,13,1422.51,13,1451.78,0,2,13,50.2132,0.351569,0.0411849,0.380831,0.226415,0.082214,0.154913,0.674794,0.0880781
3613,0,13,1422.51,13,1450.28,0,2,13,50.1881,0.43068,0.0361464,0.33439,0.198784,0.065955,0.124293,0.739092,0.0706603
3614,0,13,1422.51,13,1439.84,0,2,13,50.163,0.510265,0.0310817,0.287664,0.170989,0.052185,0.0983556,0.793551,0.0559087
3615,0,13,1422.51,13,1437.8,0,2,13,50.1379,0.587815,0.02615,0.242128,0.143907,0.0408688,0.0770372,0.838308,0.0437857
3616,0,13,1409.41,13,1409.41,0,2,33,50.1128,0.659858,0.0215712,0.199821,0.11875,0.0317822,0.0599167,0.87425,0.034051
3617,0,13,1409.41,13,1433.78,0,2,9,50.0878,0.856803,0.00907784,0.0841285,0.0499908,0.011413,0.0215188,0.95484,0.0122279
3618,0,13,1409.41,13,1433.78,0,2,0,50.0627,0.870285,0.00822002,0.0762127,0.0452824,0.0103637,0.0195428,0.95899,0.0111038
3619,0,13,1409.41,13,1433.64,0,2,13,50.0377,0.838148,0.0102527,0.0951008,0.056499,0.0134362,0.0253399,0.946828,0.0143959
3620,0,13,1409.41,13,1431.83,0,2,13,50.0127,0.872912,0.0080474,0.0746787,0.0443617,0.0103947,0.0196064,0.958862,0.0111374
3621,0,13,1409.41,13,1431.83,0,2,0,49.9877,0.900597,0.00629194,0.0584143,0.0346965,0.00805964,0.0152039,0.968101,0.00863558
3622,0,13,1409.41,13,1426.17,0,2,13,49.9627,0.874224,0.00795826,0.0739174,0.0439003,0.0105317,0.0198698,0.958314,0.0112845
3623,0,13,1409.41,13,1420.51,0,2,13,49.9377,0.901646,0.00622079,0.0578052,0.0343276,0.00816365,0.015404,0.967685,0.00874727
3624,0,13,1409.41,13,1420.51,0,2,0,49.9127,0.923229,0.00485382,0.0451232,0.0267935,0.00634604,0.0119759,0.974878,0.00679981
3625,0,13,1409.41,13,1420.51,0,2,9,49.8878,0.901702,0.00621252,0.0577799,0.0343054,0.00835051,0.0157606,0.966941,0.00894774
3626,0,13,1409.41,13,1415.47,0,2,13,49.8628,0.91073,0.00563979,0.0524767,0.0311534,0.00761914,0.0143821,0.969835,0.00816417
3627,0,13,1409.41,13,1415.47,0,2,9,49.8379,0.930349,0.00439863,0.0409463,0.0243058,0.00592677,0.0111889,0.976533,0.00635082
3628,0,13,1409.41,13,1416.85,0,2,9,49.813,0.936493,0.00400911,0.037337,0.0221609,0.00543964,0.0102706,0.978461,0.00582892
3629,0,13,1409.41,13,1416.85,0,2,9,49.7881,0.942023,0.00365859,0.0340877,0.0202303,0.00500006,0.00944183,0.9802,0.00535796
3630,0,13,1409.41,13,1417.29,0,2,9,49.7632,0.947005,0.00334296,0.0311609,0.0184913,0.00460287,0.0086929,0.981772,0.00493241
3631,0,13,1393.29,13,1393.29,2,2,33,49.7383,0.951495,0.00305856,0.0285226,0.016924,0.0042435,0.00801522,0.983194,0.00454737
3632,0,13,1393.29,13,1393.29,0,2,0,49.7134,0.872096,0.00280012,0.109604,0.0154992,0.00146645,0.00277021,0.994192,0.00157148
3633,0,13,1393.29,13,1393.29,0,2,0,49.6886,0.837334,0.00355875,0.139402,0.0197052,0.00199986,0.00377834,0.992079,0.00214312
3634,0,13,1393.29,13,1393.29,2,2,0,49.6637,0.796239,0.00445484,0.174631,0.0246754,0.00270866,0.00511813,0.98927,0.00290274
3635,0,13,1393.29,13,1393.29,0,2,0,49.6389,0.812179,0.00453931,0.15813,0.0251519,0.00364329,0.00688503,0.985567,0.00390439
3636,0,13,1393.29,13,1393.29,0,2,0,49.6141,0.767463,0.00561641,0.19579,0.0311306,0.00486582,0.00919652,0.980723,0.00521461
3637,0,13,1393.29,13,1393.29,2,2,0,49.5893,0.716903,0.00683316,0.238376,0.0378878,0.00645137,0.0121948,0.97444,0.00691391
3638,0,13,1393.29,13,1423.94,0,2,9,49.5645,0.741557,0.00706157,0.212214,0.0391677,0.00848906,0.0160486,0.966364,0.00909783
3639,0,13,1393.29,13,1418.97,0,2,13,49.5397,0.762619,0.00648213,0.194933,0.0359661,0.00773973,0.0146339,0.969332,0.00829488
3640,0,13,1393.29,13,1417.99,3,2,13,49.5149,0.809009,0.00521217,0.156849,0.0289297,0.00601397,0.0113723,0.976168,0.00644542
3641,0,13,1393.29,13,1417.99,0,2,0,49.4902,0.790129,0.0050854,0.153139,0.0516468,0.00468892,0.00886782,0.981418,0.00502538
3642,0,13,1393.29,13,1417.99,0,2,9,49.4654,0.742335,0.0062397,0.188027,0.0633991,0.00622391,0.0117723,0.975333,0.00667061
3643,0,13,1393.29,13,1432.2,0,2,9,49.4407,0.762936,0.0057373,0.173005,0.0583214,0.00570423,0.0107908,0.977391,0.00611372
3644,0,13,1393.29,13,1400.06,0,2,13,49.416,0.782005,0.00527258,0.1591,0.0536223,0.00523589,0.00990604,0.979246,0.00561183
3645,0,13,1393.29,13,1400.06,2,2,0,49.3913,0.824865,0.00423334,0.127828,0.0430732,0.00408957,0.00773826,0.983789,0.00438327
3646,0,13,1393.29,13,1400.06,0,2,0,49.3666,0.833722,0.00427428,0.118493,0.04351,0.00544811,0.0103102,0.978402,0.00583945
3647,0,13,1393.29,13,1400.06,0,2,0,49.3419,0.792493,0.00533093,0.147885,0.0542913,0.00720439,0.0136356,0.971438,0.007722
3648,0,13,1393.29,13,1404.45,0,2,9,49.3172,0.745195,0.00654215,0.181606,0.0666576,0.00945359,0.0178949,0.962519,0.0101329
3649,0,13,1393.29,13,1404.45,0,2,9,49.2926,0.765842,0.00600846,0.166902,0.0612483,0.00860062,0.0162823,0.965898,0.00921879
3650,0,13,1390.1,13,1390.1,0,2,33,49.2679,0.784929,0.0055154,0.153307,0.0562483,0.00783657,0.0148378,0.968926,0.00839995
3651,0,13,1390.1,13,1399.57,0,2,9,49.2433,0.916708,0.00213471,0.0593764,0.0217807,0.00268866,0.00509137,0.989338,0.00288199
3652,0,13,1390.1,13,1399.57,0,2,9,49.2187,0.923021,0.00197175,0.0548803,0.0201274,0.00250192,0.00473834,0.990078,0.00268185
3653,0,13,1390.1,13,1410.33,0,2,9,49.194,0.928781,0.00182311,0.0507768,0.0186187,0.00233126,0.00441569,0.990754,0.00249895
3654,0,13,1390.1,13,1410.81,0,2,9,49.1694,0.934041,0.00168746,0.0470299,0.0172414,0.0021751,0.00412044,0.991373,0.0023316
3655,0,13,1390.1,13,1406.4,0,2,13,49.1449,0.938846,0.00156359,0.0436068,0.0159832,0.00203203,0.00384991,0.99194,0.00217826
3656,0,13,1390.1,13,1412.5,0,2,9,49.1203,0.951509,0.00123908,0.0345796,0.0126719,0.00161157,0.00305368,0.993607,0.00172757
3657,0,13,1390.1,13,1412.5,0,2,0,49.0957,0.954828,0.0011536,0.0322154,0.0118032,0.00151421,0.00286957,0.993993,0.00162322
3658,0,13,1390.1,13,1413.48,0,2,9,49.0712,0.939904,0.0015338,0.0428616,0.0157006,0.00206541,0.00391466,0.991806,0.00221414
3659,0,13,1390.1,13,1413.48,0,2,0,49.0466,0.94421,0.00142305,0.0397932,0.0145737,0.00193119,0.00366073,0.992338,0.00207029
3660,0,13,1390.1,13,1413.48,2,2,0,49.0221,0.926345,0.00187763,0.0525395,0.019238,0.00262018,0.0049674,0.989603,0.00280894
3661,0,13,1390.1,13,1413.48,0,2,0,48.9976,0.926616,0.00187585,0.0522792,0.0192287,0.00353032,0.00669373,0.985991,0.0037847
3662,0,13,1390.1,13,1413.48,0,2,0,48.9731,0.904193,0.00244757,0.0682582,0.0251009,0.00472299,0.00895624,0.981257,0.00506337
3663,0,13,1390.1,13,1413.48,0,2,0,48.9486,0.876458,0.00315424,0.0880247,0.0323633,0.00627262,0.0118963,0.975106,0.00672478
3664,0,13,1390.1,13,1413.48,0,2,9,48.9242,0.842839,0.00401019,0.111986,0.0411647,0.00826784,0.0156824,0.967186,0.00886394
3665,0,13,1390.1,13,1413.48,0,2,0,48.8997,0.85568,0.00368033,0.102843,0.0377963,0.00753421,0.0142927,0.970096,0.00807753
3666,0,12,1401.77,12,1401.77,0,2,33,48.8752,0.8181,0.0046359,0.129632,0.047632,0.00987973,0.0187446,0.960783,0.0105923
3667,0,12,1401.77,12,1401.77,0,2,9,48.8508,0.931307,0.00174967,0.048958,0.0179856,0.00337981,0.00641327,0.986583,0.00362365
3668,0,12,1401.77,12,1401.77,0,2,0,48.8264,0.936376,0.0016196,0.0453485,0.0166562,0.00312957,0.0059392,0.987576,0.0033554
3669,0,12,1401.77,12,1401.77,2,2,0,48.802,0.91641,0.00212656,0.0595831,0.0218801,0.00420016,0.00797195,0.983325,0.00450331
3670,0,12,1401.77,12,1401.77,0,2,9,48.7776,0.917321,0.00212609,0.0586669,0.0218855,0.00559646,0.0106235,0.97778,0.00600046
3671,0,12,1401.77,12,1401.77,2,2,0,48.7532,0.92364,0.00196244,0.054187,0.0202103,0.00513357,0.00974607,0.979616,0.00550424
3672,0,12,1401.77,12,1401.77,0,2,0,48.7288,0.924059,0.00196091,0.0537763,0.0202041,0.00680523,0.0129214,0.972977,0.00729669
3673,0,12,1401.77,12,1401.79,0,2,9,48.7044,0.900988,0.00255511,0.0701179,0.0263385,0.00895218,0.017,0.964449,0.00959883
3674,0,12,1401.77,12,1401.79,0,2,9,48.6801,0.908773,0.00235282,0.0646095,0.0242646,0.0081443,0.0154679,0.967655,0.00873272
3675,0,12,1400.15,12,1400.15,0,2,33,48.6557,0.915867,0.00216858,0.0595896,0.022375,0.00742078,0.0140956,0.970527,0.00795704
3676,0,12,1400.15,12,1400.15,0,2,9,48.6314,0.969991,0.00077305,0.0212565,0.00797991,0.00253111,0.00480838,0.989946,0.00271405
3677,0,12,1400.15,12,1400.15,0,2,0,48.6071,0.971839,0.000725005,0.0199486,0.00748745,0.0023558,0.00447593,0.990642,0.00252611
3678,0,12,1400.15,12,1400.15,0,2,9,48.5828,0.961941,0.000979242,0.0269618,0.0101178,0.00318392,0.0060501,0.987352,0.00341415
3679,0,12,1400.15,12,1400.15,0,2,0,48.5585,0.964437,0.000914493,0.0251958,0.00945321,0.00295029,0.00560686,0.988279,0.00316366
3680,0,12,1400.15,12,1400.15,0,2,0,48.5342,0.952279,0.0012264,0.0338117,0.0126833,0.00396671,0.00753948,0.98424,0.00425365
3681,0,12,1400.15,12,1400.15,2,2,0,48.51,0.936598,0.00162841,0.0449249,0.0168488,0.0052951,0.0100656,0.978961,0.00567821
3682,0,12,1400.15,12,1400.15,0,2,0,48.4857,0.936288,0.0016258,0.0452569,0.0168297,0.00701607,0.0133388,0.972121,0.00752381
3683,0,12,1400.15,12,1400.15,0,2,0,48.4615,0.916267,0.00213542,0.0594823,0.0221153,0.00922474,0.0175401,0.963343,0.00989246
3684,0,12,1400.15,12,1400.15,0,2,0,48.4372,0.891252,0.0027717,0.0772576,0.0287184,0.0120304,0.0228779,0.95219,0.0129014
3685,0,12,1400.15,12,1400.15,0,1,0,48.413,0.86059,0.00355108,0.0990478,0.036811,0.0155547,0.0295836,0.938181,0.016681
3686,0,12,1400.15,12,1400.15,0,2,0,48.3888,0.823809,0.00448531,0.125189,0.0465171,0.0155052,0.0319026,0.935964,0.0166282
3687,0,12,1400.15,12,1400.15,0,2,9,48.3646,0.780742,0.00557834,0.1558,0.05788,0.019851,0.0408502,0.91801,0.0212891
3688,0,12,1400.15,12,1400.15,0,2,0,48.3404,0.798888,0.0051136,0.142915,0.0530828,0.0178505,0.0367387,0.926267,0.0191439
3689,0,12,1400.15,12,1400.15,0,2,0,48.3163,0.752152,0.00629819,0.176139,0.0654102,0.0227273,0.0467825,0.906116,0.0243744
3690,0,12,1400.15,12,1400.15,0,1,0,48.2921,0.699764,0.0076249,0.213385,0.079226,0.0286343,0.0589502,0.881706,0.0307099
3691,0,12,1400.15,12,1400.15,0,3,0,48.268,0.642769,0.00906694,0.25391,0.0942535,0.0285885,0.0598507,0.8809,0.0306612
3692,0,12,1400.15,12,1403.58,0,3,9,48.2438,0.582663,0.0105862,0.296653,0.110098,0.0284965,0.0596669,0.878667,0.03317
3693,0,12,1400.15,12,1403.58,2,2,0,48.2197,0.613434,0.00979979,0.274799,0.101967,0.0279517,0.058535,0.862462,0.0510513
3694,0,12,1400.15,12,1403.58,0,2,0,48.1956,0.641212,0.0102351,0.242006,0.106546,0.034639,0.0725497,0.829539,0.0632725
3695,0,12,1400.15,12,1403.58,2,2,0,48.1715,0.581593,0.0119291,0.282239,0.124239,0.04237,0.0887553,0.791471,0.0774036
3696,0,12,1400.14,12,1400.14,0,2,33,48.1474,0.60914,0.0124844,0.248293,0.130083,0.0511138,0.107087,0.74841,0.0933885
3697,0,12,1400.14,12,1405.99,0,2,9,48.1233,0.829189,0.00545292,0.108514,0.0568443,0.019654,0.0411828,0.90325,0.0359136
3698,0,12,1400.14,12,1405.34,0,2,13,48.0993,0.843973,0.00497829,0.0991283,0.0519208,0.0176938,0.0370807,0.91289,0.0323355
3699,0,12,1400.14,12,1408.84,0,2,9,48.0752,0.876731,0.00393098,0.0783209,0.0410172,0.0136494,0.0286092,0.932794,0.0249474
3700,0,12,1400.14,12,1408.84,2,2,0,48.0512,0.887207,0.00359496,0.0716689,0.0375286,0.012338,0.0258643,0.939245,0.0225532
3701,0,12,1400.14,12,1408.84,0,2,0,48.0272,0.888995,0.00359823,0.0698267,0.0375804,0.0158863,0.0333077,0.921763,0.0290429
3702,0,12,1400.14,12,1408.84,0,2,0,48.0031,0.858371,0.00458846,0.0890957,0.047945,0.0202486,0.0424601,0.900269,0.0370224
3703,0,12,1400.14,12,1408.84,0,2,0,47.9791,0.821803,0.0057701,0.112107,0.0603203,0.0255275,0.0535374,0.874255,0.0466798
3704,0,12,1400.14,12,1408.84,0,2,0,47.9552,0.779158,0.00714717,0.138944,0.0747513,0.0318039,0.0667105,0.843322,0.058164
3705,0,12,1400.14,12,1408.84,0,2,9,47.9312,0.7307,0.00871078,0.169442,0.0911476,0.0391225,0.0820739,0.807247,0.0715571
3706,0,12,1400.14,12,1408.84,0,2,0,47.9072,0.753709,0.00796227,0.154974,0.0833545,0.0351254,0.0736995,0.826921,0.0642541
3707,0,12,1400.14,12,1408.84,0,0,0,47.8833,0.702376,0.00961671,0.187286,0.100722,0.0429385,0.090106,0.7884,0.0785557
3708,0,12,1400.14,12,1408.84,0,2,0,47.8593,0.646543,0.0114147,0.222433,0.119609,0.0448834,0.0898909,0.78686,0.0783661
3709,0,12,1400.14,12,1408.84,0,2,0,47.8354,0.587617,0.0133105,0.259532,0.13954,0.0540875,0.10834,0.743126,0.0944469
3710,0,12,1400.14,12,1408.84,2,2,0,47.8115,0.52729,0.0152496,0.297517,0.159944,0.0642302,0.128674,0.694926,0.11217
3711,0,12,1400.14,12,1405.62,0,3,13,47.7876,0.554942,0.0160379,0.260729,0.168291,0.0751307,0.150532,0.643116,0.131221
3712,0,12,1400.14,12,1405.62,2,3,0,47.7637,0.628755,0.0133713,0.217498,0.140375,0.0695559,0.139381,0.595652,0.195411
3713,0,12,1400.14,12,1405.62,0,2,0,47.7398,0.647239,0.0137537,0.194549,0.144458,0.0710877,0.142471,0.609032,0.17741
3714,0,12,1400.14,12,1405.62,3,2,9,47.7159,0.589214,0.0160083,0.22656,0.168217,0.0812385,0.162837,0.553144,0.20278
3715,0,12,1400.14,12,1405.62,0,2,0,47.6921,0.560986,0.0152304,0.215665,0.208119,0.0744183,0.149187,0.590605,0.18579
3716,0,12,1400.14,12,1413.14,0,1,9,47.6682,0.500929,0.0173051,0.245173,0.236593,0.0846133,0.169649,0.534457,0.211281
3717,0,12,1400.14,12,1413.14,0,0,0,47.6444,0.536333,0.0160693,0.227785,0.219812,0.0803796,0.210972,0.507902,0.200746
3718,0,12,1400.14,12,1404.06,2,2,13,47.6206,0.476524,0.0181329,0.257174,0.24817,0.0774639,0.211621,0.509554,0.201361
3719,0,12,1400.14,12,1404.06,2,2,0,47.5967,0.426821,0.0162309,0.334693,0.222256,0.0648516,0.177201,0.589338,0.168609
3720,0,12,1400.14,12,1404.06,3,3,0,47.5729,0.455834,0.0173229,0.289511,0.237332,0.0737933,0.201674,0.532639,0.191893
3721,0,12,1400.14,12,1404.06,3,2,0,47.5492,0.473412,0.0179791,0.300648,0.20796,0.0754617,0.206275,0.544897,0.173366
3722,0,12,1400.14,12,1404.06,3,2,0,47.5254,0.487827,0.0185145,0.309775,0.183884,0.0847964,0.231839,0.488521,0.194844
3723,0,12,1400.14,12,1404.06,2,2,0,47.5016,0.499675,0.0189517,0.31727,0.164104,0.0938996,0.256779,0.433524,0.215797
3724,0,12,1400.14,12,1449.18,0,2,9,47.4779,0.528714,0.02004,0.277644,0.173602,0.102567,0.280536,0.381143,0.235755
3725,0,12,1400.14,12,1449.18,0,2,0,47.4541,0.564407,0.0185136,0.256631,0.160448,0.0959377,0.262458,0.42105,0.220555
3726,0,12,1400.14,12,1446.38,2,2,13,47.4304,0.505266,0.0210174,0.29149,0.182226,0.104479,0.285882,0.369409,0.24023
3727,0,12,1400.14,12,1446.38,2,1,0,47.4067,0.447066,0.0185846,0.373147,0.161203,0.0910379,0.249154,0.450448,0.20936
3728,0,12,1400.14,12,1446.38,0,3,0,47.383,0.481952,0.0200221,0.32428,0.173746,0.0944914,0.220486,0.467685,0.217338
3729,0,12,1400.14,12,1446.38,0,1,0,47.3593,0.424171,0.0222442,0.360471,0.193113,0.0972742,0.227018,0.481612,0.194096
3730,0,12,1400.14,12,1446.38,2,2,0,47.3356,0.369458,0.0243458,0.394747,0.211449,0.100302,0.202773,0.496761,0.200164
3731,0,12,1400.14,12,1446.38,3,2,0,47.3119,0.4015,0.0264428,0.342295,0.229762,0.111142,0.224718,0.442313,0.221827
3732,0,12,1400.14,12,1446.93,0,2,9,47.2883,0.416366,0.027407,0.354958,0.201269,0.121506,0.245708,0.390239,0.242547
3733,0,12,1400.14,12,1446.93,2,1,0,47.2646,0.454541,0.0256028,0.331761,0.188095,0.113325,0.229197,0.43123,0.226248
3734,0,12,1400.14,12,1446.93,3,3,0,47.241,0.483124,0.0271972,0.289791,0.199887,0.117057,0.203664,0.445549,0.23373
3735,0,12,1400.14,12,1446.93,0,2,0,47.2174,0.496069,0.0279098,0.297525,0.178497,0.120959,0.210477,0.460527,0.208037
3736,0,12,1400.14,12,1446.93,2,1,0,47.1938,0.439467,0.0310318,0.330963,0.198537,0.132712,0.230954,0.408059,0.228275
3737,0,12,1400.14,12,1446.93,0,0,0,47.1702,0.466857,0.0329484,0.289316,0.210878,0.137183,0.20493,0.421898,0.23599
3738,0,12,1400.14,12,1446.93,2,2,0,47.1466,0.411949,0.0363279,0.31913,0.232594,0.126039,0.20756,0.427375,0.239026
3739,0,12,1400.14,12,1446.93,2,2,0,47.123,0.43646,0.0384708,0.278664,0.246405,0.13711,0.225815,0.37702,0.260055
3740,0,12,1400.14,12,1446.93,3,1,9,47.0995,0.456826,0.0402463,0.245054,0.257873,0.147425,0.242826,0.330095,0.279654
3741,0,12,1400.14,12,1446.93,3,0,0,47.0759,0.429779,0.0378451,0.230517,0.301858,0.139511,0.283386,0.312426,0.264677
3742,0,12,1400.14,12,1446.93,0,3,0,47.0524,0.452739,0.0398475,0.242802,0.264612,0.125595,0.287968,0.317484,0.268953
3743,0,12,1400.14,12,1400.97,2,1,13,47.0289,0.399268,0.0437259,0.26653,0.290477,0.131554,0.301681,0.33261,0.234154
3744,0,12,1400.14,12,1400.97,2,1,0,47.0053,0.356045,0.038975,0.345966,0.259014,0.116423,0.381922,0.294409,0.207246
3745,0,12,1400.14,12,1400.97,3,0,0,46.9818,0.381243,0.0417149,0.299715,0.277327,0.125354,0.334426,0.317051,0.223169
3746,0,12,1400.14,12,1400.97,3,3,0,46.9583,0.399801,0.0437261,0.314289,0.242184,0.1143,0.338661,0.321062,0.225977
3747,0,12,1400.14,12,1400.97,0,1,0,46.9349,0.415089,0.0453781,0.326292,0.213241,0.118288,0.350552,0.332332,0.198828
3748,0,12,1400.14,12,1400.97,2,0,0,46.9114,0.364071,0.0493198,0.354775,0.231835,0.126407,0.305878,0.355217,0.212498
3749,0,12,1400.14,12,1400.97,2,1,0,46.8879,0.39008,0.0528222,0.308722,0.248375,0.115901,0.309559,0.359502,0.215039
3750,0,12,1400.14,12,1400.97,0,3,0,46.8645,0.411816,0.0557432,0.270249,0.262191,0.12234,0.271085,0.379561,0.227014
3751,0,12,1400.14,12,1400.97,0,3,0,46.8411,0.361916,0.0604552,0.293186,0.284443,0.12633,0.27997,0.392027,0.201674
3752,0,12,1400.14,12,1400.97,0,2,0,46.8176,0.315718,0.0648139,0.314424,0.305045,0.129624,0.287316,0.40234,0.18072
3753,0,12,1400.14,12,1400.97,3,3,0,46.7942,0.273698,0.0687744,0.333742,0.323785,0.139904,0.310151,0.35488,0.195065
3754,0,12,1400.14,12,1400.97,0,1,0,46.7708,0.290712,0.0730294,0.354502,0.281756,0.143498,0.318171,0.364067,0.174263
3755,0,12,1400.14,12,1400.97,0,2,0,46.7475,0.254544,0.076733,0.372598,0.296125,0.151613,0.279537,0.384726,0.184125
3756,0,12,1400.14,12,1400.97,1,3,0,46.7241,0.224623,0.0797917,0.387573,0.308012,0.162859,0.300308,0.339044,0.19779
3757,0,12,1400.14,12,1400.97,0,2,9,46.7007,0.225394,0.076569,0.388947,0.30909,0.167172,0.308299,0.348074,0.176456
3758,0,12,1400.14,12,1400.97,1,2,0,46.6774,0.268772,0.0722613,0.367184,0.291782,0.155964,0.287664,0.391745,0.164627
3759,0,12,1400.14,12,1400.97,2,1,0,46.654,0.269534,0.0696049,0.368248,0.292614,0.167755,0.30945,0.34572,0.177075
3760,0,12,1400.14,12,1400.97,0,1,0,46.6307,0.289058,0.0746268,0.3225,0.313815,0.176896,0.271766,0.364612,0.186726
3761,0,12,1400.14,12,1400.97,3,2,0,46.6074,0.252063,0.0784897,0.339293,0.330154,0.184499,0.24041,0.380338,0.194754
3762,0,12,1400.14,12,1400.97,2,3,0,46.5841,0.267791,0.0833678,0.360485,0.288356,0.197763,0.257707,0.335772,0.208757
3763,0,12,1400.14,12,1400.97,0,1,9,46.5608,0.286396,0.0891391,0.31607,0.308395,0.203404,0.265072,0.345386,0.186138
3764,0,12,1400.14,12,1400.97,1,0,0,46.5375,0.32834,0.0838813,0.297502,0.290276,0.191044,0.309699,0.324433,0.174824
3765,0,12,1400.14,12,1400.97,0,0,9,46.5142,0.329972,0.0793433,0.298974,0.291711,0.170685,0.3175,0.332607,0.179207
3766,0,12,1400.14,12,1400.97,3,3,0,46.491,0.372202,0.0743253,0.28014,0.273333,0.210434,0.302289,0.316675,0.170602
3767,0,12,1400.14,12,1400.97,1,1,0,46.4677,0.388811,0.0776169,0.292624,0.240949,0.21485,0.308654,0.323346,0.15315
3768,0,12,1400.14,12,1400.97,0,2,0,46.4445,0.390007,0.0748192,0.293507,0.241667,0.226712,0.270465,0.341227,0.161595
3769,0,12,1399.35,12,1399.35,3,2,33,46.4213,0.343476,0.0805083,0.315912,0.260104,0.240975,0.287491,0.299784,0.17175
3770,0,12,1399.35,12,1399.35,3,2,9,46.3981,0.210296,0.0492775,0.193416,0.547011,0.140777,0.167957,0.590937,0.100329
3771,0,12,1399.35,12,1399.35,2,0,0,46.3749,0.191278,0.0448081,0.175922,0.587992,0.126738,0.151213,0.631731,0.0903176
3772,0,12,1399.35,12,1399.35,3,2,9,46.3517,0.194466,0.0455417,0.162067,0.597926,0.120859,0.152202,0.636041,0.0908985
3773,0,12,1399.35,12,1399.35,2,2,0,46.3285,0.175765,0.0411502,0.146477,0.636608,0.108226,0.136299,0.674082,0.0813927
3774,0,12,1399.35,12,1399.35,3,3,0,46.3053,0.177634,0.0415758,0.137246,0.643544,0.124668,0.157013,0.624566,0.0937528
3775,0,12,1399.35,12,1410.29,3,2,9,46.2822,0.203787,0.0476831,0.157444,0.591085,0.124922,0.15734,0.626037,0.0917014
3776,0,12,1399.35,12,1410.29,3,2,0,46.2591,0.184246,0.0430983,0.14234,0.630315,0.111967,0.14103,0.664816,0.0821869
3777,0,12,1399.35,12,1410.29,3,2,0,46.2359,0.210607,0.0492501,0.162696,0.577447,0.128643,0.162041,0.614895,0.0944212
3778,0,12,1399.35,12,1410.29,2,0,0,46.2128,0.237345,0.0554867,0.183342,0.523826,0.145817,0.183683,0.563481,0.10702
3779,0,12,1399.35,12,1410.29,3,1,0,46.1897,0.241865,0.0565271,0.16772,0.533888,0.136874,0.185581,0.569431,0.108114
3780,0,12,1399.35,12,1400.33,0,2,13,46.1666,0.269443,0.062954,0.186829,0.480774,0.139231,0.171398,0.5794,0.10997
3781,0,12,1399.35,12,1400.33,3,3,0,46.1435,0.355629,0.0555092,0.164771,0.424091,0.112373,0.138341,0.660532,0.088753
3782,0,12,1399.35,12,1400.33,0,2,0,46.1204,0.386524,0.0603092,0.179058,0.374108,0.112495,0.138497,0.661484,0.0875228
3783,0,12,1399.35,12,1400.33,3,2,0,46.0974,0.339141,0.0649488,0.192875,0.403035,0.129039,0.158871,0.611701,0.100389
3784,0,12,1399.35,12,1400.33,0,0,0,46.0743,0.366489,0.070163,0.208405,0.354943,0.146048,0.179821,0.560515,0.113616
3785,0,12,1399.35,12,1400.33,3,2,0,46.0513,0.321154,0.0751649,0.223311,0.38037,0.137178,0.181664,0.566388,0.11477
3786,0,12,1399.35,12,1400.33,1,2,0,46.0283,0.345021,0.0807275,0.239889,0.334362,0.153432,0.203201,0.515001,0.128365
3787,0,12,1399.35,12,1400.33,2,1,9,46.0053,0.346453,0.0769317,0.240867,0.335747,0.169468,0.224451,0.464306,0.141776
3788,0,12,1399.35,12,1400.33,0,0,9,45.9823,0.326802,0.0725461,0.28395,0.316701,0.158974,0.272392,0.435642,0.132992
3789,0,12,1399.35,12,1400.33,0,2,0,45.9593,0.369133,0.0679672,0.266101,0.296799,0.200945,0.258792,0.41393,0.126333
3790,0,12,1399.35,12,1400.33,0,1,0,45.9363,0.32366,0.0728477,0.285287,0.318206,0.21718,0.279715,0.366578,0.136527
3791,0,12,1399.35,12,1399.35,2,2,13,45.9133,0.282089,0.0773057,0.302827,0.337778,0.227008,0.247091,0.383208,0.142693
3792,0,12,1399.35,12,1399.35,2,2,9,45.8904,0.248489,0.06808,0.385876,0.297555,0.194701,0.211929,0.470997,0.122374
3793,0,12,1399.35,12,1399.35,3,1,0,45.8674,0.230683,0.0631851,0.429889,0.276243,0.177978,0.19373,0.516438,0.111853
3794,0,12,1399.35,12,1399.35,2,1,9,45.8445,0.240586,0.0658807,0.448401,0.245132,0.181569,0.177363,0.526969,0.114099
3795,0,12,1399.35,12,1399.35,3,1,0,45.8216,0.22117,0.0605483,0.492932,0.22535,0.17144,0.223157,0.497679,0.107724
3796,0,12,1399.35,12,1399.35,2,1,0,45.7987,0.227456,0.0622531,0.507023,0.203268,0.17608,0.202036,0.511256,0.110629
3797,0,12,1399.35,12,1399.35,3,2,0,45.7758,0.25155,0.0688296,0.454825,0.224795,0.179965,0.184327,0.522649,0.11306
3798,0,12,1399.35,12,1399.35,3,2,0,45.7529,0.258884,0.0708179,0.46814,0.202158,0.199391,0.204225,0.471132,0.125252
3799,0,12,1399.35,12,1399.35,0,2,0,45.73,0.265001,0.0724722,0.479258,0.183269,0.218217,0.223508,0.421209,0.137065
3800,0,12,1399.35,12,1399.35,2,3,0,45.7071,0.237519,0.07516,0.49722,0.190102,0.236106,0.241831,0.373776,0.148287
3801,0,12,1399.35,12,1399.35,2,1,9,45.6843,0.261675,0.0827849,0.446114,0.209426,0.239545,0.245355,0.379254,0.135846
3802,0,12,1399.35,12,1399.35,0,0,0,45.6614,0.240074,0.0759335,0.491863,0.192129,0.224978,0.291227,0.356225,0.127571
3803,0,12,1399.35,12,1399.35,3,2,0,45.6386,0.216581,0.0782583,0.507112,0.198048,0.200126,0.300568,0.367666,0.131641
3804,0,12,1399.35,12,1399.35,0,3,0,45.6158,0.221172,0.0799011,0.517951,0.180976,0.214029,0.321476,0.323721,0.140775
3805,0,12,1399.35,12,1399.35,0,1,0,45.593,0.201168,0.0819299,0.531301,0.185601,0.217134,0.326165,0.328444,0.128257
3806,0,12,1399.35,12,1399.35,1,1,0,45.5702,0.184341,0.0836317,0.54254,0.189488,0.230118,0.285857,0.348112,0.135913
3807,0,12,1399.35,12,1399.35,2,0,0,45.5474,0.1846,0.0822219,0.543422,0.189756,0.240943,0.252247,0.364519,0.142291
3808,0,12,1399.35,12,1399.35,0,3,0,45.5246,0.20529,0.0914222,0.492264,0.211024,0.214675,0.260973,0.377156,0.147196
3809,0,12,1399.35,12,1399.35,3,2,0,45.5019,0.187335,0.0934639,0.503428,0.215773,0.21762,0.264564,0.382373,0.135442
3810,0,12,1399.35,12,1399.35,0,0,0,45.4791,0.191872,0.0957142,0.515722,0.196691,0.233104,0.283398,0.338432,0.145065
3811,0,12,1399.35,12,1411.02,3,3,9,45.4564,0.176472,0.0975138,0.525596,0.200418,0.207388,0.292904,0.349797,0.149911
3812,0,12,1399.35,12,1411.02,0,2,0,45.4336,0.165684,0.0915418,0.493573,0.249201,0.19767,0.279198,0.33344,0.189692
3813,0,12,1399.35,12,1411.02,1,0,0,45.4109,0.153307,0.0928758,0.500935,0.252883,0.209592,0.296058,0.293219,0.201131
3814,0,12,1399.35,12,1411.02,2,1,0,45.3882,0.153748,0.0901201,0.502496,0.253636,0.185943,0.304922,0.301997,0.207137
3815,0,12,1399.35,12,1407.53,0,2,13,45.3655,0.169249,0.0991954,0.45232,0.279236,0.195961,0.267439,0.318298,0.218301
3816,0,12,1399.35,12,1407.53,2,2,0,45.3428,0.243702,0.0902842,0.411811,0.254203,0.171217,0.233685,0.404358,0.190741
3817,0,12,1399.35,12,1407.53,2,2,0,45.3202,0.26312,0.0974585,0.364962,0.27446,0.184156,0.25136,0.359324,0.20516
3818,0,12,1399.35,12,1407.53,1,0,0,45.2975,0.281184,0.104129,0.321382,0.293305,0.196186,0.267797,0.31745,0.218566
3819,0,12,1399.35,12,1407.53,2,0,0,45.2749,0.283375,0.0971369,0.323895,0.295593,0.175688,0.274625,0.325556,0.22413
3820,0,12,1399.35,12,1407.53,2,2,0,45.2522,0.300189,0.102879,0.283797,0.313135,0.158707,0.280282,0.332273,0.228738
3821,0,12,1399.35,12,1404.33,0,1,13,45.2296,0.314777,0.107855,0.249012,0.328355,0.168062,0.296838,0.292861,0.242239
3822,0,12,1399.35,12,1404.33,1,2,0,45.207,0.400535,0.0943409,0.217847,0.287277,0.147875,0.381255,0.257713,0.213158
3823,0,12,1399.35,12,1404.33,3,2,9,45.1844,0.40242,0.0901232,0.218846,0.28861,0.153319,0.395364,0.230296,0.221021
3824,0,12,1399.35,12,1404.33,2,3,0,45.1618,0.375104,0.0839804,0.203966,0.33695,0.143776,0.370825,0.278121,0.207278
3825,0,12,1399.35,12,1404.33,3,1,0,45.1392,0.384965,0.0861624,0.183072,0.345801,0.147479,0.38045,0.285323,0.186748
3826,0,12,1399.35,12,1404.33,0,2,9,45.1166,0.408763,0.0914614,0.19436,0.305416,0.15775,0.337255,0.305233,0.199762
3827,0,12,1399.35,12,1404.33,0,1,9,45.0941,0.455897,0.0841553,0.178861,0.281087,0.147093,0.31452,0.35211,0.186277
3828,0,12,1399.35,12,1425.85,3,2,9,45.0715,0.502893,0.0768731,0.163408,0.256825,0.136918,0.361873,0.32781,0.173399
3829,0,12,1399.35,12,1425.85,3,1,0,45.049,0.468497,0.0715884,0.152198,0.307716,0.127233,0.336341,0.375284,0.161141
3830,0,12,1399.35,12,1425.85,2,2,0,45.0265,0.490953,0.0749916,0.159457,0.274598,0.134671,0.297451,0.397308,0.170569
3831,0,12,1399.35,12,1425.85,0,1,0,45.004,0.497847,0.076016,0.147715,0.278422,0.144639,0.319517,0.352642,0.183203
3832,0,12,1399.35,12,1425.85,0,3,0,44.9815,0.447408,0.0836361,0.162544,0.306411,0.152537,0.282282,0.371965,0.193216
3833,0,12,1399.35,12,1425.85,0,2,9,44.959,0.398982,0.0909489,0.17678,0.333289,0.155971,0.288673,0.380407,0.174949
3834,0,12,1399.35,12,1425.85,0,1,0,44.9365,0.446005,0.0838178,0.162941,0.307237,0.143816,0.266209,0.428656,0.161319
3835,0,12,1399.35,12,1421.7,0,1,13,44.914,0.39763,0.09112,0.17716,0.33409,0.149106,0.239117,0.444521,0.167256
3836,0,12,1399.35,12,1421.7,0,2,9,44.8916,0.487512,0.0775095,0.150718,0.284261,0.132082,0.325899,0.393855,0.148164
3837,0,12,1399.35,12,1421.7,3,2,0,44.8691,0.533927,0.0704767,0.137061,0.258536,0.121659,0.300234,0.441633,0.136474
3838,0,12,1399.35,12,1421.7,3,0,0,44.8467,0.551785,0.0728044,0.141606,0.233805,0.131978,0.325758,0.39421,0.148053
3839,0,12,1399.35,12,1421.7,0,2,9,44.8243,0.566829,0.0747591,0.145427,0.212984,0.122851,0.329187,0.398374,0.149588
3840,0,12,1399.35,12,1421.7,0,0,0,44.8018,0.610942,0.067136,0.130616,0.191307,0.113047,0.302977,0.44632,0.137656
3841,0,12,1399.35,12,1421.7,2,1,9,44.7794,0.560197,0.0758813,0.14765,0.216272,0.107335,0.304924,0.449223,0.138519
3842,0,12,1399.35,12,1421.7,3,1,0,44.757,0.531112,0.0719129,0.191971,0.205004,0.099418,0.356068,0.416207,0.128308
3843,0,12,1399.35,12,1421.7,0,2,0,44.7347,0.542787,0.0734643,0.196151,0.187598,0.105586,0.315984,0.442155,0.136275
3844,0,12,1399.35,12,1421.7,0,1,0,44.7123,0.491568,0.0816808,0.218132,0.208619,0.114561,0.342919,0.394653,0.147867
3845,0,12,1399.35,12,1421.7,2,2,0,44.6899,0.441519,0.0897068,0.239613,0.229161,0.12131,0.3041,0.418005,0.156585
3846,0,12,1399.35,12,1421.7,0,2,0,44.6676,0.455468,0.0925114,0.215651,0.23637,0.13083,0.328025,0.372263,0.168882
3847,0,12,1399.35,12,1421.7,3,0,9,44.6453,0.407105,0.100713,0.234809,0.257373,0.139721,0.350382,0.329529,0.180368
3848,0,12,1399.35,12,1421.7,3,0,0,44.6229,0.380464,0.0940961,0.21942,0.30602,0.179083,0.334361,0.314458,0.172098
3849,0,12,1399.35,12,1421.7,0,1,0,44.6006,0.399809,0.0988527,0.23055,0.270788,0.161697,0.341453,0.321124,0.175726
3850,0,12,1399.35,12,1421.7,1,3,0,44.5783,0.354385,0.106318,0.248002,0.291295,0.171601,0.301067,0.34084,0.186492
3851,0,12,1399.35,12,1421.7,2,3,0,44.556,0.356949,0.0998803,0.249779,0.293391,0.1754,0.307767,0.348434,0.168399
3852,0,12,1399.35,12,1421.7,3,0,0,44.5338,0.370179,0.103556,0.22201,0.304254,0.178561,0.313348,0.354761,0.15333
3853,0,12,1399.35,12,1421.7,0,3,0,44.5115,0.388723,0.108716,0.233108,0.269454,0.162205,0.319593,0.36184,0.156363
3854,0,12,1399.35,12,1421.7,0,2,0,44.4892,0.344675,0.116533,0.249909,0.288883,0.164649,0.324453,0.367352,0.143546
3855,0,12,1399.35,12,1421.7,0,0,0,44.467,0.303931,0.123762,0.26545,0.306857,0.175491,0.345865,0.32565,0.152994
3856,0,12,1399.35,12,1421.7,3,1,0,44.4448,0.266912,0.130326,0.279572,0.323191,0.159571,0.352556,0.331945,0.155928
3857,0,12,1399.35,12,1421.7,0,1,0,44.4225,0.282143,0.137743,0.295528,0.284587,0.1695,0.31222,0.352651,0.16563
3858,0,12,1399.35,12,1421.7,2,2,0,44.4003,0.248044,0.144268,0.309576,0.298112,0.178116,0.277202,0.370633,0.174049
3859,0,12,1399.35,12,1421.7,1,1,0,44.3781,0.261364,0.152,0.272503,0.314133,0.18974,0.295318,0.329536,0.185406
3860,0,12,1399.35,12,1421.7,2,1,0,44.3559,0.265444,0.13875,0.276758,0.319048,0.198722,0.261923,0.345174,0.194182
3861,0,12,1399.35,12,1421.7,0,3,0,44.3338,0.277111,0.14483,0.244976,0.333083,0.206223,0.234024,0.358243,0.20151
3862,0,12,1399.35,12,1421.7,3,2,0,44.3116,0.24607,0.151032,0.255494,0.347405,0.211015,0.239469,0.366608,0.182908
3863,0,12,1399.35,12,1421.7,3,2,0,44.2894,0.260949,0.160148,0.270944,0.307959,0.22438,0.254642,0.326492,0.194487
3864,0,12,1399.35,12,1421.7,2,2,0,44.2673,0.274578,0.168496,0.285098,0.271827,0.236711,0.268643,0.289478,0.205169
3865,0,12,1399.35,12,1421.7,2,0,0,44.2452,0.287625,0.176485,0.251148,0.284742,0.247957,0.281413,0.25572,0.21491
3866,0,12,1399.35,12,1421.7,2,2,0,44.223,0.298654,0.183235,0.22245,0.29566,0.219964,0.291894,0.265239,0.222903
3867,0,12,1399.35,12,1421.7,3,0,0,44.2009,0.307791,0.188822,0.198682,0.304705,0.228907,0.303779,0.235349,0.231966
3868,0,12,1399.35,12,1421.7,1,2,0,44.1788,0.323335,0.198339,0.208698,0.269629,0.205009,0.313203,0.242638,0.239149
3869,0,12,1399.35,12,1421.7,3,0,9,44.1567,0.33099,0.179388,0.21362,0.276002,0.211875,0.323721,0.217237,0.247167
3870,0,12,1399.35,12,1421.7,3,0,0,44.1347,0.308366,0.167106,0.199001,0.325528,0.259208,0.304291,0.204182,0.232319
3871,0,12,1399.35,12,1421.7,3,1,0,44.1126,0.325266,0.176242,0.209889,0.288603,0.230905,0.315929,0.211974,0.241192
3872,0,12,1399.35,12,1421.7,2,0,0,44.0905,0.339846,0.18412,0.219278,0.256757,0.242844,0.280562,0.22293,0.253664
3873,0,12,1399.35,12,1421.7,0,2,9,44.0685,0.349124,0.189124,0.198,0.263752,0.216096,0.290479,0.2308,0.262625
3874,0,12,1399.35,12,1421.7,1,1,0,44.0465,0.400131,0.174298,0.182479,0.243092,0.202921,0.272785,0.277672,0.246623
3875,0,12,1399.35,12,1421.7,3,0,0,44.0244,0.406524,0.16116,0.185366,0.246951,0.21167,0.241402,0.289662,0.257266
3876,0,12,1399.35,12,1421.7,0,2,0,44.0024,0.418928,0.166046,0.190992,0.224033,0.190023,0.248026,0.297621,0.264329
3877,0,12,1399.35,12,1421.7,2,2,0,43.9804,0.376539,0.178154,0.204924,0.240383,0.199093,0.259878,0.264066,0.276963
3878,0,12,1399.35,12,1421.7,3,1,9,43.9584,0.384988,0.182124,0.187134,0.245755,0.207134,0.270389,0.234307,0.288169
3879,0,12,1399.35,12,1421.7,3,1,9,43.9365,0.3586,0.169616,0.174282,0.297502,0.193381,0.318812,0.218754,0.269053
3880,0,12,1399.35,12,1422.54,0,1,9,43.9145,0.332306,0.157155,0.16148,0.349058,0.17906,0.369236,0.202559,0.249145
3881,0,12,1399.35,12,1416.03,3,1,13,43.8925,0.383102,0.145187,0.149184,0.322528,0.164185,0.421617,0.185736,0.228462
3882,0,12,1399.35,12,1416.03,1,0,0,43.8706,0.330109,0.12508,0.128523,0.416289,0.136764,0.518197,0.15472,0.190319
3883,0,12,1399.35,12,1416.03,3,3,0,43.8486,0.332647,0.118357,0.129487,0.419509,0.130838,0.5218,0.155758,0.191604
3884,0,12,1399.35,12,1416.03,1,1,0,43.8267,0.357759,0.127266,0.139236,0.37574,0.132868,0.530043,0.15818,0.178909
3885,0,12,1399.35,12,1416.03,2,3,0,43.8048,0.360928,0.119556,0.140443,0.379072,0.145858,0.484078,0.173651,0.196412
3886,0,12,1399.35,12,1416.03,0,1,0,43.7829,0.364891,0.120842,0.131029,0.383238,0.148357,0.49249,0.176633,0.182521
3887,0,12,1399.35,12,1416.03,1,3,0,43.761,0.325486,0.128321,0.139141,0.407051,0.161483,0.447572,0.192267,0.198678
3888,0,12,1399.35,12,1416.03,3,0,9,43.7391,0.328107,0.121309,0.140238,0.410347,0.164452,0.455893,0.195809,0.183846
3889,0,12,1399.35,12,1425.27,1,2,9,43.7173,0.299086,0.110557,0.127812,0.462544,0.212673,0.429617,0.184492,0.173218
3890,0,12,1399.35,12,1425.27,2,1,0,43.6954,0.285793,0.150072,0.122111,0.442024,0.199802,0.403673,0.233797,0.162728
3891,0,12,1399.35,12,1425.27,0,1,0,43.6736,0.287679,0.151043,0.116298,0.44498,0.213805,0.361877,0.250192,0.174126
3892,0,12,1399.35,12,1425.27,3,3,0,43.6517,0.259813,0.156932,0.120826,0.462429,0.226888,0.322829,0.265509,0.184773
3893,0,12,1399.35,12,1425.27,3,1,0,43.6299,0.281694,0.170132,0.130982,0.417192,0.231507,0.329425,0.270923,0.168144
3894,0,12,1399.35,12,1425.27,3,1,0,43.6081,0.302517,0.18269,0.140642,0.374151,0.244092,0.292975,0.28566,0.177273
3895,0,12,1399.35,12,1422.26,0,1,13,43.5863,0.322043,0.194462,0.149697,0.333798,0.255602,0.25964,0.299139,0.185619
3896,0,12,1399.35,12,1422.26,2,0,0,43.5645,0.414064,0.16806,0.129366,0.28851,0.225526,0.346758,0.263948,0.163768
3897,0,12,1399.35,12,1448.03,1,1,9,43.5427,0.41745,0.169404,0.122296,0.290849,0.203806,0.356501,0.271349,0.168344
3898,0,12,1399.35,12,1448.03,0,2,0,43.5209,0.393938,0.216235,0.11538,0.274447,0.187314,0.408565,0.249406,0.154715
3899,0,12,1399.35,12,1448.03,3,3,0,43.4992,0.351782,0.231276,0.12339,0.293552,0.193044,0.421129,0.226385,0.159442
3900,0,12,1399.35,12,1448.03,0,2,0,43.4774,0.367656,0.241692,0.128931,0.261722,0.195405,0.426348,0.229162,0.149084
3901,0,12,1399.35,12,1448.03,1,2,0,43.4557,0.327572,0.257018,0.137089,0.278322,0.200355,0.437214,0.209579,0.152852
3902,0,12,1399.35,12,1448.03,1,3,0,43.434,0.33969,0.229565,0.142136,0.288609,0.204536,0.446408,0.193022,0.156034
3903,0,12,1399.35,12,1448.03,0,1,0,43.4122,0.349803,0.206665,0.146341,0.297191,0.206746,0.451304,0.195107,0.146843
3904,0,12,1399.35,12,1448.03,0,0,0,43.3905,0.311441,0.218854,0.154962,0.314742,0.223028,0.408106,0.210469,0.158397
3905,0,12,1399.35,12,1448.03,0,1,0,43.3688,0.276353,0.230003,0.162845,0.3308,0.204111,0.418073,0.215581,0.162234
3906,0,12,1399.35,12,1448.03,2,0,0,43.3471,0.246941,0.239347,0.169449,0.344264,0.21863,0.376684,0.230919,0.173767
3907,0,12,1399.35,12,1448.03,3,0,0,43.3255,0.250966,0.243247,0.155887,0.349899,0.19957,0.385897,0.236543,0.177989
3908,0,12,1399.35,12,1470.46,1,1,9,43.3038,0.265525,0.257357,0.164915,0.312204,0.1835,0.39367,0.241284,0.181546
3909,0,12,1399.35,12,1429.9,0,1,13,43.2822,0.247771,0.307018,0.153873,0.291338,0.167007,0.448155,0.21961,0.165229
3910,0,12,1399.35,12,1429.9,0,2,0,43.2605,0.334279,0.271719,0.136163,0.257839,0.137271,0.546403,0.180517,0.135809
3911,0,12,1399.35,12,1429.9,1,1,0,43.2389,0.297099,0.286904,0.143752,0.272245,0.138977,0.55335,0.170176,0.137497
3912,0,12,1399.35,12,1429.9,1,1,0,43.2173,0.310698,0.254289,0.150311,0.284702,0.153066,0.508064,0.187435,0.151435
3913,0,12,1399.35,12,1429.9,3,0,0,43.1957,0.32204,0.227096,0.155775,0.295089,0.166919,0.463535,0.204407,0.16514
3914,0,12,1399.35,12,1429.9,0,2,9,43.1741,0.336769,0.237466,0.162876,0.26289,0.157008,0.469087,0.206821,0.167084
3915,0,12,1399.35,12,1429.9,0,0,0,43.1525,0.388697,0.218875,0.150113,0.242314,0.146371,0.437404,0.260458,0.155766
3916,0,12,1399.35,12,1429.9,0,0,0,43.1309,0.348369,0.233317,0.160006,0.258308,0.13834,0.44155,0.262899,0.15721
3917,0,12,1399.35,12,1429.9,0,3,9,43.1093,0.31083,0.24676,0.169213,0.273197,0.131427,0.445124,0.265,0.15845
3918,0,12,1399.35,12,1429.9,2,1,0,43.0878,0.36151,0.228617,0.156759,0.253115,0.123942,0.419874,0.249942,0.206242
3919,0,12,1399.35,12,1429.9,1,1,0,43.0662,0.366358,0.231661,0.145491,0.256491,0.132892,0.37792,0.268029,0.221159
3920,0,12,1399.35,12,1429.9,3,2,0,43.0447,0.376675,0.21007,0.14956,0.263695,0.141303,0.338486,0.285032,0.235179
3921,0,12,1399.35,12,1429.9,0,2,9,43.0232,0.389746,0.217334,0.154721,0.238199,0.147171,0.352605,0.255252,0.244971
3922,0,12,1399.35,12,1429.9,3,1,0,43.0017,0.443923,0.198041,0.140977,0.217058,0.136857,0.327951,0.307366,0.227826
3923,0,12,1399.35,12,1429.9,1,1,0,42.9802,0.453725,0.202381,0.144057,0.199836,0.144168,0.291969,0.32384,0.240022
3924,0,12,1399.35,12,1429.9,0,1,0,42.9587,0.462265,0.187435,0.146735,0.203565,0.15053,0.260644,0.338186,0.25064
3925,0,12,1399.35,12,1424.66,0,2,13,42.9372,0.418963,0.20253,0.158545,0.219963,0.155862,0.234373,0.350221,0.259544
3926,0,12,1399.35,12,1424.66,0,3,0,42.9157,0.517691,0.168118,0.1316,0.182591,0.132771,0.199667,0.446447,0.221115
3927,0,12,1399.35,12,1424.66,0,2,9,42.8943,0.472659,0.183816,0.143881,0.199644,0.135745,0.204155,0.456557,0.203543
3928,0,12,1399.35,12,1424.66,0,2,0,42.8728,0.527148,0.164824,0.129009,0.17902,0.122045,0.183566,0.511373,0.183015
3929,0,12,1399.35,12,1424.66,0,1,9,42.8514,0.481912,0.180593,0.141344,0.19615,0.133237,0.200416,0.466532,0.199815
3930,0,12,1399.35,12,1424.66,1,3,0,42.83,0.536224,0.161662,0.126522,0.175592,0.124384,0.253421,0.435642,0.186553
3931,0,12,1399.35,12,1424.66,0,3,0,42.8085,0.541563,0.153391,0.127745,0.177301,0.126425,0.257616,0.442901,0.173058
3932,0,12,1399.35,12,1424.66,0,3,0,42.7871,0.496185,0.168575,0.140384,0.194856,0.128157,0.261183,0.449083,0.161577
3933,0,12,1399.35,12,1424.66,0,2,0,42.7658,0.451754,0.183441,0.152759,0.212046,0.129633,0.264228,0.454368,0.151771
3934,0,12,1399.35,12,1424.66,0,2,9,42.7444,0.408924,0.197771,0.164686,0.228618,0.139891,0.285179,0.411142,0.163787
3935,0,12,1399.35,12,1416.28,0,3,13,42.723,0.463974,0.179352,0.149343,0.207332,0.126869,0.258668,0.465918,0.148545
3936,0,12,1399.35,12,1416.28,3,0,0,42.7016,0.562449,0.146402,0.121902,0.169247,0.115486,0.235493,0.424224,0.224797
3937,0,12,1399.35,12,1416.28,0,1,0,42.6803,0.568468,0.147929,0.123169,0.160434,0.110725,0.236748,0.426535,0.225993
3938,0,12,1399.35,12,1415.44,2,2,13,42.6589,0.522945,0.163535,0.136158,0.177362,0.113714,0.215989,0.43817,0.232127
3939,0,12,1399.35,12,1414.46,0,2,13,42.6376,0.477979,0.149439,0.210505,0.162077,0.0938273,0.178239,0.536375,0.191559
3940,0,12,1399.35,12,1414.46,2,3,0,42.6163,0.575278,0.121581,0.171275,0.131865,0.0748638,0.142233,0.630038,0.152865
3941,0,12,1399.35,12,1414.46,2,0,0,42.595,0.581813,0.122924,0.161939,0.133324,0.0754195,0.143307,0.634985,0.146288
3942,0,12,1399.35,12,1414.46,0,2,0,42.5737,0.587458,0.124078,0.153886,0.134578,0.0767947,0.143065,0.6341,0.146041
3943,0,12,1399.35,12,1415.95,2,2,9,42.5524,0.541254,0.137972,0.171124,0.14965,0.0863993,0.160978,0.588296,0.164327
3944,0,12,1399.35,12,1415.95,2,2,0,42.5311,0.507748,0.129395,0.222508,0.140349,0.0760935,0.141794,0.637368,0.144745
3945,0,12,1399.35,12,1415.95,0,1,0,42.5099,0.519016,0.132231,0.205325,0.143427,0.0856832,0.159683,0.591626,0.163007
3946,0,12,1399.35,12,1415.95,0,2,9,42.4886,0.472933,0.144894,0.225008,0.157165,0.0864478,0.151933,0.597136,0.164483
3947,0,12,1399.35,12,1415.95,0,3,0,42.4674,0.526768,0.130089,0.202035,0.141109,0.0760069,0.133598,0.645759,0.144636
3948,0,12,1399.35,12,1415.95,1,1,0,42.4461,0.480514,0.142798,0.221792,0.154896,0.0764627,0.134414,0.649909,0.139214
3949,0,12,1399.35,12,1415.95,2,2,0,42.4249,0.484617,0.135549,0.223651,0.156184,0.0768078,0.130211,0.653122,0.139859
3950,0,12,1399.35,12,1415.95,3,1,0,42.4037,0.495658,0.138602,0.206034,0.159706,0.0867821,0.147136,0.608041,0.15804
3951,0,12,1399.35,12,1415.95,1,1,0,42.3825,0.50101,0.140063,0.208222,0.150706,0.0873643,0.141156,0.61236,0.15912
3952,0,12,1399.35,12,1415.95,0,2,9,42.3613,0.504804,0.133623,0.209762,0.15181,0.0878681,0.135945,0.616131,0.160056
3953,0,12,1399.35,12,1415.95,0,1,0,42.3401,0.558345,0.11917,0.187091,0.135394,0.0769608,0.11908,0.663754,0.140205
3954,0,12,1399.35,12,1415.95,2,3,0,42.3189,0.512124,0.131636,0.20668,0.14956,0.0771419,0.116703,0.665603,0.140552
3955,0,12,1399.35,12,1415.95,3,2,0,42.2978,0.521632,0.134044,0.192025,0.152299,0.0775339,0.117306,0.669274,0.135887
3956,0,12,1399.35,12,1415.95,1,2,0,42.2766,0.526314,0.13521,0.19371,0.144766,0.0879117,0.133018,0.624978,0.154092
3957,0,12,1399.35,12,1423.34,0,2,9,42.2555,0.529638,0.129826,0.194894,0.145643,0.0985848,0.14918,0.579416,0.172819
3958,0,12,1399.35,12,1423.34,2,2,0,42.2344,0.58263,0.115195,0.172943,0.129232,0.0867859,0.131336,0.629725,0.152153
3959,0,12,1399.35,12,1423.34,0,1,0,42.2133,0.589156,0.116447,0.163757,0.13064,0.0974387,0.14747,0.584243,0.170849
3960,0,12,1399.35,12,1423.34,2,2,0,42.1922,0.543334,0.12943,0.182027,0.145209,0.0981161,0.141313,0.588515,0.172056
3961,0,12,1399.35,12,1423.34,0,2,0,42.1711,0.550536,0.131108,0.171262,0.147094,0.109062,0.157089,0.542577,0.191272
3962,0,12,1399.35,12,1423.34,0,0,0,42.15,0.504941,0.144404,0.18864,0.162015,0.119963,0.172802,0.496822,0.210413
3963,0,12,1399.35,12,1423.34,0,2,0,42.1289,0.460157,0.157463,0.20571,0.176671,0.115997,0.173559,0.499102,0.211342
3964,0,12,1399.35,12,1423.34,2,2,0,42.1078,0.416863,0.170086,0.222213,0.190838,0.12637,0.189096,0.454263,0.230271
3965,0,12,1399.35,12,1423.34,0,2,0,42.0868,0.426755,0.17409,0.203819,0.195336,0.136376,0.204084,0.411009,0.248532
3966,0,12,1399.35,12,1423.34,0,2,0,42.0657,0.385177,0.186714,0.218605,0.209504,0.145884,0.218331,0.369893,0.265892
3967,0,12,1399.35,12,1423.34,3,1,0,42.0447,0.345977,0.198614,0.232546,0.222863,0.1548,0.231692,0.331333,0.282175
3968,0,12,1399.35,12,1423.34,3,3,0,42.0237,0.355081,0.203818,0.238646,0.202455,0.159298,0.209281,0.341013,0.290409
3969,0,12,1399.35,12,1423.34,0,2,0,42.0027,0.362737,0.208189,0.243772,0.185302,0.166006,0.218105,0.355427,0.260462
3970,0,12,1399.35,12,1423.34,3,2,0,41.9817,0.325331,0.220409,0.258088,0.196173,0.175551,0.230659,0.318327,0.275463
3971,0,12,1399.35,12,1423.34,3,2,0,41.9607,0.332259,0.225084,0.263571,0.179086,0.184366,0.242254,0.284059,0.289321
3972,0,12,1399.35,12,1423.34,2,0,0,41.9397,0.338087,0.229015,0.268182,0.164716,0.192354,0.252765,0.252996,0.301885
3973,0,12,1399.35,12,1423.34,2,3,0,41.9187,0.350346,0.237301,0.241688,0.170665,0.175093,0.258163,0.2584,0.308343
3974,0,12,1399.35,12,1423.34,1,2,0,41.8978,0.36066,0.244268,0.219408,0.175664,0.183454,0.270512,0.27076,0.275273
3975,0,12,1399.35,12,1423.34,0,1,0,41.8768,0.371248,0.222132,0.225826,0.180794,0.190881,0.281484,0.241196,0.286439
3976,0,12,1399.35,12,1423.34,1,3,0,41.8559,0.33412,0.235251,0.239165,0.191464,0.198925,0.251166,0.251373,0.298536
3977,0,12,1399.35,12,1423.34,2,2,0,41.8349,0.343603,0.213584,0.245936,0.196876,0.207941,0.262561,0.262778,0.266719
3978,0,12,1399.35,12,1423.34,0,3,0,41.814,0.353944,0.219992,0.223284,0.202779,0.21596,0.2727,0.234322,0.277019
3979,0,12,1399.35,12,1423.34,0,2,0,41.7931,0.318355,0.232111,0.235586,0.213947,0.224845,0.283932,0.243966,0.247258
3980,0,12,1399.35,12,1423.34,0,3,9,41.7722,0.285405,0.243333,0.246976,0.224287,0.232169,0.293194,0.219321,0.255316
3981,0,12,1399.35,12,1423.34,0,2,0,41.7513,0.338029,0.225414,0.22879,0.207767,0.215859,0.27261,0.203911,0.307619
3982,0,12,1399.35,12,1423.34,1,3,0,41.7305,0.303564,0.237151,0.240703,0.218582,0.220746,0.278794,0.185855,0.314605
3983,0,12,1399.35,12,1423.34,2,2,0,41.7096,0.312649,0.214346,0.247896,0.225109,0.231264,0.292092,0.194705,0.281939
3984,0,12,1399.35,12,1423.34,2,2,0,41.6887,0.322555,0.22112,0.2241,0.232226,0.236185,0.298322,0.177543,0.28795
3985,0,12,1399.35,12,1423.34,1,1,0,41.6679,0.330881,0.226811,0.204104,0.238205,0.240318,0.303556,0.163125,0.293
3986,0,12,1399.35,12,1423.34,3,0,0,41.6471,0.339437,0.206853,0.209361,0.244348,0.251193,0.272041,0.170494,0.306272
3987,0,12,1399.35,12,1423.34,2,3,0,41.6262,0.349296,0.21284,0.215421,0.222443,0.226939,0.280856,0.176002,0.316203
3988,0,12,1399.35,12,1423.34,0,0,0,41.6054,0.357128,0.217591,0.197872,0.22741,0.237611,0.294075,0.184269,0.284044
3989,0,12,1399.35,12,1423.34,3,0,0,41.5846,0.32231,0.229376,0.208585,0.239729,0.214932,0.302831,0.189738,0.292499
3990,1,12,1399.35,12,1423.34,2,1,0,41.5638,0.331505,0.235904,0.214517,0.218075,0.195893,0.310183,0.194326,0.299598
3991,1,12,1399.35,12,1423.34,1,3,0,41.5431,0.160266,0.52161,0.164948,0.153176,0.147033,0.464959,0.076308,0.3117
3992,1,12,1399.35,12,1423.34,0,1,0,41.5223,0.196427,0.413671,0.202166,0.187736,0.163679,0.517718,0.0849359,0.233667
3993,1,12,1399.35,12,1423.34,0,3,0,41.5015,0.14663,0.439337,0.214679,0.199353,0.200279,0.409868,0.103915,0.285938
3994,1,12,1399.35,12,1423.34,1,1,0,41.4808,0.111187,0.457618,0.22358,0.207615,0.220687,0.451697,0.114488,0.213127
3995,1,12,1399.35,12,1423.34,0,0,0,41.46,0.132196,0.355065,0.265863,0.246875,0.261782,0.349615,0.13579,0.252813
3996,1,12,1399.35,12,1423.34,3,2,9,41.4393,0.0996028,0.368415,0.275843,0.256139,0.193657,0.381901,0.148301,0.276141
3997,1,12,1399.35,12,1423.34,2,3,0,41.4186,0.0991208,0.366729,0.274564,0.259586,0.191395,0.377491,0.158179,0.272935
3998,1,12,1399.35,12,1423.34,3,1,0,41.3979,0.10874,0.402421,0.204007,0.284832,0.209727,0.413704,0.173323,0.203245
3999,1,12,1399.35,12,1423.34,0,0,0,41.3772,0.119588,0.442686,0.224389,0.213337,0.244309,0.317041,0.201895,0.236756
4000,1,12,1399.35,12,1423.34,3,1,0,41.3565,0.0924076,0.456384,0.231301,0.219907,0.180386,0.343873,0.218962,0.256779
4001,1,12,1399.35,12,1423.34,2,3,0,41.3358,0.0987375,0.487802,0.24719,0.16627,0.204001,0.257948,0.247636,0.290414
4002,0,12,1399.35,12,1419.33,3,2,13,41.3151,0.106512,0.52638,0.187728,0.17938,0.22583,0.285563,0.274145,0.214462
4003,0,12,1399.35,12,1419.33,3,1,0,41.2945,0.239736,0.170449,0.43228,0.157534,0.128431,0.547527,0.127401,0.19664
4004,0,12,1399.35,12,1419.33,3,2,0,41.2738,0.24208,0.172104,0.436558,0.149259,0.140514,0.50494,0.139387,0.215158
4005,0,12,1399.35,12,1409.75,2,1,13,41.2532,0.244101,0.173529,0.440254,0.142116,0.141247,0.507704,0.134749,0.216299
4006,0,12,1399.35,12,1409.75,3,0,0,41.2326,0.199049,0.141492,0.543585,0.115874,0.112215,0.608879,0.107051,0.171855
4007,0,12,1399.35,12,1409.75,2,1,9,41.212,0.199452,0.141769,0.544796,0.113983,0.111502,0.609424,0.10711,0.171965
4008,0,12,1399.35,12,1409.75,2,1,0,41.1913,0.174986,0.12437,0.600653,0.0999905,0.0966084,0.66158,0.0928025,0.149009
4009,0,12,1399.35,12,1409.75,2,1,0,41.1708,0.19392,0.137818,0.557465,0.110797,0.108442,0.620114,0.104169,0.167275
4010,0,12,1399.35,12,1418.44,2,2,9,41.1502,0.212863,0.15127,0.514261,0.121606,0.12055,0.577682,0.115799,0.185969
4011,0,12,1399.35,12,1418.44,2,1,0,41.1296,0.187768,0.133428,0.571546,0.107258,0.114243,0.547631,0.161871,0.176255
4012,0,12,1399.35,12,1418.44,2,3,0,41.109,0.20675,0.146906,0.528256,0.118088,0.125144,0.504437,0.177329,0.19309
4013,0,12,1399.35,12,1418.44,2,0,0,41.0885,0.225546,0.16025,0.485396,0.128809,0.126873,0.511548,0.179791,0.181787
4014,0,12,1399.35,12,1418.44,1,1,0,41.0679,0.243885,0.173268,0.44358,0.139267,0.123485,0.513578,0.180467,0.182471
4015,0,12,1399.35,12,1418.44,2,2,0,41.0474,0.246812,0.163309,0.448957,0.140922,0.134258,0.47111,0.196226,0.198406
4016,0,12,1399.35,12,1412.72,0,2,13,41.0269,0.264909,0.175269,0.408583,0.151238,0.136276,0.478311,0.184011,0.201403
4017,0,12,1399.35,12,1412.72,2,2,0,41.0064,0.363904,0.151652,0.353588,0.130856,0.121419,0.426272,0.27285,0.17946
4018,0,12,1399.35,12,1412.72,2,2,0,40.9859,0.383949,0.159978,0.318038,0.138035,0.125336,0.440134,0.249266,0.185264
4019,0,12,1399.35,12,1413.21,0,2,9,40.9654,0.401042,0.167071,0.287737,0.144151,0.128659,0.451918,0.229231,0.190191
4020,0,12,1399.35,12,1413.21,2,1,0,40.9449,0.459769,0.150683,0.259541,0.130007,0.118982,0.418033,0.287085,0.1759
4021,0,12,1399.35,12,1413.21,0,3,0,40.9244,0.472606,0.154856,0.238935,0.133604,0.127139,0.37807,0.306818,0.187973
4022,0,12,1399.35,12,1413.21,0,3,0,40.9039,0.431221,0.167002,0.257698,0.144079,0.129296,0.384569,0.31208,0.174054
4023,0,12,1399.35,12,1413.21,0,0,0,40.8835,0.391557,0.178642,0.275684,0.154117,0.131125,0.390095,0.316551,0.162229
4024,0,12,1399.35,12,1413.21,1,1,0,40.863,0.35401,0.18966,0.292713,0.163617,0.124994,0.392867,0.318787,0.163353
4025,0,12,1399.35,12,1413.21,2,1,0,40.8426,0.360235,0.175447,0.297849,0.166469,0.132862,0.354575,0.338917,0.173645
4026,0,12,1399.35,12,1413.21,0,3,0,40.8222,0.374706,0.182468,0.269696,0.17313,0.14022,0.318758,0.357752,0.18327
4027,0,12,1399.35,12,1413.21,0,2,0,40.8018,0.338574,0.193006,0.285294,0.183126,0.142516,0.324032,0.36368,0.169771
4028,0,12,1399.35,12,1413.21,2,2,0,40.7814,0.304885,0.202831,0.299839,0.192446,0.150584,0.342431,0.327597,0.179388
4029,0,12,1399.35,12,1413.21,1,2,0,40.761,0.318171,0.211652,0.269363,0.200813,0.157908,0.359145,0.294828,0.188119
4030,0,12,1399.35,12,1413.21,2,2,0,40.7406,0.325407,0.193753,0.275479,0.205361,0.164119,0.373332,0.267024,0.195525
4031,0,12,1399.35,12,1413.21,3,0,0,40.7202,0.337144,0.200721,0.249387,0.212749,0.169378,0.385359,0.243465,0.201798
4032,0,12,1399.35,12,1410.65,3,2,13,40.6999,0.344504,0.205081,0.254816,0.195599,0.159027,0.390184,0.24649,0.204299
4033,0,12,1399.35,12,1418.37,3,3,9,40.6795,0.306822,0.182631,0.22693,0.283617,0.138483,0.339839,0.343763,0.177915
4034,0,12,1399.35,12,1418.37,0,3,0,40.6592,0.283041,0.168458,0.209329,0.339171,0.130015,0.319116,0.322801,0.228069
4035,0,12,1399.35,12,1418.37,2,2,0,40.6389,0.256048,0.174787,0.217203,0.351962,0.133525,0.327789,0.331575,0.207112
4036,0,12,1399.35,12,1418.37,3,2,0,40.6185,0.261821,0.178714,0.199544,0.359921,0.140302,0.344489,0.297565,0.217644
4037,0,12,1399.35,12,1418.37,3,3,0,40.5982,0.276124,0.188463,0.210433,0.324981,0.146079,0.358738,0.268557,0.226625
4038,0,12,1399.35,12,1418.37,0,3,0,40.5779,0.289415,0.197519,0.220551,0.292516,0.14965,0.367572,0.275155,0.207623
4039,0,12,1399.35,12,1419.49,0,1,9,40.5576,0.259917,0.205711,0.229702,0.304671,0.152668,0.375052,0.280738,0.191542
4040,0,12,1399.35,12,1419.49,3,3,0,40.5374,0.315191,0.190339,0.212543,0.281927,0.138192,0.434269,0.25415,0.173389
4041,0,12,1399.35,12,1419.49,2,1,0,40.5171,0.327292,0.197627,0.220686,0.254395,0.139833,0.439526,0.2572,0.163441
4042,0,12,1399.35,12,1419.49,2,1,0,40.4968,0.335157,0.202356,0.201992,0.260495,0.1497,0.399939,0.275382,0.174979
4043,0,12,1399.35,12,1418.01,3,2,13,40.4766,0.341806,0.20635,0.186194,0.26565,0.159066,0.362355,0.292647,0.185933
4044,0,12,1399.35,12,1418.01,2,1,0,40.4564,0.296197,0.178797,0.16133,0.363676,0.136436,0.310854,0.393225,0.159485
4045,0,12,1399.35,12,1418.01,0,3,0,40.4361,0.299674,0.180878,0.151488,0.367961,0.142097,0.282169,0.409627,0.166107
4046,0,12,1399.35,12,1418.01,0,3,0,40.4159,0.272077,0.187993,0.157441,0.382489,0.143712,0.285415,0.414371,0.156502
4047,0,12,1399.35,12,1418.01,3,1,0,40.3957,0.248638,0.194033,0.162494,0.394835,0.145097,0.288206,0.418454,0.148244
4048,0,12,1399.35,12,1418.01,2,1,0,40.3755,0.263662,0.205748,0.172298,0.358291,0.150122,0.263463,0.433037,0.153378
4049,0,12,1399.35,12,1418.01,1,1,0,40.3553,0.267184,0.208486,0.161231,0.363099,0.154398,0.242387,0.445467,0.157748
4050,0,12,1399.35,12,1418.01,1,2,0,40.3351,0.272454,0.192869,0.164394,0.370283,0.158041,0.224417,0.456072,0.16147
4051,0,12,1399.35,12,1411.65,3,2,13,40.315,0.276936,0.179583,0.167082,0.376398,0.169545,0.24077,0.41646,0.173225
4052,0,12,1399.35,12,1411.65,3,1,9,40.2948,0.230148,0.14923,0.13884,0.481782,0.138778,0.197092,0.52234,0.14179
4053,0,12,1399.35,12,1411.65,3,2,0,40.2747,0.203169,0.131725,0.122552,0.542555,0.128644,0.255593,0.484326,0.131437
4054,0,12,1399.35,12,1411.65,1,0,0,40.2545,0.22159,0.143656,0.13365,0.501105,0.13896,0.276128,0.442933,0.141978
4055,0,12,1399.35,12,1411.65,3,2,0,40.2344,0.222777,0.139,0.134352,0.503871,0.133355,0.277918,0.445847,0.142879
4056,0,12,1399.35,12,1411.65,1,0,0,40.2143,0.241056,0.150391,0.145361,0.463193,0.142948,0.297953,0.40594,0.153159
4057,0,12,1399.35,12,1411.65,3,1,9,40.1942,0.24274,0.144409,0.146362,0.46649,0.136224,0.300289,0.409148,0.154339
4058,0,12,1399.35,12,1411.65,3,2,0,40.1741,0.214864,0.127812,0.12954,0.527784,0.124338,0.361255,0.373531,0.140876
4059,0,12,1399.35,12,1411.65,3,1,9,40.154,0.233597,0.138942,0.140821,0.48664,0.131599,0.382432,0.336863,0.149107
4060,0,12,1399.35,12,1411.65,3,0,0,40.1339,0.205919,0.122466,0.124122,0.547493,0.118907,0.44193,0.304432,0.13473
4061,0,12,1399.35,12,1411.65,1,1,0,40.1138,0.224788,0.133674,0.135483,0.506054,0.115441,0.443696,0.305626,0.135236
4062,0,12,1399.35,12,1411.65,3,2,0,40.0938,0.225671,0.130203,0.136001,0.508125,0.123757,0.403557,0.327704,0.144982
4063,0,12,1399.35,12,1411.65,3,1,0,40.0737,0.24437,0.140976,0.147255,0.467398,0.129293,0.421708,0.297527,0.151472
4064,0,12,1399.35,12,1411.65,0,1,0,40.0537,0.262515,0.151427,0.158173,0.427885,0.137945,0.382952,0.31749,0.161613
4065,0,12,1399.35,12,1411.65,0,1,0,40.0337,0.242138,0.155592,0.162525,0.439746,0.146115,0.346344,0.336351,0.171191
4066,0,12,1399.35,12,1411.65,1,2,0,40.0137,0.224734,0.159145,0.166238,0.449882,0.153747,0.312135,0.353979,0.180139
4067,0,12,1399.35,12,1411.65,0,2,0,39.9937,0.226587,0.152159,0.167599,0.453655,0.161939,0.328811,0.319507,0.189742
4068,0,12,1399.35,12,1411.65,3,2,0,39.9737,0.211601,0.155087,0.170827,0.462485,0.169425,0.344061,0.287993,0.198521
4069,0,12,1399.35,12,1411.65,1,2,0,39.9537,0.226836,0.166243,0.183119,0.423801,0.175772,0.357,0.261264,0.205964
4070,0,12,1399.35,12,1411.65,2,1,0,39.9337,0.229057,0.158034,0.184905,0.428004,0.181147,0.367969,0.238615,0.212269
4071,0,12,1399.35,12,1411.65,1,1,0,39.9137,0.231949,0.160017,0.174571,0.433462,0.191056,0.333374,0.251682,0.223888
4072,0,12,1399.35,12,1411.65,3,1,0,39.8938,0.23392,0.152834,0.176045,0.437201,0.200296,0.301112,0.263869,0.234723
4073,0,12,1399.35,12,1411.65,3,2,0,39.8738,0.249484,0.162989,0.187747,0.39978,0.208839,0.271281,0.275138,0.244742
4074,0,12,1399.35,12,1411.65,3,1,0,39.8539,0.264287,0.172645,0.198876,0.364192,0.216809,0.281649,0.247453,0.25409
4075,0,12,1399.35,12,1411.65,3,0,0,39.834,0.278226,0.181735,0.209353,0.330686,0.225273,0.253587,0.257121,0.264018
4076,0,12,1399.35,12,1411.65,3,1,0,39.814,0.291234,0.190216,0.219129,0.299421,0.204139,0.260504,0.264135,0.271222
4077,0,12,1399.35,12,1411.65,0,0,0,39.7941,0.303277,0.198065,0.228177,0.270481,0.211187,0.234943,0.273269,0.280602
4078,0,12,1399.35,12,1411.65,0,1,0,39.7742,0.274216,0.20632,0.237693,0.281771,0.192984,0.240359,0.279577,0.287081
4079,0,12,1399.35,12,1411.65,3,0,0,39.7544,0.247875,0.213801,0.246319,0.292006,0.198521,0.218519,0.287619,0.295341
4080,0,12,1399.35,12,1411.65,1,0,0,39.7345,0.257665,0.222239,0.256048,0.264048,0.182832,0.222787,0.293253,0.301128
4081,0,12,1399.35,12,1411.65,3,0,0,39.7146,0.264277,0.202279,0.262618,0.270825,0.169543,0.2264,0.298026,0.30603
4082,0,12,1399.35,12,1411.65,1,2,0,39.6947,0.273751,0.20952,0.272032,0.244697,0.158245,0.229471,0.302085,0.310199
4083,0,12,1399.35,12,1411.65,1,3,0,39.6749,0.279835,0.191957,0.278078,0.250129,0.164678,0.238816,0.273653,0.322852
4084,0,12,1399.35,12,1411.65,2,1,0,39.6551,0.284975,0.177124,0.283184,0.254717,0.17199,0.249439,0.285833,0.292737
4085,0,12,1399.35,12,1417.66,3,2,9,39.6352,0.295599,0.18371,0.256482,0.264208,0.177077,0.227181,0.294316,0.301427
4086,0,12,1399.35,12,1417.66,3,2,0,39.6154,0.272136,0.169112,0.236117,0.322635,0.162189,0.208091,0.353605,0.276114
4087,0,12,1399.35,12,1417.66,1,3,0,39.5956,0.284093,0.176526,0.246484,0.292897,0.170232,0.218421,0.321511,0.289837
4088,0,12,1399.35,12,1417.66,0,3,0,39.5758,0.288308,0.164314,0.250134,0.297244,0.176475,0.226442,0.333344,0.263739
4089,0,12,1399.35,12,1417.66,0,1,0,39.556,0.261628,0.17046,0.259512,0.3084,0.181774,0.233254,0.343399,0.241573
4090,0,12,1399.35,12,1417.66,2,2,0,39.5362,0.239015,0.175667,0.267461,0.317857,0.185977,0.215467,0.351383,0.247172
4091,0,12,1399.35,12,1423.74,3,2,9,39.5165,0.246453,0.181122,0.244658,0.327767,0.194972,0.225895,0.319992,0.259141
4092,0,12,1399.35,12,1423.74,1,0,0,39.4967,0.223634,0.164342,0.222005,0.390019,0.177374,0.205512,0.38135,0.235764
4093,0,12,1399.35,12,1423.74,0,3,0,39.477,0.225649,0.156769,0.224005,0.393577,0.167793,0.207892,0.385815,0.238501
4094,0,12,1399.35,12,1423.74,3,2,0,39.4572,0.210819,0.159754,0.228285,0.401143,0.171503,0.212498,0.394411,0.221588
4095,0,12,1399.35,12,1423.74,0,2,0,39.4375,0.22268,0.168732,0.241133,0.367455,0.181043,0.224327,0.360705,0.233926
4096,0,12,1399.35,12,1423.74,1,2,0,39.4178,0.20754,0.172002,0.245823,0.374635,0.190032,0.235476,0.328938,0.245554
4097,0,12,1399.35,12,1423.74,2,1,0,39.3981,0.209696,0.163347,0.248385,0.378571,0.198435,0.245899,0.299241,0.256425
4098,0,12,1399.35,12,1423.74,3,1,0,39.3784,0.214647,0.167196,0.230601,0.387555,0.203901,0.225091,0.307508,0.263501
4099,0,12,1399.35,12,1423.74,1,2,0,39.3587,0.226074,0.176087,0.24288,0.354959,0.208532,0.207451,0.314518,0.2695
4100,0,12,1399.35,12,1423.74,3,3,0,39.339,0.228675,0.16657,0.245679,0.359076,0.217169,0.216043,0.286112,0.280676
4101,0,12,1399.35,12,1423.74,0,1,0,39.3193,0.239697,0.174588,0.257524,0.328192,0.224897,0.223731,0.296311,0.25506
4102,1,12,1399.35,12,1423.74,3,3,0,39.2997,0.221437,0.178766,0.263708,0.336089,0.230001,0.206091,0.303052,0.260855
4103,1,12,1399.35,12,1423.74,1,0,0,39.28,0.115211,0.588241,0.205422,0.091126,0.263926,0.335337,0.150361,0.250375
4104,1,12,1399.35,12,1423.74,1,3,0,39.2604,0.144844,0.482309,0.258288,0.114559,0.195834,0.366378,0.164253,0.273535
4105,1,12,1399.35,12,1423.74,1,0,0,39.2408,0.173484,0.379917,0.309395,0.137204,0.214434,0.401225,0.179847,0.204495
4106,1,12,1399.35,12,1423.74,0,1,0,39.2211,0.198942,0.288888,0.354838,0.157331,0.161543,0.428269,0.191938,0.21825
4107,0,12,1399.35,12,1413.75,0,1,13,39.2015,0.149049,0.306883,0.376957,0.167111,0.18878,0.331849,0.224308,0.255063
4108,0,12,1399.35,12,1413.75,3,2,0,39.1819,0.137111,0.110662,0.163319,0.588907,0.159145,0.142582,0.209761,0.488513
4109,0,12,1399.35,12,1423.19,3,3,9,39.1623,0.149782,0.120883,0.178419,0.550915,0.161261,0.144475,0.199143,0.495121
4110,0,12,1399.35,12,1423.19,3,3,0,39.1428,0.128922,0.104043,0.153576,0.613459,0.140594,0.125956,0.173628,0.559822
4111,0,12,1399.35,12,1423.19,3,1,0,39.1232,0.14155,0.11423,0.168625,0.575595,0.152862,0.136943,0.188786,0.521408
4112,0,12,1399.35,12,1423.19,3,3,0,39.1036,0.154226,0.124454,0.183731,0.537589,0.15322,0.134782,0.189237,0.52276
4113,0,12,1399.35,12,1422.08,3,2,13,39.0841,0.166796,0.134592,0.198713,0.499899,0.165392,0.145486,0.204279,0.484844
4114,0,12,1399.35,12,1422.08,3,2,0,39.0645,0.130373,0.105197,0.155326,0.609104,0.144735,0.127311,0.303574,0.424379
4115,0,12,1399.35,12,1422.08,3,1,0,39.045,0.143023,0.115398,0.170403,0.571176,0.149672,0.131651,0.279729,0.438949
4116,0,12,1399.35,12,1422.08,0,1,0,39.0255,0.155702,0.125623,0.185516,0.533159,0.15021,0.128398,0.28077,0.440623
4117,0,12,1399.35,12,1422.08,3,3,0,39.006,0.152046,0.126142,0.186296,0.535516,0.150682,0.125526,0.281688,0.442104
4118,0,12,1399.35,12,1430.66,0,2,9,38.9865,0.164368,0.13636,0.201403,0.49787,0.160492,0.133693,0.300064,0.405751
4119,0,12,1399.35,12,1430.66,3,1,0,38.967,0.222152,0.126908,0.187458,0.463482,0.145531,0.121225,0.365251,0.367994
4120,0,12,1399.35,12,1430.66,3,2,0,38.9475,0.237282,0.135537,0.200218,0.426963,0.146122,0.117515,0.366804,0.369559
4121,0,12,1399.35,12,1430.66,0,2,0,38.928,0.251805,0.143816,0.212465,0.391914,0.153737,0.123634,0.33374,0.388889
4122,0,12,1399.35,12,1430.66,3,0,0,38.9085,0.233782,0.147262,0.217572,0.401384,0.160284,0.128893,0.305298,0.405525
4123,0,12,1399.35,12,1430.66,2,3,0,38.8891,0.246925,0.155526,0.229801,0.367747,0.153208,0.129956,0.307871,0.408965
4124,0,12,1399.35,12,1430.66,1,3,0,38.8696,0.252039,0.158732,0.213837,0.375392,0.162219,0.137595,0.326023,0.374163
4125,0,12,1399.35,12,1430.66,1,1,0,38.8502,0.254136,0.151709,0.215609,0.378546,0.170736,0.144815,0.343189,0.34126
4126,0,12,1399.35,12,1430.66,2,3,0,38.8308,0.255958,0.145605,0.217148,0.38129,0.172039,0.138195,0.345856,0.343911
4127,0,12,1399.35,12,1430.66,3,3,0,38.8114,0.260475,0.148158,0.203315,0.388051,0.180123,0.144682,0.362159,0.313036
4128,0,12,1399.35,12,1430.66,3,3,0,38.792,0.274349,0.156032,0.214133,0.355486,0.187048,0.150238,0.376135,0.286579
4129,0,12,1399.35,12,1430.66,2,3,0,38.7726,0.287421,0.163448,0.224325,0.324806,0.192971,0.154988,0.388099,0.263941
4130,0,12,1399.35,12,1430.66,2,0,0,38.7532,0.293521,0.166898,0.207872,0.331708,0.198037,0.159051,0.398344,0.244568
4131,0,12,1399.35,12,1430.66,0,0,0,38.7338,0.298727,0.169839,0.193835,0.3376,0.187006,0.161219,0.40385,0.247924
4132,0,12,1399.35,12,1430.66,1,1,0,38.7144,0.273827,0.175856,0.200708,0.349609,0.177483,0.163089,0.408608,0.25082
4133,0,12,1399.35,12,1430.66,2,1,0,38.6951,0.276917,0.166551,0.20296,0.353572,0.178863,0.156496,0.411853,0.252788
4134,0,12,1399.35,12,1434.9,0,1,9,38.6757,0.281242,0.169135,0.190511,0.359112,0.180064,0.150745,0.414688,0.254503
4135,0,12,1399.35,12,1436.98,3,2,9,38.6564,0.346032,0.153877,0.173328,0.326763,0.168601,0.204726,0.388354,0.238318
4136,0,12,1399.35,12,1436.98,2,3,0,38.6371,0.312761,0.139059,0.156641,0.39154,0.150421,0.182658,0.454285,0.212636
4137,0,12,1399.35,12,1436.98,3,1,0,38.6178,0.315098,0.140075,0.150343,0.394483,0.152611,0.185324,0.460998,0.201068
4138,0,12,1399.35,12,1429.54,0,1,13,38.5984,0.33223,0.147667,0.158494,0.361609,0.154128,0.17711,0.465685,0.203078
4139,0,12,1399.35,12,1420.11,3,2,13,38.5791,0.442306,0.123313,0.132356,0.302025,0.136574,0.270731,0.412737,0.179958
4140,0,12,1399.35,12,1420.11,3,2,0,38.5599,0.371661,0.103591,0.111189,0.413559,0.110686,0.219445,0.524013,0.145856
4141,0,12,1399.35,12,1420.11,0,2,0,38.5406,0.393959,0.109778,0.117832,0.378431,0.119697,0.237342,0.485224,0.157738
4142,0,12,1399.35,12,1420.11,2,2,0,38.5213,0.359958,0.115919,0.124425,0.399699,0.12849,0.254811,0.447365,0.169334
4143,0,12,1399.35,12,1420.11,1,2,0,38.502,0.36119,0.116289,0.121445,0.401076,0.136973,0.271672,0.41083,0.180525
4144,0,12,1399.35,12,1420.11,1,0,0,38.4828,0.362055,0.114192,0.121709,0.402044,0.145073,0.287777,0.37594,0.191211
4145,0,12,1399.35,12,1420.11,0,3,0,38.4636,0.362824,0.112329,0.121941,0.402906,0.139169,0.289763,0.378554,0.192514
4146,0,12,1399.35,12,1420.11,0,2,0,38.4443,0.332514,0.117653,0.127723,0.42211,0.141137,0.293903,0.383984,0.180975
4147,0,12,1399.35,12,1420.12,3,2,9,38.4251,0.306355,0.122244,0.132708,0.438693,0.14876,0.309821,0.350661,0.190758
4148,0,12,1399.35,12,1420.12,0,2,9,38.4059,0.269909,0.107681,0.116901,0.505508,0.134052,0.279231,0.414809,0.171907
4149,0,12,1399.35,12,1420.12,1,3,0,38.3867,0.33865,0.0975216,0.105873,0.457956,0.11896,0.24783,0.480651,0.15256
4150,0,12,1399.35,12,1420.12,3,3,0,38.3675,0.338493,0.0979367,0.1058,0.457771,0.119597,0.249195,0.483363,0.147846
4151,0,12,1399.35,12,1420.12,0,2,0,38.3483,0.361521,0.104574,0.112971,0.420934,0.120154,0.250392,0.48575,0.143703
4152,0,12,1399.35,12,1420.12,0,0,0,38.3291,0.331747,0.10943,0.118219,0.440604,0.128946,0.268753,0.448077,0.154223
4153,0,12,1399.35,12,1420.12,0,0,0,38.31,0.306038,0.113619,0.122746,0.457597,0.12625,0.269576,0.449495,0.154678
4154,0,12,1399.35,12,1416.25,2,3,13,38.2908,0.283874,0.117226,0.126645,0.472256,0.123862,0.270304,0.450755,0.155079
4155,0,12,1399.35,12,1416.25,0,1,9,38.2717,0.258088,0.106558,0.205953,0.429401,0.111065,0.242416,0.404291,0.242227
4156,0,12,1399.35,12,1416.25,3,3,0,38.2525,0.323304,0.0971722,0.187837,0.391687,0.101875,0.304971,0.370934,0.222219
4157,0,12,1399.35,12,1416.25,0,2,0,38.2334,0.3416,0.102647,0.198445,0.357308,0.104002,0.311406,0.378776,0.205816
4158,0,12,1399.35,12,1416.25,0,1,0,38.2143,0.310956,0.107405,0.207673,0.373966,0.109728,0.328621,0.344475,0.217176
4159,0,12,1399.35,12,1416.25,3,1,0,38.1952,0.284707,0.111477,0.215575,0.388241,0.114667,0.298284,0.360064,0.226984
4160,0,12,1399.35,12,1416.25,2,2,0,38.1761,0.30036,0.117584,0.227414,0.354642,0.118878,0.2724,0.373371,0.235351
4161,0,12,1399.35,12,1416.25,3,1,0,38.157,0.306804,0.120084,0.210849,0.362263,0.125205,0.286944,0.33994,0.24791
4162,0,12,1399.35,12,1409.6,2,1,13,38.1379,0.322191,0.126083,0.221406,0.33032,0.12959,0.261866,0.351916,0.256628
4163,0,12,1399.35,12,1409.6,3,3,0,38.1188,0.281792,0.110253,0.319052,0.288903,0.111392,0.365426,0.30256,0.220622
4164,0,12,1399.35,12,1409.6,3,1,0,38.0998,0.292125,0.114275,0.330759,0.262841,0.113676,0.373007,0.308825,0.204491
4165,0,12,1399.35,12,1409.6,0,3,0,38.0807,0.3009,0.117685,0.340704,0.240711,0.119758,0.339372,0.325413,0.215457
4166,0,12,1399.35,12,1408.77,2,2,13,38.0617,0.274661,0.122084,0.353512,0.249743,0.122209,0.346389,0.332139,0.199264
4167,0,12,1399.35,12,1408.77,0,2,9,38.0427,0.227891,0.101278,0.46362,0.207211,0.102401,0.290305,0.440311,0.166983
4168,0,12,1399.35,12,1413.25,0,2,9,38.0236,0.2922,0.0928222,0.42504,0.189938,0.0904509,0.25648,0.505559,0.14751
4169,0,12,1399.35,12,1407.79,3,1,13,38.0046,0.35833,0.0841312,0.38536,0.172178,0.0787688,0.223401,0.569358,0.128471
4170,0,12,1399.35,12,1407.79,0,2,9,37.9856,0.319903,0.0750871,0.344039,0.260971,0.0681233,0.328152,0.492605,0.11112
4171,0,12,1399.35,12,1407.79,3,2,0,37.9666,0.381736,0.0682432,0.312776,0.237244,0.0596845,0.287593,0.555359,0.0973642
4172,0,12,1399.35,12,1407.79,0,1,0,37.9477,0.391115,0.0698958,0.320448,0.218541,0.065266,0.314586,0.513668,0.10648
4173,0,12,1399.35,12,1407.79,1,2,0,37.9287,0.355163,0.0740049,0.33939,0.231442,0.0675638,0.290225,0.531972,0.110239
4174,0,12,1399.35,12,1407.79,0,0,0,37.9097,0.355021,0.0743991,0.339251,0.231329,0.0734748,0.315709,0.490921,0.119896
4175,0,12,1399.35,12,1407.79,0,2,0,37.8908,0.32129,0.0782711,0.357015,0.243423,0.0754267,0.315037,0.48992,0.119617
4176,0,12,1399.35,12,1407.79,0,1,9,37.8718,0.291675,0.0816667,0.372617,0.254041,0.0813444,0.33985,0.449791,0.129014
4177,0,12,1399.35,12,1407.79,0,1,0,37.8529,0.354867,0.0743631,0.339396,0.231374,0.0731294,0.40637,0.404505,0.115995
4178,0,12,1399.35,12,1407.79,3,2,0,37.834,0.321128,0.0782332,0.357168,0.243471,0.0777331,0.368841,0.430117,0.123309
4179,0,12,1399.35,12,1407.79,1,2,0,37.815,0.329623,0.0802801,0.366624,0.223473,0.0829325,0.393635,0.391864,0.131569
4180,0,12,1399.35,12,1407.79,2,2,0,37.7961,0.329586,0.0803924,0.366591,0.223431,0.0878464,0.417089,0.355688,0.139378
4181,0,12,1399.35,12,1407.79,0,1,0,37.7772,0.347351,0.0847017,0.332492,0.235456,0.092084,0.437344,0.324457,0.146114
4182,0,12,1399.35,12,1407.79,3,2,0,37.7583,0.314603,0.0889328,0.349196,0.247268,0.0982415,0.399619,0.34624,0.155899
4183,0,12,1399.35,12,1407.79,3,2,0,37.7395,0.323126,0.0913189,0.358664,0.226892,0.102804,0.418294,0.315748,0.163154
4184,0,12,1399.35,12,1407.79,2,2,0,37.7206,0.330366,0.0933415,0.366708,0.209584,0.106715,0.434329,0.28958,0.169377
4185,0,12,1399.35,12,1408.63,2,1,9,37.7017,0.347846,0.0982553,0.333246,0.220653,0.110062,0.448079,0.267154,0.174705
4186,0,12,1399.35,12,1408.63,1,1,0,37.6829,0.314682,0.0888651,0.396855,0.199598,0.0969417,0.513816,0.235349,0.153893
4187,0,12,1399.35,12,1403.7,3,1,13,37.664,0.314694,0.0888283,0.39689,0.199588,0.104768,0.474504,0.254395,0.166333
4188,0,12,1399.35,12,1403.7,2,1,9,37.6452,0.277021,0.0781747,0.349393,0.295411,0.0826711,0.58529,0.200775,0.131263
4189,0,12,1399.35,12,1403.7,3,1,0,37.6264,0.25035,0.0706302,0.412048,0.266972,0.070745,0.645075,0.171842,0.112338
4190,0,12,1399.35,12,1403.7,3,1,0,37.6076,0.257623,0.0726638,0.424061,0.245652,0.0785834,0.605705,0.190915,0.124796
4191,0,12,1399.35,12,1403.7,0,1,0,37.5888,0.263827,0.0743947,0.434316,0.227463,0.0865416,0.565725,0.210287,0.137447
4192,0,12,1399.35,12,1403.7,2,1,0,37.57,0.243849,0.0763924,0.446135,0.233623,0.0945112,0.525678,0.229693,0.150118
4193,0,12,1399.35,12,1403.7,2,3,0,37.5512,0.260572,0.0816124,0.408173,0.249642,0.102387,0.48609,0.248879,0.162644
4194,0,12,1399.35,12,1403.7,3,0,0,37.5324,0.276514,0.0865854,0.371987,0.264914,0.10312,0.489722,0.250705,0.156453
4195,0,12,1399.35,12,1403.7,3,1,0,37.5136,0.284731,0.0891377,0.383063,0.243068,0.103122,0.489759,0.25069,0.156429
4196,0,12,1399.35,12,1403.7,1,2,0,37.4949,0.291726,0.091306,0.392496,0.224472,0.11093,0.451064,0.269719,0.168287
4197,0,12,1399.35,12,1403.7,0,1,0,37.4761,0.291821,0.0909967,0.392648,0.224534,0.113862,0.463115,0.250274,0.172749
4198,0,12,1399.35,12,1403.7,2,3,0,37.4574,0.267717,0.0940733,0.406042,0.232168,0.121824,0.425514,0.267818,0.184844
4199,0,12,1399.35,12,1403.7,0,2,9,37.4387,0.283703,0.09967,0.370603,0.246024,0.123262,0.430644,0.271022,0.175072
4200,0,12,1399.35,12,1403.7,2,1,0,37.42,0.34776,0.0907387,0.337482,0.224019,0.11205,0.391572,0.337219,0.159159
4201,0,12,1399.35,12,1403.7,0,2,0,37.4012,0.364273,0.0950215,0.306071,0.234635,0.118476,0.356592,0.356635,0.168298
4202,0,12,1399.35,12,1402.87,2,2,13,37.3825,0.330951,0.0999841,0.322131,0.246934,0.124512,0.374843,0.323759,0.176885
4203,0,12,1399.35,12,1402.87,0,2,0,37.3639,0.278413,0.0840916,0.429775,0.207721,0.104213,0.3138,0.43393,0.148057
4204,0,12,1399.35,12,1402.87,2,3,0,37.3452,0.256958,0.0865705,0.442589,0.213883,0.111034,0.334415,0.39679,0.15776
4205,0,12,1399.35,12,1402.87,3,3,0,37.3265,0.274162,0.0923467,0.405296,0.228195,0.112007,0.33742,0.400369,0.150203
4206,0,12,1399.35,12,1418.61,3,2,9,37.3078,0.2798,0.094225,0.413662,0.212313,0.112847,0.340025,0.403474,0.143654
4207,0,12,1399.35,12,1428.56,0,2,9,37.2892,0.25805,0.0868816,0.381536,0.273532,0.100408,0.30261,0.469158,0.127825
4208,0,12,1399.35,12,1428.56,2,2,0,37.2705,0.320961,0.0794959,0.349206,0.250337,0.0880127,0.265312,0.534625,0.112051
4209,0,12,1399.35,12,1428.56,0,2,0,37.2519,0.337382,0.0835397,0.315947,0.263132,0.0955834,0.288197,0.494524,0.121695
4210,0,12,1399.35,12,1418.61,0,2,13,37.2333,0.305071,0.0875942,0.331369,0.275966,0.102991,0.310601,0.455276,0.131132
4211,0,12,1399.35,12,1418.61,0,0,0,37.2147,0.41135,0.0741819,0.280705,0.233764,0.0818442,0.246881,0.567063,0.104213
4212,0,12,1399.35,12,1418.61,0,1,0,37.1961,0.374491,0.0788096,0.298296,0.248404,0.0841074,0.246252,0.565712,0.103929
4213,0,12,1399.35,12,1418.61,3,2,9,37.1775,0.339713,0.0831732,0.314896,0.262218,0.0857149,0.231621,0.576744,0.10592
4214,0,12,1399.35,12,1418.61,0,2,0,37.1589,0.311645,0.0762799,0.288874,0.3232,0.073417,0.198429,0.637427,0.090727
4215,0,12,1399.35,12,1418.61,0,2,0,37.1403,0.281267,0.0796266,0.301629,0.337478,0.0814569,0.220203,0.597674,0.100667
4216,0,12,1399.35,12,1418.61,2,2,0,37.1217,0.255515,0.0824591,0.312442,0.349584,0.0895981,0.242259,0.55741,0.110733
4217,0,12,1399.35,12,1418.61,3,2,0,37.1032,0.266252,0.0859048,0.283546,0.364297,0.0977291,0.264297,0.517187,0.120787
4218,0,12,1399.35,12,1418.61,1,1,0,37.0846,0.280439,0.0904616,0.298657,0.330442,0.105743,0.286026,0.477534,0.130697
4219,0,12,1399.35,12,1418.61,0,0,0,37.0661,0.280868,0.0890549,0.299118,0.330958,0.108809,0.265168,0.49153,0.134493
4220,0,12,1399.35,12,1418.61,3,2,0,37.0475,0.255343,0.0921954,0.309742,0.34272,0.108306,0.265306,0.491845,0.134544
4221,0,12,1399.35,12,1418.61,0,2,0,37.029,0.267859,0.0966948,0.324937,0.31051,0.116557,0.285569,0.453074,0.1448
4222,0,12,1399.35,12,1418.61,2,2,0,37.0105,0.244011,0.0998237,0.335533,0.320632,0.124529,0.305155,0.415606,0.15471
4223,0,12,1399.35,12,1418.61,0,1,0,36.992,0.255554,0.104527,0.304101,0.335818,0.132146,0.323879,0.379794,0.164181
4224,0,12,1399.35,12,1416.37,0,1,13,36.9735,0.234035,0.107528,0.312898,0.345539,0.137592,0.295925,0.395529,0.170954
4225,0,12,1399.35,12,1416.37,2,2,0,36.955,0.335102,0.093322,0.271618,0.299959,0.116003,0.40632,0.333539,0.144137
4226,0,12,1399.35,12,1403.99,0,3,13,36.9365,0.346167,0.0963788,0.247598,0.309856,0.120936,0.423705,0.305086,0.150273
4227,0,12,1399.35,12,1403.99,0,3,0,36.9181,0.456024,0.0801705,0.205998,0.257807,0.108699,0.380929,0.274268,0.236105
4228,0,12,1399.35,12,1403.99,3,2,0,36.8996,0.41788,0.0857765,0.220444,0.275899,0.11125,0.389964,0.280755,0.218032
4229,0,12,1399.35,12,1403.99,2,3,0,36.8811,0.430354,0.088309,0.226996,0.254341,0.114817,0.402571,0.257558,0.225054
4230,0,12,1399.35,12,1403.99,3,1,0,36.8627,0.438805,0.0900146,0.211873,0.259308,0.117132,0.410788,0.262791,0.209289
4231,0,12,1399.35,12,1403.99,0,2,9,36.8443,0.449909,0.0922632,0.217203,0.240626,0.124263,0.374846,0.278835,0.222056
4232,0,12,1399.35,12,1403.99,0,3,0,36.8259,0.516614,0.0810629,0.190868,0.211455,0.113149,0.341396,0.343236,0.202219
4233,0,12,1399.35,12,1402.87,3,2,13,36.8074,0.477269,0.0876476,0.206407,0.228676,0.115244,0.347794,0.349669,0.187292
4234,0,12,1399.35,12,1402.87,3,1,9,36.789,0.41217,0.0756668,0.178224,0.33394,0.0957555,0.289044,0.459566,0.155635
4235,0,12,1399.35,12,1402.87,0,2,0,36.7706,0.371105,0.068105,0.16044,0.40035,0.0866646,0.356397,0.416065,0.140873
4236,0,12,1399.35,12,1402.87,1,1,0,36.7523,0.337163,0.0717613,0.169083,0.421993,0.0922298,0.379391,0.378446,0.149934
4237,0,12,1399.35,12,1402.87,2,2,0,36.7339,0.336659,0.0731541,0.168806,0.42138,0.0974965,0.343823,0.400169,0.158511
4238,0,12,1397.06,12,1397.06,3,1,33,36.7155,0.340267,0.0739154,0.159903,0.425915,0.103389,0.364697,0.363806,0.168108
4239,0,12,1397.06,12,1397.06,3,2,0,36.6972,0.149567,0.0324802,0.0702761,0.747677,0.0492447,0.697352,0.173325,0.0800781
4240,0,12,1397.06,12,1397.06,0,1,0,36.6788,0.171023,0.0371282,0.0803453,0.711504,0.0495592,0.702178,0.167665,0.0805975
4241,0,12,1397.06,12,1397.06,3,1,0,36.6605,0.165709,0.0373467,0.0808305,0.716113,0.0559851,0.663507,0.189451,0.0910567
4242,0,12,1397.06,12,1397.06,3,1,0,36.6421,0.187885,0.0423319,0.0916342,0.678149,0.062658,0.623339,0.212083,0.10192
4243,0,12,1397.06,12,1397.06,0,1,9,36.6238,0.211051,0.0475373,0.102918,0.638494,0.0694837,0.582238,0.235245,0.113033
4244,0,12,1397.06,12,1397.06,3,1,9,36.6055,0.276751,0.0435594,0.0943205,0.585369,0.0595274,0.642041,0.201586,0.0968464
4245,0,12,1397.06,12,1397.06,3,1,9,36.5872,0.237675,0.0373952,0.0809855,0.643944,0.0504322,0.696684,0.170827,0.0820571
4246,0,12,1397.06,12,1397.06,3,2,0,36.5689,0.201954,0.0317632,0.0687991,0.697484,0.0423312,0.745364,0.143422,0.068883
4247,0,12,1397.06,12,1397.06,0,2,0,36.5506,0.228619,0.0359437,0.0778661,0.657571,0.0424244,0.747433,0.141101,0.0690413
4248,0,12,1397.06,12,1397.06,3,1,0,36.5324,0.215826,0.0365211,0.0791293,0.668524,0.0425049,0.74928,0.139036,0.0691789
4249,0,12,1397.06,12,1397.06,0,1,9,36.5141,0.242447,0.0410114,0.0888719,0.627669,0.0485949,0.713312,0.158995,0.0790985
4250,0,12,1397.06,12,1397.06,3,3,0,36.4958,0.310207,0.0373255,0.0808971,0.57157,0.0406633,0.760067,0.133075,0.0661947
4251,0,12,1397.06,12,1397.06,0,3,0,36.4776,0.341735,0.0411016,0.089095,0.528069,0.0404802,0.757087,0.132507,0.069925
4252,0,12,1397.06,12,1397.06,0,2,0,36.4593,0.31332,0.0428573,0.0929152,0.550907,0.0403064,0.754278,0.13197,0.0734463
4253,0,12,1397.06,12,1397.06,0,1,0,36.4411,0.288875,0.0443639,0.0961963,0.570565,0.0403431,0.755408,0.130727,0.0735221
4254,0,12,1397.06,12,1397.06,3,2,0,36.4229,0.267863,0.0456551,0.0990114,0.587471,0.0462215,0.719723,0.14981,0.084245
4255,0,12,1397.06,12,1397.06,0,1,0,36.4047,0.295372,0.050326,0.109158,0.545144,0.0463682,0.722405,0.146704,0.0845227
4256,0,12,1397.06,12,1397.06,0,1,9,36.3865,0.273398,0.051875,0.112535,0.562192,0.0526586,0.684696,0.166645,0.0960006
4257,0,12,1397.06,12,1397.06,3,1,0,36.3683,0.342325,0.0469356,0.101836,0.508904,0.0442623,0.734929,0.140106,0.0807032
4258,0,12,1397.06,12,1397.06,3,1,0,36.3501,0.371804,0.0509571,0.110578,0.466661,0.0504318,0.697934,0.159671,0.091963
4259,0,12,1397.06,12,1397.06,3,1,0,36.3319,0.400392,0.0548535,0.119052,0.425702,0.0569258,0.658983,0.180273,0.103818
4260,0,12,1397.06,12,1397.06,0,0,0,36.3138,0.427754,0.0585788,0.127157,0.38651,0.0636587,0.618589,0.201642,0.11611
4261,0,12,1397.06,12,1397.06,2,1,9,36.2956,0.388786,0.0625498,0.135798,0.412866,0.0670177,0.616425,0.200891,0.115666
4262,0,12,1397.06,12,1404.91,0,1,9,36.2775,0.366258,0.0589038,0.18589,0.388948,0.057009,0.673661,0.170927,0.0984025
4263,0,12,1397.06,12,1404.91,0,2,0,36.2593,0.430577,0.0529098,0.167013,0.349501,0.0480029,0.725175,0.143956,0.0828661
4264,0,12,1397.06,12,1404.91,3,1,9,36.2412,0.390997,0.0565706,0.178609,0.373823,0.0481215,0.727362,0.141436,0.08308
4265,0,12,1397.06,12,1406.07,3,0,9,36.2231,0.350962,0.0507587,0.160296,0.437983,0.0401633,0.772417,0.118072,0.069348
4266,0,12,1397.06,12,1406.07,0,3,0,36.205,0.310959,0.0449558,0.142003,0.502082,0.0664199,0.751348,0.114808,0.0674239
4267,0,12,1397.06,12,1406.07,0,1,0,36.1869,0.285389,0.0466054,0.147248,0.520757,0.0661468,0.748622,0.114348,0.0708831
4268,0,12,1397.06,12,1406.07,0,0,0,36.1688,0.263481,0.048015,0.151737,0.536767,0.0758026,0.711911,0.131055,0.0812314
4269,0,12,1397.06,12,1406.07,3,1,9,36.1507,0.244704,0.0492195,0.155579,0.550497,0.0786779,0.709758,0.130614,0.0809505
4270,0,12,1397.06,12,1406.07,0,1,0,36.1326,0.211264,0.0424798,0.134306,0.61195,0.0659781,0.756595,0.109542,0.0678843
4271,0,12,1397.06,12,1406.07,3,1,0,36.1145,0.19998,0.043068,0.136197,0.620755,0.0757905,0.720383,0.125846,0.0779807
4272,0,12,1397.06,12,1406.07,3,2,0,36.0965,0.222141,0.0478259,0.151278,0.578755,0.0862296,0.681854,0.143194,0.0887219
4273,0,12,1397.06,12,1406.07,3,2,0,36.0784,0.244471,0.0526174,0.166472,0.536439,0.0865063,0.684325,0.140162,0.0890071
4274,0,12,1397.06,12,1417.93,3,1,9,36.0604,0.26664,0.0573712,0.181554,0.494434,0.086748,0.686521,0.137474,0.0892563
4275,0,12,1397.06,12,1413.93,0,1,13,36.0424,0.23274,0.0500617,0.15846,0.558738,0.0729774,0.736273,0.115662,0.075088
4276,0,12,1397.06,12,1413.93,0,1,0,36.0243,0.33979,0.0430598,0.136328,0.480822,0.0524518,0.81044,0.0831386,0.0539691
4277,0,12,1397.06,12,1413.93,3,1,0,36.0063,0.31005,0.0449815,0.142445,0.502523,0.0611863,0.778865,0.0969921,0.0629566
4278,0,12,1397.06,12,1406.07,0,1,13,35.9883,0.336551,0.0488073,0.154596,0.460046,0.0707144,0.744419,0.112106,0.0727607
4279,0,12,1397.06,12,1400.61,3,2,13,35.9703,0.44953,0.0404811,0.128253,0.381736,0.0506907,0.816782,0.0803694,0.0521579
4280,0,12,1397.06,12,1400.12,3,1,13,35.9523,0.367957,0.0331193,0.104953,0.493971,0.0472046,0.761033,0.143191,0.0485712
4281,0,12,1397.06,12,1400.12,3,1,0,35.9344,0.289762,0.0260686,0.0826288,0.601541,0.0338559,0.828586,0.102722,0.0348363
4282,0,12,1397.06,12,1400.12,0,1,0,35.9164,0.322522,0.0290019,0.0919476,0.556528,0.0399347,0.797782,0.121192,0.0410913
4283,0,12,1397.06,12,1400.12,3,1,0,35.8984,0.295453,0.0301451,0.0955941,0.578807,0.0466499,0.763747,0.141602,0.0480012
4284,0,12,1397.06,12,1400.12,3,1,0,35.8805,0.326828,0.033331,0.105722,0.53412,0.0539521,0.726729,0.163804,0.0555153
4285,0,12,1397.06,12,1400.12,0,1,0,35.8625,0.357973,0.0364906,0.11577,0.489766,0.0617642,0.687118,0.187564,0.0635541
4286,0,12,1397.06,12,1400.12,2,2,0,35.8446,0.325833,0.0383006,0.12154,0.514326,0.0699833,0.645434,0.212571,0.0720118
4287,0,12,1397.06,12,1400.12,0,1,0,35.8267,0.327007,0.0384221,0.118345,0.516226,0.0710253,0.655335,0.200555,0.0730843
4288,0,12,1397.06,12,1405.41,3,1,9,35.8088,0.299336,0.0399843,0.123185,0.537495,0.0798057,0.612679,0.225396,0.0821198
4289,0,12,1397.06,12,1405.41,3,0,0,35.7909,0.25967,0.0346719,0.106842,0.598816,0.0682375,0.668782,0.192763,0.0702166
4290,0,12,1397.06,12,1439.69,3,1,9,35.773,0.287981,0.0384366,0.11847,0.555112,0.0709798,0.666871,0.192165,0.0699844
4291,0,12,1397.06,12,1439.69,2,1,0,35.7551,0.248938,0.0332122,0.10239,0.61546,0.0601277,0.717771,0.162817,0.0592843
4292,0,12,1397.06,12,1439.69,0,0,0,35.7372,0.248956,0.0332012,0.102226,0.615616,0.0686492,0.677735,0.185929,0.0676861
4293,0,12,1397.06,12,1439.69,3,2,0,35.7193,0.232425,0.0339148,0.104447,0.629214,0.071383,0.675803,0.185351,0.0674621
4294,0,12,1397.06,12,1439.69,3,1,0,35.7015,0.259427,0.0378402,0.116562,0.586171,0.0721031,0.682927,0.176828,0.0681418
4295,0,12,1397.06,12,1439.69,2,3,0,35.6836,0.286732,0.0418069,0.12881,0.542651,0.0815683,0.641269,0.200076,0.0770861
4296,0,12,1397.06,12,1439.69,0,2,0,35.6658,0.287819,0.0419492,0.125453,0.544778,0.0813602,0.639898,0.199602,0.0791401
4297,0,12,1397.06,12,1439.69,0,0,0,35.648,0.265782,0.0432286,0.129308,0.561682,0.0823946,0.6483,0.189159,0.0801458
4298,0,12,1397.06,12,1439.69,1,2,0,35.6301,0.246885,0.0443221,0.132608,0.576185,0.084142,0.647122,0.188769,0.0799667
4299,0,12,1397.06,12,1445.26,0,2,9,35.6123,0.245931,0.0479348,0.132079,0.574056,0.0850509,0.65438,0.17974,0.0808297
4300,0,12,1397.06,12,1445.26,0,1,9,35.5945,0.313386,0.0436287,0.120239,0.522747,0.0786661,0.605502,0.241071,0.074761
4301,0,12,1397.06,12,1445.26,3,1,0,35.5767,0.381843,0.0392626,0.108228,0.470667,0.0674457,0.661725,0.206732,0.0640969
4302,0,12,1397.06,12,1445.26,0,1,0,35.5589,0.412904,0.0424371,0.117002,0.427657,0.0760525,0.618506,0.233166,0.0722756
4303,0,12,1397.06,12,1445.26,3,3,0,35.5412,0.373083,0.0452984,0.124916,0.456703,0.0848681,0.574227,0.260252,0.0806527
4304,0,12,1397.06,12,1445.26,3,1,0,35.5234,0.401893,0.0487758,0.134533,0.414799,0.0847372,0.573561,0.259908,0.0817937
4305,0,12,1397.06,12,1439.69,0,1,13,35.5056,0.429347,0.0520858,0.143692,0.374876,0.0935915,0.528938,0.287131,0.0903398
4306,0,12,1397.06,12,1438.7,0,2,13,35.4879,0.540939,0.0418873,0.11558,0.301594,0.0724908,0.635092,0.222446,0.0699717
4307,0,12,1397.06,12,1438.7,3,1,0,35.4701,0.646564,0.0322395,0.0889768,0.23222,0.0626293,0.548933,0.327985,0.0604525
4308,0,12,1397.06,12,1438.7,2,2,0,35.4524,0.658685,0.0328242,0.0906089,0.217882,0.0690411,0.502635,0.361683,0.066641
4309,0,12,1397.06,12,1438.7,2,1,0,35.4347,0.657922,0.0327665,0.0917299,0.217581,0.0726668,0.529241,0.327952,0.0701401
4310,0,12,1397.06,12,1438.7,0,0,0,35.4169,0.657234,0.0327127,0.0927472,0.217306,0.0796745,0.483735,0.359686,0.0769036
4311,0,12,1397.06,12,1438.7,3,2,0,35.3992,0.614594,0.0367712,0.104276,0.244359,0.0797722,0.48371,0.359646,0.0768713
4312,0,12,1397.06,12,1473.63,0,2,9,35.3815,0.627679,0.0375329,0.106458,0.228331,0.0839323,0.509119,0.326069,0.0808796
4313,0,12,1397.06,12,1518.76,0,2,9,35.3638,0.6831,0.031937,0.0906047,0.194358,0.0755479,0.458426,0.393227,0.0727995
4314,0,12,1397.06,12,1518.76,1,1,0,35.3462,0.73283,0.0269177,0.076381,0.163872,0.0675338,0.409944,0.457445,0.0650765
4315,0,12,1397.06,12,1518.76,0,1,0,35.3285,0.72996,0.0308109,0.0760475,0.163181,0.0721387,0.369524,0.488824,0.0695133
4316,0,12,1397.06,12,1518.76,0,3,0,35.3108,0.69082,0.0352679,0.0870639,0.186848,0.0761101,0.334618,0.515932,0.0733397
4317,0,12,1397.06,12,1518.76,0,2,0,35.2932,0.649588,0.0399611,0.0986675,0.211783,0.0760092,0.334273,0.515446,0.0742716
4318,0,12,1397.06,12,1518.76,0,0,0,35.2755,0.606869,0.0448214,0.110688,0.237621,0.083085,0.365499,0.47023,0.0811853
4319,0,12,1397.06,12,1518.76,0,2,0,35.2579,0.563335,0.0497722,0.122937,0.263956,0.0827399,0.365637,0.470431,0.0811915
4320,0,12,1397.06,12,1518.76,1,2,0,35.2403,0.519682,0.0547341,0.135217,0.290367,0.0895767,0.395968,0.426556,0.0879
4321,0,12,1397.06,12,1518.76,2,1,9,35.2226,0.518205,0.0574908,0.134796,0.289508,0.0961062,0.424957,0.38463,0.0943068
4322,0,12,1397.06,12,1518.76,0,1,0,35.205,0.487019,0.0540072,0.18692,0.272054,0.0855428,0.488067,0.342449,0.0839409
4323,0,12,1397.06,12,1518.76,2,0,0,35.1874,0.444107,0.0585097,0.202553,0.29483,0.0929072,0.443892,0.372034,0.091167
4324,0,12,1397.06,12,1518.76,2,3,0,35.1698,0.452091,0.0595375,0.188266,0.300106,0.0913913,0.444655,0.372659,0.0912947
4325,0,12,1397.06,12,1518.76,2,3,0,35.1522,0.458909,0.0604108,0.176074,0.304607,0.0915012,0.44533,0.373212,0.0899567
4326,0,12,1397.06,12,1486.55,0,2,13,35.1347,0.464752,0.0611552,0.165633,0.30846,0.0915962,0.445934,0.373705,0.0887649
4327,0,12,1397.06,12,1486.55,3,2,0,35.1171,0.576226,0.0484066,0.131131,0.244236,0.0751267,0.365868,0.486201,0.072804
4328,0,12,1397.06,12,1486.55,0,1,0,35.0995,0.589006,0.0494557,0.134,0.227538,0.0816479,0.397752,0.441477,0.0791231
4329,0,12,1397.06,12,1486.55,2,2,0,35.082,0.545288,0.0547037,0.148249,0.25176,0.0869168,0.35873,0.470125,0.0842285
4330,0,12,1397.06,12,1486.55,0,3,0,35.0645,0.548898,0.0550405,0.142674,0.253388,0.0940519,0.388289,0.426517,0.0911424
4331,0,12,1397.06,12,1486.55,0,1,0,35.0469,0.505368,0.0603377,0.156435,0.277859,0.0941887,0.388964,0.427267,0.0895809
4332,0,12,1397.06,12,1486.55,2,0,0,35.0294,0.46261,0.0655384,0.169951,0.301901,0.100043,0.350847,0.453962,0.0951481
4333,0,12,1397.06,12,1486.55,3,2,0,35.0119,0.467873,0.0662581,0.16056,0.305309,0.0980684,0.351617,0.454982,0.0953321
4334,0,12,1397.06,12,1486.55,0,2,0,34.9944,0.485385,0.0687112,0.166534,0.27937,0.105694,0.379053,0.412509,0.102744
4335,0,12,1397.06,12,1486.55,2,2,0,34.9769,0.443622,0.0742717,0.180043,0.302063,0.112946,0.405168,0.372093,0.109794
4336,0,12,1397.06,12,1486.55,0,3,0,34.9594,0.44948,0.0752255,0.169267,0.306028,0.119482,0.428724,0.335646,0.116147
4337,0,12,1397.06,12,1486.55,0,3,0,34.9419,0.409145,0.0807204,0.181661,0.328474,0.119974,0.430598,0.337097,0.11233
4338,0,12,1397.06,12,1486.55,0,1,0,34.9244,0.37075,0.0859479,0.193457,0.349845,0.120402,0.432243,0.338368,0.108987
4339,0,12,1397.06,12,1485.79,0,1,13,34.907,0.334628,0.0908631,0.204554,0.369955,0.129014,0.391558,0.362647,0.11678
4340,0,12,1397.06,12,1485.79,1,2,0,34.8895,0.446429,0.07558,0.170175,0.307815,0.105272,0.50347,0.295971,0.0952874
4341,0,12,1397.06,12,1485.79,1,1,0,34.8721,0.446029,0.0764647,0.16999,0.307517,0.108919,0.521075,0.27142,0.0985865
4342,0,12,1397.06,12,1485.79,3,1,0,34.8546,0.445668,0.0772674,0.16982,0.307245,0.118783,0.477648,0.296056,0.107513
4343,0,12,1397.06,12,1485.79,3,3,0,34.8372,0.462739,0.0801989,0.17629,0.280771,0.128379,0.435396,0.32003,0.116196
4344,0,12,1397.06,12,1485.79,3,0,0,34.8198,0.477326,0.0826979,0.181812,0.258164,0.128874,0.437182,0.321323,0.112621
4345,0,12,1397.06,12,1485.79,0,3,0,34.8024,0.489794,0.0848284,0.186525,0.238852,0.123879,0.439714,0.323164,0.113242
4346,0,12,1397.06,12,1485.79,0,3,0,34.785,0.448792,0.0916313,0.201516,0.258061,0.124295,0.441304,0.324313,0.110088
4347,0,12,1397.06,12,1485.79,0,3,0,34.7676,0.409256,0.0981884,0.21597,0.276585,0.124658,0.442706,0.325323,0.107313
4348,0,12,1397.06,12,1482.04,3,2,13,34.7502,0.371599,0.104431,0.229738,0.294231,0.124976,0.443946,0.326214,0.104864
4349,0,12,1397.06,12,1482.04,2,1,0,34.7328,0.31351,0.088084,0.193806,0.4046,0.103862,0.369039,0.439953,0.0871454
4350,0,12,1397.06,12,1482.04,1,1,0,34.7155,0.318652,0.0895059,0.180585,0.411257,0.109589,0.334117,0.464347,0.0919474
4351,0,12,1397.06,12,1482.04,1,2,0,34.6981,0.318885,0.088839,0.180697,0.411579,0.114499,0.304146,0.485291,0.0960636
4352,0,12,1397.06,12,1482.04,3,2,0,34.6808,0.319095,0.0882403,0.180795,0.41187,0.12393,0.329262,0.442836,0.103972
4353,0,12,1397.06,12,1482.04,0,1,0,34.6634,0.339865,0.0939598,0.192541,0.373634,0.132998,0.353422,0.402005,0.111576
4354,0,12,1397.06,12,1482.04,3,2,0,34.6461,0.307523,0.0985437,0.201963,0.39197,0.139926,0.319652,0.423039,0.117383
4355,0,12,1397.06,12,1482.04,1,1,0,34.6288,0.326148,0.104488,0.214178,0.355186,0.149489,0.341556,0.383554,0.125402
4356,0,12,1397.06,12,1482.04,2,2,0,34.6115,0.327233,0.101522,0.214872,0.356373,0.156911,0.308793,0.402673,0.131623
4357,0,12,1397.06,12,1482.78,0,2,9,34.5941,0.334321,0.103696,0.197884,0.364099,0.166893,0.328481,0.364634,0.139992
4358,0,12,1397.06,12,1482.78,3,2,0,34.5769,0.400332,0.093397,0.178253,0.328018,0.149772,0.294823,0.42978,0.125626
4359,0,12,1397.06,12,1482.78,3,3,0,34.5596,0.418089,0.0975113,0.18613,0.298271,0.160127,0.31525,0.390316,0.134307
4360,0,12,1397.06,12,1482.78,3,0,0,34.5423,0.433262,0.101021,0.192853,0.272863,0.161237,0.317478,0.393091,0.128195
4361,0,12,1397.06,12,1482.78,0,2,0,34.525,0.446219,0.104012,0.198589,0.251181,0.151842,0.321036,0.397514,0.129608
4362,0,12,1397.06,12,1482.78,0,1,0,34.5077,0.407516,0.111267,0.212468,0.268749,0.161317,0.341121,0.35987,0.137692
4363,0,12,1397.06,12,1482.78,0,0,9,34.4905,0.370651,0.118175,0.225689,0.285485,0.169435,0.307907,0.378041,0.144617
4364,0,12,1397.06,12,1482.78,0,0,0,34.4733,0.437658,0.10558,0.201661,0.255102,0.225192,0.287239,0.35268,0.134889
4365,0,12,1397.06,12,1482.78,0,3,0,34.456,0.399306,0.112766,0.215414,0.272514,0.206207,0.294279,0.361339,0.138175
4366,0,12,1397.06,12,1482.78,2,0,0,34.4388,0.362866,0.119591,0.228483,0.28906,0.207896,0.296711,0.364339,0.131054
4367,0,12,1397.06,12,1481.86,0,2,13,34.4216,0.371375,0.122369,0.210432,0.295825,0.191736,0.302766,0.37179,0.133707
4368,0,12,1397.06,12,1481.86,0,2,0,34.4044,0.48625,0.0999949,0.171976,0.241779,0.157082,0.248068,0.485317,0.109533
4369,0,12,1397.06,12,1481.86,2,2,0,34.3872,0.44622,0.107773,0.185373,0.260633,0.169699,0.268017,0.443962,0.118322
4370,0,12,1397.06,12,1481.86,2,0,0,34.37,0.451931,0.109122,0.175007,0.26394,0.181843,0.287222,0.404155,0.12678
4371,0,12,1397.06,12,1481.86,3,1,0,34.3528,0.456861,0.110281,0.166068,0.266791,0.170209,0.291304,0.409926,0.128561
4372,0,12,1397.06,12,1470.51,3,2,13,34.3356,0.469294,0.11325,0.170553,0.246904,0.176266,0.266018,0.424588,0.133128
4373,0,12,1397.06,12,1470.51,0,2,0,34.3184,0.40031,0.096575,0.145453,0.357662,0.140964,0.212757,0.53982,0.106459
4374,0,12,1397.06,12,1470.51,3,3,0,34.3013,0.363053,0.102557,0.154475,0.379915,0.153886,0.232281,0.49762,0.116212
4375,0,12,1397.06,12,1470.51,3,2,0,34.2841,0.384133,0.108484,0.163416,0.343967,0.154231,0.23282,0.498852,0.114096
4376,0,12,1397.06,12,1471,3,2,9,34.267,0.402727,0.113707,0.171297,0.312269,0.166956,0.252049,0.457493,0.123502
4377,0,12,1397.06,12,1471,2,2,0,34.2498,0.36275,0.102394,0.154267,0.380588,0.146262,0.220827,0.524723,0.108188
4378,0,12,1397.06,12,1471,0,2,9,34.2327,0.36636,0.103387,0.145874,0.384379,0.159172,0.240338,0.48276,0.11773
4379,0,12,1397.06,12,1471,1,2,0,34.2156,0.433685,0.0923854,0.130361,0.343568,0.138639,0.209353,0.549471,0.102537
4380,0,12,1397.06,12,1471,0,2,0,34.1985,0.43396,0.0918577,0.130412,0.34377,0.151663,0.229038,0.507136,0.112163
4381,0,12,1397.06,12,1471,3,2,0,34.1814,0.395004,0.0981623,0.139372,0.367462,0.164462,0.248388,0.465528,0.121621
4382,0,12,1397.06,12,1471,3,2,9,34.1643,0.416386,0.103447,0.146886,0.33328,0.176869,0.267148,0.425194,0.130788
4383,0,12,1397.06,12,1471,1,1,0,34.1472,0.373353,0.0927301,0.131678,0.402239,0.156088,0.235779,0.492718,0.115415
4384,0,12,1397.06,12,1471.21,0,3,9,34.1302,0.373796,0.0916746,0.131807,0.402722,0.159374,0.219583,0.503206,0.117837
4385,0,12,1397.06,12,1430.68,3,0,13,34.1131,0.441546,0.0817393,0.117531,0.359183,0.150324,0.207126,0.474739,0.167812
4386,0,12,1397.06,12,1430.68,0,2,0,34.096,0.361143,0.0668324,0.0961036,0.475921,0.239045,0.185483,0.425202,0.15027
4387,0,12,1397.06,12,1430.68,3,1,0,34.079,0.329237,0.0701488,0.10088,0.499734,0.255658,0.198364,0.38528,0.160699
4388,0,12,1397.06,12,1430.68,0,2,0,34.0619,0.356963,0.0760328,0.10935,0.457654,0.260394,0.183496,0.392449,0.163661
4389,0,12,1397.06,12,1430.68,2,2,0,34.0449,0.325364,0.0797478,0.114701,0.480188,0.276694,0.194969,0.354447,0.173889
4390,0,12,1397.06,12,1430.68,0,2,0,34.0279,0.326194,0.0799289,0.112426,0.481451,0.291948,0.205703,0.31889,0.183459
4391,0,12,1397.06,12,1430.68,3,0,0,34.0109,0.298988,0.0831338,0.116942,0.500936,0.306077,0.215643,0.285961,0.192319
4392,0,12,1397.06,12,1430.68,0,0,0,33.9939,0.323746,0.0899948,0.126601,0.459658,0.274282,0.22552,0.299075,0.201123
4393,0,12,1397.06,12,1430.68,2,3,0,33.9769,0.296525,0.0935954,0.131676,0.478204,0.246469,0.234159,0.310549,0.208823
4394,0,12,1397.06,12,1430.68,0,0,0,33.9599,0.297812,0.0939802,0.127881,0.480327,0.252119,0.239524,0.317682,0.190676
4395,0,12,1397.06,12,1430.68,1,0,0,33.9429,0.274408,0.0970898,0.13212,0.496382,0.228378,0.247124,0.327781,0.196717
4396,0,12,1397.06,12,1432.19,3,2,9,33.9259,0.274383,0.0971318,0.132089,0.496396,0.208387,0.253523,0.336288,0.201802
4397,0,12,1397.06,12,1432.19,0,0,0,33.909,0.237622,0.0841008,0.114375,0.563902,0.187922,0.228635,0.40146,0.181983
4398,0,12,1397.06,12,1432.19,3,0,0,33.892,0.223155,0.0856717,0.116519,0.574654,0.175564,0.232104,0.407597,0.184736
4399,0,12,1397.06,12,1432.19,0,3,0,33.8751,0.244904,0.0940034,0.127858,0.533234,0.164991,0.23507,0.412852,0.187088
4400,0,12,1397.06,12,1432.19,3,1,0,33.8581,0.229191,0.095935,0.130494,0.54438,0.167378,0.238488,0.418903,0.175231
4401,0,12,1397.06,12,1432.19,1,2,0,33.8412,0.249831,0.104557,0.14223,0.503382,0.171351,0.220331,0.428925,0.179392
4402,0,12,1397.06,12,1432.19,0,2,0,33.8243,0.249933,0.104138,0.142272,0.503658,0.182874,0.235159,0.39051,0.191457
4403,0,12,1397.06,12,1432.19,1,1,0,33.8074,0.233186,0.106439,0.145425,0.51495,0.193789,0.249207,0.354118,0.202886
4404,0,12,1397.06,12,1432.19,1,2,0,33.7905,0.233269,0.106054,0.145463,0.515215,0.199293,0.227836,0.36422,0.208651
4405,0,12,1397.06,12,1432.19,3,3,0,33.7736,0.233342,0.105706,0.145494,0.515458,0.210134,0.240236,0.329627,0.220003
4406,0,12,1397.06,12,1432.19,0,3,9,33.7567,0.252771,0.114489,0.157594,0.475146,0.215029,0.245839,0.337336,0.201796
4407,0,12,1397.06,12,1432.19,1,0,0,33.7398,0.322008,0.10386,0.142973,0.431159,0.198981,0.227498,0.312188,0.261333
4408,0,12,1397.06,12,1432.19,3,3,0,33.7229,0.322548,0.102357,0.143189,0.431906,0.182783,0.232091,0.318511,0.266616
4409,0,12,1397.06,12,1432.19,2,2,0,33.7061,0.344348,0.10925,0.152842,0.39356,0.189009,0.240008,0.329398,0.241585
4410,0,12,1397.06,12,1432.19,3,0,0,33.6892,0.347489,0.110221,0.14513,0.397161,0.198086,0.251546,0.297169,0.253199
4411,0,12,1397.06,12,1432.19,0,3,0,33.6724,0.368563,0.116879,0.153905,0.360654,0.18171,0.256679,0.303244,0.258366
4412,0,12,1397.06,12,1432.19,3,1,0,33.6555,0.333814,0.123293,0.16236,0.380533,0.187652,0.265091,0.313191,0.234066
4413,0,12,1397.06,12,1433.17,0,2,9,33.6387,0.352791,0.130276,0.171565,0.345368,0.193925,0.240479,0.323694,0.241901
4414,0,12,1397.06,12,1433.17,2,3,0,33.6219,0.420386,0.116656,0.153637,0.30932,0.174999,0.217018,0.389681,0.218302
4415,0,12,1397.06,12,1433.17,3,2,9,33.6051,0.423889,0.117598,0.146633,0.311879,0.178514,0.221387,0.397572,0.202528
4416,0,12,1397.06,12,1433.17,2,3,0,33.5883,0.380675,0.105582,0.131657,0.382086,0.157995,0.195949,0.466802,0.179254
4417,0,12,1397.06,12,1433.17,3,2,0,33.5715,0.383108,0.10623,0.126135,0.384528,0.159722,0.198099,0.472005,0.170174
4418,0,12,1397.06,12,1433.83,3,3,9,33.5547,0.405604,0.112439,0.133512,0.348445,0.171585,0.212822,0.432776,0.182817
4419,0,12,1397.06,12,1444.91,3,2,9,33.5379,0.362269,0.1004,0.119221,0.41811,0.158731,0.196887,0.400429,0.243954
4420,0,12,1397.06,12,1444.91,3,0,0,33.5212,0.319583,0.0885471,0.10515,0.48672,0.140515,0.1743,0.469207,0.215977
4421,0,12,1397.06,12,1444.91,3,2,0,33.5044,0.34499,0.0955622,0.113484,0.445963,0.135669,0.175262,0.471891,0.217178
4422,0,12,1397.06,12,1444.91,0,3,0,33.4876,0.369475,0.102318,0.121511,0.406696,0.145899,0.188488,0.432035,0.233577
4423,0,12,1397.06,12,1444.91,3,1,0,33.4709,0.335726,0.107775,0.127996,0.428504,0.149084,0.192612,0.441561,0.216743
4424,0,12,1397.06,12,1444.91,3,2,0,33.4542,0.358116,0.114936,0.136506,0.390442,0.151171,0.181196,0.447839,0.219794
4425,0,12,1397.06,12,1444.91,3,0,0,33.4374,0.379338,0.12172,0.144567,0.354375,0.161744,0.193877,0.409195,0.235184
4426,0,12,1397.06,12,1444.91,2,2,0,33.4207,0.398548,0.127855,0.151859,0.321738,0.153485,0.19577,0.413254,0.23749
4427,0,12,1397.06,12,1444.91,1,0,0,33.404,0.40192,0.128907,0.144727,0.324446,0.163147,0.208105,0.376285,0.252463
4428,0,12,1397.06,12,1444.91,3,3,0,33.3873,0.403948,0.124557,0.145427,0.326068,0.154019,0.210361,0.38041,0.25521
4429,0,12,1397.06,12,1444.91,3,0,0,33.3706,0.420886,0.129749,0.151494,0.29787,0.158283,0.216198,0.391011,0.234509
4430,0,12,1397.06,12,1444.91,3,2,0,33.3539,0.435398,0.134191,0.156685,0.273726,0.150245,0.218249,0.394768,0.236738
4431,0,12,1397.06,12,1444.91,3,1,0,33.3372,0.447825,0.137989,0.161125,0.253062,0.159083,0.231105,0.359124,0.250687
4432,0,12,1397.06,12,1444.91,3,1,9,33.3206,0.458478,0.141238,0.164924,0.235361,0.162814,0.21299,0.367607,0.25659
4433,0,12,1397.06,12,1444.91,0,1,0,33.3039,0.417291,0.12852,0.150077,0.304112,0.149771,0.275959,0.338213,0.236056
4434,0,12,1397.06,12,1444.91,2,1,0,33.2873,0.380642,0.136589,0.159506,0.323263,0.154917,0.251004,0.34989,0.244189
4435,0,12,1397.06,12,1444.91,2,0,0,33.2706,0.384412,0.137914,0.151219,0.326455,0.159274,0.229857,0.35979,0.251079
4436,0,12,1397.06,12,1439.89,0,2,13,33.254,0.387671,0.139055,0.144062,0.329212,0.150415,0.232269,0.363597,0.253718
4437,0,12,1397.06,12,1439.89,0,3,0,33.2374,0.506114,0.112147,0.116186,0.265553,0.12273,0.189534,0.480695,0.207041
4438,0,12,1397.06,12,1436.84,0,3,13,33.2207,0.46628,0.121181,0.125546,0.286993,0.124562,0.19238,0.488003,0.195055
4439,0,12,1397.06,12,1436.84,0,3,0,33.2041,0.584265,0.0943834,0.0977843,0.223568,0.108484,0.167563,0.425129,0.298824
4440,0,12,1397.06,12,1436.84,1,0,0,33.1875,0.543503,0.103628,0.107362,0.245507,0.112368,0.173576,0.440469,0.273587
4441,0,12,1397.06,12,1436.84,2,3,0,33.1709,0.543397,0.103876,0.107307,0.24542,0.110145,0.17399,0.4416,0.274264
4442,0,12,1397.06,12,1436.84,2,0,0,33.1543,0.543492,0.10386,0.107224,0.245424,0.1134,0.179148,0.454776,0.252675
4443,0,12,1397.06,12,1436.84,0,2,9,33.1378,0.543583,0.103843,0.107148,0.245426,0.11138,0.179536,0.455845,0.25324
4444,0,12,1397.06,12,1436.84,3,2,0,33.1212,0.61062,0.0885827,0.0914023,0.209395,0.09712,0.156565,0.525461,0.220854
4445,0,12,1397.06,12,1436.84,3,2,0,33.1046,0.618402,0.089677,0.092532,0.199389,0.105513,0.170112,0.484395,0.23998
4446,0,12,1397.06,12,1436.84,0,2,0,33.0881,0.625177,0.0906244,0.0935102,0.190689,0.113699,0.183327,0.444334,0.25864
4447,0,12,1397.06,12,1436.84,2,1,0,33.0715,0.585006,0.100329,0.103524,0.21114,0.121582,0.196055,0.405747,0.276617
4448,0,12,1397.06,12,1436.84,0,2,0,33.055,0.584586,0.100222,0.104247,0.210945,0.123474,0.183399,0.41216,0.280968
4449,0,12,1397.06,12,1436.84,3,0,0,33.0385,0.544055,0.109991,0.114411,0.231543,0.131223,0.194924,0.375204,0.298649
4450,0,12,1397.06,12,1436.84,0,1,0,33.022,0.553555,0.111876,0.116372,0.218197,0.125949,0.19609,0.377499,0.300462
4451,0,12,1397.06,12,1436.84,1,3,0,33.0055,0.513325,0.121949,0.126851,0.237875,0.12801,0.1828,0.383759,0.305431
4452,0,12,1397.06,12,1436.84,0,3,0,32.989,0.514314,0.120329,0.12706,0.238297,0.132911,0.189813,0.39854,0.278736
4453,0,12,1397.06,12,1436.84,0,1,9,32.9725,0.474693,0.130136,0.137417,0.257754,0.137088,0.195791,0.411154,0.255966
4454,0,12,1397.06,12,1436.84,0,1,0,32.956,0.545356,0.112622,0.118925,0.223097,0.126323,0.258828,0.378952,0.235896
4455,0,12,1397.06,12,1436.84,3,3,0,32.9395,0.505203,0.12256,0.129421,0.242816,0.129928,0.237565,0.38985,0.242657
4456,0,12,1397.06,12,1436.84,0,3,0,32.923,0.515441,0.125009,0.132008,0.227543,0.133121,0.243433,0.39952,0.223926
4457,0,12,1397.06,12,1436.84,2,1,0,32.9066,0.475972,0.135183,0.142753,0.246092,0.135839,0.248434,0.407767,0.20796
4458,0,12,1397.06,12,1436.84,3,0,0,32.8901,0.478343,0.135822,0.13855,0.247285,0.139194,0.22976,0.417931,0.213115
4459,0,12,1397.06,12,1436.84,0,2,0,32.8737,0.488692,0.138726,0.141513,0.231069,0.134187,0.231084,0.420389,0.21434
4460,0,12,1397.06,12,1436.84,0,2,0,32.8572,0.450127,0.149182,0.15218,0.248511,0.142639,0.245666,0.383834,0.227862
4461,0,12,1397.06,12,1435.86,2,1,13,32.8408,0.41289,0.159277,0.162478,0.265355,0.150639,0.259473,0.349223,0.240665
4462,0,12,1397.06,12,1435.86,3,3,0,32.8244,0.366263,0.141264,0.257105,0.235368,0.128064,0.370378,0.296939,0.204618
4463,0,12,1397.06,12,1435.86,0,0,0,32.808,0.375074,0.144634,0.263271,0.217021,0.130376,0.377143,0.30235,0.190132
4464,0,12,1397.06,12,1435.86,1,0,0,32.7916,0.340852,0.152542,0.2777,0.228906,0.125389,0.379323,0.304084,0.191204
4465,0,12,1397.06,12,1435.86,3,3,0,32.7752,0.344211,0.144223,0.280424,0.231143,0.121038,0.381227,0.305597,0.192138
4466,0,12,1397.06,12,1435.86,0,2,0,32.7588,0.352448,0.147648,0.287123,0.21278,0.122884,0.38713,0.310315,0.17967
4467,0,12,1397.06,12,1435.86,0,0,0,32.7424,0.319861,0.155066,0.301587,0.223486,0.12765,0.402238,0.283459,0.186653
4468,0,12,1397.06,12,1435.86,1,1,0,32.726,0.289532,0.161967,0.315052,0.233449,0.123664,0.404098,0.28475,0.187488
4469,0,12,1397.06,12,1435.86,3,1,0,32.7097,0.292995,0.15195,0.318825,0.236231,0.131065,0.368367,0.301843,0.198725
4470,0,12,1397.06,12,1435.86,2,2,0,32.6933,0.300537,0.155841,0.327037,0.216585,0.13804,0.334683,0.317959,0.209318
4471,0,12,1397.06,12,1435.86,3,1,0,32.677,0.314167,0.162887,0.296553,0.226392,0.144,0.349194,0.288433,0.218374
4472,0,12,1397.06,12,1425.76,0,2,13,32.6606,0.321619,0.166729,0.303584,0.208068,0.151107,0.31701,0.302711,0.229171
4473,0,12,1397.06,12,1425.76,0,3,0,32.6443,0.437639,0.138205,0.251677,0.172479,0.126367,0.265145,0.416823,0.191665
4474,0,12,1397.06,12,1425.76,1,3,0,32.628,0.401045,0.147188,0.268068,0.183698,0.128088,0.268796,0.422601,0.180515
4475,0,12,1397.06,12,1425.76,2,2,9,32.6117,0.403822,0.141334,0.269903,0.184941,0.129566,0.27194,0.427582,0.170912
4476,0,12,1397.06,12,1425.76,2,2,0,32.5954,0.364887,0.12768,0.340348,0.167084,0.113292,0.237817,0.499439,0.149452
4477,0,12,1397.06,12,1436.8,3,1,9,32.5791,0.381965,0.133628,0.30953,0.174877,0.122141,0.256432,0.460292,0.161135
4478,0,12,1397.06,12,1436.8,3,2,0,32.5628,0.354145,0.123869,0.286974,0.235012,0.110441,0.327544,0.416308,0.145707
4479,0,12,1397.06,12,1436.8,0,2,0,32.5465,0.36279,0.126866,0.293967,0.216377,0.117398,0.348254,0.379452,0.154895
4480,0,12,1397.06,12,1436.8,3,1,0,32.5302,0.329406,0.133497,0.309384,0.227712,0.123971,0.367833,0.344619,0.163577
4481,0,12,1397.06,12,1436.8,1,2,0,32.5139,0.337272,0.13666,0.316768,0.2093,0.130616,0.333866,0.363164,0.172354
4482,0,12,1397.06,12,1436.8,2,2,0,32.4977,0.339748,0.130346,0.319089,0.210816,0.137467,0.351444,0.329685,0.181404
4483,0,12,1397.06,12,1436.8,3,1,9,32.4814,0.354396,0.13594,0.28978,0.219884,0.143635,0.367282,0.299528,0.189554
4484,0,12,1397.06,12,1436.8,0,0,0,32.4652,0.325048,0.124659,0.265772,0.284521,0.127547,0.438105,0.266017,0.168332
4485,0,12,1397.06,12,1436.8,2,1,0,32.449,0.294114,0.130355,0.277959,0.297572,0.124343,0.439743,0.266985,0.168929
4486,0,12,1397.06,12,1436.8,0,2,0,32.4327,0.304854,0.135093,0.251615,0.308438,0.132562,0.402653,0.284678,0.180107
4487,0,12,1397.06,12,1436.8,1,2,0,32.4165,0.275808,0.140721,0.26213,0.321341,0.136762,0.415501,0.261914,0.185824
4488,0,12,1397.06,12,1436.8,0,1,0,32.4003,0.278079,0.133638,0.264286,0.323997,0.140348,0.426493,0.242451,0.190709
4489,0,12,1397.06,12,1436.8,2,2,0,32.3841,0.25331,0.138205,0.273356,0.33513,0.14916,0.390445,0.257701,0.202694
4490,0,12,1397.06,12,1436.8,3,0,0,32.3679,0.261517,0.142666,0.249809,0.346008,0.153071,0.40076,0.238147,0.208022
4491,0,12,1397.06,12,1436.8,3,2,0,32.3517,0.274105,0.149515,0.261831,0.314549,0.146656,0.403821,0.23994,0.209583
4492,0,12,1397.06,12,1436.8,1,1,0,32.3356,0.285821,0.155887,0.273019,0.285274,0.14988,0.41278,0.223135,0.214205
4493,0,12,1397.06,12,1444.21,3,1,9,32.3194,0.289134,0.146105,0.276181,0.288581,0.158798,0.377802,0.236432,0.226967
4494,0,12,1397.06,12,1444.21,2,2,0,32.3032,0.262107,0.13243,0.250363,0.3551,0.140333,0.450121,0.208956,0.20059
4495,0,12,1397.06,12,1444.21,0,1,0,32.2871,0.269003,0.135895,0.230639,0.364463,0.142406,0.456876,0.197151,0.203567
4496,0,12,1397.06,12,1443.6,3,1,13,32.2709,0.247441,0.139885,0.237436,0.375238,0.152044,0.420086,0.210509,0.217361
4497,0,12,1397.06,12,1443.6,3,1,9,32.2548,0.199376,0.1127,0.191313,0.496611,0.119958,0.542445,0.166095,0.171502
4498,0,12,1397.06,12,1443.6,3,0,0,32.2387,0.170857,0.0965679,0.163945,0.56863,0.101673,0.612168,0.140787,0.145371
4499,0,12,1397.06,12,1443.6,3,1,0,32.2226,0.186401,0.105342,0.17886,0.529398,0.103231,0.611163,0.140515,0.145091
4500,0,12,1397.06,12,1442.47,3,1,13,32.2064,0.201783,0.114022,0.193618,0.490577,0.113616,0.572028,0.154659,0.159697
4501,0,12,1397.06,12,1435.05,3,1,13,32.1903,0.154267,0.0871618,0.148024,0.610547,0.0839601,0.683721,0.114297,0.118021
4502,0,12,1397.06,12,1435.05,3,1,0,32.1742,0.112285,0.0634341,0.107739,0.716542,0.0594703,0.775964,0.0809636,0.0836021
4503,0,12,1397.06,12,1435.05,3,3,0,32.1582,0.126586,0.0715051,0.12146,0.680449,0.0680714,0.74355,0.092679,0.0956998
4504,0,12,1397.06,12,1435.05,3,1,0,32.1421,0.141492,0.0799162,0.135762,0.64283,0.0678464,0.741448,0.0923785,0.0983276
4505,0,12,1397.06,12,1435.05,3,3,0,32.126,0.156818,0.0885622,0.150466,0.604155,0.0769739,0.706649,0.104813,0.111564
4506,0,12,1397.06,12,1435.05,3,1,0,32.1099,0.172363,0.0973302,0.16538,0.564927,0.0768338,0.705675,0.104628,0.112863
4507,0,12,1397.06,12,1435.05,3,1,9,32.0939,0.187924,0.106105,0.180309,0.525661,0.0864117,0.668968,0.117678,0.126942
4508,0,12,1397.06,12,1435.05,3,1,9,32.0778,0.159867,0.0902533,0.153387,0.596493,0.071262,0.726991,0.097053,0.104694
4509,0,12,1397.06,12,1435.05,3,1,0,32.0618,0.133815,0.0755372,0.128391,0.662257,0.0581319,0.777281,0.0791758,0.085411
4510,0,12,1397.06,12,1435.05,1,1,0,32.0458,0.148966,0.0840802,0.142927,0.624027,0.0665885,0.744869,0.0906993,0.0978435
4511,0,12,1397.06,12,1435.05,3,3,0,32.0298,0.148474,0.0869295,0.142453,0.622143,0.0756267,0.710224,0.103016,0.111133
4512,0,12,1397.06,12,1435.05,3,0,0,32.0137,0.16385,0.0959214,0.157204,0.583025,0.0754866,0.709226,0.102832,0.112455
4513,0,12,1397.06,12,1435.05,3,1,0,31.9977,0.179335,0.104976,0.17206,0.543629,0.079179,0.706456,0.102391,0.111975
4514,0,12,1397.06,12,1435.05,2,1,0,31.9817,0.19473,0.113975,0.186828,0.504467,0.0891004,0.669659,0.115227,0.126014
4515,0,12,1397.06,12,1435.05,1,1,0,31.9657,0.196676,0.115101,0.178618,0.509605,0.0994029,0.631446,0.128557,0.140595
4516,0,12,1397.06,12,1435.05,0,1,0,31.9498,0.196783,0.114526,0.178712,0.50998,0.109954,0.592307,0.14221,0.155529
4517,0,12,1397.06,12,1435.05,3,3,0,31.9338,0.187602,0.115811,0.180732,0.515855,0.120614,0.552762,0.156005,0.170619
4518,0,12,1397.06,12,1435.05,0,3,0,31.9178,0.202526,0.125012,0.195109,0.477353,0.121427,0.556658,0.157065,0.16485
4519,0,12,1397.06,12,1435.05,2,1,0,31.9019,0.192139,0.126617,0.197632,0.483612,0.122137,0.560083,0.157991,0.159789
4520,0,12,1397.06,12,1435.05,1,1,0,31.8859,0.194425,0.128114,0.188003,0.489458,0.133059,0.520724,0.172129,0.174088
4521,0,12,1397.06,12,1435.05,3,1,9,31.87,0.194837,0.126178,0.188399,0.490586,0.143837,0.481884,0.18608,0.188199
4522,0,12,1397.06,12,1437.61,2,2,9,31.854,0.166903,0.108078,0.161387,0.563631,0.123607,0.554738,0.159917,0.161738
4523,0,12,1397.06,12,1437.61,3,2,0,31.8381,0.154174,0.0998267,0.225227,0.520772,0.114301,0.513127,0.223003,0.149569
4524,0,12,1397.06,12,1437.61,0,1,9,31.8222,0.166797,0.10799,0.243685,0.481528,0.116154,0.521603,0.210241,0.152002
4525,0,12,1397.06,12,1437.61,2,1,0,31.8063,0.229387,0.099856,0.225367,0.44539,0.0990013,0.592221,0.179215,0.129563
4526,0,12,1397.06,12,1437.61,0,3,0,31.7904,0.23372,0.101726,0.210688,0.453866,0.108735,0.552098,0.196859,0.142309
4527,0,12,1397.06,12,1437.61,3,1,0,31.7745,0.218347,0.103744,0.214899,0.463009,0.109102,0.554142,0.197547,0.13921
4528,0,12,1397.06,12,1437.61,2,0,0,31.7586,0.233813,0.111076,0.23012,0.424991,0.118881,0.514147,0.215278,0.151694
4529,0,12,1397.06,12,1437.61,2,3,0,31.7427,0.238522,0.113296,0.214581,0.433602,0.117669,0.514898,0.215555,0.151879
4530,0,12,1397.06,12,1437.61,3,1,0,31.7268,0.242558,0.115196,0.201254,0.440992,0.118278,0.517719,0.216698,0.147304
4531,0,12,1397.06,12,1437.61,3,1,0,31.711,0.258559,0.122777,0.214523,0.404141,0.127934,0.478311,0.234417,0.159337
4532,0,12,1397.06,12,1437.61,1,1,0,31.6951,0.273807,0.129998,0.227165,0.36903,0.137337,0.439933,0.251676,0.171055
4533,0,12,1397.06,12,1437.61,2,1,0,31.6793,0.275245,0.125415,0.228349,0.370991,0.146385,0.402991,0.268291,0.182333
4534,0,12,1397.06,12,1437.61,0,1,9,31.6634,0.281172,0.128095,0.211731,0.379002,0.155002,0.367808,0.284116,0.193074
4535,0,12,1397.06,12,1437.61,2,1,0,31.6476,0.352448,0.115377,0.190729,0.341446,0.137309,0.43993,0.251717,0.171043
4536,0,12,1397.06,12,1437.61,2,1,0,31.6318,0.358008,0.117171,0.177992,0.34683,0.146361,0.402968,0.268344,0.182327
4537,0,12,1397.06,12,1437.61,3,1,9,31.616,0.362763,0.118701,0.167102,0.351434,0.15498,0.367768,0.28418,0.193072
4538,0,12,1397.06,12,1437.61,3,2,0,31.6002,0.322623,0.105543,0.148589,0.423246,0.13728,0.439934,0.251756,0.17103
4539,0,12,1397.06,12,1437.61,2,0,0,31.5844,0.343053,0.112201,0.157974,0.386772,0.140502,0.450362,0.234086,0.175051
4540,0,12,1397.06,12,1437.61,0,2,0,31.5686,0.346201,0.113206,0.150264,0.39033,0.136258,0.452619,0.235228,0.175895
4541,0,12,1397.06,12,1437.61,0,1,0,31.5528,0.315977,0.11842,0.157194,0.40841,0.138947,0.461662,0.220015,0.179375
4542,0,12,1397.06,12,1437.61,3,2,0,31.537,0.290027,0.122893,0.16314,0.42394,0.148603,0.42422,0.235326,0.19185
4543,0,12,1397.06,12,1437.61,0,1,0,31.5212,0.308072,0.130517,0.173271,0.38814,0.151658,0.433034,0.219503,0.195805
4544,0,12,1397.06,12,1437.61,1,1,0,31.5055,0.282575,0.135307,0.179642,0.402476,0.161313,0.396913,0.233493,0.208281
4545,0,12,1397.06,12,1437.61,1,3,0,31.4897,0.283962,0.13105,0.180507,0.40448,0.170494,0.362557,0.246802,0.220147
4546,0,12,1397.06,12,1437.61,3,3,0,31.474,0.285179,0.127313,0.181264,0.406243,0.173889,0.369832,0.251735,0.204544
4547,0,12,1397.06,12,1437.61,3,1,0,31.4582,0.301818,0.13472,0.191823,0.371639,0.176788,0.376053,0.255949,0.19121
4548,0,12,1397.06,12,1437.61,1,2,0,31.4425,0.317543,0.141716,0.201798,0.338943,0.186114,0.343112,0.269473,0.201301
4549,0,12,1397.06,12,1437.61,0,1,0,31.4268,0.319889,0.135389,0.203271,0.341452,0.191773,0.353587,0.247214,0.207425
4550,0,12,1397.06,12,1437.61,0,1,0,31.4111,0.29156,0.141012,0.21173,0.355698,0.201077,0.322209,0.259221,0.217492
4551,0,12,1397.06,12,1437.61,2,1,0,31.3954,0.267362,0.145811,0.218954,0.367873,0.20976,0.292926,0.270428,0.226887
4552,1,12,1397.06,12,1437.61,1,3,0,31.3797,0.272402,0.148542,0.204225,0.374831,0.217805,0.265788,0.280814,0.235592
4553,1,12,1397.06,12,1437.61,1,2,0,31.364,0.0688217,0.336572,0.421434,0.173172,0.229912,0.172994,0.277611,0.319483
4554,1,12,1397.06,12,1437.61,2,2,0,31.3483,0.0778293,0.249531,0.476766,0.195874,0.254137,0.191211,0.201483,0.353169
4555,1,12,1397.06,13,1454.32,2,0,9,31.3326,0.0938919,0.3011,0.368666,0.236342,0.271374,0.204168,0.147312,0.377147
4556,1,12,1397.06,13,1454.32,2,1,0,31.317,0.0934749,0.299833,0.371356,0.235336,0.280509,0.201598,0.145448,0.372445
4557,1,12,1397.06,13,1454.32,2,1,0,31.3013,0.107591,0.345192,0.276292,0.270925,0.299325,0.14804,0.155184,0.39745
4558,1,12,1397.06,13,1455.34,3,2,9,31.2856,0.118596,0.38059,0.202122,0.298693,0.312545,0.110411,0.162016,0.415027
4559,1,12,1397.06,13,1455.34,3,2,0,31.27,0.117158,0.376061,0.199692,0.30709,0.306942,0.108409,0.177039,0.40761
4560,1,12,1397.06,13,1455.34,0,0,0,31.2544,0.1307,0.41963,0.222799,0.226871,0.32396,0.114396,0.131411,0.430234
4561,1,12,1397.06,13,1455.34,3,3,0,31.2387,0.0987698,0.435072,0.230968,0.23519,0.241841,0.128269,0.147352,0.482538
4562,1,12,1397.06,13,1455.34,1,3,0,31.2231,0.106518,0.469342,0.24913,0.17501,0.291496,0.154586,0.177588,0.37633
4563,1,12,1397.06,13,1455.34,1,0,0,31.2075,0.127529,0.364597,0.298322,0.209551,0.335352,0.177821,0.204286,0.28254
4564,0,12,1397.06,13,1407.53,0,2,13,31.1919,0.145905,0.27296,0.341366,0.23977,0.24865,0.201008,0.230931,0.319411
4565,0,12,1397.06,13,1412.12,0,1,9,31.1763,0.204589,0.360389,0.153269,0.281753,0.148456,0.181255,0.19153,0.47876
4566,0,12,1397.06,13,1412.12,0,1,0,31.1607,0.26931,0.331081,0.140781,0.258828,0.136498,0.247089,0.176112,0.440301
4567,0,12,1397.06,13,1412.12,1,3,0,31.1451,0.245458,0.341906,0.145359,0.267277,0.139582,0.229966,0.180099,0.450353
4568,0,12,1397.06,13,1412.12,0,3,0,31.1296,0.257376,0.309966,0.1524,0.280258,0.149033,0.245562,0.192303,0.413102
4569,0,12,1397.06,13,1411.11,3,1,13,31.114,0.234383,0.319575,0.157102,0.28894,0.158059,0.26046,0.20396,0.377521
4570,0,12,1397.06,13,1411.11,0,1,0,31.0984,0.196115,0.267414,0.131441,0.40503,0.133223,0.3766,0.171921,0.318257
4571,0,12,1397.06,13,1411.11,2,1,0,31.0829,0.184024,0.271431,0.133397,0.411149,0.140556,0.34222,0.181393,0.335832
4572,0,12,1397.06,12,1425.86,3,0,13,31.0674,0.18494,0.272804,0.128993,0.413263,0.147415,0.310047,0.190255,0.352283
4573,0,12,1397.06,12,1425.86,0,3,0,31.0518,0.145994,0.215371,0.101821,0.536813,0.237711,0.277213,0.170091,0.314985
4574,0,12,1397.06,12,1425.86,1,1,0,31.0363,0.142169,0.216315,0.102252,0.539264,0.248351,0.28963,0.177692,0.284328
4575,0,12,1397.06,12,1425.86,3,1,0,31.0208,0.144249,0.204711,0.103741,0.547299,0.258367,0.260985,0.184846,0.295803
4576,0,12,1397.06,12,1425.86,2,2,0,31.0053,0.157018,0.222848,0.112917,0.507218,0.266911,0.236549,0.190946,0.305594
4577,0,12,1397.06,12,1425.86,3,1,0,30.9898,0.157134,0.223028,0.112127,0.507711,0.271679,0.240769,0.17649,0.311062
4578,0,12,1397.06,12,1425.86,3,3,0,30.9743,0.169706,0.24089,0.121091,0.468313,0.279152,0.219893,0.181329,0.319626
4579,0,12,1397.06,12,1425.86,0,2,0,30.9588,0.181911,0.258232,0.129791,0.430066,0.291614,0.229698,0.189408,0.28928
4580,0,12,1397.06,12,1425.86,1,2,0,30.9433,0.172319,0.261252,0.13129,0.435139,0.296851,0.233812,0.174862,0.294475
4581,0,12,1397.06,12,1425.86,1,0,0,30.9278,0.176729,0.242269,0.134643,0.446358,0.301291,0.237298,0.162531,0.298879
4582,0,12,1397.06,12,1425.86,0,3,0,30.9124,0.180506,0.225999,0.137513,0.455982,0.272506,0.247074,0.169214,0.311206
4583,0,12,1397.06,12,1425.86,1,2,0,30.8969,0.1719,0.228358,0.138935,0.460807,0.284115,0.257594,0.176406,0.281885
4584,0,12,1397.06,12,1425.86,3,2,0,30.8815,0.175018,0.214275,0.141449,0.469258,0.28852,0.261583,0.163641,0.286256
4585,0,12,1397.06,12,1487.76,2,1,9,30.866,0.187399,0.229442,0.151448,0.431712,0.292265,0.264973,0.152792,0.28997
4586,0,12,1397.06,12,1425.86,2,1,13,30.8506,0.174165,0.213248,0.211296,0.401292,0.265531,0.332224,0.138798,0.263446
4587,0,12,1397.06,12,1425.86,0,3,0,30.8352,0.150023,0.183696,0.320557,0.345724,0.217647,0.452661,0.113754,0.215938
4588,0,12,1397.06,12,1425.86,1,0,0,30.8197,0.141846,0.185446,0.323647,0.349062,0.221256,0.460234,0.115625,0.202884
4589,0,12,1397.06,12,1425.86,2,1,0,30.8043,0.144023,0.172826,0.328668,0.354483,0.207835,0.468206,0.117595,0.206365
4590,0,12,1397.06,12,1425.86,2,1,0,30.7889,0.150533,0.180645,0.298251,0.370572,0.2226,0.430441,0.125935,0.221025
4591,0,12,1397.06,12,1425.86,3,3,0,30.7735,0.156082,0.187312,0.272302,0.384304,0.236776,0.394184,0.13394,0.2351
4592,0,12,1397.06,12,1425.86,3,1,0,30.7582,0.164842,0.197831,0.287616,0.349711,0.241935,0.402815,0.136843,0.218407
4593,0,12,1397.06,12,1425.86,1,3,0,30.7428,0.173057,0.207697,0.301983,0.317264,0.256023,0.368062,0.144794,0.23112
4594,0,12,1397.06,12,1425.86,2,2,0,30.7274,0.176562,0.191575,0.308134,0.323729,0.261638,0.376161,0.147953,0.214249
4595,0,12,1397.06,12,1425.86,3,1,0,30.712,0.183869,0.199507,0.279456,0.337168,0.263565,0.37896,0.141657,0.215818
4596,0,12,1397.06,12,1425.86,3,1,0,30.6967,0.192524,0.208902,0.292636,0.305938,0.277685,0.345716,0.149227,0.227371
4597,0,12,1397.06,12,1425.86,0,3,0,30.6813,0.200555,0.21762,0.304868,0.276957,0.290936,0.314523,0.156329,0.238212
4598,0,12,1397.06,12,1425.86,3,0,0,30.666,0.185334,0.221754,0.310681,0.282232,0.298387,0.322583,0.160313,0.218717
4599,0,12,1397.06,12,1425.86,1,3,0,30.6507,0.191928,0.229651,0.321767,0.256654,0.271782,0.334834,0.166378,0.227006
4600,0,12,1397.06,12,1425.86,1,0,0,30.6353,0.196452,0.211443,0.329386,0.26272,0.277762,0.342216,0.170022,0.209999
4601,0,12,1397.06,12,1425.86,1,3,0,30.62,0.200294,0.195972,0.335862,0.267873,0.254794,0.353121,0.175415,0.216669
4602,0,12,1397.06,12,1425.86,1,3,0,30.6047,0.203565,0.182787,0.341383,0.272264,0.259618,0.35983,0.178723,0.201828
4603,0,12,1397.06,12,1425.86,0,2,9,30.5894,0.206361,0.171513,0.346107,0.276019,0.263747,0.365576,0.181551,0.189126
4604,0,12,1397.06,12,1425.86,3,2,0,30.5741,0.272287,0.157251,0.317371,0.253091,0.243118,0.337005,0.245554,0.174323
4605,0,12,1397.06,12,1425.86,2,3,0,30.5588,0.28013,0.161763,0.326522,0.231586,0.249326,0.345632,0.226281,0.178761
4606,0,12,1397.06,12,1425.86,0,2,0,30.5435,0.292603,0.168947,0.296561,0.241889,0.252489,0.35004,0.229147,0.168324
4607,0,12,1397.06,12,1425.86,2,1,9,30.5283,0.265327,0.175449,0.308008,0.251216,0.257913,0.357583,0.212577,0.171927
4608,0,12,1397.06,12,1425.86,2,1,9,30.513,0.238136,0.157456,0.378939,0.225469,0.22788,0.432408,0.187817,0.151895
4609,0,12,1397.06,12,1425.86,2,1,9,30.4978,0.209391,0.138438,0.45392,0.198251,0.197172,0.508913,0.162501,0.131415
4610,0,12,1397.06,12,1425.86,0,3,0,30.4825,0.180399,0.11926,0.529542,0.170799,0.167216,0.583538,0.137807,0.11144
4611,0,12,1397.06,12,1425.86,0,1,0,30.4673,0.173388,0.120256,0.53412,0.172237,0.167038,0.583062,0.137655,0.112246
4612,0,12,1397.06,12,1425.86,1,1,0,30.452,0.167259,0.121122,0.538129,0.17349,0.182504,0.544473,0.150394,0.122629
4613,0,12,1397.06,12,1425.86,0,0,0,30.4368,0.167373,0.120395,0.538622,0.17361,0.197879,0.506114,0.163058,0.132949
4614,0,12,1397.06,12,1433.71,2,1,9,30.4216,0.161999,0.121146,0.542148,0.174707,0.188945,0.511797,0.164852,0.134406
4615,0,12,1397.06,12,1433.71,2,1,0,30.4064,0.136385,0.101986,0.614544,0.147086,0.160053,0.586462,0.13964,0.113846
4616,0,12,1397.06,12,1433.71,2,1,0,30.3912,0.150149,0.112272,0.575646,0.161933,0.174958,0.547961,0.152641,0.12444
4617,0,12,1397.06,12,1433.71,1,2,0,30.376,0.163975,0.122603,0.536576,0.176846,0.189792,0.509648,0.165578,0.134982
4618,0,12,1397.06,12,1433.71,0,2,0,30.3608,0.164112,0.12174,0.537152,0.176996,0.190973,0.512919,0.160296,0.135812
4619,0,12,1397.06,12,1433.71,2,2,0,30.3456,0.159089,0.122446,0.540428,0.178036,0.192007,0.515799,0.155656,0.136538
4620,0,12,1397.06,12,1433.71,3,1,0,30.3304,0.1725,0.132761,0.50169,0.193049,0.192915,0.51834,0.15157,0.137174
4621,0,12,1397.06,12,1433.71,3,1,0,30.3153,0.174345,0.134174,0.507165,0.184316,0.208025,0.480633,0.163434,0.147908
4622,0,12,1397.06,12,1433.71,3,3,0,30.3001,0.175947,0.1354,0.511936,0.176717,0.222755,0.443876,0.174998,0.158371
4623,0,12,1397.06,12,1433.71,3,2,0,30.285,0.177343,0.136467,0.516105,0.170085,0.22421,0.446837,0.176133,0.152819
4624,0,12,1397.06,12,1433.71,2,0,0,30.2698,0.17856,0.137397,0.51976,0.164283,0.226224,0.450914,0.168681,0.15418
4625,0,12,1397.06,12,1433.71,0,3,0,30.2547,0.19272,0.148285,0.481688,0.177307,0.213143,0.458576,0.171514,0.156767
4626,0,12,1397.06,12,1433.71,2,2,0,30.2396,0.18385,0.149892,0.487023,0.179235,0.214383,0.461314,0.172504,0.151799
4627,0,12,1397.06,12,1433.71,3,1,0,30.2244,0.197179,0.160752,0.449841,0.192229,0.21608,0.465038,0.16589,0.152991
4628,0,12,1397.06,12,1433.71,0,1,0,30.2093,0.199456,0.162602,0.455111,0.182831,0.230576,0.42917,0.17701,0.163243
4629,0,12,1397.06,12,1433.71,2,1,0,30.1942,0.189396,0.164625,0.460869,0.18511,0.244504,0.394711,0.187692,0.173092
4630,0,12,1397.06,12,1433.71,2,1,0,30.1791,0.202091,0.175655,0.424737,0.197517,0.257762,0.361913,0.19786,0.182465
4631,0,12,1397.06,12,1433.71,0,0,0,30.164,0.21427,0.186235,0.390076,0.209419,0.270277,0.330958,0.207455,0.191311
4632,0,12,1397.06,12,1430.2,2,1,13,30.149,0.200936,0.189381,0.396722,0.212961,0.248408,0.340895,0.213664,0.197033
4633,0,12,1397.06,12,1430.2,3,1,0,30.1339,0.158482,0.149366,0.524185,0.167968,0.201301,0.465896,0.17314,0.159662
4634,0,12,1397.06,12,1430.2,0,2,0,30.1188,0.159447,0.150274,0.527505,0.162774,0.214768,0.43018,0.184718,0.170335
4635,0,12,1397.06,12,1430.2,3,1,0,30.1038,0.155227,0.151004,0.530201,0.163568,0.216989,0.434688,0.176235,0.172088
4636,0,12,1397.06,12,1424.01,3,1,13,30.0887,0.156054,0.151808,0.533156,0.158982,0.230214,0.400248,0.186969,0.182568
4637,0,12,1397.06,12,1424.01,3,2,0,30.0737,0.13704,0.133311,0.468312,0.261336,0.181002,0.528467,0.146996,0.143535
4638,0,12,1397.06,12,1424.01,1,1,0,30.0586,0.140279,0.136461,0.479498,0.243763,0.18155,0.530181,0.144306,0.143963
4639,0,12,1397.06,12,1424.01,2,2,0,30.0436,0.140747,0.133431,0.481217,0.244604,0.195957,0.492913,0.15575,0.15538
4640,0,12,1397.06,12,1424.01,1,1,0,30.0286,0.15094,0.143092,0.443622,0.262346,0.196886,0.495341,0.151663,0.156109
4641,0,12,1397.06,12,1424.01,3,0,0,30.0136,0.151674,0.138795,0.445878,0.263652,0.211127,0.458855,0.162625,0.167393
4642,0,12,1397.06,12,1424.01,2,1,0,29.9985,0.155406,0.142207,0.456945,0.245442,0.200335,0.465172,0.16483,0.169663
4643,0,12,1397.06,12,1424.01,2,2,0,29.9835,0.165851,0.151762,0.420424,0.261963,0.21362,0.429717,0.175754,0.180909
4644,0,12,1397.06,12,1424.01,2,1,0,29.9686,0.175854,0.160913,0.385444,0.277789,0.215508,0.433574,0.168418,0.182501
4645,0,12,1397.06,12,1424.01,0,0,9,29.9536,0.185343,0.169593,0.35226,0.292804,0.228515,0.399401,0.178574,0.19351
4646,0,12,1397.06,12,1424.01,1,1,0,29.9386,0.249658,0.156188,0.324464,0.26969,0.300889,0.36196,0.161808,0.175344
4647,0,12,1397.06,12,1424.01,1,2,0,29.9236,0.252202,0.147568,0.327787,0.272442,0.315632,0.330737,0.169715,0.183916
4648,0,12,1397.06,12,1424.01,2,3,0,29.9087,0.254391,0.140146,0.330651,0.274812,0.319236,0.334517,0.160251,0.185996
4649,0,12,1397.06,12,1424.01,2,1,0,29.8937,0.265875,0.146455,0.300448,0.287222,0.323692,0.339189,0.162465,0.174655
4650,0,12,1397.06,12,1424.49,0,1,9,29.8788,0.27653,0.152306,0.272427,0.298737,0.338234,0.309548,0.16974,0.182478
4651,0,12,1397.06,12,1405.71,3,1,13,29.8638,0.346605,0.13754,0.246044,0.269811,0.30165,0.384269,0.15136,0.162721
4652,0,12,1397.06,12,1405.71,0,1,9,29.8489,0.290169,0.115124,0.205967,0.38874,0.239019,0.512144,0.119917,0.12892
4653,0,12,1397.06,12,1405.71,0,0,0,29.834,0.364466,0.103057,0.1844,0.348078,0.201887,0.587961,0.101274,0.108879
4654,0,12,1397.06,12,1405.71,3,1,9,29.819,0.33089,0.108483,0.194132,0.366495,0.194082,0.593765,0.102237,0.109916
4655,0,12,1397.06,12,1405.71,3,0,0,29.8041,0.292086,0.0957398,0.171347,0.440827,0.160601,0.663864,0.0845901,0.0909447
4656,0,12,1397.06,12,1405.71,0,1,9,29.7892,0.311643,0.102127,0.1828,0.40343,0.157885,0.666069,0.084836,0.0912105
4657,0,12,1397.06,12,1405.71,0,1,0,29.7743,0.386936,0.0909389,0.162793,0.359332,0.128505,0.728225,0.0690408,0.0742295
4658,0,12,1397.06,12,1405.71,3,1,9,29.7595,0.351575,0.0961658,0.17217,0.380089,0.144781,0.693821,0.0777756,0.083622
4659,0,12,1397.06,12,1405.71,3,1,9,29.7446,0.309406,0.0846094,0.151497,0.454487,0.117144,0.752283,0.0629211,0.0676519
4660,0,12,1397.06,12,1405.71,2,1,9,29.7297,0.266895,0.0729654,0.130663,0.529477,0.0937112,0.801847,0.0503286,0.0541134
4661,0,12,1397.06,12,1405.71,3,1,0,29.7148,0.249173,0.0681029,0.188336,0.494388,0.0743419,0.842813,0.0399212,0.0429239
4662,0,12,1397.06,12,1405.71,1,1,0,29.7,0.269157,0.0735457,0.203429,0.453868,0.0864334,0.817258,0.0464085,0.0498999
4663,0,12,1397.06,12,1405.71,3,1,0,29.6851,0.268704,0.0750696,0.203075,0.453152,0.0997175,0.789185,0.0535344,0.0575628
4664,0,12,1397.06,12,1405.71,0,0,0,29.6703,0.28795,0.0804261,0.217608,0.414016,0.114136,0.758717,0.0612677,0.0658789
4665,0,12,1397.06,12,1405.71,3,1,9,29.6555,0.263961,0.0831147,0.224928,0.427997,0.115946,0.757221,0.0611161,0.0657168
4666,0,12,1397.06,12,1405.71,3,2,0,29.6406,0.229434,0.0722265,0.195501,0.502839,0.0926545,0.806004,0.0488326,0.0525094
4667,0,12,1397.06,12,1405.71,0,2,0,29.6258,0.248141,0.0780974,0.211434,0.462328,0.0921341,0.801824,0.0538333,0.0522086
4668,0,12,1397.06,12,1405.71,2,1,0,29.611,0.230468,0.0799111,0.216387,0.473233,0.091623,0.797721,0.0587428,0.0519131
4669,0,12,1397.06,12,1405.71,0,1,9,29.5962,0.234407,0.0812596,0.202943,0.48139,0.105228,0.767698,0.0674594,0.0596148
4670,0,12,1397.06,12,1405.71,3,1,0,29.5814,0.307258,0.0735072,0.183615,0.435619,0.0839883,0.814597,0.0538383,0.0475765
4671,0,12,1397.06,12,1405.71,0,1,9,29.5666,0.328339,0.078528,0.196193,0.396941,0.0969303,0.786039,0.0621289,0.0549014
4672,0,12,1397.06,12,1405.71,3,1,0,29.5518,0.402592,0.0698295,0.174492,0.353086,0.0771198,0.829778,0.0494266,0.0436757
4673,0,12,1397.06,12,1405.71,3,1,0,29.537,0.422873,0.0733215,0.183252,0.320553,0.0894108,0.802659,0.0572989,0.0506309
4674,0,12,1397.06,12,1405.22,0,1,13,29.5223,0.440262,0.0763097,0.190755,0.292673,0.102841,0.773031,0.0658995,0.0582291
4675,0,12,1397.06,12,1405.22,0,1,9,29.5075,0.565475,0.0592272,0.14808,0.227217,0.0691776,0.847333,0.0443246,0.0391645
4676,0,12,1397.06,12,1405.22,0,1,0,29.4928,0.634882,0.0497566,0.124425,0.190936,0.0545539,0.879613,0.0349516,0.0308818
4677,0,12,1397.06,12,1405.22,3,0,0,29.478,0.593542,0.0553791,0.13851,0.212569,0.0643062,0.8581,0.0411959,0.0363982
4678,0,12,1397.06,12,1405.22,0,1,0,29.4633,0.602108,0.0561517,0.140468,0.201272,0.0688195,0.854004,0.0409744,0.0362016
4679,0,12,1397.06,12,1405.22,2,3,0,29.4485,0.560469,0.0620158,0.155166,0.222349,0.080457,0.829327,0.0478984,0.042318
4680,0,12,1397.06,12,1405.22,3,1,9,29.4338,0.563928,0.0623711,0.150021,0.22368,0.0800134,0.825139,0.0476293,0.0472181
4681,0,12,1397.06,12,1405.22,3,1,9,29.4191,0.510613,0.0564495,0.135801,0.297136,0.0633266,0.861614,0.0376923,0.0373668
4682,0,12,1397.06,12,1405.22,3,1,0,29.4044,0.454933,0.0502718,0.120961,0.373835,0.0499025,0.890956,0.0296991,0.0294426
4683,0,12,1397.06,12,1405.22,3,1,0,29.3897,0.479719,0.0529874,0.127517,0.339776,0.0591465,0.870764,0.035197,0.0348929
4684,0,12,1397.06,12,1405.22,0,1,0,29.375,0.501066,0.0553209,0.133156,0.310457,0.0695859,0.847962,0.041405,0.0410472
4685,0,12,1397.06,12,1423.99,3,1,9,29.3603,0.459141,0.0599537,0.144333,0.336572,0.0812427,0.822503,0.048336,0.0479182
4686,0,12,1397.06,12,1423.99,0,1,0,29.3456,0.406502,0.0530585,0.127756,0.412684,0.0643043,0.859518,0.0382544,0.0379237
4687,0,12,1397.06,12,1423.99,3,1,0,29.331,0.3677,0.0565091,0.136088,0.439703,0.0753666,0.83536,0.0448307,0.044443
4688,0,12,1397.06,12,1423.99,3,1,0,29.3163,0.394113,0.0605458,0.145835,0.399506,0.087646,0.808546,0.0521294,0.0516786
4689,0,12,1397.06,12,1423.99,3,1,0,29.3016,0.419181,0.0643727,0.15508,0.361366,0.101111,0.779145,0.060132,0.0596119
4690,0,12,1397.06,12,1423.99,0,1,0,29.287,0.440984,0.0676955,0.163114,0.328207,0.115692,0.747311,0.068796,0.0682008
4691,0,12,1397.06,12,1423.99,2,0,0,29.2723,0.401593,0.0724484,0.174597,0.351361,0.131275,0.713292,0.0780543,0.0773789
4692,0,12,1397.06,12,1423.99,0,1,0,29.2577,0.406769,0.0733569,0.163995,0.35588,0.131177,0.713429,0.0780348,0.0773594
4693,0,12,1397.06,12,1423.99,0,1,9,29.2431,0.369152,0.0779902,0.174381,0.378477,0.147606,0.677556,0.087799,0.087039
4694,0,12,1397.06,12,1423.99,3,1,0,29.2284,0.443004,0.068844,0.153955,0.334197,0.11985,0.738203,0.0712821,0.0706648
4695,0,12,1397.06,12,1423.99,2,1,0,29.2138,0.462343,0.0718226,0.160642,0.305192,0.13569,0.70362,0.0806945,0.0799956
4696,0,12,1397.06,12,1423.99,3,1,0,29.1992,0.46646,0.0724352,0.153221,0.307884,0.152334,0.667284,0.0905834,0.0897987
4697,0,12,1397.06,12,1423.99,2,1,0,29.1846,0.48335,0.07503,0.158734,0.282886,0.16959,0.629616,0.100834,0.0999603
4698,0,12,1397.06,12,1423.99,2,0,0,29.17,0.487194,0.0755986,0.152102,0.285105,0.187242,0.591087,0.111318,0.110353
4699,0,12,1397.06,12,1423.99,3,1,0,29.1554,0.490547,0.0760905,0.146325,0.287037,0.180583,0.595984,0.112203,0.11123
4700,0,12,1397.06,12,1423.99,2,0,0,29.1409,0.505474,0.0783767,0.150741,0.265408,0.197929,0.557201,0.122968,0.121902
4701,0,12,1397.06,12,1423.35,0,3,13,29.1263,0.508592,0.0788307,0.145568,0.26701,0.189698,0.56297,0.124204,0.123127
4702,0,12,1397.06,12,1423.35,3,1,0,29.1117,0.631491,0.0591054,0.109157,0.200247,0.170038,0.504732,0.111322,0.213909
4703,0,12,1397.06,12,1423.35,0,1,0,29.0972,0.638661,0.0597482,0.110357,0.191233,0.183403,0.465802,0.120062,0.230733
4704,0,12,1397.06,12,1420.37,3,1,13,29.0826,0.598169,0.066433,0.122719,0.212678,0.19637,0.428033,0.128539,0.247058
4705,0,12,1397.06,12,1420.37,1,1,0,29.0681,0.509021,0.0565072,0.104397,0.330075,0.152298,0.556402,0.0996823,0.191618
4706,0,12,1397.06,12,1420.37,3,0,0,29.0536,0.507559,0.0592789,0.104064,0.329099,0.165961,0.516605,0.108616,0.208818
4707,0,12,1397.06,12,1420.37,3,1,0,29.039,0.528078,0.0616489,0.108237,0.302036,0.15999,0.520348,0.109369,0.210293
4708,0,12,1397.06,12,1420.37,2,1,0,29.0245,0.545716,0.0636806,0.111816,0.278787,0.173075,0.481115,0.118305,0.227505
4709,0,12,1397.06,12,1420.37,0,0,0,29.01,0.546391,0.063732,0.110783,0.279094,0.185829,0.442875,0.127013,0.244284
4710,0,12,1397.06,12,1420.37,0,0,0,28.9955,0.504382,0.0696196,0.121031,0.304967,0.176295,0.448094,0.128478,0.247133
4711,0,12,1397.06,12,1420.37,0,3,0,28.981,0.463134,0.075398,0.131091,0.330377,0.168042,0.452618,0.129742,0.249598
4712,0,12,1397.06,12,1420.37,0,2,9,28.9665,0.423176,0.0809928,0.140834,0.354997,0.171778,0.462771,0.13262,0.232831
4713,0,12,1397.06,12,1420.37,0,3,0,28.952,0.498363,0.070421,0.122465,0.308751,0.160159,0.431555,0.191191,0.217096
4714,0,12,1397.06,12,1420.37,0,1,9,28.9375,0.45725,0.0761766,0.132489,0.334085,0.162942,0.439142,0.19452,0.203396
4715,0,12,1397.06,12,1420.37,2,3,0,28.9231,0.532247,0.0656368,0.11417,0.287946,0.140427,0.516625,0.167649,0.175299
4716,0,12,1397.06,12,1420.37,0,2,0,28.9086,0.533137,0.0657189,0.112753,0.288392,0.141602,0.521083,0.169057,0.168258
4717,0,12,1397.06,12,1420.37,3,3,0,28.8942,0.491274,0.071597,0.122851,0.314279,0.142641,0.52504,0.162822,0.169497
4718,0,12,1397.06,12,1420.37,0,3,0,28.8797,0.509401,0.0742102,0.127348,0.289041,0.143678,0.528998,0.164011,0.163313
4719,0,12,1397.06,12,1420.37,3,1,0,28.8653,0.468351,0.0804044,0.137993,0.313252,0.144583,0.532469,0.165049,0.157899
4720,0,12,1397.06,12,1419.76,0,1,13,28.8508,0.485744,0.083361,0.143082,0.287813,0.156732,0.493176,0.178922,0.17117
4721,0,12,1397.06,12,1419.76,1,1,0,28.8364,0.610701,0.0630947,0.108309,0.217895,0.117704,0.619374,0.134372,0.128549
4722,0,12,1397.06,12,1419.76,3,0,0,28.822,0.608577,0.0664349,0.107895,0.217093,0.129906,0.579913,0.148305,0.141877
4723,0,12,1397.06,12,1419.76,0,1,0,28.8076,0.617514,0.0673806,0.109441,0.205664,0.128544,0.580874,0.14851,0.142072
4724,0,12,1397.06,12,1419.76,0,3,0,28.7932,0.576328,0.0746251,0.12122,0.227827,0.140716,0.541177,0.162578,0.155528
4725,0,12,1397.06,12,1419.76,0,0,0,28.7788,0.53489,0.0819118,0.133069,0.250129,0.141422,0.544039,0.163398,0.15114
4726,0,12,1397.06,12,1419.76,3,1,0,28.7644,0.493789,0.0891371,0.144821,0.272253,0.138555,0.545906,0.16392,0.15162
4727,0,12,1397.06,12,1419.76,2,0,0,28.75,0.507234,0.0915328,0.148728,0.252505,0.150578,0.506492,0.17815,0.16478
4728,0,12,1397.06,12,1419.76,3,0,0,28.7356,0.510183,0.0920333,0.143847,0.253937,0.146266,0.509108,0.179033,0.165593
4729,0,12,1397.06,12,1419.76,0,1,0,28.7213,0.521868,0.094109,0.147104,0.236919,0.14247,0.511417,0.179807,0.166307
4730,0,12,1397.06,12,1419.76,3,1,0,28.7069,0.481523,0.102038,0.159512,0.256927,0.153765,0.472665,0.194072,0.179498
4731,0,12,1397.06,12,1419.76,2,1,0,28.6926,0.493129,0.104465,0.163321,0.239085,0.164747,0.434988,0.207942,0.192323
4732,0,12,1397.06,12,1419.76,0,1,0,28.6782,0.496983,0.105248,0.15685,0.240919,0.175304,0.398763,0.221278,0.204655
4733,0,12,1397.06,12,1419.76,1,2,0,28.6639,0.457499,0.113498,0.169157,0.259846,0.18535,0.364291,0.233969,0.216389
4734,0,12,1397.06,12,1419.76,0,1,9,28.6495,0.458367,0.111879,0.169444,0.260309,0.189522,0.372541,0.21667,0.221267
4735,0,12,1397.06,12,1425.13,3,2,9,28.6352,0.535414,0.095954,0.145338,0.223295,0.166116,0.450024,0.189915,0.193945
4736,0,12,1397.06,12,1425.13,3,1,0,28.6209,0.483934,0.0866983,0.13133,0.298038,0.151888,0.411561,0.259211,0.177339
4737,0,12,1397.06,12,1425.13,3,2,0,28.6066,0.499926,0.0895325,0.135634,0.274908,0.161101,0.375832,0.274964,0.188103
4738,0,12,1397.06,12,1425.13,0,2,0,28.5923,0.513655,0.0919596,0.139322,0.255063,0.166074,0.387498,0.252514,0.193915
4739,0,12,1397.06,12,1425.13,0,1,0,28.578,0.473301,0.0995769,0.150876,0.276247,0.170312,0.397453,0.233367,0.198869
4740,0,12,1397.06,12,1425.13,0,0,0,28.5637,0.434071,0.10698,0.162105,0.296844,0.180082,0.362865,0.24677,0.210284
4741,0,12,1397.06,12,1425.13,3,2,0,28.5494,0.396394,0.114087,0.172889,0.31663,0.169399,0.367611,0.249978,0.213011
4742,0,12,1397.06,12,1425.13,3,1,0,28.5351,0.412321,0.118641,0.179806,0.289232,0.173734,0.377078,0.230714,0.218473
4743,0,12,1397.06,12,1425.13,2,1,0,28.5209,0.425945,0.122531,0.185717,0.265808,0.182983,0.343893,0.24301,0.230114
4744,0,12,1397.06,12,1425.13,3,3,0,28.5066,0.431349,0.124055,0.175441,0.269155,0.191656,0.312771,0.254542,0.241031
4745,0,12,1397.06,12,1425.13,3,2,0,28.4924,0.443306,0.127462,0.180272,0.24896,0.196686,0.321012,0.261238,0.221064
4746,0,12,1397.06,12,1425.13,1,2,0,28.4781,0.453554,0.130376,0.184406,0.231664,0.202562,0.330634,0.239132,0.227673
4747,0,12,1397.06,12,1425.13,0,2,0,28.4639,0.455224,0.127238,0.185052,0.232486,0.20755,0.33881,0.220354,0.233285
4748,0,12,1397.06,12,1425.13,0,3,0,28.4496,0.417774,0.135975,0.197772,0.248479,0.211794,0.345772,0.204372,0.238061
4749,0,12,1397.06,12,1425.13,1,3,0,28.4354,0.381955,0.144329,0.209939,0.263777,0.216756,0.353907,0.209159,0.220178
4750,0,12,1397.06,12,1425.13,1,3,0,28.4212,0.384647,0.138343,0.211393,0.265616,0.220988,0.360852,0.213241,0.204919
4751,0,12,1397.06,12,1425.13,2,3,0,28.407,0.386994,0.133131,0.212657,0.267217,0.224607,0.366798,0.216732,0.191863
4752,0,12,1397.06,12,1425.13,1,2,0,28.3928,0.39398,0.135506,0.198493,0.272021,0.227712,0.371904,0.219726,0.180659
4753,0,12,1397.06,12,1425.13,3,1,0,28.3786,0.396108,0.130885,0.199537,0.27347,0.231908,0.378795,0.205317,0.183979
4754,0,12,1397.06,12,1425.13,3,3,0,28.3644,0.407711,0.134689,0.205354,0.252245,0.243871,0.346766,0.215903,0.193461
4755,0,12,1397.06,12,1425.13,3,0,0,28.3502,0.417641,0.137939,0.210327,0.234093,0.247443,0.351871,0.219061,0.181626
4756,0,12,1397.06,12,1425.13,2,3,0,28.336,0.426154,0.14072,0.214584,0.218542,0.229151,0.360445,0.224377,0.186027
4757,0,12,1397.06,12,1425.13,3,1,0,28.3219,0.433176,0.143007,0.201704,0.222114,0.232059,0.365053,0.227224,0.175664
4758,0,12,1397.06,12,1425.13,0,1,0,28.3077,0.440738,0.145471,0.205193,0.208598,0.243357,0.334151,0.238286,0.184206
4759,0,12,1397.06,12,1425.13,2,1,0,28.2936,0.404972,0.154766,0.21832,0.221943,0.253952,0.305176,0.248658,0.192214
4760,0,12,1397.06,12,1425.13,3,1,0,28.2794,0.412096,0.157458,0.204627,0.225819,0.263819,0.278191,0.258319,0.199672
4761,0,12,1397.06,12,1425.13,3,2,0,28.2653,0.419746,0.16035,0.208396,0.211507,0.272955,0.253208,0.267263,0.206574
4762,0,12,1397.06,12,1425.13,2,3,0,28.2511,0.426331,0.162835,0.211636,0.199198,0.28181,0.261418,0.243508,0.213264
4763,0,12,1397.06,12,1425.13,1,3,0,28.237,0.432898,0.165311,0.199555,0.202236,0.287612,0.266797,0.248514,0.197077
4764,0,12,1397.06,12,1425.13,0,3,0,28.2229,0.436299,0.158816,0.201092,0.203793,0.292548,0.271371,0.252771,0.18331
4765,0,12,1397.06,12,1425.13,1,2,0,28.2088,0.401298,0.168671,0.21358,0.21645,0.29676,0.275275,0.256404,0.171562
4766,0,12,1397.06,12,1410.59,3,2,13,28.1947,0.404953,0.161154,0.215498,0.218395,0.3051,0.283006,0.235531,0.176364
4767,0,12,1397.06,12,1410.59,0,2,0,28.1806,0.3439,0.136832,0.182985,0.336283,0.258062,0.239371,0.353411,0.149157
4768,0,12,1397.06,12,1410.59,3,2,0,28.1665,0.312787,0.143305,0.191653,0.352254,0.269991,0.250432,0.323542,0.156035
4769,0,12,1397.06,12,1410.59,3,2,0,28.1524,0.327973,0.150239,0.200938,0.32085,0.281156,0.260785,0.29559,0.162469
4770,0,12,1397.06,12,1410.59,1,3,0,28.1383,0.341966,0.156625,0.20949,0.29192,0.291539,0.270412,0.269598,0.168451
4771,0,12,1397.06,12,1410.59,0,2,0,28.1243,0.345152,0.148797,0.211421,0.29463,0.295022,0.273637,0.272813,0.158528
4772,0,12,1397.06,12,1410.59,0,1,0,28.1102,0.314567,0.155733,0.221293,0.308407,0.304386,0.282319,0.249755,0.16354
4773,0,12,1397.06,12,1410.59,1,2,0,28.0961,0.286065,0.162195,0.230491,0.321249,0.314424,0.258683,0.257981,0.168912
4774,0,12,1397.06,12,1410.59,2,0,0,28.0821,0.289112,0.153274,0.232936,0.324678,0.322939,0.265677,0.23792,0.173464
4775,0,12,1397.06,12,1410.59,3,0,0,28.0681,0.295814,0.156807,0.215167,0.332212,0.295738,0.276359,0.24748,0.180423
4776,0,12,1397.06,12,1410.59,2,1,0,28.054,0.308819,0.163681,0.224613,0.302887,0.270408,0.286307,0.256384,0.186902
4777,0,12,1397.06,12,1410.59,2,2,0,28.04,0.315662,0.167286,0.207454,0.309598,0.279722,0.26174,0.265212,0.193326
4778,0,12,1397.06,12,1410.59,0,1,9,28.026,0.321488,0.170352,0.192849,0.315311,0.288177,0.269647,0.243022,0.199154
4779,0,12,1397.06,12,1410.59,0,0,0,28.012,0.398452,0.15102,0.170967,0.279561,0.258718,0.344329,0.218172,0.178782
4780,0,12,1397.06,12,1410.59,0,1,0,27.998,0.365462,0.159292,0.180336,0.29491,0.240071,0.353011,0.223652,0.183266
4781,0,12,1397.06,12,1398.82,2,2,13,27.984,0.334298,0.167104,0.189185,0.309412,0.250723,0.324318,0.233572,0.191387
4782,0,12,1397.06,12,1398.82,3,3,0,27.97,0.289392,0.144637,0.298125,0.267846,0.21155,0.27366,0.353315,0.161476
4783,0,12,1397.06,12,1398.82,0,3,0,27.956,0.298757,0.149297,0.307774,0.244172,0.213304,0.275943,0.356281,0.154472
4784,0,12,1397.06,12,1398.82,3,2,0,27.942,0.271838,0.155013,0.319604,0.253545,0.214828,0.277929,0.358864,0.148379
4785,0,12,1397.06,12,1398.82,0,3,0,27.928,0.279344,0.159275,0.328439,0.232942,0.224715,0.290736,0.329352,0.155197
4786,0,12,1397.06,12,1398.82,0,2,9,27.9141,0.256038,0.164411,0.339079,0.240472,0.226525,0.293093,0.332031,0.148351
4787,0,12,1397.06,12,1398.82,1,0,0,27.9001,0.330742,0.147888,0.305047,0.216322,0.199623,0.258298,0.411357,0.130722
4788,0,12,1397.06,12,1398.82,0,2,0,27.8862,0.333459,0.140914,0.307547,0.21808,0.189756,0.261476,0.416457,0.132312
4789,0,12,1397.06,12,1398.82,0,1,0,27.8722,0.303778,0.147174,0.32126,0.227788,0.200292,0.276012,0.384048,0.139648
4790,0,12,1397.06,12,1398.82,3,2,0,27.8583,0.277078,0.152802,0.333599,0.23652,0.205656,0.256581,0.394385,0.143378
4791,0,12,1397.06,12,1398.82,1,0,0,27.8444,0.283518,0.156335,0.341365,0.218783,0.216234,0.269789,0.363235,0.150741
4792,0,12,1397.06,12,1398.82,0,2,0,27.8304,0.286009,0.148921,0.344377,0.220693,0.20329,0.274243,0.369254,0.153212
4793,0,12,1397.06,12,1398.82,1,2,0,27.8165,0.262774,0.153751,0.355606,0.227869,0.212859,0.287169,0.339556,0.160415
4794,0,12,1397.06,12,1398.82,1,2,0,27.8026,0.264819,0.147152,0.358394,0.229635,0.221862,0.299333,0.311615,0.16719
4795,0,12,1397.06,12,1398.82,0,3,0,27.7887,0.266597,0.141411,0.360822,0.231171,0.230279,0.310707,0.285491,0.173523
4796,0,12,1397.06,12,1398.82,2,3,0,27.7748,0.246547,0.145259,0.37071,0.237485,0.232848,0.314192,0.288688,0.164273
4797,0,12,1397.06,12,1398.82,0,1,9,27.7609,0.258693,0.152399,0.339725,0.249183,0.235064,0.317202,0.291448,0.156285
4798,0,12,1397.06,12,1398.82,0,1,9,27.747,0.334404,0.13682,0.305044,0.223732,0.207823,0.396332,0.257683,0.138162
4799,0,12,1397.06,12,1398.82,0,1,9,27.7332,0.412693,0.120714,0.269179,0.197414,0.179158,0.479596,0.222151,0.119096
4800,0,12,1397.06,12,1398.82,0,1,9,27.7193,0.494017,0.103988,0.231918,0.170077,0.15066,0.562374,0.186823,0.100144
4801,0,12,1397.06,12,1398.82,0,0,0,27.7054,0.574084,0.0875233,0.19523,0.143163,0.123826,0.640319,0.153554,0.0823004
4802,0,12,1397.06,12,1398.82,2,1,0,27.6916,0.536023,0.0953343,0.212688,0.155955,0.125243,0.63934,0.153276,0.0821409
4803,0,12,1397.06,12,1398.82,0,2,0,27.6777,0.542689,0.0964866,0.202969,0.157855,0.137554,0.603889,0.168349,0.0902074
4804,0,12,1397.06,12,1398.82,0,1,0,27.6639,0.504997,0.104429,0.219708,0.170866,0.137998,0.606018,0.165492,0.090491
4805,0,12,1397.06,12,1398.82,2,0,0,27.6501,0.467987,0.112225,0.236147,0.183641,0.150539,0.570217,0.180538,0.0987061
4806,0,12,1397.06,12,1398.82,2,3,0,27.6363,0.476378,0.114205,0.222518,0.186898,0.148985,0.571312,0.180843,0.0988609
4807,0,12,1397.06,12,1398.82,0,1,0,27.6224,0.48364,0.115913,0.210735,0.189712,0.148512,0.569652,0.180276,0.10156
4808,0,12,1397.06,12,1398.82,0,1,0,27.6086,0.447491,0.124017,0.225496,0.202996,0.160885,0.533801,0.195302,0.110012
4809,0,12,1397.06,12,1398.82,3,0,0,27.5948,0.41258,0.131842,0.239752,0.215825,0.173133,0.498309,0.210179,0.118379
4810,0,12,1397.06,12,1398.82,2,2,9,27.581,0.419154,0.133912,0.243546,0.203388,0.168322,0.501251,0.211384,0.119043
4811,0,12,1397.06,12,1398.82,1,2,0,27.5672,0.376093,0.120127,0.321312,0.182467,0.151671,0.451765,0.289304,0.10726
4812,0,12,1397.06,12,1398.82,3,0,9,27.5534,0.377269,0.117413,0.322307,0.183011,0.155738,0.463979,0.270155,0.110128
4813,0,12,1397.06,12,1398.82,3,1,0,27.5397,0.34581,0.107597,0.295422,0.251171,0.222778,0.427167,0.248694,0.101362
4814,0,12,1397.06,12,1398.82,2,3,0,27.5259,0.354952,0.110416,0.303222,0.23141,0.235908,0.393415,0.263357,0.107319
4815,0,12,1397.06,12,1398.82,0,2,9,27.5121,0.368008,0.114451,0.27764,0.239901,0.236078,0.393739,0.263553,0.106629
4816,0,12,1397.06,12,1398.82,0,3,0,27.4984,0.447933,0.0999632,0.242539,0.209565,0.210806,0.351625,0.34237,0.0951994
4817,0,12,1397.06,12,1398.82,0,0,0,27.4846,0.412041,0.106448,0.258318,0.223193,0.210921,0.351853,0.34259,0.0946371
4818,0,12,1397.06,12,1398.82,0,0,0,27.4709,0.377737,0.112643,0.273402,0.236218,0.196978,0.358082,0.348653,0.0962873
4819,0,12,1397.06,12,1398.82,0,2,0,27.4572,0.345251,0.118508,0.287687,0.248553,0.185028,0.363423,0.353852,0.0976978
4820,0,12,1397.06,12,1398.82,0,2,0,27.4434,0.314745,0.124013,0.301104,0.260138,0.19363,0.38037,0.323773,0.102227
4821,0,12,1397.06,12,1398.82,0,1,0,27.4297,0.28631,0.129142,0.313612,0.270936,0.201034,0.394968,0.297876,0.106122
4822,0,12,1397.06,12,1398.82,2,0,0,27.416,0.261387,0.133634,0.324578,0.280401,0.211739,0.36274,0.313763,0.111759
4823,0,12,1397.06,12,1398.82,2,2,0,27.4023,0.272524,0.139309,0.295814,0.292353,0.198593,0.368806,0.319,0.113601
4824,0,12,1397.06,12,1399.31,3,1,9,27.3886,0.282867,0.144576,0.269105,0.303452,0.206008,0.382624,0.293539,0.117829
4825,0,12,1397.06,12,1399.31,3,3,9,27.3749,0.251837,0.128699,0.239582,0.379882,0.178522,0.464988,0.254393,0.102097
4826,0,12,1397.06,12,1399.31,2,3,0,27.3612,0.218855,0.111829,0.208203,0.461113,0.167866,0.437316,0.239225,0.155593
4827,0,12,1397.06,12,1399.31,3,1,0,27.3475,0.22178,0.113309,0.197565,0.467346,0.168827,0.439904,0.240611,0.150658
4828,0,12,1397.06,12,1398.82,3,2,13,27.3338,0.23673,0.12093,0.210878,0.431462,0.1792,0.405475,0.255413,0.159911
4829,0,12,1397.06,12,1398.82,0,0,0,27.3202,0.180781,0.0923369,0.161034,0.565848,0.148615,0.336326,0.382443,0.132616
4830,0,12,1397.06,12,1398.82,3,2,0,27.3065,0.17504,0.0929585,0.162137,0.569864,0.1428,0.338629,0.385071,0.133499
4831,0,12,1397.06,12,1398.82,0,2,0,27.2929,0.190443,0.101126,0.176401,0.53203,0.150406,0.356726,0.352261,0.140607
4832,0,12,1397.06,12,1398.82,1,1,0,27.2792,0.183213,0.102004,0.177953,0.53683,0.157508,0.373636,0.321611,0.147245
4833,0,12,1397.06,12,1398.82,2,1,0,27.2656,0.182896,0.103441,0.177645,0.536018,0.165496,0.341824,0.33797,0.15471
4834,0,12,1397.06,12,1400.05,3,2,9,27.2519,0.184155,0.104141,0.171881,0.539823,0.172994,0.311958,0.353332,0.161717
4835,0,12,1397.06,12,1398.82,3,1,13,27.2383,0.152692,0.0863384,0.142513,0.618457,0.151472,0.273181,0.43375,0.141597
4836,0,12,1397.06,12,1398.82,2,1,0,27.2247,0.106807,0.0603865,0.099686,0.73312,0.124291,0.403534,0.355989,0.116186
4837,0,12,1397.06,12,1398.82,3,1,0,27.2111,0.106431,0.060167,0.102581,0.73082,0.131429,0.3692,0.376514,0.122857
4838,0,12,1397.06,12,1398.82,2,1,0,27.1975,0.119914,0.0677811,0.115575,0.69673,0.138095,0.337126,0.395693,0.129086
4839,0,12,1397.06,12,1398.82,3,1,9,27.1839,0.119668,0.0676347,0.117148,0.695549,0.143839,0.309469,0.412239,0.134454
4840,0,12,1397.06,12,1398.82,3,2,0,27.1703,0.0955133,0.0539765,0.0935012,0.757009,0.126812,0.391134,0.363517,0.118536
4841,0,12,1397.06,12,1398.82,3,2,9,27.1567,0.108332,0.0612137,0.10605,0.724405,0.13297,0.410219,0.332521,0.12429
4842,0,12,1397.06,12,1398.82,3,1,0,27.1431,0.0859241,0.0485464,0.0841133,0.781416,0.11664,0.35992,0.414415,0.109025
4843,0,12,1397.06,12,1398.82,3,1,0,27.1296,0.0980836,0.05541,0.0960161,0.75049,0.122085,0.329931,0.433871,0.114113
4844,0,12,1397.06,12,1398.82,2,2,0,27.116,0.11107,0.062739,0.108728,0.717463,0.126778,0.304058,0.450666,0.118498
4845,0,12,1397.06,12,1398.82,1,3,0,27.1024,0.110769,0.0625619,0.110882,0.715787,0.135081,0.324026,0.414636,0.126257
4846,0,12,1397.06,12,1399.31,3,1,9,27.0889,0.110186,0.0672298,0.110299,0.712286,0.135486,0.325055,0.415973,0.123486
4847,0,12,1397.06,12,1399.31,3,1,0,27.0753,0.0876292,0.0534616,0.087719,0.77119,0.118976,0.407221,0.365366,0.108437
4848,0,12,1397.06,12,1407.3,3,2,9,27.0618,0.0998065,0.0608848,0.0999089,0.7394,0.125936,0.372459,0.386827,0.114778
4849,0,12,1397.06,12,1407.3,3,2,0,27.0483,0.0789212,0.0481394,0.0790021,0.793937,0.109343,0.323454,0.467551,0.099653
4850,0,12,1397.06,12,1407.3,3,2,0,27.0347,0.0904447,0.0551629,0.0905375,0.763855,0.116978,0.346116,0.430296,0.10661
4851,0,12,1397.06,12,1413.37,0,1,9,27.0212,0.102822,0.0627057,0.102927,0.731545,0.124308,0.367884,0.39452,0.113288
4852,0,12,1397.06,12,1413.37,2,3,0,27.0077,0.159259,0.0587369,0.0964225,0.685581,0.108311,0.449155,0.343827,0.098707
4853,0,12,1397.06,12,1413.37,0,2,0,26.9942,0.158802,0.0585564,0.0988317,0.68381,0.108275,0.449135,0.343793,0.0987973
4854,0,12,1397.06,12,1413.37,3,1,0,26.9807,0.155786,0.0587421,0.0991555,0.686316,0.112759,0.46787,0.316483,0.102887
4855,0,12,1397.06,12,1413.37,3,1,0,26.9672,0.174323,0.0657187,0.110944,0.649015,0.120615,0.430728,0.338602,0.110054
4856,0,12,1397.06,12,1413.37,3,1,0,26.9537,0.193422,0.0729046,0.123087,0.610586,0.128159,0.395054,0.359853,0.116934
4857,0,12,1397.06,12,1413.37,3,1,0,26.9403,0.212836,0.0802068,0.13543,0.571527,0.135329,0.36113,0.380066,0.123475
4858,0,12,1397.06,12,1413.37,2,3,0,26.9268,0.232314,0.0875298,0.147811,0.532346,0.141893,0.330066,0.398581,0.129461
4859,0,12,1397.06,12,1413.37,3,1,0,26.9133,0.233235,0.0878596,0.144362,0.534544,0.142421,0.331352,0.400148,0.126079
4860,0,12,1397.06,12,1413.37,3,1,0,26.8999,0.252695,0.0951719,0.156392,0.495741,0.148117,0.304527,0.416237,0.131118
4861,0,12,1397.06,12,1413.37,0,1,0,26.8864,0.271754,0.10233,0.168171,0.457746,0.153012,0.281456,0.430083,0.135448
4862,0,12,1397.06,12,1413.37,3,2,0,26.873,0.252907,0.104956,0.172504,0.469634,0.157218,0.26162,0.441995,0.139168
4863,0,12,1397.06,12,1413.37,1,3,0,26.8595,0.270556,0.112261,0.184528,0.432655,0.167022,0.277963,0.407173,0.147842
4864,0,12,1397.06,12,1413.37,3,1,0,26.8461,0.270907,0.11108,0.184754,0.433258,0.167945,0.279528,0.409498,0.143028
4865,0,12,1397.06,12,1413.37,3,1,0,26.8327,0.287924,0.118037,0.196344,0.397696,0.172597,0.259501,0.420916,0.146985
4866,0,12,1397.06,12,1413.37,0,2,0,26.8193,0.304123,0.124655,0.207375,0.363847,0.176593,0.242287,0.430738,0.150383
4867,0,12,1397.06,12,1413.37,2,3,0,26.8059,0.278748,0.129183,0.214928,0.377141,0.187109,0.25673,0.396829,0.159332
4868,0,12,1397.06,12,1413.37,0,1,0,26.7925,0.283702,0.131458,0.200973,0.383867,0.188444,0.258579,0.399722,0.153255
4869,0,12,1397.06,12,1413.37,3,2,0,26.7791,0.261753,0.135467,0.20712,0.395659,0.192892,0.241023,0.409219,0.156866
4870,0,12,1397.06,12,1413.37,1,2,0,26.7657,0.276119,0.142884,0.218478,0.362519,0.203567,0.254373,0.376519,0.16554
4871,0,12,1397.06,12,1413.37,2,3,0,26.7523,0.277872,0.137435,0.219854,0.364839,0.213688,0.267032,0.345516,0.173763
4872,0,12,1397.06,12,1413.37,0,3,0,26.7389,0.283093,0.139997,0.205196,0.371714,0.215977,0.269905,0.34925,0.164868
4873,0,12,1397.06,12,1413.37,0,2,0,26.7255,0.261117,0.144271,0.211476,0.383136,0.217955,0.272389,0.352483,0.157173
4874,0,12,1397.06,12,1413.37,3,0,0,26.7122,0.2423,0.147927,0.216851,0.392922,0.227878,0.284802,0.323001,0.164318
4875,0,12,1397.06,12,1409.86,2,1,13,26.6988,0.255252,0.155819,0.228437,0.360492,0.211681,0.290781,0.329789,0.167749
4876,0,12,1397.06,12,1409.86,2,1,0,26.6855,0.214927,0.131189,0.350322,0.303562,0.172822,0.420959,0.269272,0.136948
4877,0,12,1397.06,12,1413.28,2,1,9,26.6721,0.225116,0.137395,0.319514,0.317975,0.182745,0.38769,0.284759,0.144805
4878,0,12,1397.06,12,1413.28,0,3,0,26.6588,0.199175,0.12155,0.397923,0.281352,0.15779,0.471289,0.245895,0.125025
4879,0,12,1397.06,12,1413.28,2,2,0,26.6455,0.187718,0.123267,0.40364,0.285375,0.157963,0.471909,0.246186,0.123942
4880,0,12,1397.06,12,1413.28,0,1,0,26.6322,0.198346,0.130235,0.369862,0.301557,0.160895,0.480772,0.232096,0.126237
4881,0,12,1397.06,12,1413.28,0,1,0,26.6188,0.186304,0.13217,0.375437,0.306089,0.171852,0.4454,0.247921,0.134827
4882,0,12,1397.06,12,1413.28,1,2,0,26.6055,0.17595,0.133831,0.380233,0.309987,0.182431,0.411248,0.263202,0.14312
4883,0,12,1397.06,12,1413.28,3,1,0,26.5922,0.176757,0.129761,0.382037,0.311445,0.18675,0.421053,0.245696,0.146501
4884,0,12,1397.06,12,1413.28,3,3,0,26.5789,0.183165,0.134457,0.395947,0.286432,0.197374,0.38811,0.259688,0.154828
4885,0,12,1397.06,12,1413.28,2,3,0,26.5656,0.188659,0.138481,0.407887,0.264973,0.198637,0.390646,0.261364,0.149353
4886,0,12,1397.06,12,1413.28,2,2,0,26.5524,0.199259,0.146253,0.374607,0.27988,0.199741,0.39287,0.26283,0.144559
4887,0,12,1397.06,12,1413.28,0,1,0,26.5391,0.209298,0.153612,0.34309,0.294,0.204558,0.402399,0.245009,0.148035
4888,0,12,1397.06,12,1413.28,3,0,0,26.5258,0.195568,0.156261,0.349063,0.299109,0.215445,0.370593,0.258058,0.155904
4889,0,12,1397.06,12,1413.28,1,3,0,26.5125,0.202348,0.161671,0.361207,0.274774,0.202639,0.376664,0.262267,0.158431
4890,0,12,1397.06,12,1413.28,1,1,0,26.4993,0.204075,0.154458,0.364331,0.277136,0.204053,0.379339,0.264111,0.152497
4891,0,12,1397.06,12,1422.49,3,0,9,26.486,0.205573,0.148189,0.367049,0.279188,0.214065,0.348881,0.277084,0.15997
4892,0,12,1397.06,12,1422.49,1,2,0,26.4728,0.182611,0.131628,0.326088,0.359674,0.288635,0.315794,0.250794,0.144776
4893,0,12,1397.06,12,1422.49,3,2,0,26.4596,0.18345,0.127549,0.327625,0.361376,0.296117,0.323985,0.23139,0.148508
4894,0,12,1397.06,12,1422.49,2,2,0,26.4463,0.192308,0.133698,0.343483,0.330511,0.3025,0.330975,0.214837,0.151689
4895,0,12,1397.06,12,1422.49,1,3,0,26.4331,0.200992,0.139725,0.31381,0.345474,0.307958,0.336954,0.200683,0.154405
4896,0,12,1397.06,12,1422.49,0,1,0,26.4199,0.202179,0.134578,0.315692,0.347552,0.310358,0.339586,0.20223,0.147826
4897,0,12,1397.06,12,1422.49,2,3,0,26.4067,0.189612,0.136677,0.320671,0.35304,0.323696,0.311244,0.210903,0.154156
4898,0,12,1397.06,12,1419.69,2,1,13,26.3935,0.196984,0.141982,0.294223,0.366811,0.32632,0.313764,0.212594,0.147322
4899,0,12,1397.06,12,1419.69,2,2,0,26.3803,0.159922,0.11526,0.426985,0.297833,0.263051,0.446849,0.17136,0.118739
4900,0,12,1397.06,12,1419.69,2,3,0,26.3671,0.169431,0.122106,0.392881,0.315582,0.264925,0.450081,0.165427,0.119566
4901,0,12,1397.06,12,1419.69,2,3,0,26.3539,0.178479,0.128618,0.360427,0.332476,0.265098,0.450422,0.165519,0.118961
4902,0,12,1397.06,12,1419.69,1,0,0,26.3407,0.187016,0.134761,0.329801,0.348422,0.265252,0.450732,0.1656,0.118417
4903,0,12,1397.06,12,1419.69,3,1,0,26.3276,0.187973,0.130253,0.331526,0.350249,0.248984,0.460752,0.169247,0.121017
4904,0,12,1397.06,12,1419.69,2,2,0,26.3144,0.196602,0.136222,0.346784,0.320392,0.264726,0.426691,0.179934,0.128649
4905,0,12,1397.06,12,1419.69,1,2,0,26.3012,0.205466,0.142353,0.317311,0.33487,0.267027,0.430441,0.172783,0.129749
4906,0,12,1397.06,12,1419.69,3,2,9,26.2881,0.206776,0.136822,0.319363,0.337039,0.269036,0.43372,0.166538,0.130706
4907,0,12,1397.06,12,1419.69,3,0,0,26.2749,0.181265,0.119931,0.279985,0.418819,0.24633,0.397154,0.236859,0.119658
4908,0,12,1397.06,12,1417.87,3,2,13,26.2618,0.191631,0.12678,0.296023,0.385566,0.230391,0.405582,0.24186,0.122168
4909,0,12,1397.06,12,1417.87,2,3,0,26.2487,0.148735,0.0983923,0.229779,0.523093,0.191453,0.337073,0.369967,0.101507
4910,0,12,1397.06,12,1417.87,3,0,0,26.2356,0.150885,0.0998063,0.21852,0.530788,0.191596,0.337364,0.370293,0.100747
4911,0,12,1397.06,12,1417.87,0,3,0,26.2224,0.162668,0.107591,0.235602,0.494139,0.180735,0.341904,0.375283,0.102079
4912,0,12,1397.06,12,1417.87,2,0,0,26.2093,0.158211,0.10814,0.23684,0.496809,0.180854,0.342173,0.375585,0.101389
4913,0,12,1397.06,12,1413.73,3,2,13,26.1962,0.160766,0.109877,0.22441,0.504947,0.171482,0.346095,0.379897,0.102526
4914,0,12,1397.06,12,1417.07,3,2,9,26.1831,0.11726,0.0801368,0.163692,0.63891,0.133611,0.2697,0.516814,0.0798753
4915,0,12,1397.06,12,1417.07,3,1,9,26.17,0.0940737,0.064286,0.131333,0.710307,0.110977,0.224044,0.598641,0.0663375
4916,0,12,1397.06,12,1417.07,3,0,0,26.1569,0.0742055,0.050705,0.103603,0.771487,0.0992141,0.306119,0.535368,0.0592999
4917,0,12,1397.06,12,1417.07,3,1,0,26.1439,0.084238,0.0575559,0.117618,0.740588,0.100368,0.305713,0.534717,0.0592018
4918,0,12,1397.06,12,1417.07,3,0,0,26.1308,0.0948903,0.0648292,0.1325,0.707781,0.103339,0.284986,0.550727,0.0609475
4919,0,12,1397.06,12,1417.07,2,0,9,26.1177,0.106063,0.0724571,0.148111,0.673369,0.104414,0.284628,0.550107,0.060852
4920,0,12,1397.06,12,1417.07,3,0,0,26.1047,0.0972847,0.0664549,0.218396,0.617864,0.160142,0.266901,0.515913,0.0570444
4921,0,12,1397.06,12,1417.07,3,2,0,26.0916,0.106939,0.0730443,0.240109,0.579907,0.154997,0.268519,0.519111,0.0573727
4922,0,12,1397.06,12,1417.07,3,2,0,26.0786,0.116643,0.0796662,0.261939,0.541752,0.167509,0.290227,0.480272,0.0619917
4923,0,12,1397.06,12,1417.07,3,1,0,26.0655,0.126277,0.08624,0.28362,0.503862,0.179701,0.311386,0.442422,0.0664906
4924,0,12,1397.06,12,1417.07,3,0,0,26.0525,0.135733,0.0926904,0.304907,0.46667,0.185943,0.287401,0.45787,0.0687862
4925,0,12,1397.06,12,1417.07,2,2,9,26.0395,0.144911,0.0989505,0.325577,0.430562,0.177097,0.290516,0.462875,0.0695118
4926,0,12,1397.06,12,1417.07,3,1,0,26.0265,0.126623,0.0864566,0.410612,0.376308,0.149732,0.24565,0.545857,0.05876
4927,0,12,1397.06,12,1417.07,2,2,0,26.0134,0.132981,0.0907905,0.43133,0.344899,0.152465,0.231753,0.555961,0.0598209
4928,0,12,1397.06,12,1417.07,2,2,0,26.0004,0.141186,0.0963852,0.396179,0.36625,0.16578,0.252014,0.517173,0.0650331
4929,0,12,1397.06,12,1417.07,3,2,0,25.9874,0.148993,0.101707,0.362726,0.386575,0.178903,0.271987,0.478941,0.0701682
4930,0,12,1397.06,12,1417.07,0,2,0,25.9744,0.156937,0.107121,0.382133,0.353809,0.191688,0.291448,0.441695,0.0751685
4931,0,12,1397.06,12,1417.07,2,2,0,25.9615,0.15036,0.107934,0.385129,0.356578,0.204007,0.310205,0.405803,0.0799844
4932,0,12,1397.06,12,1417.07,2,2,0,25.9485,0.158277,0.11361,0.352694,0.375419,0.215759,0.328101,0.371564,0.0845759
4933,0,12,1397.06,12,1417.07,3,0,0,25.9355,0.165462,0.118759,0.323251,0.392528,0.226866,0.34502,0.339202,0.088913
4934,0,12,1397.06,12,1417.07,2,2,0,25.9225,0.174262,0.125067,0.34049,0.360181,0.210289,0.352429,0.346484,0.0907977
4935,0,12,1397.06,12,1417.07,0,1,0,25.9096,0.181772,0.130448,0.312022,0.375758,0.220059,0.368842,0.316099,0.0950003
4936,0,12,1397.06,12,1417.07,0,2,0,25.8966,0.172624,0.131885,0.315513,0.379977,0.231114,0.337127,0.332003,0.0997561
4937,0,12,1397.06,12,1417.07,2,3,0,25.8837,0.164702,0.133126,0.318538,0.383634,0.241202,0.351868,0.302837,0.104093
4938,0,12,1397.06,12,1417.07,0,1,0,25.8707,0.170676,0.137949,0.293758,0.397617,0.241558,0.352414,0.303298,0.10273
4939,0,12,1397.06,12,1417.07,3,1,0,25.8578,0.163592,0.139106,0.296266,0.401036,0.252912,0.321979,0.317568,0.107541
4940,0,12,1397.06,12,1417.07,2,3,0,25.8449,0.172327,0.146529,0.312123,0.36902,0.263523,0.293537,0.330907,0.112033
4941,0,12,1397.06,12,1420.52,3,0,9,25.8319,0.17841,0.151696,0.287791,0.382103,0.264254,0.294359,0.331841,0.109546
4942,0,12,1397.06,12,1420.52,3,2,0,25.819,0.153702,0.130684,0.24796,0.467654,0.342785,0.262945,0.296434,0.097836
4943,0,12,1397.06,12,1420.52,2,2,9,25.8061,0.16367,0.139154,0.264065,0.433111,0.354865,0.272197,0.271679,0.101258
4944,0,12,1397.06,12,1420.52,2,2,0,25.7932,0.145026,0.123299,0.347827,0.383848,0.315927,0.242317,0.351631,0.0901251
4945,0,12,1397.06,12,1420.52,0,1,0,25.7803,0.151292,0.128622,0.319574,0.400512,0.330993,0.253859,0.320748,0.0943994
4946,0,12,1397.06,12,1420.52,1,2,0,25.7674,0.146246,0.129364,0.321476,0.402914,0.339988,0.23361,0.329462,0.0969402
4947,0,12,1397.06,12,1420.52,2,0,0,25.7545,0.146668,0.126724,0.322452,0.404156,0.354582,0.24362,0.300721,0.101076
4948,0,12,1397.06,12,1420.52,3,2,9,25.7417,0.151952,0.131285,0.297961,0.418802,0.324022,0.255158,0.314976,0.105844
4949,0,12,1397.06,12,1420.52,0,1,0,25.7288,0.12943,0.111823,0.253832,0.504915,0.285861,0.225096,0.395685,0.0933579
4950,0,12,1397.06,12,1420.52,2,3,0,25.7159,0.128511,0.111916,0.254085,0.505487,0.291135,0.210794,0.403012,0.0950591
4951,0,12,1397.06,12,1420.52,3,2,0,25.7031,0.130904,0.113997,0.24006,0.515039,0.291023,0.210699,0.402882,0.0953958
4952,0,12,1397.06,12,1420.52,0,0,9,25.6902,0.140607,0.122443,0.257886,0.479064,0.307236,0.222423,0.369653,0.100688
4953,0,12,1397.06,12,1420.52,2,2,0,25.6774,0.206789,0.112992,0.238015,0.442204,0.389989,0.195847,0.32552,0.0886436
4954,0,12,1397.06,12,1420.52,1,0,0,25.6645,0.210603,0.115062,0.223906,0.450429,0.405302,0.203509,0.299092,0.0920968
4955,0,12,1397.06,12,1420.52,1,0,0,25.6517,0.210709,0.114544,0.224022,0.450724,0.371789,0.214974,0.315967,0.0972698
4956,0,12,1397.06,12,1420.52,0,0,0,25.6389,0.210803,0.114078,0.224125,0.450994,0.340087,0.225819,0.331932,0.102161
4957,0,12,1397.06,12,1420.52,1,1,0,25.6261,0.20012,0.115599,0.227145,0.457135,0.310336,0.235997,0.346919,0.106748
4958,0,12,1397.06,12,1420.52,2,3,0,25.6132,0.200198,0.115174,0.227239,0.457389,0.317247,0.219,0.354652,0.109102
4959,0,12,1397.06,12,1420.52,3,0,0,25.6004,0.203375,0.116989,0.214913,0.464723,0.317854,0.219402,0.355338,0.107405
4960,0,12,1397.06,12,1420.52,2,2,0,25.5876,0.21665,0.124612,0.228944,0.429794,0.291572,0.227849,0.369054,0.111524
4961,0,12,1397.06,12,1428.74,0,1,9,25.5748,0.220319,0.126708,0.215842,0.437132,0.305865,0.239007,0.338159,0.116969
4962,0,12,1397.06,12,1428.74,1,0,0,25.5621,0.299756,0.113779,0.193839,0.392626,0.274773,0.316378,0.30379,0.105059
4963,0,12,1397.06,12,1409.88,3,2,13,25.5493,0.300266,0.112265,0.194152,0.393316,0.251633,0.326484,0.313492,0.108391
4964,0,12,1397.06,12,1409.88,2,1,0,25.5365,0.231459,0.0865222,0.149648,0.532371,0.20258,0.262853,0.447321,0.0872464
4965,0,12,1397.06,12,1409.88,3,1,0,25.5237,0.232241,0.0867975,0.146702,0.534259,0.207306,0.2456,0.457828,0.0892665
4966,0,12,1397.06,12,1409.88,0,3,9,25.511,0.250918,0.0937592,0.158485,0.496838,0.211375,0.230733,0.466889,0.0910035
4967,0,12,1397.06,12,1404.91,3,2,13,25.4982,0.334816,0.0832378,0.140715,0.441231,0.199428,0.217695,0.44057,0.142306
4968,0,12,1397.06,12,1404.91,0,2,0,25.4855,0.252224,0.0626871,0.105985,0.579105,0.150021,0.163765,0.57917,0.107044
4969,0,12,1397.06,12,1404.91,3,0,0,25.4727,0.238293,0.063832,0.107932,0.589943,0.163646,0.178642,0.540955,0.116757
4970,0,12,1397.06,12,1404.91,1,0,0,25.46,0.260812,0.0698457,0.118113,0.551229,0.159187,0.17957,0.543888,0.117354
4971,0,12,1397.06,12,1404.91,3,2,0,25.4473,0.259843,0.0732379,0.117655,0.549264,0.155255,0.180386,0.546481,0.117878
4972,0,12,1397.06,12,1404.91,0,0,0,25.4345,0.282116,0.0794955,0.12772,0.510668,0.168234,0.195473,0.508568,0.127725
4973,0,12,1397.06,12,1403.93,0,2,13,25.4218,0.263697,0.0815122,0.130973,0.523818,0.16286,0.196715,0.511899,0.128526
4974,0,12,1397.06,12,1403.93,0,2,0,25.4091,0.399563,0.0664525,0.106785,0.427199,0.118113,0.142672,0.646008,0.0932082
4975,0,12,1397.06,12,1403.93,0,2,0,25.3964,0.365225,0.070233,0.112871,0.451671,0.130603,0.157765,0.608572,0.10306
4976,0,12,1397.06,12,1403.93,3,3,0,25.3837,0.33543,0.0735089,0.118147,0.472914,0.143277,0.173081,0.570586,0.113056
4977,0,12,1397.06,12,1403.93,3,2,9,25.371,0.359451,0.078749,0.126581,0.435219,0.14313,0.17291,0.570158,0.113802
4978,0,12,1397.06,12,1403.93,3,2,0,25.3583,0.305932,0.0670037,0.107712,0.519353,0.116799,0.141106,0.649232,0.092862
4979,0,12,1397.06,12,1404.83,3,2,9,25.3456,0.330753,0.0724177,0.116426,0.480404,0.129252,0.156157,0.611833,0.102758
4980,0,12,1397.06,12,1404.83,1,2,0,25.333,0.277762,0.060797,0.0977527,0.563688,0.104309,0.126027,0.68674,0.0829241
4981,0,12,1397.06,12,1404.83,3,1,0,25.3203,0.276656,0.0644758,0.0973433,0.561524,0.116403,0.140644,0.650418,0.0925345
4982,0,12,1397.06,12,1401.34,3,2,13,25.3076,0.301654,0.0702811,0.106117,0.521949,0.116508,0.139655,0.651225,0.0926131
4983,0,12,1397.06,12,1400.44,3,2,13,25.295,0.218457,0.0508825,0.0768333,0.653827,0.0792417,0.0949883,0.762783,0.0629872
4984,0,12,1397.06,12,1400.44,3,2,0,25.2823,0.149117,0.0347218,0.0524347,0.763727,0.0515585,0.0618062,0.845655,0.0409806
4985,0,12,1397.06,12,1400.44,3,1,0,25.2697,0.170333,0.0396505,0.0598826,0.730134,0.0600125,0.0719432,0.820346,0.047698
4986,0,12,1397.06,12,1400.44,3,1,0,25.2571,0.19289,0.0448882,0.0677986,0.694423,0.0597017,0.0763245,0.816525,0.0474488
4987,0,12,1397.06,12,1400.44,3,2,0,25.2444,0.216542,0.0503777,0.076096,0.656985,0.0594062,0.0804742,0.812908,0.0472117
4988,0,12,1397.06,12,1400.44,3,2,9,25.2318,0.240998,0.0560509,0.0846726,0.618279,0.0685216,0.0928281,0.784197,0.0544536
4989,0,12,1397.06,12,1400.44,3,2,0,25.2192,0.194918,0.0453206,0.0684686,0.691292,0.0531882,0.0720599,0.832486,0.0422663
4990,0,12,1397.06,12,1400.44,3,2,0,25.2066,0.218668,0.0508279,0.0767951,0.653709,0.0617119,0.0836128,0.805638,0.0490374
4991,0,12,1397.06,12,1400.44,0,2,0,25.194,0.243197,0.0565129,0.0853916,0.614899,0.0710364,0.0962524,0.776267,0.0564442
4992,0,12,1397.06,12,1400.44,0,2,0,25.1814,0.230236,0.0574579,0.0868266,0.625479,0.0811104,0.109909,0.744535,0.0644459
4993,0,12,1397.06,12,1400.44,0,2,0,25.1688,0.218986,0.0582745,0.0880679,0.634672,0.0918554,0.124477,0.710688,0.0729799
4994,0,12,1397.06,12,1400.44,0,2,0,25.1562,0.209197,0.0589814,0.0891436,0.642678,0.103167,0.139814,0.675056,0.0819632
4995,0,12,1397.06,12,1400.44,3,1,0,25.1436,0.20066,0.0595944,0.0900776,0.649668,0.114919,0.155749,0.638037,0.0912954
4996,0,12,1397.06,12,1400.44,1,2,0,25.1311,0.222577,0.0660876,0.0999003,0.611435,0.115254,0.153067,0.64012,0.0915579
4997,0,12,1397.06,12,1400.44,0,2,0,25.1185,0.221632,0.0699457,0.0994602,0.608962,0.127385,0.169188,0.602237,0.10119
4998,0,12,1397.06,12,1400.44,3,1,0,25.1059,0.211397,0.0708409,0.10074,0.617022,0.139672,0.185517,0.563866,0.110945
4999,0,12,1397.06,12,1400.44,3,2,0,25.0934,0.23278,0.0779895,0.110914,0.578317,0.140771,0.178956,0.568461,0.111813
5000,0,12,1397.06,12,1400.44,3,2,0,25.0808,0.254278,0.0851733,0.121139,0.53941,0.153269,0.194853,0.530143,0.121734
5001,0,12,1397.06,12,1400.44,2,2,0,25.0683,0.275619,0.0923017,0.131287,0.500793,0.165636,0.210586,0.492228,0.131551
5002,0,12,1397.06,12,1400.44,1,2,0,25.0558,0.276262,0.0924968,0.12922,0.502021,0.177733,0.225976,0.45514,0.141152
5003,0,12,1397.06,12,1400.44,3,3,0,25.0432,0.275814,0.0939278,0.128991,0.501267,0.189437,0.240868,0.419255,0.15044
5004,0,12,1397.06,12,1400.44,0,1,9,25.0307,0.296792,0.10105,0.13878,0.463378,0.190566,0.242316,0.421821,0.145297
5005,0,12,1397.06,12,1400.44,0,2,9,25.0182,0.382905,0.0886566,0.121767,0.406671,0.170149,0.323441,0.376688,0.129723
5006,0,12,1397.06,12,1400.44,0,3,0,25.0057,0.467485,0.0764889,0.105062,0.350964,0.147162,0.27978,0.460867,0.112191
5007,0,12,1397.06,12,1400.44,3,2,0,24.9932,0.429253,0.0819629,0.112588,0.376196,0.147289,0.280056,0.461368,0.111287
5008,0,12,1397.06,12,1400.44,3,2,0,24.9807,0.451245,0.0861334,0.118324,0.344298,0.1574,0.299322,0.424358,0.11892
5009,0,12,1397.06,12,1400.44,3,0,0,24.9682,0.470264,0.0897342,0.123279,0.316723,0.167093,0.317795,0.388876,0.126236
5010,0,12,1397.06,12,1400.44,2,3,0,24.9557,0.486674,0.0928347,0.127546,0.292945,0.15891,0.32092,0.392716,0.127454
5011,0,12,1397.06,12,1400.44,0,2,0,24.9432,0.487823,0.093023,0.125547,0.293607,0.15953,0.322216,0.394318,0.123937
5012,0,12,1397.06,12,1400.44,0,1,0,24.9308,0.450069,0.0998653,0.13479,0.315276,0.168444,0.340269,0.360431,0.130856
5013,0,12,1397.06,12,1400.44,0,2,9,24.9183,0.413604,0.106472,0.143715,0.336209,0.176034,0.310491,0.376729,0.136745
5014,0,12,1397.06,12,1400.44,0,2,0,24.9058,0.498962,0.0909599,0.122785,0.287293,0.152079,0.268269,0.461522,0.118131
5015,0,12,1397.06,12,1400.44,2,2,0,24.8934,0.460883,0.0978585,0.132105,0.309153,0.16241,0.286526,0.424914,0.126149
5016,0,12,1397.06,12,1400.44,3,1,0,24.8809,0.462421,0.0981547,0.129264,0.31016,0.172318,0.30404,0.389804,0.133838
5017,0,12,1397.06,12,1400.44,0,3,0,24.8685,0.477887,0.101406,0.133553,0.287155,0.178333,0.279687,0.403476,0.138503
5018,0,12,1397.06,12,1400.44,0,2,0,24.8561,0.440732,0.108608,0.143046,0.307614,0.179192,0.28106,0.405486,0.134262
5019,0,12,1397.06,12,1400.44,1,0,0,24.8436,0.404937,0.115545,0.15219,0.327328,0.189399,0.297096,0.371603,0.141902
5020,0,12,1397.06,12,1400.44,0,3,9,24.8312,0.405828,0.113642,0.152496,0.328034,0.178493,0.301095,0.376621,0.143791
5021,0,12,1397.06,12,1400.44,1,0,0,24.8188,0.491568,0.0972303,0.130481,0.280721,0.165077,0.278492,0.348364,0.208067
5022,0,12,1397.06,12,1400.44,0,1,0,24.8064,0.491084,0.098186,0.130317,0.280413,0.156251,0.281435,0.352061,0.210253
5023,0,12,1397.06,12,1400.44,0,1,0,24.794,0.45351,0.105421,0.139929,0.30114,0.161274,0.258262,0.363438,0.217025
5024,0,12,1397.06,12,1403.45,0,2,9,24.7816,0.417178,0.112416,0.14922,0.321186,0.165557,0.238493,0.373149,0.222801
5025,0,12,1397.06,12,1403.45,0,3,0,24.7692,0.503114,0.0958276,0.127209,0.27385,0.143046,0.20608,0.458357,0.192518
5026,0,12,1397.06,12,1403.45,0,2,0,24.7568,0.465204,0.103125,0.136904,0.294766,0.14466,0.20842,0.463637,0.183284
5027,0,12,1397.06,12,1403.45,3,1,0,24.7444,0.428423,0.110204,0.146309,0.315065,0.154445,0.222534,0.427331,0.19569
5028,0,12,1397.06,12,1403.45,1,3,0,24.7321,0.443688,0.114099,0.15149,0.290722,0.157084,0.209149,0.434722,0.199044
5029,0,12,1397.06,12,1403.45,2,0,9,24.7197,0.444247,0.113042,0.151648,0.291063,0.159095,0.211839,0.440378,0.188687
5030,0,12,1397.06,12,1403.45,0,3,0,24.7073,0.408713,0.103972,0.219556,0.267759,0.228755,0.194277,0.403928,0.17304
5031,0,12,1397.06,12,1403.45,0,2,0,24.695,0.373941,0.11007,0.23247,0.283519,0.231062,0.19623,0.408047,0.164661
5032,0,12,1397.06,12,1403.45,3,0,0,24.6826,0.341069,0.115833,0.244678,0.29842,0.244472,0.207611,0.373712,0.174206
5033,0,12,1397.06,12,1403.45,3,1,0,24.6703,0.353683,0.120091,0.25371,0.272516,0.226627,0.212504,0.382564,0.178305
5034,1,12,1397.06,12,1403.45,0,1,0,24.658,0.36444,0.123717,0.261409,0.250434,0.230513,0.198971,0.389164,0.181353
5035,1,12,1397.06,12,1403.45,0,1,0,24.6456,0.0630376,0.297848,0.380812,0.258302,0.286575,0.226849,0.109228,0.377349
5036,1,12,1397.06,12,1403.45,3,0,0,24.6333,0.0482811,0.302535,0.386824,0.26236,0.310195,0.163124,0.118208,0.408473
5037,1,12,1397.06,12,1403.45,1,2,0,24.621,0.0530671,0.332647,0.425346,0.188939,0.225907,0.183039,0.13263,0.458424
5038,1,12,1397.06,12,1403.45,2,2,0,24.6087,0.0601373,0.24348,0.482216,0.214166,0.234782,0.190221,0.0984971,0.4765
5039,1,12,1397.06,12,1403.45,3,0,0,24.5964,0.0731785,0.296364,0.369782,0.260676,0.240965,0.195222,0.0746957,0.489118
5040,1,12,1397.06,12,1403.45,3,3,0,24.5841,0.0803116,0.325343,0.405958,0.188387,0.176995,0.211654,0.0809672,0.530384
5041,1,12,1397.06,12,1403.45,1,1,0,24.5718,0.0853322,0.345778,0.431476,0.137413,0.220031,0.263126,0.100638,0.416206
5042,1,12,1397.06,12,1403.45,2,3,0,24.5595,0.097064,0.255659,0.490956,0.15632,0.241166,0.192304,0.110288,0.456242
5043,1,12,1397.06,12,1403.45,3,1,9,24.5472,0.118193,0.311373,0.380066,0.190367,0.289058,0.230483,0.132169,0.34829
5044,1,12,1397.06,12,1403.45,1,1,0,24.535,0.11541,0.304098,0.371201,0.209291,0.282738,0.247315,0.129259,0.340688
5045,1,12,1397.06,12,1403.45,3,2,0,24.5227,0.128954,0.222306,0.414861,0.23388,0.308416,0.178965,0.140976,0.371643
5046,1,12,1397.06,12,1403.45,3,1,0,24.5104,0.1394,0.240341,0.448574,0.171685,0.321672,0.186637,0.10406,0.387631
5047,1,12,1397.06,12,1403.45,1,0,0,24.4982,0.146796,0.253121,0.472485,0.127598,0.341361,0.136863,0.110404,0.411372
5048,1,12,1397.06,12,1403.45,2,3,0,24.4859,0.15961,0.187809,0.513848,0.138732,0.253279,0.155146,0.125148,0.466428
5049,1,12,1397.06,12,1403.45,2,3,0,24.4737,0.195697,0.230279,0.40393,0.170094,0.304004,0.186199,0.15019,0.359607
5050,1,12,1397.06,12,1403.45,2,3,0,24.4614,0.228268,0.268614,0.30472,0.198398,0.348087,0.213178,0.171945,0.266789
5051,1,12,1397.06,12,1403.45,3,2,0,24.4492,0.255319,0.300456,0.222323,0.221903,0.381987,0.233916,0.188663,0.195433
5052,1,12,1397.06,12,1403.45,1,0,0,24.437,0.275231,0.323898,0.239655,0.161216,0.405136,0.248068,0.139548,0.207249
5053,1,12,1397.06,12,1403.45,1,0,0,24.4248,0.309998,0.238521,0.26992,0.181561,0.306854,0.289064,0.162591,0.241491
5054,1,12,1397.06,12,1403.45,0,3,0,24.4126,0.336209,0.174165,0.292734,0.196892,0.224927,0.323243,0.181795,0.270035
5055,0,12,1397.06,12,1400.44,3,3,13,24.4003,0.24936,0.196942,0.331052,0.222646,0.247062,0.355079,0.199677,0.198183
5056,0,12,1397.06,12,1400.44,3,1,0,24.3881,0.644622,0.0689988,0.146273,0.140106,0.157468,0.452316,0.266461,0.123755
5057,0,12,1397.06,12,1400.44,0,1,0,24.376,0.645729,0.0690864,0.146481,0.138704,0.168235,0.414843,0.284711,0.132211
5058,0,12,1397.06,12,1400.44,0,0,0,24.3638,0.607422,0.0765476,0.162325,0.153705,0.178523,0.379035,0.302153,0.140289
5059,0,12,1397.06,12,1400.44,0,3,0,24.3516,0.568536,0.0841201,0.17841,0.168934,0.168259,0.38379,0.30593,0.142021
5060,0,12,1397.06,12,1400.44,0,1,0,24.3394,0.529571,0.091706,0.194528,0.184194,0.169357,0.386359,0.307964,0.136321
5061,0,12,1397.06,12,1400.44,0,0,0,24.3272,0.491016,0.0992105,0.210479,0.199295,0.178778,0.35219,0.325134,0.143898
5062,0,12,1397.06,12,1400.44,2,1,0,24.3151,0.453318,0.106546,0.226075,0.21406,0.167853,0.356889,0.329467,0.145792
5063,0,12,1397.06,12,1400.44,0,3,0,24.3029,0.461277,0.108385,0.212552,0.217786,0.176276,0.324575,0.346046,0.153103
5064,0,12,1397.06,12,1400.44,3,2,9,24.2908,0.424681,0.115735,0.226996,0.232587,0.17787,0.32755,0.349222,0.145358
5065,0,12,1397.06,12,1400.44,0,1,9,24.2786,0.379893,0.103502,0.203031,0.313574,0.154929,0.28534,0.433125,0.126605
5066,0,12,1397.06,12,1400.44,0,1,0,24.2665,0.465129,0.0892616,0.17512,0.270489,0.136453,0.370492,0.381552,0.111503
5067,0,12,1397.06,12,1400.44,0,2,0,24.2543,0.42746,0.095533,0.187449,0.289558,0.143696,0.337002,0.401886,0.117416
5068,0,12,1397.06,12,1405.01,3,2,9,24.2422,0.391327,0.101546,0.199274,0.307853,0.152176,0.356951,0.366532,0.124341
5069,0,12,1397.06,12,1405.01,2,2,9,24.2301,0.343481,0.0891067,0.174887,0.392526,0.131929,0.30951,0.450769,0.107792
5070,0,12,1397.06,12,1406.94,3,2,9,24.218,0.314171,0.0814811,0.245308,0.35904,0.111392,0.261376,0.536222,0.0910095
5071,0,12,1397.06,12,1406.94,2,2,0,24.2059,0.273461,0.0709036,0.21351,0.442125,0.0917386,0.215296,0.618016,0.0749489
5072,0,12,1397.06,12,1406.94,2,0,0,24.1938,0.278221,0.0721183,0.199797,0.449864,0.101367,0.237933,0.577888,0.0828118
5073,0,12,1397.06,12,1406.94,3,2,0,24.1817,0.282306,0.0731575,0.188023,0.456514,0.102266,0.237672,0.577358,0.0827037
5074,0,12,1397.06,12,1406.94,0,1,0,24.1696,0.302292,0.0783156,0.201318,0.418074,0.112028,0.260405,0.536972,0.0905949
5075,0,12,1397.06,12,1406.94,3,3,0,24.1575,0.277415,0.0810873,0.208482,0.433015,0.114528,0.243733,0.549127,0.0926126
5076,0,12,1397.06,12,1406.94,3,1,0,24.1454,0.295619,0.0863867,0.222149,0.395845,0.114321,0.243328,0.548306,0.0940452
5077,0,12,1397.06,12,1406.94,3,0,0,24.1333,0.312914,0.0914184,0.235133,0.360535,0.116466,0.228961,0.558767,0.0958058
5078,0,12,1397.06,12,1406.94,2,2,0,24.1213,0.329186,0.0961486,0.247346,0.327319,0.116027,0.229054,0.559092,0.0958277
5079,0,12,1397.06,12,1406.94,2,2,0,24.1092,0.338364,0.0988049,0.226387,0.336444,0.126518,0.2498,0.519193,0.104489
5080,0,12,1397.06,12,1406.94,2,2,0,24.0972,0.346147,0.101053,0.208618,0.344183,0.136866,0.270267,0.479836,0.113031
5081,0,12,1397.06,12,1406.94,3,1,0,24.0851,0.352764,0.102959,0.193515,0.350762,0.146947,0.290213,0.441489,0.121351
5082,0,12,1397.06,12,1406.94,3,2,9,24.0731,0.370207,0.108024,0.20306,0.31871,0.151491,0.26817,0.455241,0.125099
5083,0,12,1397.06,12,1406.94,2,2,0,24.061,0.324279,0.0945988,0.177847,0.403275,0.127481,0.225694,0.541556,0.105268
5084,0,12,1397.06,12,1405.22,3,2,13,24.049,0.328079,0.0956838,0.168218,0.408019,0.138452,0.245144,0.502081,0.114323
5085,0,12,1397.06,12,1405.22,0,3,0,24.037,0.249806,0.0728376,0.128068,0.549289,0.100307,0.177625,0.639245,0.0828225
5086,0,12,1397.06,12,1405.22,3,2,0,24.025,0.234793,0.0742718,0.130604,0.560331,0.0999636,0.177037,0.637292,0.0857073
5087,0,12,1397.06,12,1405.22,3,2,0,24.0129,0.256064,0.0809818,0.142419,0.520535,0.110782,0.196218,0.598021,0.0949794
5088,0,12,1397.06,12,1405.22,1,2,0,24.0009,0.277059,0.0876013,0.154078,0.481262,0.121734,0.215642,0.558257,0.104367
5089,0,12,1397.06,12,1405.22,1,0,0,23.9889,0.276661,0.0888769,0.153839,0.480624,0.132675,0.23505,0.518531,0.113743
5090,0,12,1397.06,12,1405.22,1,2,0,23.9769,0.276298,0.0900376,0.153619,0.480046,0.130292,0.235678,0.519999,0.114031
5091,0,12,1397.06,12,1405.22,3,2,0,23.965,0.275967,0.0910921,0.153417,0.479524,0.140921,0.254935,0.480814,0.12333
5092,0,12,1397.06,12,1405.22,3,3,0,23.953,0.296287,0.0977779,0.164694,0.441241,0.15128,0.273706,0.442622,0.132392
5093,0,12,1397.06,12,1405.22,0,2,0,23.941,0.31586,0.104214,0.175553,0.404372,0.151858,0.274786,0.444411,0.128945
5094,0,12,1397.06,12,1405.22,1,1,0,23.929,0.289785,0.108166,0.182229,0.41982,0.161921,0.293028,0.407566,0.137485
5095,0,12,1397.06,12,1405.22,0,2,0,23.9171,0.290183,0.106927,0.182463,0.420427,0.167224,0.269801,0.420992,0.141983
5096,0,12,1397.06,12,1405.22,1,2,0,23.9051,0.267808,0.110277,0.188199,0.433716,0.177485,0.286383,0.385442,0.15069
5097,0,12,1397.06,12,1405.22,3,2,0,23.8932,0.268142,0.109139,0.18842,0.434299,0.187212,0.302109,0.351735,0.158944
5098,0,12,1397.06,12,1405.22,0,2,9,23.8812,0.285228,0.116073,0.200412,0.398287,0.196352,0.316888,0.320062,0.166698
5099,0,12,1397.06,12,1405.71,3,1,9,23.8693,0.370137,0.102267,0.176594,0.351002,0.172441,0.278325,0.402841,0.146393
5100,0,12,1397.06,12,1405.71,3,1,0,23.8573,0.321574,0.088827,0.153402,0.436196,0.152237,0.362822,0.355703,0.129237
5101,0,12,1397.06,12,1405.71,0,2,9,23.8454,0.342756,0.0946534,0.163482,0.399109,0.160163,0.32959,0.374286,0.135961
5102,0,12,1397.06,12,1405.71,3,1,9,23.8335,0.428979,0.0822192,0.142022,0.346779,0.138254,0.284544,0.459843,0.117359
5103,0,12,1397.06,12,1405.71,3,1,0,23.8216,0.371862,0.0712484,0.123085,0.433804,0.121542,0.370934,0.404355,0.103169
5104,0,12,1397.06,12,1405.71,2,1,0,23.8097,0.396907,0.0760219,0.131346,0.395726,0.12793,0.337769,0.425712,0.108588
5105,0,12,1397.06,12,1405.71,2,2,0,23.7977,0.399156,0.0764273,0.126449,0.397968,0.133428,0.309206,0.444115,0.113251
5106,0,12,1397.06,12,1405.71,3,2,9,23.7859,0.401122,0.0767783,0.122173,0.399927,0.142426,0.330112,0.406578,0.120884
5107,0,12,1397.06,12,1405.71,2,2,0,23.774,0.344207,0.0658625,0.104813,0.485118,0.121724,0.282176,0.492791,0.10331
5108,0,12,1397.06,12,1405.71,0,1,0,23.7621,0.34449,0.0658948,0.104066,0.48555,0.131134,0.304043,0.453529,0.111293
5109,0,12,1397.06,12,1405.71,3,0,0,23.7502,0.316475,0.0686897,0.10849,0.506346,0.135579,0.280343,0.469017,0.115061
5110,0,12,1397.06,12,1405.71,3,2,0,23.7383,0.342254,0.0742624,0.117302,0.466181,0.132018,0.281489,0.470982,0.115511
5111,0,12,1397.06,12,1405.71,3,2,0,23.7264,0.367266,0.079665,0.125847,0.427222,0.141554,0.301867,0.432727,0.123852
5112,0,12,1397.06,12,1405.71,3,1,0,23.7146,0.391243,0.0848402,0.134035,0.389882,0.150712,0.321445,0.395983,0.13186
5113,0,12,1397.06,12,1405.71,0,2,9,23.7027,0.413939,0.0897343,0.14178,0.354547,0.156737,0.29424,0.411894,0.137129
5114,0,12,1397.06,12,1405.71,3,1,0,23.6909,0.500317,0.0764942,0.120871,0.302317,0.133519,0.250683,0.498987,0.116811
5115,0,12,1397.06,12,1405.71,3,2,9,23.679,0.516401,0.0789237,0.124722,0.279954,0.136341,0.234709,0.509671,0.119278
5116,0,12,1397.06,12,1405.71,3,2,0,23.6672,0.453408,0.0692702,0.109477,0.367845,0.112658,0.193959,0.594828,0.0985555
5117,0,12,1397.06,12,1405.71,3,1,0,23.6554,0.476,0.0726944,0.114899,0.336406,0.123682,0.212962,0.55516,0.108197
5118,0,12,1397.06,12,1405.71,0,2,0,23.6435,0.495503,0.0756445,0.119572,0.30928,0.125304,0.202472,0.562611,0.109613
5119,0,12,1397.06,12,1405.71,2,1,0,23.6317,0.455936,0.0815613,0.128937,0.333565,0.136615,0.22077,0.523111,0.119504
5120,0,12,1397.06,12,1405.71,3,2,0,23.6199,0.457685,0.0818459,0.125646,0.334824,0.138665,0.208938,0.531103,0.121294
5121,0,12,1397.06,12,1405.71,3,3,0,23.6081,0.476399,0.0851631,0.13075,0.307689,0.150193,0.226326,0.492106,0.131375
5122,0,12,1397.06,12,1405.71,3,2,0,23.5963,0.492511,0.0880132,0.135137,0.284339,0.150588,0.226941,0.493518,0.128953
5123,0,12,1397.06,12,1405.71,0,1,0,23.5845,0.506379,0.0904602,0.138906,0.264255,0.161929,0.244052,0.455358,0.138661
5124,0,12,1397.06,12,1430.74,0,2,9,23.5727,0.467505,0.0975705,0.149837,0.285087,0.165306,0.228195,0.464951,0.141548
5125,0,12,1397.06,12,1430.74,1,1,0,23.5609,0.554518,0.0816156,0.125346,0.23852,0.138225,0.190823,0.552598,0.118355
5126,0,12,1397.06,12,1421.13,0,1,13,23.5491,0.553118,0.084011,0.124993,0.237878,0.139527,0.18305,0.557958,0.119466
5127,0,12,1397.06,12,1421.13,3,1,0,23.5373,0.685398,0.0591354,0.0879893,0.167478,0.118433,0.306427,0.473737,0.101402
5128,0,12,1397.06,12,1421.13,0,1,0,23.5256,0.68891,0.0594093,0.088404,0.163276,0.122449,0.282776,0.489938,0.104838
5129,0,12,1397.06,12,1421.13,0,3,0,23.5138,0.651168,0.0666084,0.0991244,0.183099,0.125895,0.262454,0.503866,0.107785
5130,0,12,1397.06,12,1421.22,0,2,9,23.5021,0.612227,0.0740346,0.110185,0.203554,0.125917,0.262539,0.504094,0.10745
5131,0,12,1397.06,12,1421.22,3,3,0,23.4903,0.688863,0.0593953,0.0884042,0.163337,0.104256,0.217407,0.589374,0.0889628
5132,0,12,1397.06,12,1421.22,0,2,0,23.4786,0.691988,0.0596355,0.0887688,0.159607,0.104001,0.216907,0.588135,0.0909577
5133,0,12,1397.06,12,1421.22,0,2,0,23.4668,0.654408,0.0669032,0.0995948,0.179094,0.114162,0.238134,0.547863,0.0998417
5134,0,12,1397.06,12,1421.22,2,1,0,23.4551,0.615591,0.0744087,0.110777,0.199224,0.124278,0.259275,0.50776,0.108687
5135,0,12,1397.06,12,1421.22,0,0,0,23.4434,0.615187,0.0743284,0.111436,0.199049,0.127118,0.24221,0.519506,0.111166
5136,0,12,1397.06,12,1421.22,3,2,0,23.4316,0.575622,0.0819602,0.122888,0.219529,0.125192,0.242727,0.520695,0.111387
5137,0,12,1397.06,12,1421.22,2,3,0,23.4199,0.583746,0.0830846,0.124584,0.208585,0.135487,0.262724,0.481244,0.120544
5138,0,12,1397.06,12,1421.22,0,3,0,23.4082,0.584315,0.0831332,0.123806,0.208745,0.135735,0.263238,0.482244,0.118783
5139,0,12,1397.06,12,1421.22,3,2,0,23.3965,0.544717,0.091042,0.135595,0.228646,0.135952,0.263694,0.483139,0.117215
5140,0,12,1397.06,12,1421.22,0,0,0,23.3848,0.553499,0.0924767,0.137743,0.216281,0.146067,0.283352,0.444649,0.125932
5141,0,12,1397.06,12,1421.22,2,1,0,23.3731,0.514195,0.100607,0.149864,0.235335,0.141054,0.285009,0.447289,0.126648
5142,0,12,1397.06,12,1421.22,1,1,0,23.3614,0.516675,0.101059,0.145833,0.236433,0.145231,0.26373,0.460643,0.130396
5143,0,12,1397.06,12,1421.22,3,0,0,23.3497,0.51631,0.101768,0.145693,0.236229,0.148813,0.245466,0.472112,0.133609
5144,0,12,1397.06,12,1421.22,0,2,0,23.3381,0.525565,0.103559,0.148267,0.222608,0.144219,0.246777,0.474697,0.134307
5145,0,12,1397.06,12,1421.22,3,2,0,23.3264,0.486839,0.112002,0.160366,0.240793,0.154551,0.264486,0.437036,0.143927
5146,0,12,1397.06,12,1421.22,0,2,0,23.3147,0.496269,0.114137,0.163436,0.226158,0.16449,0.281525,0.400804,0.153181
5147,0,12,1397.06,12,1421.22,0,2,0,23.3031,0.45837,0.122714,0.17573,0.243186,0.173954,0.297753,0.366303,0.161991
5148,0,12,1397.06,12,1421.22,1,1,0,23.2914,0.421674,0.131017,0.187633,0.259675,0.182879,0.313064,0.333757,0.1703
5149,0,12,1397.06,12,1421.22,0,1,0,23.2798,0.423312,0.127697,0.188332,0.260659,0.190339,0.285004,0.347413,0.177244
5150,0,12,1397.06,12,1421.22,2,1,0,23.2681,0.388103,0.135482,0.199828,0.276588,0.196697,0.261079,0.359061,0.183162
5151,0,12,1397.06,12,1430.19,3,3,9,23.2565,0.393963,0.137498,0.187794,0.280745,0.202116,0.240682,0.368997,0.188205
5152,0,12,1397.06,12,1430.19,2,3,0,23.2449,0.346834,0.121024,0.165305,0.366837,0.183484,0.218503,0.335023,0.262989
5153,0,12,1397.06,12,1430.19,2,2,0,23.2333,0.350485,0.122272,0.156539,0.370703,0.188927,0.224993,0.345002,0.241078
5154,0,12,1397.06,12,1430.19,0,1,0,23.2216,0.353638,0.123346,0.148973,0.374042,0.197866,0.235646,0.313991,0.252497
5155,0,12,1397.06,12,1430.19,3,1,0,23.21,0.322568,0.129258,0.156118,0.392055,0.202793,0.216571,0.321839,0.258797
5156,0,12,1397.06,12,1430.19,2,2,0,23.1984,0.340558,0.136442,0.164801,0.358199,0.206974,0.200373,0.328506,0.264146
5157,0,12,1397.06,12,1430.19,0,3,0,23.1868,0.344094,0.137833,0.15615,0.361923,0.216105,0.209212,0.29887,0.275813
5158,0,12,1397.06,12,1430.19,3,0,0,23.1752,0.31394,0.144154,0.163315,0.378592,0.223452,0.216322,0.30905,0.251176
5159,0,12,1397.06,12,1430.19,0,2,0,23.1637,0.330493,0.151731,0.171904,0.345872,0.206138,0.221137,0.315951,0.256774
5160,0,12,1397.06,12,1429.13,0,1,13,23.1521,0.301462,0.158296,0.179346,0.360896,0.214704,0.23033,0.28751,0.267456
5161,0,12,1397.06,12,1429.13,0,3,0,23.1405,0.44241,0.126344,0.143149,0.288097,0.179259,0.357371,0.240059,0.223312
5162,0,12,1397.06,12,1429.13,0,1,9,23.1289,0.406399,0.134491,0.152383,0.306726,0.182888,0.364656,0.244933,0.207523
5163,0,12,1397.06,12,1428.64,0,1,13,23.1174,0.495525,0.114288,0.129495,0.260692,0.157557,0.452638,0.211021,0.178784
5164,0,12,1397.06,12,1428.64,0,1,0,23.1058,0.636621,0.0823153,0.0932707,0.187793,0.116015,0.596945,0.155391,0.131649
5165,0,12,1397.06,12,1428.64,3,1,0,23.0942,0.598082,0.0910371,0.103156,0.207725,0.127184,0.558127,0.170362,0.144327
5166,0,12,1397.06,12,1428.64,0,1,0,23.0827,0.60482,0.0920281,0.104281,0.19887,0.138337,0.519366,0.185311,0.156986
5167,0,12,1397.06,12,1428.64,1,2,0,23.0712,0.565994,0.101061,0.11452,0.218425,0.149336,0.481135,0.200057,0.169473
5168,0,12,1397.06,12,1428.64,3,0,0,23.0596,0.565187,0.102421,0.114321,0.218072,0.151146,0.487082,0.19024,0.171532
5169,0,12,1397.06,12,1428.64,3,1,0,23.0481,0.572754,0.103757,0.115814,0.207674,0.146919,0.489549,0.191167,0.172364
5170,0,12,1397.06,12,1428.64,3,2,0,23.0366,0.579347,0.104915,0.11711,0.198628,0.157669,0.452183,0.205166,0.184982
5171,0,12,1397.06,12,1428.64,3,1,0,23.0251,0.585104,0.105922,0.118236,0.190738,0.159814,0.458431,0.19425,0.187505
5172,0,12,1397.06,12,1428.64,0,3,0,23.0135,0.590147,0.106798,0.119217,0.183839,0.170504,0.422191,0.207251,0.200054
5173,0,12,1397.06,12,1424.31,0,2,13,23.002,0.551694,0.116812,0.130397,0.201097,0.172816,0.427993,0.21007,0.189122
5174,0,12,1397.06,12,1424.31,2,0,0,22.9905,0.686844,0.0815921,0.0910836,0.14048,0.144506,0.357946,0.339403,0.158144
5175,0,12,1397.06,12,1424.31,0,1,0,22.979,0.684622,0.0812935,0.0941035,0.139981,0.137973,0.360693,0.342004,0.159331
5176,0,12,1397.06,12,1424.31,0,3,0,22.9675,0.647854,0.0907657,0.105071,0.156309,0.14499,0.328109,0.359462,0.167439
5177,0,12,1397.06,12,1423.99,0,1,13,22.9561,0.61002,0.100512,0.116357,0.173112,0.146563,0.331722,0.363428,0.158287
5178,0,12,1397.06,12,1423.99,0,1,0,22.9446,0.735129,0.0682628,0.0790265,0.117582,0.115246,0.474461,0.285825,0.124467
5179,0,12,1397.06,12,1423.99,0,1,9,22.9331,0.700648,0.0771449,0.0893117,0.132896,0.123576,0.43642,0.306539,0.133465
5180,0,12,1397.06,12,1424.9,0,2,9,22.9216,0.766847,0.0600815,0.0695591,0.103512,0.104085,0.52526,0.258238,0.112417
5181,0,12,1397.06,12,1424.9,0,0,0,22.9102,0.821148,0.0460861,0.0533576,0.0794087,0.091682,0.462819,0.346477,0.0990223
5182,0,12,1397.06,12,1424.9,0,2,0,22.8987,0.793094,0.0533118,0.0617252,0.0918689,0.0920049,0.46268,0.346353,0.0989621
5183,0,12,1397.06,12,1424.9,1,1,0,22.8873,0.762559,0.0611759,0.0708325,0.105432,0.0960029,0.482941,0.317792,0.103264
5184,0,12,1397.06,12,1424.9,0,3,0,22.8758,0.758853,0.0658141,0.0704547,0.104878,0.103264,0.443753,0.341908,0.111075
5185,0,12,1397.06,12,1424.9,1,1,0,22.8644,0.725702,0.0748583,0.0801377,0.119302,0.103426,0.444581,0.342529,0.109464
5186,0,12,1397.06,12,1424.9,3,3,0,22.853,0.722628,0.0788558,0.079763,0.118753,0.110445,0.4068,0.365861,0.116894
5187,0,12,1397.06,12,1424.9,0,1,0,22.8415,0.721839,0.0787348,0.0796408,0.119786,0.110768,0.408096,0.367019,0.114118
5188,0,12,1397.06,12,1424.9,0,0,0,22.8301,0.686426,0.0887553,0.0897767,0.135042,0.117497,0.372044,0.389408,0.121051
5189,0,12,1397.06,12,1424.9,0,2,0,22.8187,0.64946,0.0992144,0.100357,0.150969,0.114422,0.37335,0.390779,0.121449
5190,0,12,1397.06,12,1424.9,0,0,0,22.8073,0.611388,0.109986,0.111252,0.167373,0.120973,0.394816,0.355808,0.128403
5191,0,12,1397.06,12,1424.9,3,2,0,22.7959,0.572693,0.120933,0.122326,0.184048,0.117749,0.39628,0.35712,0.12885
5192,0,12,1397.06,12,1424.9,0,1,0,22.7845,0.577322,0.121873,0.123277,0.177528,0.123426,0.415485,0.326024,0.135065
5193,0,12,1397.06,12,1424.9,2,3,0,22.7731,0.538575,0.133041,0.134574,0.19381,0.130929,0.379883,0.345911,0.143278
5194,0,12,1397.06,12,1424.9,1,2,0,22.7617,0.539763,0.133297,0.132741,0.194198,0.131801,0.382494,0.348281,0.137424
5195,0,12,1397.06,12,1424.9,3,0,0,22.7503,0.540862,0.13161,0.132974,0.194554,0.137912,0.400314,0.317977,0.143797
5196,0,12,1397.06,12,1424.9,0,1,0,22.739,0.546323,0.132901,0.134279,0.186496,0.133279,0.402486,0.319687,0.144548
5197,0,12,1397.06,12,1424.9,1,1,0,22.7276,0.50791,0.14415,0.145645,0.202295,0.140966,0.367961,0.338185,0.152888
5198,0,12,1397.06,12,1424.9,0,0,0,22.7162,0.50981,0.141024,0.146153,0.203014,0.148219,0.335375,0.355648,0.160757
5199,0,12,1397.06,12,1424.66,0,2,13,22.7049,0.472044,0.151883,0.157409,0.218663,0.141527,0.338018,0.358455,0.162
5200,0,12,1397.06,12,1424.66,0,1,0,22.6935,0.616689,0.110268,0.11428,0.158762,0.109617,0.26185,0.503056,0.125477
5201,0,12,1397.06,12,1422.83,3,2,13,22.6822,0.578262,0.121319,0.125734,0.174685,0.112068,0.245181,0.514464,0.128287
5202,0,12,1397.06,12,1422.83,0,3,0,22.6708,0.491526,0.103089,0.106842,0.298543,0.0796466,0.174277,0.654901,0.0911754
5203,0,12,1397.06,12,1422.83,3,1,0,22.6595,0.452454,0.110997,0.115038,0.321511,0.0793861,0.173734,0.653034,0.093846
5204,0,12,1397.06,12,1422.83,3,3,0,22.6482,0.469532,0.115154,0.119347,0.295967,0.0798076,0.169067,0.656778,0.0943475
5205,0,12,1397.06,12,1422.83,0,2,0,22.6368,0.484222,0.118723,0.123047,0.274008,0.0795631,0.168574,0.655042,0.0968215
5206,0,12,1397.06,12,1422.83,0,1,0,22.6255,0.445977,0.127515,0.13216,0.294348,0.0883521,0.187224,0.616903,0.107521
5207,0,12,1397.06,12,1422.83,0,1,0,22.6142,0.40909,0.135992,0.140948,0.31397,0.0890239,0.180797,0.621836,0.108343
5208,0,12,1397.06,12,1422.83,3,2,9,22.6029,0.373892,0.14408,0.149331,0.332697,0.0896099,0.175157,0.626172,0.10906
5209,0,12,1397.06,12,1422.83,1,2,0,22.5916,0.324498,0.125022,0.129579,0.420901,0.0710498,0.138897,0.703578,0.0864752
5210,0,12,1397.06,12,1422.83,0,2,0,22.5803,0.325663,0.12188,0.130021,0.422435,0.07975,0.155927,0.667255,0.0970681
5211,0,12,1397.06,12,1422.83,3,3,0,22.569,0.298994,0.12668,0.135144,0.439182,0.0887677,0.173581,0.629603,0.108048
5212,0,12,1397.06,12,1439.94,2,2,9,22.5577,0.318522,0.134931,0.143948,0.402599,0.088609,0.173294,0.628724,0.109373
5213,0,12,1397.06,12,1439.94,3,3,0,22.5464,0.293448,0.124288,0.211339,0.370924,0.0701967,0.137303,0.705851,0.0866494
5214,0,12,1397.06,12,1439.94,3,2,0,22.5352,0.309169,0.130924,0.222646,0.337261,0.0699225,0.136785,0.703418,0.089874
5215,0,12,1397.06,12,1441.06,0,3,9,22.5239,0.323871,0.137127,0.233219,0.305784,0.0785052,0.153596,0.666988,0.100911
5216,0,12,1397.06,12,1441.06,0,1,0,22.5126,0.409079,0.119832,0.203827,0.267261,0.0732671,0.143367,0.622752,0.160614
5217,0,12,1397.06,12,1441.06,0,1,9,22.5014,0.373373,0.127059,0.216143,0.283425,0.0734445,0.141001,0.624526,0.161029
5218,0,12,1397.06,12,1441.06,3,0,0,22.4901,0.461655,0.109147,0.185691,0.243508,0.0673572,0.211928,0.573009,0.147705
5219,0,12,1397.06,12,1441.06,0,2,0,22.4789,0.471635,0.111474,0.189671,0.227219,0.0704116,0.211211,0.571183,0.147195
5220,0,12,1397.06,12,1441.06,3,2,0,22.4677,0.433424,0.119524,0.20339,0.243662,0.0771371,0.231436,0.530149,0.161278
5221,0,12,1397.06,12,1441.06,1,0,0,22.4564,0.443134,0.122171,0.207915,0.226781,0.0837945,0.251465,0.489518,0.175223
5222,0,12,1397.06,12,1427.45,0,2,13,22.4452,0.444388,0.119747,0.208472,0.227392,0.0850765,0.251099,0.48887,0.174955
5223,0,12,1397.06,12,1427.68,0,1,9,22.434,0.590095,0.0883358,0.153804,0.167766,0.0614674,0.181457,0.630653,0.126422
5224,0,12,1397.06,12,1427.68,0,2,0,22.4228,0.671089,0.0708746,0.123415,0.134621,0.0554856,0.260833,0.569545,0.114136
5225,0,12,1397.06,12,1427.68,2,2,0,22.4115,0.632551,0.0791714,0.137878,0.150399,0.0609314,0.286522,0.527191,0.125356
5226,0,12,1397.06,12,1423.94,0,1,13,22.4003,0.633888,0.0793058,0.136132,0.150674,0.0663174,0.311946,0.48528,0.136457
5227,0,12,1397.06,12,1423.94,0,1,0,22.3891,0.754352,0.0532064,0.0913412,0.1011,0.0523061,0.457148,0.382904,0.107642
5228,0,12,1397.06,12,1423.94,0,2,0,22.3779,0.719897,0.0606635,0.104154,0.115285,0.0562702,0.415827,0.412087,0.115817
5229,0,12,1397.06,12,1422.83,0,1,13,22.3668,0.683401,0.0685615,0.117727,0.130311,0.0599898,0.443492,0.373028,0.12349
5230,0,12,1397.06,12,1422.15,0,2,13,22.3556,0.792237,0.044988,0.0772574,0.0855171,0.0445935,0.586204,0.277392,0.09181
5231,0,12,1397.06,12,1422.15,0,2,0,22.3444,0.869477,0.0282604,0.0485365,0.0537267,0.0357188,0.469784,0.420948,0.0735492
5232,0,12,1397.06,12,1422.15,0,1,0,22.3332,0.845912,0.0333594,0.0573002,0.0634288,0.0381524,0.50205,0.381226,0.0785716
5233,0,12,1397.06,12,1422.15,0,1,0,22.3221,0.819541,0.0390649,0.0671075,0.0742865,0.0415081,0.45805,0.414948,0.0854946
5234,0,12,1397.06,12,1422.15,0,2,0,22.3109,0.790398,0.0453695,0.0779462,0.0862866,0.0447475,0.415535,0.447537,0.0921802
5235,0,12,1397.06,12,1422.15,0,1,0,22.2997,0.758608,0.0522457,0.0897695,0.099377,0.048116,0.447014,0.405736,0.0991336
5236,0,12,1397.06,12,1422.15,1,2,0,22.2886,0.724398,0.0596444,0.102493,0.113465,0.0517039,0.405577,0.436178,0.106541
5237,0,12,1397.06,12,1419.45,0,1,13,22.2774,0.721168,0.0639181,0.101996,0.112917,0.0554179,0.43489,0.395482,0.114211
5238,0,12,1397.06,12,1419.45,0,2,9,22.2663,0.82,0.0412592,0.0658449,0.0728963,0.0414052,0.577653,0.295598,0.0853444
5239,0,12,1397.06,12,1419.45,0,1,0,22.2552,0.863327,0.0313253,0.0499962,0.0553515,0.0361,0.503905,0.385575,0.0744201
5240,0,12,1397.06,12,1419.45,0,2,0,22.244,0.838926,0.036915,0.058923,0.0652359,0.0393119,0.459555,0.42008,0.0810532
5241,0,12,1397.06,12,1419.45,0,1,0,22.2329,0.811702,0.0431506,0.0688828,0.0762642,0.0419832,0.491023,0.38042,0.0865734
5242,0,12,1397.06,12,1419.45,0,1,0,22.2218,0.781714,0.0500189,0.0798543,0.0884132,0.0455448,0.447649,0.412875,0.0939314
5243,0,12,1397.06,12,1419.45,3,0,0,22.2107,0.749114,0.0574842,0.091781,0.10162,0.0489715,0.405881,0.444134,0.101013
5244,0,12,1397.06,12,1419.45,0,2,0,22.1996,0.747572,0.0573363,0.0915536,0.103538,0.0513907,0.404857,0.443022,0.10073
5245,0,12,1397.06,12,1434.99,0,1,9,22.1885,0.712479,0.0653019,0.104283,0.117937,0.0551813,0.434899,0.401745,0.108175
5246,0,12,1397.06,12,1434.99,0,1,0,22.1774,0.776733,0.0507044,0.080979,0.091584,0.0467458,0.521138,0.340466,0.0916505
5247,0,12,1397.06,12,1434.99,3,1,0,22.1663,0.743689,0.0582038,0.0929648,0.105142,0.050984,0.477561,0.371482,0.0999734
5248,0,12,1397.06,12,1427.64,0,2,13,22.1552,0.742408,0.0580739,0.092766,0.106753,0.0551044,0.435164,0.401664,0.108068
5249,0,12,1397.06,12,1427.64,0,2,0,22.1441,0.835274,0.0371341,0.0593229,0.0682691,0.0417935,0.330183,0.546049,0.0819741
5250,0,12,1397.06,12,1427.64,1,1,0,22.1331,0.80757,0.0433758,0.0693006,0.0797537,0.0458555,0.362424,0.501767,0.0899535
5251,0,12,1397.06,12,1427.64,0,2,9,22.122,0.803731,0.0479934,0.0689373,0.0793379,0.0481436,0.330346,0.527056,0.0944547
5252,0,12,1397.06,12,1427.64,0,2,0,22.1109,0.85055,0.0365425,0.0524932,0.0604146,0.0396527,0.272189,0.610352,0.0778065
5253,0,12,1397.06,12,1427.64,0,1,0,22.0999,0.824462,0.0429186,0.0616568,0.0709629,0.0440957,0.302804,0.566564,0.0865364
5254,0,12,1397.06,12,1427.15,2,2,13,22.0888,0.795533,0.0499883,0.0718184,0.0826606,0.0455758,0.279091,0.58588,0.089453
5255,0,12,1397.06,12,1427.15,2,2,0,22.0778,0.731349,0.0459298,0.146764,0.075957,0.0315014,0.192974,0.713688,0.061837
5256,0,12,1397.06,12,1422.08,0,1,13,22.0668,0.734029,0.0460726,0.143698,0.0762009,0.0358975,0.219984,0.673643,0.0704761
5257,0,12,1397.06,12,1422.08,0,3,0,22.0557,0.82843,0.0297155,0.092702,0.0491524,0.0296474,0.355457,0.556682,0.0582134
5258,0,12,1397.06,12,1422.08,0,2,0,22.0447,0.798783,0.034845,0.108729,0.0576428,0.0295611,0.354599,0.555387,0.0604531
5259,0,12,1397.06,12,1422.08,0,1,0,22.0337,0.766154,0.0404892,0.12637,0.0669866,0.0326102,0.391369,0.509323,0.0666982
5260,0,12,1397.06,12,1422.08,0,2,0,22.0227,0.730766,0.0466095,0.145505,0.07712,0.034539,0.355063,0.539745,0.0706534
5261,0,12,1397.06,12,1422.08,3,2,9,22.0116,0.692961,0.0531462,0.165949,0.0879445,0.037924,0.390042,0.494445,0.0775887
5262,0,12,1397.06,12,1422.08,0,1,0,22.0006,0.651913,0.0499724,0.156074,0.142041,0.0316275,0.325435,0.578221,0.064716
5263,0,12,1397.06,12,1422.08,1,0,0,21.9896,0.609806,0.0560068,0.174961,0.159226,0.0328922,0.298102,0.601692,0.0673134
5264,0,12,1397.06,12,1422.08,3,2,0,21.9786,0.607731,0.0593057,0.174322,0.158642,0.0364107,0.296998,0.599547,0.0670441
5265,0,12,1397.06,12,1422.08,1,1,0,21.9677,0.611922,0.0596869,0.17548,0.152911,0.0404937,0.330442,0.554493,0.0745715
5266,0,12,1397.06,12,1422.08,2,2,0,21.9567,0.609933,0.0628292,0.174866,0.152372,0.0421689,0.302431,0.577734,0.0776659
5267,0,12,1397.06,12,1422.08,0,2,0,21.9457,0.615543,0.0633782,0.167349,0.153731,0.0466178,0.334471,0.533041,0.0858704
5268,0,12,1397.06,12,1422.08,0,2,0,21.9347,0.572763,0.0704196,0.185977,0.17084,0.051029,0.366264,0.4887,0.0940073
5269,0,12,1397.06,12,1422.08,0,1,0,21.9237,0.529735,0.0774996,0.204716,0.18805,0.0553339,0.39732,0.445396,0.10195
5270,0,12,1397.06,12,1422.08,2,2,0,21.9128,0.487114,0.0845104,0.223278,0.205098,0.0587531,0.359869,0.473115,0.108263
5271,0,12,1397.06,12,1422.08,0,3,0,21.9018,0.496651,0.0861349,0.208137,0.209078,0.0634468,0.388759,0.430868,0.116927
5272,0,12,1397.06,12,1422.08,2,0,0,21.8909,0.454946,0.0932579,0.225388,0.226408,0.0636968,0.390432,0.432731,0.11314
5273,0,12,1397.06,12,1422.08,0,2,0,21.8799,0.464373,0.0951602,0.2094,0.231067,0.0651329,0.389841,0.432085,0.11294
5274,0,12,1397.06,12,1422.08,3,2,0,21.869,0.423896,0.102337,0.225229,0.248538,0.0697613,0.417693,0.391566,0.120979
5275,0,12,1397.06,12,1422.08,2,2,0,21.8581,0.434957,0.104978,0.231077,0.228989,0.0740006,0.443234,0.35442,0.128345
5276,0,12,1397.06,12,1422.08,3,1,0,21.8471,0.444561,0.107265,0.214159,0.234015,0.07765,0.46526,0.322401,0.13469
5277,0,12,1397.06,12,1422.08,0,3,0,21.8362,0.454419,0.109613,0.218875,0.217094,0.0835605,0.424442,0.34704,0.144958
5278,0,12,1397.06,12,1422.08,2,3,0,21.8253,0.414903,0.117539,0.234735,0.232824,0.0841901,0.427779,0.349754,0.138276
5279,0,12,1397.06,12,1422.08,3,3,0,21.8144,0.424502,0.120228,0.217087,0.238183,0.0847328,0.430677,0.352109,0.132482
5280,0,12,1397.06,12,1422.08,2,2,0,21.8035,0.434396,0.122999,0.222117,0.220488,0.0852016,0.4332,0.354158,0.12744
5281,0,12,1397.06,12,1422.08,2,2,0,21.7926,0.442981,0.125398,0.206806,0.224815,0.0893762,0.454574,0.322356,0.133694
5282,0,12,1397.06,12,1409.21,3,1,13,21.7817,0.450336,0.127448,0.1937,0.228517,0.0929551,0.47293,0.295055,0.139059
5283,0,12,1397.06,12,1409.21,1,2,0,21.7708,0.371401,0.105082,0.159721,0.363796,0.0675148,0.617123,0.214353,0.101009
5284,0,12,1397.06,12,1409.21,3,1,0,21.7599,0.372645,0.102112,0.160229,0.365013,0.0684626,0.626064,0.203038,0.102435
5285,0,12,1397.06,12,1409.21,3,2,0,21.749,0.393409,0.107774,0.169128,0.329689,0.0760531,0.584547,0.225598,0.113802
5286,0,12,1397.06,12,1409.21,1,2,0,21.7381,0.411198,0.112618,0.176746,0.299438,0.077299,0.594365,0.21266,0.115675
5287,0,12,1397.06,12,1409.21,1,2,0,21.7273,0.41254,0.109771,0.177293,0.300396,0.0783715,0.602858,0.20148,0.11729
5288,0,12,1397.06,12,1409.21,2,1,0,21.7164,0.413726,0.10726,0.177773,0.301241,0.0792969,0.610225,0.191793,0.118684
5289,0,12,1397.06,12,1409.21,0,1,0,21.7056,0.419052,0.108611,0.167237,0.305099,0.0876777,0.568983,0.212101,0.131238
5290,0,12,1397.06,12,1409.21,3,1,0,21.6947,0.381128,0.115686,0.178146,0.32504,0.096086,0.527595,0.232483,0.143836
5291,0,12,1397.06,12,1407.85,3,2,13,21.6839,0.39796,0.120766,0.185985,0.295289,0.104404,0.486645,0.252652,0.156299
5292,0,12,1397.06,12,1404.34,3,2,13,21.673,0.316905,0.096146,0.148082,0.438867,0.0846401,0.394645,0.393993,0.126722
5293,0,12,1397.06,12,1404.34,3,3,0,21.6622,0.23455,0.0711432,0.109583,0.584724,0.0643063,0.299928,0.539479,0.0962864
5294,0,12,1397.06,12,1404.34,0,1,0,21.6513,0.258617,0.0784246,0.120809,0.542149,0.0642872,0.299932,0.539549,0.096232
5295,0,12,1397.06,12,1404.34,0,2,0,21.6405,0.240632,0.0803034,0.123713,0.555352,0.0664124,0.276544,0.557622,0.0994213
5296,0,12,1397.06,12,1404.34,3,1,0,21.6297,0.225184,0.0819127,0.126204,0.5667,0.0728363,0.30338,0.514737,0.109047
5297,0,12,1397.06,12,1404.34,0,2,9,21.6189,0.24707,0.0898559,0.138454,0.52462,0.0753274,0.279337,0.53255,0.112785
5298,0,12,1397.06,12,1404.34,3,2,0,21.6081,0.334839,0.0793607,0.122293,0.463507,0.0615645,0.22836,0.61789,0.092186
5299,0,12,1397.06,12,1404.34,3,1,0,21.5973,0.360514,0.0854212,0.131643,0.422422,0.068377,0.253696,0.575532,0.102395
5300,0,12,1397.06,12,1404.34,3,0,0,21.5865,0.385057,0.0912104,0.140577,0.383155,0.0698975,0.236841,0.588581,0.104681
5301,0,12,1397.06,12,1404.34,3,1,0,21.5757,0.408181,0.0966599,0.148989,0.34617,0.0725297,0.236148,0.586965,0.104357
5302,0,12,1397.06,12,1404.34,3,0,0,21.5649,0.428067,0.10134,0.156216,0.314378,0.0738797,0.221672,0.59814,0.106307
5303,0,12,1397.06,12,1404.34,3,2,0,21.5541,0.445099,0.105342,0.162399,0.28716,0.0763677,0.221052,0.596586,0.105994
5304,0,12,1397.06,12,1404.34,1,0,0,21.5433,0.459664,0.108757,0.167679,0.263899,0.0843423,0.244188,0.554399,0.117071
5305,0,12,1397.06,12,1404.34,1,2,0,21.5326,0.460516,0.107168,0.167956,0.264359,0.0857742,0.243786,0.553579,0.116861
5306,0,12,1397.06,12,1404.34,3,2,0,21.5218,0.461279,0.105753,0.168201,0.264768,0.0938614,0.266827,0.511424,0.127887
5307,0,12,1397.06,12,1404.83,0,2,9,21.511,0.473825,0.108597,0.172741,0.244837,0.101819,0.289509,0.469935,0.138738
5308,0,12,1397.06,12,1404.83,3,2,0,21.5003,0.563476,0.0900847,0.143307,0.203132,0.084696,0.240873,0.559018,0.115413
5309,0,12,1397.06,12,1404.83,1,3,0,21.4895,0.570917,0.0912409,0.14516,0.192682,0.0927927,0.263955,0.516798,0.126454
5310,0,12,1397.06,12,1404.83,0,3,0,21.4788,0.570165,0.0925194,0.144929,0.192387,0.0930728,0.264807,0.518536,0.123585
5311,0,12,1397.06,12,1404.83,2,3,0,21.468,0.528706,0.101434,0.158907,0.210954,0.0933174,0.265558,0.520078,0.121047
5312,0,12,1397.06,12,1404.83,1,2,0,21.4573,0.532429,0.102114,0.153057,0.2124,0.0935313,0.266223,0.521449,0.118798
5313,0,12,1397.06,12,1404.83,1,3,0,21.4466,0.532454,0.102148,0.153026,0.212371,0.10166,0.28942,0.479792,0.129128
5314,0,12,1397.06,12,1404.83,0,2,0,21.4359,0.532483,0.102177,0.152996,0.212344,0.102057,0.290612,0.481818,0.125513
5315,0,12,1397.06,12,1404.83,0,2,9,21.4251,0.491434,0.111138,0.166428,0.231,0.110041,0.31341,0.441213,0.135336
5316,0,12,1397.06,12,1404.83,0,2,0,21.4144,0.580749,0.0916111,0.137198,0.190442,0.092318,0.262989,0.531148,0.113544
5317,0,12,1397.06,12,1404.83,0,2,0,21.4037,0.539302,0.100658,0.150759,0.20928,0.10054,0.286471,0.489328,0.123662
5318,0,12,1397.06,12,1404.83,3,1,9,21.393,0.498131,0.109644,0.16423,0.227995,0.10857,0.309417,0.448469,0.133544
5319,0,12,1397.06,12,1403.81,0,1,13,21.3823,0.442743,0.0974227,0.145937,0.313897,0.0943018,0.400058,0.389642,0.115999
5320,0,12,1397.06,12,1403.81,0,2,0,21.3716,0.589439,0.0717656,0.107512,0.231284,0.0712611,0.546554,0.294524,0.0876604
5321,0,12,1397.06,12,1403.81,0,1,0,21.3609,0.546871,0.0791942,0.11865,0.255284,0.0735274,0.564167,0.271853,0.0904521
5322,0,12,1397.06,12,1403.81,3,2,9,21.3503,0.504459,0.0865934,0.129746,0.279201,0.0807661,0.521178,0.298695,0.0993611
5323,0,12,1397.06,12,1403.81,3,1,0,21.3396,0.4413,0.0757251,0.113471,0.369503,0.0701949,0.453132,0.390314,0.0863596
5324,0,12,1397.06,12,1403.81,0,1,0,21.3289,0.465176,0.0797939,0.119578,0.335453,0.0755289,0.411428,0.420117,0.0929258
5325,0,12,1397.06,12,1403.81,3,2,0,21.3182,0.423971,0.0859245,0.128775,0.36133,0.0805517,0.372128,0.44821,0.0991097
5326,0,12,1397.06,12,1403.81,0,1,0,21.3076,0.446154,0.0903914,0.135481,0.327974,0.0865012,0.399736,0.407329,0.106434
5327,0,12,1397.06,12,1403.81,0,2,0,21.2969,0.406145,0.0969044,0.145254,0.351696,0.09198,0.361577,0.433263,0.11318
5328,0,12,1397.06,12,1403.81,3,3,0,21.2863,0.368091,0.103096,0.154548,0.374264,0.0984063,0.386945,0.393556,0.121093
5329,0,12,1397.06,12,1403.81,0,2,0,21.2756,0.38938,0.109031,0.163458,0.338131,0.0988866,0.388939,0.395587,0.116587
5330,0,12,1397.06,12,1403.81,1,0,0,21.265,0.352683,0.115566,0.17327,0.358481,0.105035,0.413236,0.357888,0.123841
5331,0,12,1397.06,12,1403.81,2,0,0,21.2544,0.354362,0.111379,0.17407,0.360189,0.102831,0.414273,0.358775,0.124121
5332,0,12,1397.06,12,1403.81,0,1,0,21.2437,0.359301,0.112905,0.162584,0.36521,0.100879,0.415193,0.359562,0.124367
5333,0,12,1397.06,12,1403.81,3,2,0,21.2331,0.324885,0.118952,0.171304,0.38486,0.107475,0.376853,0.383168,0.132504
5334,0,12,1397.06,12,1403.81,1,3,0,21.2225,0.343871,0.125878,0.181292,0.348959,0.113815,0.399184,0.346675,0.140327
5335,0,12,1397.06,12,1403.81,0,1,0,21.2119,0.345999,0.120491,0.18239,0.351119,0.114621,0.402112,0.349208,0.134059
5336,0,12,1397.06,12,1403.81,3,1,9,21.2013,0.312845,0.126582,0.191626,0.368947,0.121729,0.364949,0.370946,0.142377
5337,0,12,1397.06,12,1403.81,1,2,0,21.1907,0.268288,0.108533,0.164317,0.458861,0.10459,0.454285,0.31879,0.122335
5338,0,12,1397.06,12,1403.81,1,0,0,21.1801,0.268719,0.107068,0.164565,0.459648,0.108679,0.472182,0.292018,0.127121
5339,0,12,1397.06,12,1403.81,2,1,0,21.1695,0.269102,0.105761,0.164784,0.460353,0.10723,0.472983,0.292484,0.127303
5340,0,12,1397.06,12,1403.81,0,0,0,21.1589,0.271558,0.106706,0.157133,0.464603,0.115359,0.432962,0.314721,0.136959
5341,0,12,1397.06,12,1403.81,3,2,0,21.1483,0.251175,0.10967,0.161509,0.477646,0.112683,0.434297,0.315671,0.137349
5342,0,12,1397.06,12,1403.81,2,3,0,21.1378,0.270179,0.117947,0.173713,0.438161,0.117059,0.451285,0.288966,0.142689
5343,0,12,1397.06,12,1403.81,2,2,0,21.1272,0.273102,0.119204,0.16475,0.442944,0.117753,0.454082,0.290731,0.137434
5344,0,12,1397.06,12,1403.81,3,0,0,21.1166,0.275629,0.120287,0.156999,0.447086,0.121541,0.468818,0.267781,0.14186
5345,0,12,1397.06,12,1403.81,3,2,0,21.1061,0.294688,0.128583,0.167836,0.408894,0.119014,0.4702,0.268541,0.142244
5346,0,12,1397.06,12,1403.81,0,0,0,21.0955,0.312859,0.136489,0.178165,0.372487,0.122196,0.482904,0.248848,0.146052
5347,0,12,1397.06,12,1403.81,0,2,0,21.085,0.285076,0.14199,0.185356,0.387578,0.119907,0.4842,0.249483,0.14641
5348,0,12,1397.06,12,1403.81,3,3,0,21.0744,0.261375,0.146679,0.191487,0.400458,0.122587,0.495161,0.232564,0.149688
5349,0,12,1397.06,12,1403.81,0,1,0,21.0639,0.276834,0.155337,0.202801,0.365028,0.123274,0.498077,0.233899,0.14475
5350,0,12,1397.06,12,1403.81,2,2,0,21.0534,0.253553,0.160322,0.20932,0.376806,0.132983,0.458509,0.252352,0.156156
5351,0,12,1397.06,12,1403.81,1,1,0,21.0428,0.258124,0.163197,0.195049,0.38363,0.136106,0.469395,0.23467,0.159828
5352,0,12,1397.06,12,1411.7,2,2,9,21.0323,0.260671,0.15492,0.196963,0.387446,0.145969,0.430912,0.251703,0.171416
5353,0,12,1397.06,12,1411.7,2,2,0,21.0218,0.234723,0.139484,0.276888,0.348905,0.12873,0.380101,0.339994,0.151175
5354,0,12,1397.06,12,1407.87,0,1,13,21.0113,0.242562,0.144127,0.252724,0.360587,0.134757,0.397984,0.309,0.158259
5355,0,12,1397.06,12,1407.87,0,1,0,21.0008,0.380467,0.117872,0.206708,0.294953,0.10118,0.547944,0.232046,0.11883
5356,0,12,1397.06,12,1407.87,1,1,0,20.9903,0.345261,0.124554,0.218452,0.311733,0.110349,0.506933,0.253116,0.129602
5357,0,12,1397.06,12,1407.87,3,2,0,20.9798,0.347284,0.11945,0.219712,0.313553,0.119357,0.466632,0.273824,0.140187
5358,0,12,1397.06,12,1407.87,2,1,0,20.9693,0.362062,0.124506,0.229041,0.284391,0.122687,0.479783,0.253427,0.144103
5359,0,12,1397.06,12,1407.87,3,1,9,20.9588,0.370443,0.127361,0.211235,0.29096,0.131943,0.440492,0.272585,0.154979
5360,0,12,1397.06,12,1407.87,3,1,9,20.9483,0.324029,0.11138,0.184749,0.379842,0.110156,0.532844,0.227608,0.129392
5361,0,12,1397.06,12,1407.87,2,1,0,20.9379,0.276519,0.0950289,0.157642,0.47081,0.089293,0.621291,0.184527,0.10489
5362,0,12,1397.06,12,1407.87,3,2,0,20.9274,0.278692,0.0957553,0.150992,0.474561,0.0988763,0.580613,0.20436,0.11615
5363,0,12,1397.06,12,1407.87,1,2,0,20.9169,0.299759,0.102972,0.162385,0.434884,0.100087,0.587929,0.194408,0.117576
5364,0,12,1397.06,12,1407.87,2,1,9,20.9065,0.300162,0.101754,0.162584,0.435501,0.101134,0.594292,0.185763,0.11881
5365,0,12,1397.06,12,1407.87,3,0,0,20.896,0.273631,0.0927403,0.236592,0.397037,0.0804211,0.677363,0.147736,0.0944803
5366,0,12,1397.06,12,1407.87,0,1,0,20.8856,0.290401,0.0984029,0.251085,0.360111,0.0833394,0.675274,0.147235,0.0941518
5367,0,12,1397.06,12,1419.64,0,1,9,20.8751,0.263868,0.102062,0.260471,0.373599,0.0933872,0.636102,0.165005,0.105506
5368,0,12,1397.06,12,1419.64,0,1,0,20.8647,0.350108,0.0900874,0.229953,0.329851,0.0733882,0.714014,0.129684,0.0829135
5369,0,12,1397.06,12,1419.64,3,3,0,20.8543,0.315656,0.0948444,0.242141,0.347359,0.0830156,0.676478,0.146713,0.0937929
5370,0,12,1397.06,12,1419.64,0,1,0,20.8438,0.332148,0.0997758,0.254779,0.313297,0.0828065,0.675058,0.14636,0.0957756
5371,0,12,1397.06,12,1419.64,3,1,0,20.8334,0.299287,0.104666,0.267317,0.328729,0.0927998,0.635821,0.164042,0.107337
5372,0,12,1397.06,12,1419.64,3,1,9,20.823,0.313762,0.109705,0.280239,0.296293,0.103065,0.595514,0.182208,0.119213
5373,0,12,1397.06,12,1419.64,0,1,9,20.8126,0.275583,0.0963361,0.246134,0.381947,0.0819117,0.678511,0.144828,0.094749
5374,0,12,1397.06,12,1419.64,1,1,0,20.8022,0.36301,0.084692,0.216425,0.335874,0.0636265,0.750262,0.112511,0.0736002
5375,0,12,1397.06,12,1419.64,2,1,0,20.7918,0.363391,0.0837572,0.21663,0.336222,0.0726619,0.714781,0.128503,0.0840544
5376,0,12,1397.06,12,1419.64,0,0,0,20.7814,0.371483,0.0855972,0.199216,0.343704,0.0822281,0.677211,0.145437,0.0951232
5377,0,12,1397.06,12,1419.64,2,3,0,20.771,0.335534,0.0904746,0.210603,0.363389,0.0849827,0.675239,0.144969,0.0948089
5378,0,12,1397.06,12,1419.64,1,1,0,20.7606,0.342502,0.0923293,0.194227,0.370942,0.0847809,0.673916,0.14464,0.0966631
5379,0,12,1397.06,12,1419.64,0,1,0,20.7502,0.343046,0.0909022,0.194514,0.371538,0.0950197,0.634515,0.162126,0.10834
5380,0,12,1397.06,12,1419.64,0,1,0,20.7398,0.31051,0.0953848,0.204137,0.389969,0.105533,0.594054,0.180083,0.12033
5381,0,12,1397.06,12,1419.64,3,1,0,20.7295,0.282726,0.0992081,0.212352,0.405714,0.116173,0.553103,0.19826,0.132465
5382,0,12,1397.06,12,1419.64,1,1,0,20.7191,0.300339,0.105366,0.225567,0.368728,0.126788,0.512242,0.216399,0.144572
5383,0,12,1397.06,12,1419.64,3,1,0,20.7087,0.301212,0.102762,0.22621,0.369815,0.137235,0.472019,0.234256,0.15649
5384,0,12,1397.06,12,1419.64,0,0,0,20.6984,0.317901,0.108433,0.23873,0.334936,0.147387,0.432933,0.251611,0.16807
5385,0,12,1397.06,12,1419.64,0,2,0,20.688,0.287375,0.113267,0.249412,0.349946,0.141543,0.43593,0.253325,0.169202
5386,0,12,1397.06,12,1419.64,1,0,0,20.6777,0.261444,0.117369,0.258485,0.362701,0.145042,0.446808,0.234758,0.173391
5387,0,12,1397.06,12,1419.64,2,1,0,20.6674,0.262569,0.11355,0.259597,0.364285,0.139839,0.449561,0.236174,0.174426
5388,0,12,1397.06,12,1419.64,3,1,0,20.657,0.270265,0.116858,0.23789,0.374987,0.14947,0.411618,0.252466,0.186447
5389,0,12,1397.06,12,1419.64,1,3,0,20.6467,0.285172,0.123283,0.251006,0.340538,0.158659,0.37541,0.268014,0.197917
5390,0,12,1397.06,12,1419.64,3,1,0,20.6364,0.28675,0.118428,0.252388,0.342434,0.16124,0.381583,0.272403,0.184774
5391,0,12,1397.06,12,1419.64,3,1,0,20.6261,0.300855,0.124232,0.264796,0.310118,0.170214,0.34713,0.287594,0.195062
5392,0,12,1397.06,12,1419.64,3,2,0,20.6157,0.313943,0.129613,0.276308,0.280136,0.178623,0.314837,0.301834,0.204705
5393,0,12,1397.06,12,1419.64,0,1,0,20.6054,0.325244,0.134255,0.286248,0.254253,0.185887,0.327677,0.273401,0.213035
5394,0,12,1397.06,12,1419.64,2,3,0,20.5951,0.294542,0.140348,0.299284,0.265826,0.19437,0.296966,0.2859,0.222763
5395,0,12,1397.06,12,1419.64,3,3,0,20.5848,0.306634,0.146088,0.270545,0.276733,0.19904,0.304127,0.292792,0.204041
5396,0,12,1397.06,12,1419.64,2,3,0,20.5745,0.317401,0.151196,0.280038,0.251365,0.202987,0.310184,0.298622,0.188207
5397,0,12,1397.06,12,1419.64,0,3,0,20.5643,0.328499,0.156459,0.2549,0.260142,0.206334,0.315325,0.303569,0.174772
5398,0,12,1397.06,12,1419.64,1,2,0,20.554,0.298204,0.163505,0.266405,0.271886,0.209182,0.319705,0.307782,0.163332
5399,0,12,1397.06,12,1419.64,3,3,0,20.5437,0.30192,0.153094,0.269718,0.275268,0.217731,0.332799,0.279472,0.169999
5400,0,12,1397.06,12,1419.64,2,0,0,20.5334,0.312331,0.158351,0.279013,0.250305,0.22037,0.336861,0.282873,0.159896
5401,0,12,1397.06,12,1419.64,0,2,9,20.5232,0.323089,0.163784,0.254211,0.258916,0.203982,0.343957,0.288822,0.16324
5402,0,12,1397.06,12,1419.64,1,0,0,20.5129,0.413994,0.141779,0.220076,0.22415,0.17811,0.300364,0.378997,0.142529
5403,0,12,1397.06,12,1419.64,0,1,0,20.5026,0.416284,0.137089,0.221265,0.225362,0.168126,0.304014,0.38362,0.14424
5404,0,12,1397.06,12,1419.64,0,3,0,20.4924,0.381297,0.145295,0.234532,0.238876,0.174191,0.278849,0.397523,0.149438
5405,1,12,1397.06,12,1419.64,1,0,0,20.4821,0.348151,0.153068,0.247102,0.251679,0.175388,0.280793,0.400322,0.143497
5406,1,12,1397.06,12,1419.64,2,0,0,20.4719,0.28119,0.218301,0.381083,0.119427,0.27509,0.405928,0.218912,0.10007
5407,0,12,1397.06,12,1410.43,2,1,13,20.4617,0.326218,0.253246,0.282009,0.138527,0.200685,0.447626,0.241369,0.110319
5408,0,12,1397.06,12,1410.43,2,1,0,20.4514,0.259004,0.370006,0.183792,0.187198,0.405152,0.202548,0.288831,0.103469
5409,0,12,1397.06,12,1410.43,3,2,9,20.4412,0.262609,0.375183,0.172416,0.189792,0.41181,0.189492,0.293558,0.10514
5410,0,12,1397.06,12,1404.28,3,2,13,20.431,0.236937,0.338531,0.155548,0.268984,0.358109,0.164756,0.385729,0.091405
5411,0,12,1397.06,12,1404.28,2,2,0,20.4208,0.190688,0.27247,0.125175,0.411667,0.26991,0.124159,0.537058,0.0688738
5412,0,12,1397.06,12,1404.28,1,0,0,20.4106,0.191543,0.273711,0.121171,0.413576,0.294056,0.135245,0.495684,0.0750149
5413,0,12,1397.06,12,1404.28,1,2,0,20.4004,0.197384,0.251505,0.124855,0.426255,0.271653,0.139514,0.51146,0.0773732
5414,0,12,1397.06,12,1404.28,3,1,0,20.3902,0.202365,0.232563,0.127994,0.437078,0.29425,0.151099,0.470863,0.0837883
5415,0,12,1397.06,12,1404.28,2,2,0,20.38,0.215996,0.248235,0.136602,0.399167,0.296254,0.145294,0.474114,0.0843377
5416,0,12,1397.06,12,1404.28,0,2,0,20.3698,0.217313,0.249756,0.13128,0.401651,0.318525,0.156195,0.434625,0.0906551
5417,0,12,1397.06,12,1404.28,0,3,0,20.3596,0.202132,0.254593,0.133806,0.409469,0.33992,0.166663,0.396697,0.0967201
5418,0,12,1397.06,12,1404.28,3,1,9,20.3494,0.189152,0.258728,0.135961,0.416159,0.340329,0.166839,0.397187,0.0956455
5419,0,12,1397.06,12,1404.28,1,3,0,20.3392,0.158697,0.217084,0.114063,0.510156,0.309708,0.241812,0.361462,0.0870178
5420,0,12,1397.06,12,1404.28,3,0,0,20.3291,0.161213,0.204558,0.115864,0.518365,0.310008,0.242035,0.361823,0.0861347
5421,0,12,1397.06,12,1404.28,0,0,0,20.3189,0.174635,0.221599,0.125501,0.478265,0.281311,0.252097,0.376895,0.0896971
5422,0,12,1397.06,12,1404.28,3,0,0,20.3087,0.166586,0.223744,0.126702,0.482969,0.256906,0.260653,0.389719,0.0927223
5423,0,12,1397.06,12,1404.28,0,0,0,20.2986,0.179185,0.24068,0.136277,0.443859,0.236152,0.267929,0.400629,0.0952907
5424,0,12,1397.06,12,1404.28,0,0,9,20.2884,0.169989,0.243364,0.137781,0.448865,0.218481,0.274122,0.409923,0.0974733
5425,0,12,1397.06,12,1404.28,0,0,0,20.2783,0.247792,0.220542,0.124846,0.40682,0.303137,0.244425,0.365543,0.0868954
5426,0,12,1397.06,12,1404.28,0,2,9,20.2682,0.228753,0.226113,0.127985,0.417149,0.275442,0.254135,0.380095,0.0903287
5427,0,12,1397.06,12,1404.28,3,2,9,20.258,0.314991,0.20082,0.113656,0.370532,0.23434,0.216209,0.472619,0.0768326
5428,0,12,1397.06,12,1404.28,0,3,0,20.2479,0.269118,0.171558,0.0970839,0.46224,0.193193,0.178243,0.565236,0.0633278
5429,0,12,1397.06,12,1404.28,3,2,0,20.2378,0.248395,0.176403,0.0998141,0.475388,0.192545,0.177642,0.563459,0.066355
5430,0,12,1397.06,12,1404.28,3,0,0,20.2276,0.267425,0.189904,0.107441,0.43523,0.21098,0.194647,0.521681,0.0726927
5431,0,12,1397.06,12,1404.28,1,1,0,20.2175,0.285702,0.20287,0.114764,0.396665,0.198782,0.197634,0.529791,0.0737937
5432,0,12,1397.06,12,1404.28,3,1,9,20.2074,0.290714,0.18888,0.116756,0.40365,0.201333,0.187244,0.536696,0.0747261
5433,0,12,1397.06,12,1404.28,1,2,0,20.1973,0.245273,0.159342,0.0984877,0.496897,0.180813,0.27,0.48209,0.0670966
5434,0,12,1397.06,12,1404.28,2,2,0,20.1872,0.247173,0.152777,0.0992326,0.500817,0.195141,0.291419,0.441041,0.072399
5435,0,12,1397.06,12,1404.28,3,1,0,20.1771,0.247203,0.152781,0.0990692,0.500947,0.20892,0.312021,0.401562,0.0774959
5436,0,12,1397.06,12,1404.28,3,1,0,20.167,0.267403,0.16525,0.107145,0.460202,0.217398,0.284065,0.417912,0.0806246
5437,0,12,1397.06,12,1404.28,3,2,9,20.157,0.286959,0.177318,0.11496,0.420762,0.224623,0.260232,0.431857,0.0832875
5438,0,12,1397.06,12,1404.28,0,2,0,20.1469,0.240597,0.148655,0.0963692,0.514378,0.187711,0.217475,0.525226,0.0695873
5439,0,12,1397.06,12,1407.78,3,2,9,20.1368,0.224757,0.151732,0.0983553,0.525155,0.204145,0.236522,0.483669,0.0756644
5440,0,12,1397.06,12,1407.78,1,1,0,20.1267,0.181996,0.122855,0.0796297,0.615519,0.167684,0.194284,0.575894,0.0621382
5441,0,12,1397.06,12,1407.78,3,2,0,20.1167,0.182217,0.121653,0.0797132,0.616417,0.169643,0.184737,0.582767,0.0628518
5442,0,12,1397.06,12,1407.78,0,3,0,20.1066,0.20188,0.134769,0.0883002,0.575051,0.186701,0.203316,0.540825,0.0691578
5443,0,12,1397.06,12,1407.78,0,3,0,20.0966,0.191734,0.136455,0.0893972,0.582413,0.186178,0.20275,0.539426,0.0716457
5444,0,12,1397.06,12,1407.78,1,3,0,20.0865,0.182935,0.137913,0.0903448,0.588807,0.185692,0.202224,0.53813,0.0739538
5445,0,12,1397.06,12,1407.78,3,2,0,20.0765,0.183505,0.1351,0.0906136,0.590781,0.18524,0.201736,0.536936,0.0760882
5446,0,12,1397.06,12,1407.78,3,2,0,20.0664,0.202032,0.148731,0.099748,0.549489,0.201942,0.219929,0.495195,0.0829338
5447,0,12,1397.06,12,1407.78,0,2,0,20.0564,0.220501,0.162317,0.108851,0.508332,0.218293,0.23774,0.454335,0.0896327
5448,0,12,1397.06,12,1407.78,3,0,0,20.0464,0.207257,0.165052,0.110676,0.517015,0.234089,0.254948,0.414861,0.0961017
5449,0,12,1397.06,12,1407.78,0,3,0,20.0363,0.224642,0.178888,0.119945,0.476525,0.21655,0.260779,0.424391,0.0982805
5450,0,12,1397.06,12,1407.78,3,0,9,20.0263,0.210364,0.182163,0.122131,0.485342,0.216781,0.261066,0.424901,0.0972515
5451,0,12,1397.06,12,1407.29,3,0,13,20.0163,0.172156,0.149073,0.0999373,0.578834,0.301635,0.232776,0.378893,0.0866956
5452,0,12,1397.06,12,1407.29,1,3,0,20.0063,0.116042,0.10048,0.0673556,0.716123,0.449969,0.183329,0.298437,0.0682659
5453,0,12,1397.06,12,1407.29,3,0,0,19.9963,0.115806,0.102052,0.0672116,0.71493,0.449307,0.183026,0.297973,0.0696944
5454,0,12,1397.06,12,1407.29,2,0,0,19.9863,0.131135,0.115557,0.0760996,0.677208,0.408684,0.196522,0.319976,0.074819
5455,0,12,1397.06,12,1407.29,3,0,0,19.9763,0.130667,0.115142,0.0791754,0.675015,0.37003,0.209362,0.340916,0.0796922
5456,0,12,1397.06,12,1407.29,3,0,0,19.9663,0.146554,0.129138,0.0887928,0.635515,0.333682,0.221436,0.360611,0.0842716
5457,0,12,1397.06,12,1402.33,3,2,13,19.9563,0.162878,0.143519,0.0986733,0.594929,0.301171,0.232234,0.378232,0.0883638
5458,0,12,1397.06,12,1402.33,3,1,0,19.9464,0.108872,0.0959294,0.0659492,0.729249,0.227726,0.175591,0.529883,0.0667988
5459,0,12,1397.06,12,1402.33,3,1,9,19.9364,0.123761,0.109045,0.0749606,0.692233,0.23006,0.167069,0.535404,0.0674668
5460,0,12,1397.06,12,1402.33,3,2,9,19.9264,0.0952206,0.0838965,0.0576682,0.763215,0.208448,0.24525,0.485189,0.0611138
5461,0,12,1397.06,12,1403.31,3,2,9,19.9165,0.0719849,0.0634225,0.0435917,0.821001,0.171609,0.201914,0.576176,0.050301
5462,0,12,1397.06,12,1403.31,3,0,0,19.9065,0.0537527,0.0473577,0.0325476,0.866342,0.1374,0.161669,0.660668,0.0402638
5463,0,12,1397.06,12,1403.31,3,1,0,19.8965,0.0636476,0.056074,0.0385351,0.841743,0.134094,0.162255,0.663252,0.0403987
5464,0,12,1397.06,12,1403.31,3,2,0,19.8866,0.0747353,0.0658407,0.0452436,0.81418,0.135014,0.156307,0.668013,0.040666
5465,0,12,1397.06,12,1403.31,3,1,0,19.8767,0.0869968,0.076641,0.0526612,0.783701,0.152162,0.176165,0.625853,0.04582
5466,0,12,1397.06,12,1403.31,1,2,0,19.8667,0.10037,0.0884203,0.0607504,0.750459,0.153574,0.168354,0.631838,0.0462341
5467,0,12,1397.06,12,1403.31,0,1,0,19.8568,0.100064,0.0909075,0.0605589,0.74847,0.171535,0.188047,0.58879,0.0516289
5468,0,12,1397.06,12,1403.31,3,3,0,19.8469,0.10168,0.0907129,0.0604244,0.747182,0.173525,0.178492,0.595768,0.0522154
5469,0,12,1397.06,12,1403.31,3,2,0,19.8369,0.11618,0.103647,0.0690341,0.711139,0.17289,0.17784,0.593733,0.0555381
5470,0,12,1397.06,12,1403.31,0,1,0,19.827,0.131524,0.117332,0.0781428,0.673002,0.191391,0.196872,0.55027,0.0614673
5471,0,12,1397.06,12,1403.31,3,2,0,19.8171,0.130055,0.117499,0.078248,0.674198,0.19401,0.185777,0.557918,0.0622944
5472,0,12,1397.06,12,1412.88,3,2,9,19.8072,0.145904,0.131816,0.0877751,0.634504,0.213017,0.203975,0.514627,0.0683816
5473,0,12,1397.06,12,1412.88,3,0,0,19.7973,0.113978,0.10297,0.0685614,0.71449,0.173434,0.166071,0.604833,0.0556622
5474,0,12,1397.06,12,1412.88,3,2,0,19.7874,0.12914,0.116666,0.0776737,0.676521,0.165886,0.167558,0.610408,0.0561484
5475,0,12,1397.06,12,1412.88,3,1,9,19.7775,0.144966,0.13096,0.0871838,0.63689,0.184238,0.186096,0.567319,0.0623468
5476,0,12,1397.06,12,1412.88,3,1,0,19.7676,0.113149,0.102215,0.0680419,0.716594,0.165501,0.26877,0.509736,0.0559938
5477,0,12,1397.06,12,1412.88,3,2,0,19.7577,0.128276,0.115878,0.0771305,0.678716,0.170283,0.247536,0.524582,0.0575993
5478,0,12,1397.06,12,1412.88,3,2,0,19.7478,0.144079,0.130151,0.0866241,0.639145,0.185915,0.270281,0.480931,0.0628734
5479,0,12,1397.06,12,1411.28,3,1,13,19.738,0.160343,0.144841,0.0963929,0.598423,0.201141,0.292438,0.438413,0.0680079
5480,0,12,1397.06,12,1411.28,3,2,0,19.7281,0.106793,0.0964659,0.0641938,0.732547,0.158616,0.441988,0.345778,0.0536181
5481,0,12,1397.06,12,1411.28,0,1,0,19.7182,0.121575,0.109816,0.0730718,0.695537,0.16654,0.464164,0.313011,0.0562845
5482,0,12,1397.06,12,1411.28,3,0,0,19.7084,0.12114,0.109839,0.0730811,0.69594,0.179782,0.421532,0.33794,0.0607464
5483,0,12,1397.06,12,1404.63,2,1,13,19.6985,0.136643,0.123894,0.0824256,0.657037,0.167654,0.427784,0.342938,0.0616235
5484,0,12,1397.06,12,1404.63,3,2,0,19.6887,0.123847,0.112289,0.168173,0.595692,0.123372,0.578895,0.252395,0.045338
5485,0,12,1397.06,12,1404.63,1,1,0,19.6788,0.136903,0.124124,0.185914,0.553059,0.126348,0.593042,0.234188,0.0464222
5486,0,12,1397.06,12,1404.63,0,1,0,19.669,0.137249,0.121741,0.186396,0.554613,0.140148,0.548572,0.259798,0.0514822
5487,0,12,1397.06,12,1404.63,3,0,0,19.6592,0.133517,0.122242,0.187178,0.557063,0.153914,0.504204,0.285353,0.0565279
5488,0,12,1397.06,12,1404.63,3,1,0,19.6493,0.146337,0.133977,0.205165,0.514522,0.146729,0.508521,0.287763,0.0569869
5489,0,12,1397.06,12,1404.63,0,2,0,19.6395,0.158968,0.145538,0.222888,0.472606,0.159735,0.464924,0.313314,0.0620267
5490,0,12,1397.06,12,1400.15,3,1,13,19.6297,0.151642,0.146783,0.224814,0.476761,0.166146,0.483687,0.285663,0.0645039
5491,0,12,1397.06,12,1400.15,3,2,0,19.6199,0.107904,0.104446,0.159984,0.627666,0.118231,0.632575,0.203302,0.0458927
5492,0,12,1397.06,12,1400.15,2,1,9,19.6101,0.120114,0.116264,0.178101,0.585521,0.119852,0.641467,0.192167,0.0465134
5493,0,12,1397.06,12,1400.15,2,2,0,19.6003,0.108062,0.104597,0.260403,0.526938,0.0940017,0.718791,0.150733,0.0364741
5494,0,12,1397.06,12,1400.15,2,1,9,19.5905,0.110867,0.107311,0.241036,0.540786,0.094457,0.722566,0.146333,0.0366438
5495,0,12,1397.06,12,1400.15,3,2,0,19.5807,0.0975719,0.094442,0.3319,0.476086,0.0725114,0.787019,0.112344,0.0281249
5496,0,12,1397.06,12,1400.15,3,1,9,19.5709,0.105562,0.102175,0.359165,0.433099,0.0725095,0.787374,0.111998,0.0281188
5497,0,12,1397.06,12,1400.15,2,1,9,19.5611,0.0883843,0.085548,0.300795,0.525273,0.0548383,0.83919,0.0847102,0.021262
5498,0,12,1397.06,12,1400.15,3,1,0,19.5513,0.0764104,0.0739578,0.395359,0.454273,0.041061,0.879588,0.0634336,0.0159172
5499,0,12,1397.06,12,1400.15,3,1,0,19.5415,0.082489,0.0798409,0.426951,0.410719,0.0493091,0.855398,0.0761824,0.019111
5500,0,12,1397.06,12,1400.15,0,2,0,19.5318,0.0881604,0.0853296,0.456455,0.370055,0.0586869,0.827893,0.0906789,0.0227412
5501,0,12,1397.06,12,1400.15,0,1,0,19.522,0.0872962,0.0853859,0.45691,0.370408,0.0585649,0.826609,0.0921369,0.0226896
5502,0,12,1397.06,12,1400.15,2,1,0,19.5122,0.0865225,0.0854338,0.457319,0.370725,0.0690383,0.795596,0.108624,0.0267422
5503,0,12,1397.06,12,1400.15,1,1,0,19.5025,0.0933566,0.0921817,0.414339,0.400123,0.0805973,0.761367,0.126822,0.0312137
5504,0,12,1397.06,12,1400.15,2,1,0,19.4927,0.0935155,0.0903956,0.415168,0.400921,0.0931548,0.72418,0.146595,0.0360702
5505,0,12,1397.06,12,1400.15,2,2,0,19.483,0.100044,0.0967052,0.374218,0.429033,0.106576,0.684434,0.167731,0.0412592
5506,0,12,1397.06,12,1400.15,2,2,0,19.4732,0.105783,0.102252,0.338187,0.453778,0.107375,0.689822,0.161243,0.0415606
5507,0,12,1397.06,12,1400.15,2,1,0,19.4635,0.110703,0.107008,0.307266,0.475023,0.108069,0.694537,0.155573,0.0418212
5508,0,12,1397.06,12,1400.15,1,0,0,19.4538,0.114906,0.111069,0.280824,0.493201,0.12262,0.653405,0.176532,0.0474431
5509,0,12,1397.06,12,1400.15,2,1,0,19.444,0.115161,0.108898,0.281499,0.494442,0.12081,0.654806,0.176864,0.0475199
5510,0,12,1397.06,12,1400.15,1,1,0,19.4343,0.118764,0.112303,0.258877,0.510056,0.135725,0.612183,0.198715,0.0533767
5511,0,12,1397.06,12,1400.15,2,1,0,19.4246,0.119003,0.110326,0.259439,0.511232,0.150956,0.568657,0.221031,0.0593554
5512,0,12,1397.06,12,1400.15,0,0,0,19.4149,0.12209,0.113186,0.240079,0.524646,0.166258,0.524926,0.243456,0.06536
5513,0,12,1397.06,12,1400.15,0,2,9,19.4052,0.119374,0.113511,0.240804,0.526312,0.158307,0.529973,0.245759,0.0659609
5514,0,12,1397.06,12,1400.15,2,0,0,19.3955,0.185564,0.104955,0.222688,0.486793,0.139084,0.465733,0.337241,0.0579414
5515,0,12,1397.06,12,1400.15,3,1,0,19.3858,0.189292,0.107052,0.206987,0.496669,0.132891,0.469108,0.339664,0.058337
5516,0,12,1397.06,12,1400.15,0,2,0,19.3761,0.205333,0.11611,0.224531,0.454027,0.143595,0.426287,0.367092,0.0630255
5517,0,12,1397.06,12,1400.15,1,1,0,19.3664,0.19125,0.118145,0.228496,0.46211,0.151565,0.450045,0.331877,0.0665126
5518,0,12,1397.06,12,1400.15,2,0,0,19.3567,0.191938,0.11488,0.229327,0.463855,0.163017,0.408448,0.357008,0.0715264
5519,0,12,1397.06,12,1400.15,2,2,0,19.347,0.196102,0.117359,0.212539,0.474,0.153048,0.41333,0.361266,0.0723561
5520,0,12,1397.06,12,1400.15,1,2,0,19.3374,0.199653,0.119472,0.198206,0.482669,0.161307,0.435722,0.326721,0.0762494
5521,0,12,1397.06,12,1400.15,3,1,0,19.3277,0.200308,0.116498,0.198856,0.484339,0.168376,0.454908,0.297137,0.079579
5522,0,12,1397.06,12,1400.15,3,2,0,19.318,0.216519,0.125912,0.214949,0.442619,0.181007,0.413995,0.319463,0.0855357
5523,0,12,1397.06,12,1400.15,1,1,0,19.3084,0.232115,0.134967,0.230432,0.402486,0.188738,0.43175,0.290336,0.0891759
5524,0,12,1397.06,12,1400.15,3,0,0,19.2987,0.233712,0.12897,0.232017,0.405301,0.20187,0.3922,0.310563,0.0953662
5525,0,12,1397.06,12,1400.15,3,2,0,19.2891,0.248743,0.137248,0.246938,0.36707,0.187161,0.399449,0.316289,0.0971013
5526,0,12,1397.06,12,1400.15,1,2,0,19.2794,0.262869,0.145026,0.260962,0.331143,0.195041,0.416331,0.287451,0.101176
5527,0,12,1397.06,12,1400.15,0,0,0,19.2698,0.265567,0.136237,0.263639,0.334557,0.201754,0.430724,0.262877,0.104645
5528,0,12,1397.06,12,1400.15,0,1,0,19.2601,0.240609,0.140849,0.272599,0.345943,0.188474,0.43792,0.267243,0.106363
5529,0,12,1397.06,12,1400.15,0,2,0,19.2505,0.21955,0.144736,0.28016,0.355554,0.201539,0.39895,0.285788,0.113723
5530,0,12,1397.06,12,1400.15,3,1,0,19.2409,0.20175,0.148018,0.28655,0.363682,0.208467,0.41272,0.261195,0.117619
5531,0,12,1397.06,12,1400.15,2,2,0,19.2313,0.212876,0.156171,0.302374,0.328578,0.221775,0.375231,0.277881,0.125113
5532,0,12,1397.06,12,1400.15,0,0,0,19.2217,0.22186,0.162752,0.272913,0.342474,0.2292,0.387833,0.253681,0.129287
5533,0,12,1397.06,12,1400.15,3,0,0,19.212,0.203634,0.166547,0.279306,0.350513,0.211746,0.396641,0.25942,0.132194
5534,0,12,1396.65,12,1396.65,3,2,33,19.2024,0.214232,0.175208,0.293861,0.316699,0.19688,0.404148,0.264307,0.134666
5535,0,12,1396.65,12,1407.55,3,2,9,19.1928,0.0795563,0.065062,0.109134,0.746248,0.0794857,0.163189,0.702961,0.0543642
5536,0,12,1396.65,12,1406.74,0,1,13,19.1832,0.0601696,0.0492054,0.0825449,0.80808,0.0608466,0.12494,0.772601,0.0416128
5537,0,12,1396.65,12,1397.66,3,1,13,19.1737,0.130598,0.0454957,0.0763297,0.747577,0.0530196,0.237163,0.67356,0.0362572
5538,0,12,1396.65,12,1397.66,3,2,0,19.1641,0.0812993,0.0283158,0.0475113,0.842874,0.042714,0.385165,0.542913,0.0292075
5539,0,12,1396.65,12,1397.66,3,1,0,19.1545,0.0963502,0.0335508,0.056301,0.813798,0.0471412,0.425274,0.495352,0.0322324
5540,0,12,1396.65,12,1397.66,3,2,0,19.1449,0.113107,0.0393775,0.0660854,0.78143,0.050512,0.383931,0.531022,0.0345345
5541,0,12,1396.65,12,1397.66,3,2,0,19.1353,0.131479,0.0457638,0.0768112,0.745946,0.0555223,0.422184,0.484336,0.0379571
5542,0,12,1393.9,12,1393.9,3,2,33,19.1258,0.151301,0.0526524,0.0883823,0.707664,0.0604029,0.459482,0.438825,0.0412905
5543,0,12,1393.9,12,1393.9,3,2,0,19.1162,0.0327505,0.0113947,0.0191291,0.936726,0.0184055,0.140067,0.828947,0.0125808
5544,0,12,1393.9,12,1393.9,3,2,0,19.1066,0.0403778,0.0140454,0.0235815,0.921995,0.0219281,0.166942,0.796143,0.0149874
5545,0,12,1393.9,12,1393.9,3,1,9,19.0971,0.0494016,0.0171807,0.0288485,0.904569,0.0258448,0.19684,0.759653,0.0176631
5546,0,12,1393.9,12,1401.13,3,2,9,19.0875,0.0365166,0.0126969,0.0213219,0.929464,0.0230814,0.282258,0.678888,0.0157733
5547,0,12,1393.9,12,1401.13,3,1,9,19.078,0.0269642,0.00937355,0.0157426,0.94792,0.0181189,0.221683,0.747817,0.0123811
5548,0,12,1393.9,12,1401.13,3,2,0,19.0685,0.0199284,0.00692623,0.0116336,0.961512,0.0160661,0.309367,0.663589,0.0109776
5549,0,12,1393.9,12,1401.13,3,2,0,19.0589,0.0249705,0.00867682,0.0145755,0.951777,0.0184164,0.354833,0.614168,0.0125825
5550,0,12,1393.9,12,1401.13,3,2,0,19.0494,0.0310728,0.010795,0.0181355,0.939997,0.0208326,0.401624,0.563312,0.0142322
5551,0,12,1393.9,12,1401.13,3,1,0,19.0399,0.0383878,0.0133335,0.0224025,0.925876,0.0232622,0.448729,0.512118,0.0158908
5552,0,12,1393.9,12,1401.13,3,2,0,19.0304,0.047067,0.0163446,0.0274645,0.909124,0.0251952,0.402578,0.555017,0.0172099
5553,0,12,1393.9,12,1401.13,3,1,0,19.0208,0.0572507,0.0198768,0.0334033,0.889469,0.0280291,0.448107,0.50472,0.0191442
5554,0,12,1393.9,12,1400.29,3,2,13,19.0113,0.0690572,0.0239708,0.0402876,0.866684,0.0303237,0.402612,0.546354,0.0207099
5555,0,12,1393.9,12,1399.93,3,2,13,19.0018,0.041054,0.0142475,0.0239481,0.92075,0.0210349,0.279428,0.685173,0.0143649
5556,0,12,1393.9,12,1399.93,3,2,0,18.9923,0.0240637,0.00834933,0.0140356,0.953551,0.0136644,0.181612,0.795393,0.00933082
5557,0,12,1393.9,12,1399.93,3,2,0,18.9828,0.0299859,0.010402,0.017488,0.942124,0.0162204,0.215696,0.757008,0.0110754
5558,0,12,1393.9,12,1401.71,3,2,9,18.9733,0.0370984,0.0128665,0.0216337,0.928401,0.0190227,0.253091,0.714899,0.0129878
5559,0,12,1393.9,12,1401.71,3,2,0,18.9638,0.0273691,0.0094902,0.0159584,0.947182,0.0148092,0.197134,0.777946,0.0101103
5560,0,12,1393.9,12,1401.71,3,1,0,18.9544,0.0339668,0.0117754,0.0198032,0.934455,0.0174823,0.232837,0.737747,0.0119342
5561,0,12,1393.9,12,1401.71,3,2,0,18.9449,0.0418449,0.0145035,0.0243937,0.919258,0.0178667,0.215405,0.754532,0.0121957
5562,0,12,1393.9,12,1401.71,3,2,0,18.9354,0.0511523,0.0177257,0.0298162,0.901306,0.0209137,0.252267,0.712544,0.0142745
5563,0,12,1393.9,12,1401.71,3,2,0,18.9259,0.0620225,0.021488,0.0361484,0.880341,0.0241814,0.291829,0.667486,0.0165036
5564,0,12,1393.9,12,1401.71,3,2,0,18.9165,0.0745611,0.0258265,0.0434516,0.856161,0.0276143,0.333424,0.620116,0.0188451
5565,0,12,1393.9,12,1401.27,2,2,13,18.907,0.0888327,0.0307634,0.051763,0.828641,0.0311467,0.376263,0.571336,0.0212541
5566,0,12,1393.9,12,1401.27,2,2,0,18.8976,0.0829055,0.0287047,0.114693,0.773697,0.0212916,0.257338,0.706842,0.014528
5567,0,12,1393.9,12,1401.27,3,1,9,18.8881,0.0830023,0.0287321,0.113319,0.774946,0.024581,0.297243,0.661405,0.0167712
5568,0,12,1393.9,12,1399.49,3,2,13,18.8787,0.0629461,0.0217848,0.0859429,0.829326,0.0212541,0.39198,0.572266,0.0145002
5569,0,12,1393.9,12,1399.49,3,1,0,18.8692,0.0380589,0.0131689,0.0519667,0.896805,0.0145954,0.269334,0.706114,0.00995669
5570,0,12,1393.9,12,1399.49,3,2,0,18.8598,0.0463391,0.0160305,0.0632766,0.874354,0.0150507,0.245977,0.728706,0.0102665
5571,0,12,1393.9,12,1399.49,3,2,0,18.8504,0.0559075,0.0193365,0.0763471,0.848409,0.0175501,0.286985,0.683495,0.0119705
5572,0,12,1393.9,12,1399.49,3,2,0,18.8409,0.0668062,0.0231011,0.0912361,0.818857,0.0202002,0.330503,0.63552,0.0137769
5573,0,12,1393.9,12,1399.49,3,2,0,18.8315,0.0790303,0.0273223,0.107937,0.78571,0.0229491,0.37569,0.58571,0.0156506
5574,0,12,1393.9,12,1399.49,0,1,0,18.8221,0.0925182,0.0319786,0.126366,0.749137,0.0257391,0.4216,0.535109,0.017552
5575,0,12,1393.9,12,1394.04,0,2,13,18.8127,0.0931262,0.0319393,0.126246,0.748689,0.0276219,0.378946,0.574598,0.0188344
5576,0,12,1393.9,12,1394.04,2,2,0,18.8033,0.185965,0.0286536,0.11329,0.672092,0.0188638,0.258929,0.709346,0.0128616
5577,0,12,1393.9,12,1394.04,3,2,0,18.7939,0.18643,0.0287145,0.11091,0.673946,0.0218296,0.299796,0.663492,0.0148826
5578,0,12,1393.9,12,1394.04,3,2,0,18.7845,0.212579,0.0327298,0.126453,0.628238,0.0249424,0.342725,0.615329,0.0170035
5579,0,12,1393.9,12,1394.04,3,2,0,18.7751,0.239563,0.0368706,0.14249,0.581077,0.0281407,0.386874,0.565803,0.0191823
5580,0,12,1393.9,12,1394.04,2,1,0,18.7657,0.266873,0.0410584,0.158717,0.533352,0.0313584,0.431336,0.515931,0.021374
5581,0,12,1386.57,12,1386.57,3,1,33,18.7563,0.269706,0.0414788,0.149727,0.539089,0.0337297,0.388025,0.555257,0.0229886
5582,0,12,1386.57,12,1386.57,3,1,9,18.747,0.0708331,0.0108895,0.0393183,0.878959,0.0109081,0.801989,0.179669,0.00743387
5583,0,12,1386.57,12,1386.57,3,1,0,18.7376,0.0530171,0.00814753,0.0294254,0.90941,0.00834913,0.848364,0.137597,0.00568949
5584,0,12,1386.57,12,1386.57,3,1,0,18.7282,0.0653476,0.0100387,0.0362648,0.888349,0.0101334,0.815866,0.167095,0.00690481
5585,0,12,1386.57,12,1386.57,3,2,0,18.7188,0.0797991,0.0122542,0.0442795,0.863667,0.0121553,0.779014,0.200549,0.00828191
5586,0,12,1386.57,12,1386.57,3,2,0,18.7095,0.0964902,0.0148117,0.0535349,0.835163,0.0123565,0.792569,0.186656,0.00841837
5587,0,12,1386.57,12,1386.57,3,1,9,18.7001,0.115465,0.0177179,0.0640552,0.802762,0.0125266,0.804152,0.174788,0.00853363
5588,0,12,1386.57,12,1386.57,2,1,0,18.6908,0.0874652,0.0134163,0.0485161,0.850602,0.00955679,0.850514,0.133419,0.00650994
5589,0,12,1386.57,12,1386.57,3,3,0,18.6814,0.0871505,0.013363,0.0515579,0.847929,0.0115819,0.818753,0.161776,0.00788881
5590,0,12,1385.92,12,1385.92,0,2,33,18.6721,0.104811,0.0160648,0.061999,0.817126,0.0115484,0.817082,0.161394,0.00997647
5591,0,12,1385.92,12,1385.92,0,1,0,18.6628,0.465548,0.00958406,0.0369978,0.48787,0.00583261,0.413025,0.576104,0.00503854
5592,0,12,1385.92,12,1385.92,3,1,0,18.6534,0.413158,0.0105158,0.0406056,0.53572,0.00629914,0.365503,0.622756,0.0054414
5593,0,12,1385.92,12,1385.92,3,2,9,18.6441,0.461524,0.0117382,0.0453379,0.4814,0.006697,0.324819,0.662699,0.00578492
5594,0,12,1385.92,12,1385.92,2,1,0,18.6348,0.386738,0.0098289,0.0379737,0.56546,0.0053624,0.26029,0.729715,0.00463195
5595,0,12,1385.92,12,1385.92,2,2,0,18.6255,0.38598,0.00980244,0.0398229,0.564395,0.00554176,0.234808,0.754864,0.00478673
5596,0,12,1385.92,12,1386.9,0,2,9,18.6162,0.385268,0.00977716,0.0415594,0.563396,0.00659909,0.279817,0.707884,0.00569984
5597,0,12,1385.92,12,1386.9,0,1,0,18.6068,0.475494,0.00833577,0.0354429,0.480727,0.00521884,0.221457,0.768816,0.00450754
5598,0,12,1385.92,12,1386.9,3,2,0,18.5975,0.421346,0.0091893,0.0390833,0.530381,0.00534463,0.201905,0.788134,0.00461605
5599,0,12,1385.92,12,1386.9,3,2,0,18.5882,0.470719,0.0102582,0.0436422,0.475381,0.00642654,0.242953,0.74507,0.00555031
5600,0,12,1385.92,12,1385.92,0,2,13,18.5789,0.518621,0.0112935,0.0480606,0.422025,0.00761739,0.288182,0.697622,0.0065786
5601,0,12,1385.92,12,1385.92,0,2,0,18.5697,0.658343,0.00801022,0.0340981,0.299549,0.00497483,0.188345,0.802384,0.00429628
5602,0,12,1385.92,12,1385.92,0,2,0,18.5604,0.605551,0.00924178,0.0393521,0.345855,0.00601245,0.227795,0.761001,0.00519222
5603,0,12,1385.92,12,1385.92,0,2,0,18.5511,0.55128,0.0105064,0.0447497,0.393464,0.00716437,0.271635,0.715013,0.00618682
5604,0,12,1385.92,12,1385.92,0,2,0,18.5418,0.496852,0.0117729,0.0501589,0.441217,0.00841268,0.319197,0.665126,0.00726459
5605,0,12,1385.92,12,1385.92,2,1,0,18.5325,0.443555,0.0130113,0.0554512,0.487982,0.00973196,0.369522,0.612343,0.00840357
5606,0,12,1385.92,12,1385.92,2,2,0,18.5233,0.443427,0.0129984,0.0557244,0.48785,0.0103348,0.329926,0.650816,0.0089239
5607,0,12,1385.92,12,1385.92,0,2,0,18.514,0.443312,0.0129858,0.0559691,0.487733,0.0118837,0.379633,0.598222,0.010261
5608,0,12,1385.92,12,1385.92,3,2,0,18.5048,0.394096,0.0141245,0.0608946,0.530885,0.013468,0.430544,0.544359,0.0116287
5609,0,12,1385.92,12,1385.92,0,1,0,18.4955,0.438585,0.0157085,0.0677435,0.477963,0.0150497,0.481439,0.490517,0.0129939
5610,0,12,1385.92,12,1385.92,3,1,0,18.4863,0.390291,0.0170493,0.0735471,0.519113,0.0165471,0.429468,0.539699,0.0142863
5611,0,12,1385.92,12,1385.92,3,1,9,18.477,0.432428,0.0188781,0.0814603,0.467233,0.0178558,0.383937,0.582791,0.0154158
5612,0,12,1385.92,12,1385.92,0,2,0,18.4678,0.36177,0.0157836,0.0681269,0.55432,0.0151325,0.477554,0.494249,0.0130643
5613,0,12,1385.92,12,1385.92,3,2,9,18.4585,0.32392,0.0167088,0.0721414,0.58723,0.0166974,0.527303,0.441585,0.0144149
5614,0,12,1385.92,12,1385.92,3,1,0,18.4493,0.261248,0.013468,0.0581661,0.667118,0.0140071,0.44265,0.531251,0.012092
5615,0,12,1385.92,12,1385.92,3,2,0,18.4401,0.300439,0.0154792,0.0668717,0.61721,0.015198,0.394845,0.576837,0.0131197
5616,0,12,1385.92,12,1385.92,1,1,0,18.4309,0.340853,0.017551,0.0758444,0.565751,0.0170944,0.444403,0.523746,0.0147563
5617,0,12,1385.92,12,1385.92,3,2,0,18.4217,0.339961,0.0200873,0.0756232,0.564328,0.0185373,0.397119,0.568342,0.0160013
5618,0,12,1385.92,12,1385.92,0,2,0,18.4124,0.380493,0.0224695,0.0846139,0.512423,0.0207676,0.445172,0.516134,0.017926
5619,0,12,1385.92,12,1385.92,2,1,0,18.4032,0.340123,0.0239205,0.0901018,0.545855,0.0229666,0.492611,0.464599,0.0198236
5620,0,12,1385.92,12,1385.92,3,1,0,18.394,0.340874,0.0239606,0.088053,0.547112,0.0252437,0.441998,0.51097,0.0217884
5621,0,12,1385.92,12,1386.36,3,2,9,18.3848,0.379371,0.0266525,0.0979707,0.496006,0.0272966,0.396286,0.552858,0.0235596
5622,0,12,1385.92,12,1386.36,3,2,0,18.3756,0.313524,0.0220148,0.0809441,0.583517,0.0221258,0.321389,0.637389,0.0190962
5623,0,12,1385.92,12,1386.36,2,2,0,18.3665,0.352136,0.0247128,0.0908881,0.532263,0.0251424,0.365402,0.587756,0.021699
5624,0,12,1385.92,12,1386.36,3,1,9,18.3573,0.352997,0.0247601,0.0886335,0.533609,0.0282067,0.410156,0.537295,0.0243429
5625,0,12,1385.92,12,1386.36,3,2,0,18.3481,0.288412,0.0202192,0.0723969,0.618972,0.0236961,0.504213,0.451641,0.0204496
5626,0,12,1385.92,12,1386.36,3,1,9,18.3389,0.326917,0.0229065,0.0820398,0.568136,0.0257169,0.547548,0.404542,0.0221929
5627,0,12,1385.92,12,1386.36,3,3,0,18.3298,0.264428,0.0185181,0.0663398,0.650714,0.0208907,0.632277,0.328805,0.0180275
5628,0,12,1385.92,12,1386.36,0,2,0,18.3206,0.302302,0.0211592,0.0758208,0.600718,0.0208194,0.630547,0.327862,0.0207715
5629,0,12,1385.92,12,1386.36,0,2,0,18.3114,0.273389,0.0220228,0.0789353,0.625652,0.021772,0.659849,0.296657,0.021722
5630,0,12,1385.92,12,1386.36,3,1,0,18.3023,0.248884,0.0227518,0.081569,0.646796,0.0225801,0.684807,0.270085,0.0225282
5631,0,12,1385.92,12,1386.36,3,0,0,18.2931,0.283581,0.0259112,0.0929199,0.597588,0.0259436,0.637701,0.310471,0.0258839
5632,0,12,1385.92,12,1386.36,0,1,0,18.284,0.319008,0.0291343,0.104505,0.547353,0.0289588,0.635767,0.309485,0.0257889
5633,0,12,1385.92,12,1386.36,0,1,0,18.2748,0.287825,0.0304528,0.109262,0.57246,0.0328421,0.586759,0.351152,0.0292464
5634,0,12,1385.92,12,1393.58,3,2,9,18.2657,0.261362,0.0315682,0.113293,0.593777,0.0367837,0.536977,0.393483,0.0327558
5635,0,12,1385.92,12,1393.58,3,2,0,18.2566,0.208713,0.0251984,0.0904561,0.675633,0.0309844,0.452561,0.488864,0.0275909
5636,0,12,1385.92,12,1393.58,3,2,0,18.2474,0.239134,0.0288591,0.103624,0.628383,0.0339821,0.496611,0.439147,0.0302595
5637,0,12,1385.92,12,1393.58,2,1,9,18.2383,0.270585,0.0326408,0.117233,0.579541,0.036706,0.536706,0.393903,0.0326843
5638,0,12,1385.92,12,1393.58,1,1,0,18.2292,0.250763,0.0302369,0.181832,0.537168,0.0298165,0.623512,0.320122,0.0265491
5639,0,12,1385.92,12,1393.58,3,2,0,18.2201,0.250061,0.0328832,0.181311,0.535745,0.0337121,0.574153,0.362118,0.030017
5640,0,12,1385.92,12,1393.58,1,1,0,18.211,0.277038,0.0364159,0.200858,0.485688,0.0355514,0.605822,0.326972,0.031654
5641,0,12,1385.92,12,1393.58,3,2,0,18.2019,0.276383,0.0386528,0.200371,0.484594,0.039959,0.556791,0.367672,0.0355775
5642,0,12,1385.92,12,1393.58,3,1,9,18.1928,0.302566,0.042298,0.219339,0.435797,0.0421854,0.588125,0.33213,0.037559
5643,0,12,1385.92,12,1393.58,3,1,0,18.1837,0.254015,0.0354967,0.184131,0.526358,0.0336334,0.671514,0.264909,0.0299442
5644,0,12,1385.92,12,1393.58,3,2,0,18.1746,0.280819,0.039227,0.203548,0.476406,0.0383979,0.624857,0.30256,0.0341852
5645,0,12,1385.92,12,1393.58,0,1,9,18.1655,0.306861,0.0428478,0.222409,0.427882,0.0398328,0.64857,0.276135,0.0354619
5646,0,12,1385.92,12,1393.58,0,1,0,18.1564,0.397218,0.0372477,0.193405,0.37213,0.0311745,0.724877,0.216196,0.027753
5647,0,12,1385.92,12,1393.58,2,1,0,18.1473,0.35191,0.0400318,0.207929,0.400129,0.0360735,0.681545,0.250268,0.0321136
5648,0,12,1385.92,12,1393.58,0,1,9,18.1383,0.360864,0.0410325,0.187783,0.410321,0.041246,0.635773,0.286264,0.0367175
5649,0,12,1385.92,12,1393.58,3,3,0,18.1292,0.451653,0.0351903,0.161095,0.352061,0.0323885,0.713903,0.224877,0.0288318
5650,0,12,1385.92,12,1393.58,0,1,0,18.1201,0.478376,0.0372533,0.170592,0.313779,0.0322595,0.711497,0.224067,0.0321756
5651,1,12,1385.92,12,1393.58,3,1,0,18.1111,0.429498,0.0407295,0.186567,0.343205,0.0371977,0.667233,0.258468,0.037101
5652,1,12,1385.92,12,1393.58,2,3,0,18.102,0.395868,0.303433,0.139673,0.161026,0.272906,0.250226,0.331289,0.145578
5653,1,12,1385.92,12,1393.58,3,2,0,18.093,0.413424,0.316872,0.101568,0.168137,0.28606,0.262283,0.34727,0.104387
5654,1,12,1385.92,12,1393.58,0,1,0,18.0839,0.436455,0.334506,0.107196,0.121843,0.32823,0.300942,0.251077,0.119751
5655,1,12,1385.92,12,1393.58,0,3,0,18.0749,0.327046,0.399483,0.127989,0.145482,0.368377,0.21548,0.281772,0.134371
5656,1,12,1385.92,12,1393.58,1,1,0,18.0658,0.238225,0.452249,0.144861,0.164665,0.383898,0.224535,0.293628,0.0979394
5657,1,12,1385.92,12,1393.58,1,3,0,18.0568,0.285995,0.342444,0.173892,0.197669,0.414926,0.161904,0.317344,0.105826
5658,1,12,1385.92,12,1393.58,2,0,0,18.0478,0.326674,0.24895,0.198607,0.225769,0.427398,0.166739,0.326865,0.0789977
5659,1,12,1385.92,12,1393.58,3,2,0,18.0387,0.349509,0.266337,0.142622,0.241533,0.320644,0.197815,0.387835,0.0937066
5660,1,12,1385.92,12,1393.58,2,2,0,18.0297,0.380534,0.289963,0.155254,0.174248,0.373433,0.23036,0.2871,0.109107
5661,0,12,1385.92,12,1392.56,2,1,13,18.0207,0.399251,0.304208,0.113752,0.182789,0.414521,0.255681,0.208716,0.121082
5662,0,12,1385.92,12,1392.56,0,2,0,18.0117,0.283152,0.0267125,0.122771,0.567365,0.0198093,0.8222,0.138233,0.0197576
5663,0,12,1385.92,12,1392.56,3,1,0,18.0027,0.255908,0.0277129,0.127407,0.588972,0.0199091,0.826959,0.133275,0.0198572
5664,0,12,1385.92,12,1392.56,0,1,0,17.9937,0.28771,0.031143,0.143221,0.537926,0.0237857,0.793204,0.159286,0.0237237
5665,0,12,1385.92,12,1392.56,3,1,9,17.9847,0.259642,0.0323543,0.148837,0.559167,0.0281009,0.755616,0.188255,0.0280276
5666,0,12,1385.92,12,1392.56,0,1,0,17.9757,0.209634,0.026112,0.120157,0.644096,0.0213756,0.814049,0.143255,0.0213199
5667,0,12,1385.92,12,1392.56,3,1,0,17.9667,0.193716,0.0266227,0.122545,0.657116,0.0254279,0.778732,0.170478,0.0253616
5668,0,12,1385.92,12,1392.56,3,1,0,17.9577,0.221372,0.0304115,0.140028,0.608188,0.0299063,0.739686,0.200579,0.0298283
5669,0,12,1385.92,12,1392.56,3,1,0,17.9488,0.249741,0.034295,0.157957,0.558007,0.0347631,0.697323,0.233242,0.0346724
5670,0,12,1385.92,12,1392.56,3,0,0,17.9398,0.278225,0.0381914,0.175957,0.507626,0.039928,0.65225,0.267998,0.0398238
5671,0,12,1385.92,12,1392.56,3,1,9,17.9308,0.306244,0.0420207,0.193659,0.458076,0.0429882,0.650218,0.267116,0.0396776
5672,0,12,1385.92,12,1392.56,3,1,0,17.9218,0.254834,0.0349527,0.161134,0.549079,0.0335755,0.726731,0.208704,0.0309893
5673,0,12,1385.92,12,1392.56,0,1,9,17.9129,0.283296,0.0388412,0.179115,0.498747,0.0388915,0.683377,0.241837,0.0358952
5674,0,12,1385.92,12,1392.56,0,3,0,17.9039,0.37523,0.0338443,0.15612,0.434806,0.0301044,0.754847,0.187264,0.0277846
5675,0,12,1385.92,12,1393.05,3,1,9,17.895,0.333305,0.0360998,0.166575,0.464019,0.0299832,0.752294,0.186579,0.0311433
5676,0,12,1385.92,12,1393.05,2,2,0,17.886,0.277208,0.0300107,0.138521,0.55426,0.0228196,0.811425,0.142053,0.0237026
5677,0,12,1385.92,12,1393.05,0,1,0,17.8771,0.279701,0.0302671,0.130711,0.559321,0.0229481,0.816579,0.136637,0.0238363
5678,0,12,1385.92,12,1393.05,0,1,0,17.8681,0.253077,0.03137,0.135513,0.58004,0.0273261,0.781527,0.162762,0.028384
5679,0,12,1385.92,12,1393.05,0,1,0,17.8592,0.230584,0.0322983,0.139564,0.597554,0.0321719,0.742717,0.191693,0.0334176
5680,0,12,1385.92,12,1393.05,3,2,0,17.8503,0.21156,0.0330801,0.142984,0.612376,0.0374351,0.700546,0.223134,0.038885
5681,0,12,1385.92,12,1393.05,3,1,9,17.8414,0.238719,0.037313,0.161328,0.56264,0.0381651,0.714626,0.207565,0.0396436
5682,0,12,1385.92,12,1393.05,0,2,0,17.8324,0.192004,0.0300001,0.129747,0.648248,0.0292542,0.781203,0.159156,0.0303876
5683,0,12,1385.92,12,1386.41,0,1,13,17.8235,0.17882,0.0304731,0.131832,0.658875,0.0294863,0.787919,0.151965,0.030629
5684,0,12,1385.92,12,1386.41,3,1,0,17.8146,0.311622,0.0255312,0.110485,0.552362,0.0179337,0.870981,0.0924563,0.0186289
5685,0,12,1385.92,12,1386.41,0,1,0,17.8057,0.347845,0.0284846,0.123301,0.500369,0.0217471,0.84351,0.112153,0.0225903
5686,0,12,1385.92,12,1386.41,0,2,0,17.7968,0.310678,0.0300931,0.130302,0.528927,0.0261016,0.812131,0.134654,0.0271138
5687,0,12,1385.92,12,1386.41,3,1,9,17.7879,0.279166,0.0314532,0.136231,0.553149,0.0262142,0.816196,0.130359,0.0272309
5688,0,12,1385.92,12,1386.41,0,1,9,17.779,0.225658,0.0254134,0.110104,0.638825,0.0196101,0.862469,0.0975495,0.0203709
5689,0,12,1385.92,12,1386.41,0,1,0,17.7701,0.314436,0.0224868,0.0974531,0.565624,0.0145514,0.897924,0.0724085,0.015116
5690,0,12,1385.92,12,1386.41,3,1,0,17.7612,0.282341,0.0235261,0.101987,0.592146,0.0178388,0.874835,0.0887952,0.0185311
5691,0,12,1385.92,12,1386.41,3,1,0,17.7523,0.318364,0.0265145,0.114975,0.540146,0.0216593,0.847994,0.107847,0.0225
5692,0,12,1385.92,12,1386.41,3,1,0,17.7435,0.354289,0.0294918,0.127923,0.488296,0.0260317,0.817267,0.129659,0.0270423
5693,0,12,1385.92,12,1386.41,3,1,0,17.7346,0.389351,0.0323943,0.140555,0.4377,0.0309539,0.782665,0.154226,0.0321559
5694,0,12,1385.92,12,1386.41,0,1,0,17.7257,0.422886,0.035167,0.15263,0.389317,0.0363986,0.744377,0.181412,0.0378123
5695,0,12,1385.92,12,1386.41,3,3,0,17.7169,0.375587,0.0380339,0.165121,0.421258,0.0423111,0.702786,0.210948,0.0439548
5696,0,12,1385.92,12,1386.41,0,1,0,17.708,0.406026,0.0410976,0.178474,0.374402,0.0421518,0.700533,0.210221,0.0470944
5697,0,12,1385.92,12,1431.54,3,2,9,17.6992,0.360329,0.0442432,0.192191,0.403237,0.0484051,0.656028,0.241485,0.0540821
5698,0,12,1385.92,12,1431.54,3,1,0,17.6903,0.305135,0.0374506,0.162732,0.494682,0.0423739,0.574588,0.335693,0.0473447
5699,0,12,1385.92,12,1393.98,2,1,13,17.6815,0.335114,0.0411127,0.178697,0.445076,0.0472931,0.525046,0.374818,0.052842
5700,0,12,1385.92,12,1393.98,0,1,0,17.6726,0.282964,0.0347003,0.306499,0.375836,0.0326565,0.67193,0.258925,0.036489
5701,0,12,1385.92,12,1393.98,1,1,0,17.6638,0.250302,0.0362651,0.32046,0.392972,0.037375,0.624404,0.296459,0.0417621
5702,0,12,1385.92,12,1393.98,0,1,0,17.655,0.249898,0.0377724,0.319958,0.392372,0.0422418,0.575355,0.335201,0.0472013
5703,0,12,1385.92,12,1393.98,3,2,9,17.6461,0.222747,0.0391229,0.331539,0.406591,0.0471581,0.525778,0.374368,0.0526959
5704,0,12,1385.92,12,1393.98,2,2,9,17.6373,0.188649,0.0331226,0.28081,0.497418,0.0397986,0.443939,0.47179,0.0444731
5705,0,12,1385.92,12,1393.98,0,1,0,17.6285,0.164666,0.0289016,0.372167,0.434265,0.0329273,0.36747,0.562807,0.0367956
5706,0,12,1385.92,12,1393.98,3,2,0,17.6197,0.150562,0.0293746,0.378452,0.441612,0.0348331,0.330521,0.59572,0.0389262
5707,0,12,1385.92,12,1393.98,0,1,9,17.6109,0.163842,0.0319551,0.411908,0.392295,0.0391465,0.371617,0.545489,0.0437474
5708,0,12,1385.92,12,1393.98,3,1,9,17.6021,0.236098,0.0291795,0.376323,0.3584,0.0330692,0.468927,0.461047,0.0369566
5709,0,12,1385.92,12,1393.98,2,2,9,17.5933,0.203564,0.0251481,0.324497,0.446791,0.0274371,0.559173,0.382727,0.0306632
5710,0,12,1385.92,12,1393.98,2,1,0,17.5845,0.176307,0.0217717,0.414894,0.387028,0.0231566,0.472219,0.478744,0.0258799
5711,0,12,1385.92,12,1393.98,3,2,0,17.5757,0.191183,0.0235989,0.365467,0.41975,0.0253947,0.420889,0.525334,0.0283819
5712,0,12,1385.92,12,1393.98,2,1,0,17.5669,0.207421,0.0255925,0.396558,0.370428,0.0281768,0.467261,0.47307,0.0314919
5713,0,12,1385.92,12,1393.98,2,2,0,17.5581,0.223776,0.0275989,0.348942,0.399683,0.030819,0.417011,0.517724,0.0344458
5714,0,12,1385.92,12,1393.98,3,2,0,17.5493,0.238071,0.0293496,0.307315,0.425264,0.0340771,0.461337,0.466498,0.0380882
5715,0,12,1385.92,12,1393.98,3,1,0,17.5405,0.258203,0.0318182,0.333319,0.37666,0.0372254,0.504221,0.416946,0.0416079
5716,0,12,1385.92,12,1393.98,2,2,0,17.5318,0.276992,0.0341193,0.357593,0.331296,0.0409699,0.454128,0.459108,0.0457942
5717,0,12,1385.92,12,1393.98,2,1,0,17.523,0.295838,0.0364255,0.313886,0.35385,0.0446188,0.494813,0.410694,0.049874
5718,0,12,1385.92,12,1393.98,3,2,9,17.5142,0.312208,0.0384249,0.275925,0.373442,0.0489307,0.445791,0.450583,0.054695
5719,0,12,1385.92,12,1393.98,3,0,0,17.5055,0.267455,0.0329032,0.236368,0.463274,0.0406635,0.370634,0.543247,0.0454548
5720,0,12,1385.92,12,1393.98,2,2,0,17.4967,0.292238,0.035937,0.258264,0.413561,0.0429858,0.369728,0.541961,0.0453247
5721,0,12,1385.92,12,1393.98,0,3,0,17.488,0.30322,0.0372719,0.230375,0.429133,0.0476693,0.410188,0.491879,0.0502635
5722,0,12,1385.92,12,1393.98,3,1,9,17.4792,0.269818,0.0390421,0.241405,0.449735,0.0475741,0.409545,0.491126,0.0517551
5723,0,12,1385.92,12,1393.98,2,1,0,17.4705,0.22493,0.0325343,0.201239,0.541297,0.0398495,0.505224,0.411574,0.0433525
5724,0,12,1385.92,12,1393.98,0,1,0,17.4618,0.229589,0.0331954,0.18461,0.552606,0.0438692,0.455103,0.453302,0.0477262
5725,0,12,1385.92,12,1393.98,0,1,0,17.453,0.209388,0.0340492,0.189423,0.567139,0.0477372,0.406826,0.493501,0.0519353
5726,0,12,1385.92,12,1393.98,3,2,0,17.4443,0.192343,0.0347664,0.193479,0.579411,0.0511035,0.364749,0.528548,0.0555985
5727,0,12,1385.92,12,1393.98,3,0,0,17.4356,0.215556,0.0389489,0.21683,0.528665,0.0564186,0.402844,0.479356,0.0613821
5728,0,12,1385.92,12,1393.98,0,2,9,17.4269,0.238585,0.0430951,0.239995,0.478326,0.0575156,0.402378,0.478818,0.0612881
5729,0,12,1385.92,12,1393.98,3,1,0,17.4182,0.326833,0.0380847,0.212165,0.422917,0.0472655,0.330798,0.571571,0.0503664
5730,0,12,1385.92,12,1393.98,0,2,9,17.4094,0.353682,0.0411956,0.229574,0.375549,0.0494694,0.299295,0.59852,0.0527155
5731,0,12,1385.92,12,1393.98,3,2,0,17.4007,0.444151,0.0354157,0.197432,0.323001,0.039115,0.236735,0.682468,0.0416822
5732,0,12,1385.92,12,1393.98,2,2,0,17.392,0.467594,0.0372661,0.207819,0.287322,0.044848,0.271531,0.635829,0.0477921
5733,0,12,1385.92,12,1393.98,0,1,0,17.3833,0.478813,0.038141,0.188859,0.294187,0.0507885,0.307608,0.58748,0.0541233
5734,0,12,1385.92,12,1393.98,0,2,9,17.3747,0.429228,0.0417551,0.206821,0.322195,0.0528238,0.279562,0.611321,0.0562929
5735,0,12,1385.92,12,1393.98,0,2,0,17.366,0.521377,0.0350018,0.173426,0.270195,0.0415467,0.219953,0.694225,0.0442757
5736,0,12,1385.92,12,1393.98,3,3,0,17.3573,0.470512,0.0387081,0.191852,0.298928,0.0477347,0.252797,0.648597,0.0508709
5737,0,12,1385.92,12,1393.98,3,1,9,17.3486,0.491578,0.040421,0.200405,0.267595,0.047587,0.252099,0.646929,0.0533849
5738,0,12,1385.92,12,1393.98,0,2,0,17.3399,0.430113,0.0353492,0.175316,0.359221,0.0414895,0.347635,0.56433,0.0465456
5739,0,12,1385.92,12,1393.98,0,1,0,17.3313,0.381977,0.0383201,0.190111,0.389592,0.0462772,0.387915,0.51389,0.0519179
5740,0,12,1385.92,12,1393.98,2,1,0,17.3226,0.337279,0.0410755,0.203846,0.4178,0.0492653,0.34813,0.547334,0.0552714
5741,0,12,1385.92,12,1393.98,0,3,0,17.3139,0.345535,0.0420633,0.184356,0.428046,0.0518222,0.314018,0.576019,0.0581414
5742,0,12,1385.92,12,1393.98,3,2,0,17.3053,0.307109,0.0445158,0.195162,0.453213,0.0517105,0.313454,0.575054,0.0597818
5743,0,12,1385.92,12,1393.98,3,2,0,17.2966,0.334118,0.048412,0.212307,0.405164,0.0576895,0.349822,0.525792,0.0666959
5744,0,12,1385.92,12,1402.67,0,2,9,17.288,0.359648,0.0520912,0.228509,0.359752,0.0636083,0.385853,0.476998,0.0735409
5745,0,12,1385.92,12,1402.67,3,2,9,17.2793,0.450769,0.0446643,0.195987,0.308579,0.0522072,0.316807,0.570625,0.0603613
5746,0,12,1385.92,12,1402.67,2,2,0,17.2707,0.389893,0.0386145,0.169491,0.402001,0.0415967,0.252511,0.657798,0.048095
5747,0,12,1385.92,12,1402.67,0,2,0,17.2621,0.396955,0.0392958,0.154464,0.409285,0.0473984,0.287833,0.609964,0.0548046
5748,0,12,1385.92,12,1402.67,0,1,0,17.2534,0.351585,0.0422358,0.166066,0.440113,0.0533446,0.324059,0.560914,0.0616817
5749,0,12,1385.92,12,1402.67,2,1,0,17.2448,0.312885,0.0447392,0.175957,0.466419,0.055741,0.293416,0.586388,0.0644545
5750,1,12,1385.92,12,1402.67,3,2,9,17.2362,0.318193,0.0454806,0.161957,0.47437,0.0577762,0.26733,0.608084,0.0668098
5751,1,12,1385.92,12,1408.3,2,0,9,17.2276,0.420069,0.318495,0.0718251,0.189611,0.46596,0.169231,0.23171,0.133099
5752,1,12,1385.92,12,1408.3,0,2,0,17.2189,0.410244,0.311027,0.0935826,0.185146,0.493712,0.160434,0.21968,0.126174
5753,1,12,1385.92,12,1408.3,3,0,0,17.2103,0.305825,0.366122,0.110133,0.21792,0.530532,0.172361,0.161561,0.135547
5754,1,12,1385.92,12,1408.3,0,1,0,17.2017,0.32948,0.394455,0.118628,0.157437,0.416388,0.214271,0.200843,0.168498
5755,1,12,1385.92,12,1408.3,0,3,0,17.1931,0.241585,0.4462,0.134157,0.178057,0.447002,0.156566,0.215578,0.180854
5756,1,12,1385.92,12,1408.3,1,0,0,17.1845,0.177367,0.484024,0.145494,0.193115,0.472939,0.165616,0.228053,0.133393
5757,1,12,1385.92,12,1408.3,1,2,0,17.1759,0.215215,0.373923,0.176534,0.234328,0.363693,0.19994,0.275335,0.161031
5758,0,12,1385.92,12,1399.45,2,2,13,17.1674,0.248442,0.277266,0.203781,0.270511,0.401197,0.220531,0.200665,0.177608
5759,0,12,1385.92,12,1399.45,3,2,0,17.1588,0.12865,0.0183241,0.0654016,0.787625,0.0199901,0.0927494,0.864139,0.0231217
5760,0,12,1385.92,12,1399.45,3,2,0,17.1502,0.152965,0.0217789,0.0777523,0.747504,0.0242313,0.112462,0.835279,0.0280281
5761,0,12,1385.92,12,1400.1,0,2,9,17.1416,0.179583,0.0255588,0.0912699,0.703588,0.0290614,0.134921,0.802402,0.033616
5762,0,12,1385.92,12,1400.1,0,2,0,17.133,0.263123,0.0229425,0.0819482,0.631986,0.0217041,0.100795,0.852395,0.0251064
5763,0,12,1385.92,12,1400.1,3,0,9,17.1245,0.238809,0.0236854,0.0846232,0.652882,0.0261942,0.121685,0.82182,0.0303013
5764,0,12,1385.92,12,1400.1,3,2,0,17.1159,0.187056,0.0185439,0.0662704,0.72813,0.0510607,0.11854,0.800889,0.0295101
5765,0,12,1385.92,12,1400.1,3,2,0,17.1074,0.219047,0.0217053,0.0775883,0.681659,0.0606679,0.140868,0.763406,0.0350586
5766,0,12,1385.92,12,1400.1,3,0,0,17.0988,0.253039,0.0250619,0.0896098,0.632289,0.0712301,0.165421,0.722192,0.0411578
5767,0,12,1385.92,12,1394.63,3,1,13,17.0903,0.288337,0.0285448,0.102089,0.581029,0.0725026,0.165158,0.721258,0.0410811
5768,0,12,1385.92,12,1394.63,3,2,0,17.0817,0.193283,0.0191257,0.0684196,0.719172,0.0610212,0.297088,0.607319,0.0345716
5769,0,12,1385.92,12,1394.63,0,1,0,17.0732,0.225753,0.0223284,0.079897,0.672022,0.069017,0.336123,0.555763,0.0390972
5770,0,12,1385.92,12,1394.63,3,0,0,17.0646,0.20711,0.0228519,0.0817911,0.688247,0.072554,0.301861,0.584488,0.0410962
5771,0,12,1385.92,12,1394.63,0,2,0,17.0561,0.239501,0.0264142,0.0945653,0.639519,0.0725667,0.301837,0.584519,0.0410765
5772,0,12,1385.92,12,1396.73,0,2,9,17.0476,0.218924,0.0271135,0.0970937,0.656869,0.0814969,0.339079,0.533298,0.0461262
5773,0,12,1385.92,12,1403.96,0,2,9,17.039,0.308802,0.0239799,0.0858942,0.581324,0.0658869,0.274209,0.622617,0.0372869
5774,0,12,1385.92,12,1404.25,0,2,9,17.0305,0.40469,0.0206415,0.0739552,0.500713,0.0518745,0.215954,0.702818,0.0293536
5775,0,12,1385.92,12,1400.71,0,2,13,17.022,0.497995,0.0173964,0.0623444,0.422264,0.0399708,0.166446,0.770968,0.0226152
5776,0,12,1385.92,12,1400.71,0,2,0,17.0135,0.645536,0.0122766,0.0440074,0.29818,0.0244573,0.101874,0.859833,0.0138362
5777,0,12,1385.92,12,1400.71,3,2,9,17.005,0.591312,0.0141465,0.0507235,0.343818,0.02988,0.124497,0.828721,0.0169021
5778,0,12,1385.92,12,1400.71,3,1,0,16.9965,0.505775,0.0120911,0.0433648,0.438769,0.0223856,0.0932979,0.871655,0.0126613
5779,0,12,1385.92,12,1400.71,0,2,0,16.988,0.551982,0.0131859,0.0473032,0.387529,0.0224048,0.0918822,0.873042,0.0126707
5780,0,12,1385.92,12,1400.71,0,2,0,16.9795,0.495745,0.0148319,0.0532219,0.436201,0.0275157,0.112874,0.844051,0.0155594
5781,0,12,1385.92,12,1400.06,3,2,13,16.971,0.440707,0.0164408,0.05901,0.483842,0.0334106,0.137094,0.810605,0.0188906
5782,0,12,1385.92,12,1400.06,3,2,9,16.9625,0.313776,0.0116978,0.0419972,0.632529,0.0201102,0.0825417,0.885979,0.0113691
5783,0,12,1385.92,12,1400.06,3,2,0,16.954,0.249551,0.00929738,0.0333877,0.707764,0.014929,0.061293,0.915339,0.00843904
5784,0,12,1385.92,12,1394.97,0,2,13,16.9456,0.293507,0.0109278,0.0392528,0.656312,0.0186913,0.0767615,0.893983,0.0105646
5785,0,12,1385.92,12,1394.97,3,2,0,16.9371,0.449114,0.00851435,0.0305914,0.51178,0.0109412,0.0449459,0.93793,0.0061834
5786,0,12,1385.92,12,1394.97,3,2,0,16.9286,0.502639,0.00952153,0.0342189,0.453621,0.0138698,0.0569925,0.9213,0.00783759
5787,0,12,1385.92,12,1394.97,2,2,0,16.9202,0.552211,0.0104523,0.0375734,0.399764,0.0174202,0.0716019,0.901135,0.00984276
5788,0,12,1385.92,12,1394.97,0,2,9,16.9117,0.551437,0.0104293,0.0389563,0.399178,0.0216638,0.0890696,0.877028,0.0122391
5789,0,12,1385.92,12,1394.97,0,2,0,16.9032,0.63386,0.00850725,0.0317851,0.325848,0.0160927,0.0661829,0.908634,0.00909062
5790,0,12,1385.92,12,1394.97,2,2,0,16.8948,0.57721,0.00981692,0.036688,0.376286,0.0200856,0.0826277,0.885942,0.0113449
5791,0,12,1385.92,12,1394.97,2,2,0,16.8863,0.576323,0.00979386,0.0382073,0.375676,0.0248111,0.102096,0.85908,0.0140124
5792,0,12,1385.92,12,1393.98,3,2,13,16.8779,0.575498,0.00977186,0.0396249,0.375105,0.0303114,0.124765,0.827807,0.0171168
5793,0,12,1385.92,12,1393.98,3,2,0,16.8695,0.431145,0.0073148,0.0296698,0.531871,0.0181064,0.0745487,0.897122,0.0102235
5794,0,12,1385.92,12,1393.98,3,2,0,16.861,0.485721,0.00823403,0.0334077,0.472637,0.0224799,0.0925819,0.872247,0.0126915
5795,0,12,1385.92,12,1394.42,3,2,9,16.8526,0.538074,0.00911408,0.0369886,0.415824,0.0276119,0.11375,0.843051,0.015587
5796,0,12,1385.92,12,1394.42,3,2,9,16.8442,0.454476,0.0076918,0.0312252,0.506607,0.0206052,0.084909,0.882855,0.0116304
5797,0,12,1385.92,12,1394.42,3,2,9,16.8357,0.37745,0.00638296,0.0259192,0.590248,0.0152868,0.0630111,0.913075,0.00862748
5798,0,12,1385.92,12,1394.42,3,2,0,16.8273,0.306299,0.00517552,0.021022,0.667503,0.0113104,0.046634,0.935673,0.00638259
5799,0,12,1385.92,12,1394.42,0,0,0,16.8189,0.359095,0.00606266,0.0246323,0.61021,0.0143251,0.0590804,0.918512,0.00808286
5800,0,12,1385.92,12,1394.42,0,2,0,16.8105,0.316408,0.0064607,0.0262569,0.650874,0.0168474,0.0588992,0.916198,0.00805487
5801,0,12,1385.92,12,1394.42,3,2,0,16.8021,0.280429,0.00679471,0.0276221,0.685154,0.0211267,0.0738784,0.894896,0.0100993
5802,0,12,1385.92,12,1394.42,3,2,0,16.7937,0.329263,0.00797202,0.0324172,0.630347,0.0262251,0.0917298,0.86951,0.0125347
5803,0,12,1385.92,12,1394.42,3,1,9,16.7853,0.380249,0.00919963,0.0374197,0.573131,0.0322018,0.112663,0.839746,0.0153891
5804,0,12,1385.92,12,1394.42,3,2,0,16.7769,0.308572,0.00745993,0.0303519,0.653616,0.029784,0.178781,0.777204,0.0142315
5805,0,12,1385.92,12,1394.42,3,2,0,16.7685,0.35885,0.00866898,0.0352811,0.5972,0.0355839,0.213671,0.733744,0.0170003
5806,0,12,1385.92,12,1394.42,0,2,0,16.7601,0.410488,0.00990904,0.0403392,0.539264,0.0419211,0.251815,0.686239,0.020025
5807,0,12,1385.92,12,1394.42,0,1,0,16.7518,0.362029,0.0107155,0.0436346,0.583621,0.0486826,0.292535,0.635531,0.0232514
5808,0,12,1385.92,12,1394.42,0,3,0,16.7434,0.320646,0.011402,0.0464432,0.621508,0.0506588,0.26348,0.66167,0.0241917
5809,0,12,1385.92,12,1393.93,3,1,13,16.735,0.285633,0.0119807,0.0488139,0.653572,0.0504974,0.262727,0.6599,0.0268752
5810,0,12,1385.92,12,1394.81,3,1,9,16.7266,0.185909,0.00779291,0.0317602,0.774538,0.0398472,0.417957,0.520991,0.0212044
5811,0,12,1385.92,12,1394.81,3,1,0,16.7183,0.142495,0.0059693,0.0243349,0.827201,0.0334637,0.510977,0.437754,0.0178053
5812,0,12,1385.92,12,1394.81,3,1,0,16.7099,0.174466,0.00730394,0.0297841,0.788446,0.0372966,0.454717,0.488145,0.0198421
5813,0,12,1385.92,12,1394.81,3,2,0,16.7016,0.210616,0.00881176,0.0359428,0.74463,0.0408827,0.402015,0.535355,0.0217472
5814,0,12,1385.92,12,1394.81,3,2,0,16.6932,0.250522,0.0104747,0.0427379,0.696265,0.045753,0.450113,0.479799,0.0243349
5815,0,12,1385.92,12,1394.81,2,0,9,16.6849,0.293475,0.0122628,0.0500478,0.644215,0.0504823,0.496866,0.425805,0.0268469
5816,0,12,1385.92,12,1394.81,0,1,0,16.6765,0.281856,0.0117699,0.0875674,0.618807,0.0873098,0.477609,0.40929,0.0257913
5817,0,12,1385.92,12,1394.81,0,1,9,16.6682,0.251951,0.012251,0.0911837,0.644614,0.0962545,0.423959,0.45136,0.0284267
5818,0,12,1385.92,12,1394.81,3,1,0,16.6599,0.343071,0.0107508,0.0800501,0.566128,0.0809351,0.515527,0.379641,0.0238966
5819,0,12,1385.92,12,1394.81,3,2,0,16.6515,0.388542,0.0121673,0.0906337,0.508657,0.0900883,0.460612,0.422707,0.0265926
5820,0,12,1385.92,12,1394.81,3,1,0,16.6432,0.433312,0.0135599,0.101048,0.452081,0.0978005,0.500207,0.373131,0.0288621
5821,0,12,1385.92,12,1394.81,3,1,0,16.6349,0.476287,0.0148944,0.111037,0.397782,0.108292,0.44649,0.413268,0.0319504
5822,0,12,1385.92,12,1394.38,0,1,13,16.6266,0.513997,0.0160626,0.119793,0.350148,0.118343,0.395005,0.451745,0.0349073
5823,0,12,1385.92,12,1394.38,2,1,0,16.6182,0.660985,0.0111985,0.0835509,0.244266,0.0875366,0.552409,0.33424,0.0258142
5824,0,12,1385.92,12,1394.38,3,2,0,16.6099,0.66253,0.0112155,0.0814671,0.244788,0.0982352,0.497612,0.375191,0.0289621
5825,0,12,1385.92,12,1394.38,2,2,0,16.6016,0.68365,0.0115636,0.0840288,0.220758,0.104943,0.531764,0.33236,0.0309322
5826,0,12,1385.92,12,1394.38,0,1,0,16.5933,0.685105,0.0115787,0.0821378,0.221178,0.11063,0.560759,0.296011,0.0326003
5827,0,12,1385.92,12,1394.38,0,1,0,16.585,0.632614,0.0135019,0.0958178,0.258066,0.124119,0.507145,0.332169,0.0365664
5828,0,12,1385.92,12,1394.38,0,1,0,16.5767,0.577898,0.0155047,0.110074,0.296523,0.137382,0.454415,0.367738,0.0404641
5829,0,12,1385.92,12,1394.38,0,1,0,16.5685,0.522324,0.017537,0.124551,0.335588,0.150139,0.403687,0.401964,0.0442105
5830,0,12,1385.92,12,1394.38,1,2,0,16.5602,0.467289,0.0195474,0.138884,0.374279,0.16216,0.355868,0.434233,0.0477386
5831,0,12,1385.92,12,1394.38,0,2,0,16.5519,0.466347,0.0215739,0.13857,0.373508,0.176214,0.386771,0.385152,0.0518632
5832,0,12,1385.92,12,1394.38,3,2,0,16.5436,0.41316,0.0237124,0.152362,0.410765,0.189349,0.415666,0.33927,0.0557155
5833,0,12,1385.92,12,1394.38,3,1,9,16.5353,0.44826,0.0257121,0.165273,0.360755,0.200482,0.440175,0.300367,0.0589769
5834,0,12,1385.92,12,1394.38,3,2,9,16.5271,0.382836,0.0219469,0.141124,0.454093,0.166677,0.534562,0.24974,0.0490205
5835,0,12,1385.92,12,1394.38,3,2,0,16.5188,0.3194,0.0182998,0.117716,0.544584,0.146073,0.468589,0.342388,0.0429501
5836,0,12,1385.92,12,1394.86,3,1,9,16.5106,0.358365,0.0205205,0.13205,0.489065,0.154576,0.495983,0.304002,0.0454392
5837,0,12,1385.92,12,1394.86,0,2,0,16.5023,0.295664,0.0169205,0.108924,0.578491,0.126361,0.587959,0.248545,0.0371359
5838,0,12,1385.92,12,1409.33,3,1,9,16.494,0.263755,0.0176758,0.113829,0.60474,0.130236,0.606178,0.225321,0.0382655
5839,0,12,1385.92,12,1409.33,0,1,9,16.4858,0.209958,0.0140629,0.0905964,0.685383,0.102826,0.689051,0.177918,0.0302046
5840,0,12,1385.92,12,1409.33,3,1,0,16.4776,0.297153,0.0125019,0.0805697,0.609775,0.0793442,0.760052,0.137303,0.0233012
5841,0,12,1385.92,12,1409.33,3,2,9,16.4693,0.340223,0.0143048,0.0922234,0.553249,0.0939374,0.715909,0.162574,0.02758
5842,0,12,1385.92,12,1409.33,3,1,0,16.4611,0.276016,0.0115979,0.0747994,0.637587,0.0848938,0.64725,0.242937,0.0249187
5843,0,12,1385.92,12,1409.33,0,1,0,16.4529,0.318574,0.0133776,0.0863101,0.581738,0.0975748,0.594506,0.279285,0.0286339
5844,0,12,1385.92,12,1409.33,0,0,9,16.4446,0.282775,0.0140707,0.0908155,0.612339,0.110537,0.540581,0.316452,0.0324297
5845,0,12,1385.92,12,1409.33,3,1,0,16.4364,0.376431,0.0122249,0.0789316,0.532413,0.173197,0.502528,0.294145,0.03013
5846,0,12,1385.92,12,1409.33,3,2,0,16.4282,0.422804,0.0137215,0.0886276,0.474847,0.191899,0.448787,0.325942,0.0333718
5847,0,12,1385.92,12,1409.33,0,2,0,16.42,0.467765,0.0151702,0.0980217,0.419043,0.202744,0.474229,0.287782,0.0352454
5848,0,12,1385.92,12,1409.33,0,1,9,16.4118,0.412692,0.0167301,0.108141,0.462437,0.211826,0.495556,0.255807,0.0368113
5849,0,12,1385.92,12,1409.33,3,1,0,16.4036,0.504207,0.0141148,0.0912704,0.390408,0.173523,0.586773,0.20956,0.0301445
5850,0,12,1385.92,12,1409.33,3,1,0,16.3954,0.542872,0.0151864,0.0982359,0.343705,0.196144,0.532905,0.236888,0.0340623
5851,0,12,1385.92,12,1387.58,3,1,13,16.3872,0.575699,0.0160931,0.104141,0.304067,0.218643,0.479332,0.26407,0.0379561
5852,0,12,1385.92,12,1387.58,3,1,0,16.379,0.445224,0.0124369,0.0805109,0.461828,0.154114,0.633,0.186141,0.0267447
5853,0,12,1385.92,12,1387.58,3,0,0,16.3708,0.49146,0.0137187,0.0888414,0.40598,0.176419,0.579887,0.213089,0.0306046
5854,0,12,1385.92,12,1387.58,0,3,0,16.3626,0.532033,0.0148406,0.0961428,0.356984,0.162382,0.589814,0.216693,0.0311102
5855,0,12,1385.92,12,1387.58,0,1,0,16.3544,0.475371,0.0166281,0.107763,0.400237,0.161962,0.588439,0.216145,0.0334546
5856,0,12,1385.92,12,1387.09,0,3,13,16.3462,0.420421,0.0183595,0.119028,0.442192,0.183109,0.534698,0.244382,0.0378109
5857,0,12,1385.92,12,1387.09,3,2,0,16.3381,0.575395,0.0134428,0.0871849,0.323978,0.173675,0.507258,0.231804,0.0872622
5858,0,12,1385.92,12,1390.31,0,1,9,16.3299,0.606706,0.0141636,0.0918946,0.287236,0.178935,0.522733,0.20844,0.0898926
5859,0,12,1385.92,12,1390.31,0,1,9,16.3217,0.686551,0.0112823,0.0732274,0.22894,0.145286,0.612488,0.169247,0.0729781
5860,0,12,1385.92,12,1390.31,0,1,0,16.3136,0.75542,0.00879876,0.0571296,0.178652,0.114846,0.693682,0.133792,0.0576801
5861,0,12,1385.92,12,1390.31,0,1,9,16.3054,0.707522,0.0105163,0.0683072,0.213654,0.13383,0.643054,0.155911,0.0672049
5862,0,12,1385.92,12,1390.31,3,1,0,16.2972,0.772986,0.0081582,0.0530102,0.165846,0.104879,0.720273,0.122188,0.0526598
5863,0,12,1385.92,12,1390.31,0,1,0,16.2891,0.784582,0.00827305,0.0537766,0.153369,0.123211,0.671384,0.143549,0.0618556
5864,0,12,1385.92,12,1390.03,0,1,13,16.281,0.74004,0.00997859,0.0648873,0.185095,0.142648,0.619548,0.1662,0.0716037
5865,0,12,1385.92,12,1390.03,0,1,9,16.2728,0.838208,0.00620724,0.0403787,0.115207,0.0932468,0.751308,0.108646,0.0467998
5866,0,12,1385.92,12,1390.03,0,1,9,16.2647,0.877974,0.00467921,0.03045,0.0868969,0.0710779,0.810436,0.0828182,0.0356684
5867,0,12,1385.92,12,1390.03,0,1,9,16.2565,0.908494,0.0035071,0.0228311,0.065168,0.0534954,0.85733,0.0623334,0.0268414
5868,0,12,1385.92,12,1386.8,0,1,13,16.2484,0.931571,0.00262129,0.0170709,0.0487365,0.0399312,0.893506,0.0465297,0.0200328
5869,0,12,1385.92,12,1386.8,0,1,0,16.2403,0.960051,0.00152955,0.0099648,0.028455,0.0233251,0.937794,0.0271803,0.0117002
5870,0,12,1385.92,12,1386.8,0,1,0,16.2322,0.947617,0.00200459,0.0130645,0.0373141,0.0298846,0.920302,0.0348251,0.0149885
5871,0,12,1385.92,12,1386.8,0,1,0,16.2241,0.931944,0.00260303,0.0169711,0.0484821,0.0379101,0.8989,0.0441786,0.019011
5872,0,12,1385.92,12,1386.8,0,1,9,16.2159,0.912455,0.00334674,0.021828,0.0623703,0.0475784,0.873118,0.0554473,0.0238561
5873,0,12,1385.92,12,1386.8,0,1,0,16.2078,0.934569,0.00250005,0.0163119,0.0466186,0.035423,0.905535,0.0412828,0.0177589
5874,0,12,1385.92,12,1386.8,0,1,0,16.1997,0.915694,0.00321964,0.0210148,0.0600719,0.0446024,0.881058,0.0519823,0.0223578
5875,0,12,1385.92,12,1386.8,0,1,0,16.1916,0.892519,0.00410257,0.0267878,0.0765904,0.0555298,0.851919,0.0647197,0.0278315
5876,0,12,1385.92,12,1386.8,0,1,0,16.1835,0.86454,0.0051679,0.0337566,0.0965354,0.0683008,0.817865,0.0796068,0.0342276
5877,0,12,1385.92,12,1386.8,0,1,0,16.1754,0.831386,0.00642948,0.0420129,0.120172,0.0829288,0.77886,0.0966592,0.0415524
5878,0,12,1385.92,12,1386.8,0,1,0,16.1674,0.792902,0.00789288,0.0515948,0.14761,0.099323,0.735146,0.115771,0.0497599
5879,0,12,1385.92,12,1386.8,0,1,0,16.1593,0.749229,0.00955247,0.0624668,0.178752,0.117275,0.687278,0.136701,0.0587458
5880,0,12,1385.92,12,1386.8,2,1,0,16.1512,0.700854,0.0113893,0.0745067,0.21325,0.136464,0.636116,0.159072,0.0683482
5881,0,12,1385.92,12,1387.45,3,2,9,16.1431,0.701671,0.0113932,0.0734877,0.213448,0.156471,0.582771,0.1824,0.0783581
5882,0,12,1385.92,12,1387.45,3,1,0,16.135,0.623197,0.0101107,0.0652395,0.301453,0.140657,0.524011,0.264903,0.070429
5883,0,12,1385.92,12,1387.45,0,1,0,16.127,0.653395,0.0105919,0.0683699,0.267644,0.156891,0.469047,0.295515,0.0785469
5884,0,12,1385.92,12,1387.45,3,1,0,16.1189,0.597589,0.0122902,0.079362,0.310759,0.172595,0.415873,0.325135,0.0863969
5885,0,12,1385.92,12,1387.45,0,2,0,16.1109,0.627927,0.0129041,0.0833573,0.275812,0.18745,0.365569,0.353162,0.0938196
5886,0,12,1385.92,12,1387.45,2,1,0,16.1028,0.571858,0.0148407,0.0959027,0.317398,0.200503,0.391078,0.30808,0.100339
5887,0,12,1385.92,12,1387.45,0,1,0,16.0948,0.57464,0.014902,0.0915535,0.318905,0.216346,0.342949,0.332452,0.108253
5888,0,12,1385.92,12,1387.45,0,1,9,16.0867,0.517857,0.0168822,0.103757,0.361504,0.230912,0.298697,0.354866,0.115525
5889,0,12,1385.92,12,1387.45,3,2,0,16.0787,0.606154,0.0137831,0.0847409,0.295322,0.201408,0.388292,0.30955,0.10075
5890,0,12,1385.92,12,1387.45,3,0,0,16.0706,0.633936,0.0144039,0.0885899,0.26307,0.21249,0.40971,0.271521,0.106279
5891,0,12,1385.92,12,1387.45,3,1,0,16.0626,0.657227,0.0149218,0.0918085,0.236043,0.189722,0.421583,0.279366,0.109329
5892,0,12,1385.92,12,1387.45,0,3,0,16.0546,0.676748,0.0153534,0.0944982,0.213401,0.20598,0.372008,0.303329,0.118684
5893,0,12,1385.92,12,1387.45,0,1,0,16.0465,0.624054,0.017848,0.109892,0.248205,0.208073,0.375833,0.306435,0.109658
5894,0,12,1385.92,12,1387.45,3,2,0,16.0385,0.569369,0.0204349,0.125866,0.28433,0.223525,0.329471,0.329217,0.117787
5895,0,12,1385.92,12,1387.45,0,1,0,16.0305,0.593476,0.021286,0.131156,0.254082,0.237656,0.350326,0.286802,0.125217
5896,0,12,1385.92,12,1387.45,0,0,0,16.0225,0.538744,0.0241415,0.148804,0.28831,0.253721,0.306413,0.306201,0.133664
5897,0,12,1385.92,12,1386.8,0,1,13,16.0145,0.484154,0.0269871,0.166405,0.322454,0.221755,0.319548,0.319326,0.139371
5898,0,12,1385.92,12,1394.68,0,1,9,16.0065,0.638323,0.0189135,0.116665,0.226099,0.171524,0.473673,0.247012,0.107791
5899,0,12,1385.92,12,1394.68,0,1,0,15.9984,0.716443,0.0148219,0.0914599,0.177275,0.14092,0.567575,0.202954,0.0885505
5900,0,12,1385.92,12,1394.68,0,1,0,15.9904,0.666589,0.0174204,0.107533,0.208457,0.158372,0.514016,0.228105,0.0995072
5901,0,12,1385.92,12,1395.17,0,1,9,15.9825,0.613797,0.0201701,0.124552,0.241481,0.175585,0.461187,0.252916,0.110312
5902,0,12,1385.92,12,1387.94,0,1,13,15.9745,0.69517,0.0159135,0.0983028,0.190614,0.14484,0.555528,0.208645,0.0909878
5903,0,12,1385.92,12,1387.94,0,0,0,15.9665,0.808294,0.0100036,0.0618181,0.119884,0.09725,0.701562,0.140101,0.0610866
5904,0,12,1385.92,12,1387.94,0,1,0,15.9585,0.767558,0.0121241,0.0749493,0.145369,0.0945942,0.703685,0.14048,0.0612414
5905,0,12,1385.92,12,1387.94,0,1,0,15.9505,0.722115,0.0144882,0.0895961,0.1738,0.110409,0.65414,0.163978,0.0714736
5906,0,12,1385.92,12,1387.94,0,3,0,15.9425,0.672627,0.0170611,0.105545,0.204766,0.127025,0.602079,0.188672,0.0822235
5907,0,12,1385.92,12,1387.94,0,1,0,15.9346,0.620063,0.019792,0.122484,0.237661,0.127207,0.603127,0.188957,0.0807094
5908,0,12,1385.92,12,1387.94,1,1,0,15.9266,0.565634,0.0226176,0.140022,0.271726,0.14431,0.549759,0.214379,0.0915523
5909,0,12,1385.92,12,1387.94,0,2,0,15.9186,0.564339,0.0249342,0.139663,0.271064,0.161443,0.496295,0.23985,0.102412
5910,0,12,1385.92,12,1387.94,0,1,0,15.9107,0.509355,0.0280697,0.15728,0.305296,0.166565,0.512157,0.215626,0.105652
5911,0,12,1385.92,12,1387.94,2,0,0,15.9027,0.45522,0.031154,0.174622,0.339004,0.184487,0.459664,0.238839,0.11701
5912,0,12,1385.92,12,1387.94,0,1,0,15.8948,0.464205,0.0317519,0.158367,0.345675,0.167784,0.469115,0.243718,0.119383
5913,0,12,1385.92,12,1387.94,3,2,0,15.8868,0.411873,0.0348391,0.173821,0.379467,0.183854,0.418256,0.267082,0.130808
5914,0,12,1385.92,12,1387.94,2,0,0,15.8789,0.442399,0.0374027,0.186672,0.333527,0.191283,0.435228,0.237404,0.136085
5915,0,12,1385.92,12,1387.94,0,2,0,15.8709,0.452157,0.0382088,0.16877,0.340864,0.173369,0.444902,0.242652,0.139077
5916,0,12,1385.92,12,1387.94,2,2,0,15.863,0.40116,0.0417503,0.184468,0.372621,0.179097,0.459689,0.217548,0.143666
5917,0,12,1385.92,12,1387.94,3,3,0,15.8551,0.410203,0.0426722,0.166109,0.381015,0.183874,0.472039,0.196595,0.147491
5918,0,12,1385.92,12,1387.94,2,3,0,15.8471,0.440267,0.0457789,0.178251,0.335703,0.186124,0.477905,0.199004,0.136967
5919,0,12,1385.92,12,1387.94,3,0,0,15.8392,0.448942,0.0466597,0.1621,0.342299,0.18803,0.482889,0.201044,0.128037
5920,0,12,1385.92,12,1387.94,0,1,0,15.8313,0.475467,0.0493942,0.171642,0.303496,0.172044,0.492438,0.204984,0.130534
5921,0,12,1385.92,12,1387.94,0,2,0,15.8234,0.424853,0.0541446,0.188197,0.332805,0.189108,0.442096,0.225323,0.143473
5922,0,12,1385.92,12,1387.94,0,3,0,15.8155,0.37671,0.0586598,0.203941,0.360689,0.194482,0.454736,0.203241,0.147542
5923,0,12,1385.92,12,1387.94,2,1,9,15.8076,0.331755,0.0628722,0.218641,0.386731,0.196863,0.460381,0.205731,0.137025
5924,0,12,1385.92,12,1387.94,2,1,0,15.7997,0.295121,0.055911,0.304931,0.344037,0.161404,0.557585,0.168676,0.112335
5925,0,12,1385.92,12,1387.94,0,1,9,15.7918,0.31106,0.0589109,0.267401,0.362629,0.180126,0.506274,0.188243,0.125357
5926,0,12,1385.92,12,1387.94,3,1,0,15.7839,0.404454,0.0509091,0.23115,0.313487,0.14538,0.601517,0.151934,0.101169
5927,0,12,1385.92,12,1387.94,0,1,0,15.776,0.425998,0.0535986,0.243435,0.276968,0.164069,0.550299,0.171466,0.114166
5928,0,12,1385.92,12,1387.94,0,0,0,15.7681,0.377706,0.0580913,0.26392,0.300282,0.18278,0.499022,0.191022,0.127176
5929,0,12,1385.92,12,1387.94,2,2,9,15.7602,0.3326,0.062284,0.283054,0.322061,0.168086,0.508039,0.194436,0.129438
5930,0,12,1385.92,12,1387.94,2,0,0,15.7523,0.290645,0.0544091,0.373512,0.281433,0.149945,0.453308,0.281284,0.115462
5931,0,12,1385.92,12,1387.94,0,1,0,15.7444,0.31159,0.0583104,0.328388,0.301712,0.138646,0.459365,0.285015,0.116973
5932,0,12,1385.92,12,1387.94,2,2,0,15.7366,0.272519,0.0616008,0.347038,0.318842,0.151348,0.409794,0.311172,0.127685
5933,0,12,1385.92,12,1387.94,3,0,0,15.7287,0.290326,0.0656064,0.304381,0.339687,0.159093,0.430848,0.275845,0.134214
5934,0,12,1385.92,12,1387.94,3,2,0,15.7208,0.308721,0.0697425,0.32367,0.297867,0.146339,0.437411,0.280023,0.136227
5935,0,12,1385.92,12,1387.94,2,1,0,15.713,0.324859,0.0733664,0.340593,0.261182,0.152395,0.455611,0.250132,0.141862
5936,0,12,1385.92,12,1387.94,1,3,0,15.7051,0.34529,0.0779574,0.299156,0.277596,0.165973,0.407079,0.272447,0.1545
5937,0,12,1385.92,12,1387.94,2,1,0,15.6973,0.346389,0.0750442,0.3001,0.278467,0.168371,0.413033,0.27641,0.142187
5938,0,12,1385.92,12,1387.94,0,2,0,15.6894,0.363987,0.0788327,0.264578,0.292602,0.181602,0.366881,0.298161,0.153355
5939,0,12,1385.92,12,1387.94,1,3,0,15.6816,0.321278,0.0841079,0.282351,0.312264,0.190453,0.384817,0.263906,0.160824
5940,0,12,1385.92,12,1387.94,2,0,0,15.6737,0.322665,0.0801626,0.283563,0.31361,0.193493,0.391013,0.268136,0.147358
5941,0,12,1385.92,12,1388.43,3,2,9,15.6659,0.337917,0.0839285,0.249722,0.328433,0.175414,0.399803,0.274142,0.150641
5942,0,12,1385.92,12,1388.43,0,0,0,15.6581,0.290021,0.0720123,0.214313,0.423654,0.152434,0.347485,0.369177,0.130903
5943,0,12,1385.92,12,1388.43,3,1,9,15.6502,0.258994,0.0751385,0.223665,0.442202,0.139537,0.352782,0.374809,0.132872
5944,0,12,1385.92,12,1388.43,3,1,0,15.6424,0.213047,0.0617931,0.18398,0.54118,0.118611,0.449785,0.318661,0.112944
5945,0,12,1385.92,12,1388.43,0,1,0,15.6346,0.236418,0.0685547,0.204156,0.490871,0.129055,0.401266,0.34679,0.122888
5946,0,12,1385.92,12,1388.43,3,1,9,15.6268,0.214626,0.0704892,0.209963,0.504921,0.138904,0.355501,0.373329,0.132265
5947,0,12,1385.92,12,1388.43,2,1,0,15.619,0.17259,0.0566705,0.168839,0.601901,0.117985,0.4525,0.317169,0.112345
5948,0,12,1385.92,12,1388.43,2,1,0,15.6112,0.174798,0.0573829,0.158063,0.609755,0.12846,0.403825,0.345396,0.122318
5949,0,12,1385.92,12,1388.43,0,2,0,15.6033,0.176683,0.0579888,0.148843,0.616485,0.138347,0.357869,0.372053,0.131731
5950,0,12,1385.92,12,1388.92,3,2,9,15.5955,0.1652,0.0587748,0.150889,0.625136,0.147949,0.382779,0.3284,0.140872
5951,0,12,1385.92,12,1388.92,3,2,0,15.5877,0.1276,0.0453883,0.116545,0.710467,0.126508,0.327369,0.425667,0.120456
5952,0,12,1385.92,12,1388.92,3,3,0,15.58,0.147772,0.0525526,0.134966,0.664709,0.136891,0.354304,0.378465,0.130341
5953,1,12,1385.92,12,1388.92,1,2,0,15.5722,0.168972,0.0600795,0.154326,0.616623,0.13836,0.358173,0.382603,0.120865
5954,1,12,1385.92,12,1388.92,1,0,0,15.5644,0.267179,0.299487,0.141431,0.291903,0.438146,0.235147,0.13896,0.187747
5955,1,12,1385.92,12,1388.92,3,2,0,15.5566,0.299793,0.21399,0.158675,0.327541,0.329914,0.280456,0.165718,0.223913
5956,1,12,1385.92,12,1388.92,1,1,0,15.5488,0.340255,0.242855,0.180068,0.236823,0.348255,0.296038,0.119364,0.236343
5957,1,12,1385.92,12,1388.92,1,0,0,15.541,0.370898,0.174709,0.19626,0.258133,0.388865,0.213999,0.133255,0.263882
5958,1,12,1385.92,12,1388.92,1,1,0,15.5333,0.39231,0.127111,0.207563,0.273015,0.288417,0.249173,0.155142,0.307268
5959,0,12,1385.92,12,1387.94,0,2,13,15.5255,0.407131,0.0941818,0.215377,0.283309,0.315514,0.178649,0.169697,0.33614
5960,0,12,1385.92,12,1387.94,3,2,0,15.5177,0.152754,0.149294,0.139497,0.558455,0.0899188,0.233084,0.598463,0.0785341
5961,0,12,1385.92,12,1387.94,3,2,9,15.51,0.170421,0.16656,0.155628,0.507391,0.101423,0.262955,0.547043,0.0885794
5962,0,12,1385.92,12,1387.94,3,1,0,15.5022,0.13706,0.133954,0.12516,0.603827,0.0805834,0.208965,0.640075,0.0703769
5963,0,12,1385.92,12,1387.94,3,2,0,15.4945,0.154684,0.151178,0.141251,0.552888,0.082229,0.192543,0.653416,0.0718121
5964,0,12,1385.92,12,1387.94,2,1,0,15.4867,0.172346,0.168438,0.157376,0.50184,0.0940586,0.22028,0.60352,0.0821409
5965,0,12,1385.92,12,1387.94,1,2,0,15.479,0.174571,0.170613,0.146387,0.508429,0.0962269,0.202078,0.617663,0.0840322
5966,0,12,1385.92,12,1387.94,3,2,0,15.4712,0.177211,0.157967,0.148595,0.516226,0.108954,0.228839,0.567064,0.0951437
5967,0,12,1385.92,12,1387.94,0,1,0,15.4635,0.195603,0.174358,0.164012,0.466026,0.121782,0.25582,0.516055,0.106343
5968,0,12,1385.92,12,1387.94,1,1,0,15.4558,0.178794,0.177982,0.167419,0.475805,0.125727,0.231566,0.532923,0.109784
5969,0,12,1385.92,12,1387.94,0,2,9,15.4481,0.181827,0.163946,0.170256,0.483971,0.129043,0.211142,0.547138,0.112677
5970,0,12,1385.92,12,1387.94,0,2,9,15.4403,0.267087,0.146842,0.152495,0.433575,0.10217,0.167189,0.641431,0.0892102
5971,0,12,1385.92,12,1387.94,0,1,9,15.4326,0.362584,0.127693,0.132609,0.377114,0.0785281,0.128514,0.724392,0.0685652
5972,0,12,1385.92,12,1387.94,0,2,0,15.4249,0.459281,0.108307,0.112479,0.319933,0.0717459,0.203489,0.662124,0.0626418
5973,0,12,1385.92,12,1387.94,1,3,0,15.4172,0.409075,0.118348,0.122907,0.349669,0.0823892,0.233724,0.611954,0.0719326
5974,0,12,1385.92,12,1387.94,0,2,0,15.4095,0.412705,0.110566,0.123968,0.352761,0.0823599,0.23369,0.611982,0.0719684
5975,0,12,1385.92,12,1387.94,2,0,0,15.4018,0.365083,0.119514,0.134004,0.381398,0.0933053,0.264802,0.560362,0.0815305
5976,0,12,1385.92,12,1387.94,0,2,0,15.3941,0.369497,0.120932,0.123558,0.386013,0.0907942,0.265516,0.561958,0.0817312
5977,0,12,1385.92,12,1387.94,3,0,0,15.3864,0.325731,0.129308,0.132116,0.412844,0.101539,0.297002,0.510058,0.0914015
5978,0,12,1385.92,12,1395.28,3,2,9,15.3787,0.351792,0.139628,0.142661,0.365919,0.0976135,0.298288,0.512322,0.0917758
5979,0,12,1385.92,12,1395.28,3,0,0,15.371,0.297952,0.118237,0.120805,0.463006,0.0784161,0.239678,0.60818,0.0737255
5980,0,12,1385.92,12,1395.28,3,2,0,15.3633,0.3255,0.129145,0.131951,0.413405,0.0778181,0.239809,0.608625,0.0737483
5981,0,12,1385.92,12,1395.28,3,1,0,15.3556,0.3516,0.139475,0.142506,0.366419,0.0880752,0.271479,0.556978,0.083468
5982,0,12,1385.92,12,1395.28,3,2,0,15.3479,0.375898,0.149085,0.152326,0.322691,0.091218,0.24527,0.577066,0.0864455
5983,0,12,1385.92,12,1395.28,2,2,0,15.3403,0.396786,0.157341,0.160761,0.285112,0.102319,0.275172,0.525545,0.0969643
5984,0,12,1385.92,12,1395.28,0,2,0,15.3326,0.403147,0.159834,0.147355,0.289664,0.113315,0.304807,0.474494,0.107384
5985,0,12,1385.92,12,1395.28,2,2,0,15.3249,0.357681,0.172,0.158569,0.31175,0.123984,0.333571,0.424951,0.117494
5986,0,12,1385.92,12,1395.28,1,1,0,15.3173,0.363605,0.174823,0.144667,0.316904,0.134136,0.360956,0.377794,0.127113
5987,0,12,1385.92,12,1395.28,0,1,9,15.3096,0.370735,0.158678,0.147477,0.32311,0.142966,0.318808,0.402747,0.135479
5988,0,12,1385.92,12,1395.28,3,0,0,15.302,0.469499,0.133764,0.12432,0.272417,0.1222,0.417682,0.344319,0.115799
5989,0,12,1385.92,12,1395.28,2,1,0,15.2943,0.487252,0.138787,0.128987,0.244975,0.114493,0.421369,0.347346,0.116792
5990,0,12,1385.92,12,1395.28,1,1,0,15.2867,0.491273,0.139897,0.121867,0.246963,0.123784,0.37433,0.375616,0.12627
5991,0,12,1385.92,12,1395.28,3,2,0,15.279,0.49615,0.131428,0.123042,0.24938,0.132445,0.330463,0.401986,0.135105
5992,0,12,1385.92,12,1395.28,1,0,0,15.2714,0.511636,0.135495,0.126847,0.226022,0.142472,0.355547,0.356647,0.145334
5993,0,12,1385.92,12,1395.28,0,0,0,15.2637,0.516085,0.128051,0.127914,0.22795,0.130979,0.360323,0.361438,0.14726
5994,0,12,1385.92,12,1395.28,1,2,0,15.2561,0.466739,0.141101,0.14095,0.25121,0.121311,0.364342,0.36547,0.148876
5995,0,12,1385.92,12,1394.63,0,2,13,15.2485,0.471546,0.132321,0.142368,0.253766,0.129444,0.388852,0.322842,0.158863
5996,0,12,1385.92,12,1395.72,0,2,9,15.2409,0.635282,0.0913164,0.0982516,0.17515,0.0978849,0.294114,0.487865,0.120137
5997,0,12,1385.92,12,1395.72,0,1,0,15.2332,0.720156,0.0700613,0.0753833,0.134399,0.0790132,0.237462,0.586546,0.0969787
5998,0,12,1385.92,12,1395.72,0,0,0,15.2256,0.6749,0.0813862,0.0875698,0.156144,0.0811138,0.216944,0.602381,0.099561
5999,0,12,1385.92,12,1395.72,3,2,0,15.218,0.627111,0.0933435,0.100437,0.179108,0.0805877,0.217043,0.602778,0.0995908
6000,0,12,1385.92,12,1395.72,0,2,0,15.2104,0.636093,0.0946443,0.101838,0.167424,0.0908168,0.244641,0.552305,0.112237
6001,0,12,1385.92,12,1395.72,1,0,0,15.2028,0.587094,0.107382,0.115546,0.189979,0.101061,0.27229,0.501746,0.124902
6002,0,12,1385.92,12,1395.72,0,2,0,15.1952,0.589203,0.104255,0.115923,0.190618,0.0975553,0.27334,0.503741,0.125364
6003,0,12,1385.92,12,1395.72,3,1,0,15.1876,0.539469,0.11687,0.129952,0.213709,0.107299,0.300702,0.454106,0.137892
6004,0,12,1385.92,12,1395.72,3,2,0,15.18,0.551393,0.119416,0.132787,0.196403,0.112091,0.269329,0.474523,0.144057
6005,0,12,1385.92,12,1395.72,1,2,0,15.1724,0.561503,0.121569,0.135183,0.181745,0.122375,0.294091,0.426251,0.157283
6006,0,12,1385.92,12,1395.72,0,1,0,15.1648,0.564639,0.116743,0.1359,0.182719,0.132174,0.317695,0.380247,0.169885
6007,0,12,1385.92,12,1395.72,0,3,0,15.1572,0.515351,0.129953,0.151282,0.203413,0.13905,0.282103,0.400114,0.178732
6008,0,12,1385.92,12,1395.72,0,2,0,15.1497,0.466733,0.142983,0.166456,0.223829,0.141603,0.287321,0.407545,0.163531
6009,0,12,1385.92,12,1395.72,1,2,0,15.1421,0.419668,0.155595,0.181144,0.243593,0.152204,0.308876,0.363141,0.175779
6010,0,12,1385.92,12,1395.72,0,1,0,15.1345,0.425281,0.14436,0.183535,0.246824,0.162082,0.328968,0.321758,0.187192
6011,0,12,1385.92,12,1395.72,3,3,0,15.1269,0.380297,0.155649,0.197898,0.266156,0.171395,0.29036,0.340291,0.197953
6012,0,12,1385.92,12,1395.72,3,1,0,15.1194,0.394771,0.161544,0.205403,0.238282,0.175501,0.297348,0.348491,0.17866
6013,0,12,1385.92,12,1395.72,1,3,0,15.1118,0.406888,0.166473,0.21168,0.214958,0.183781,0.264147,0.364983,0.187089
6014,0,12,1385.92,12,1395.72,2,1,0,15.1043,0.41311,0.153783,0.214889,0.218217,0.187537,0.269567,0.372495,0.170401
6015,0,12,1385.92,12,1395.72,2,2,0,15.0967,0.423297,0.157544,0.195588,0.22357,0.194756,0.241401,0.386886,0.176957
6016,0,12,1385.92,12,1395.72,3,0,0,15.0892,0.43187,0.160703,0.179358,0.228069,0.208044,0.257882,0.345048,0.189026
6017,0,12,1385.92,12,1395.72,0,3,0,15.0816,0.443337,0.164937,0.184087,0.207639,0.187976,0.264413,0.353809,0.193802
6018,0,12,1385.92,12,1395.72,0,0,0,15.0741,0.398605,0.178187,0.198879,0.224329,0.192069,0.270188,0.361557,0.176186
6019,0,12,1385.92,12,1395.72,1,2,0,15.0665,0.356331,0.190708,0.212859,0.240103,0.175013,0.27589,0.369208,0.179889
6020,0,12,1385.92,12,1395.07,3,2,13,15.059,0.363835,0.173707,0.217319,0.24514,0.186155,0.293482,0.32902,0.191343
6021,0,12,1385.92,12,1395.07,0,1,0,15.0515,0.287989,0.137475,0.171999,0.402537,0.140044,0.220805,0.495204,0.143947
6022,0,12,1385.92,12,1395.07,0,2,0,15.044,0.258258,0.143197,0.179165,0.41938,0.143224,0.202979,0.506579,0.147217
6023,0,12,1385.92,12,1395.07,3,0,0,15.0364,0.233261,0.148003,0.185187,0.433549,0.156788,0.222217,0.459834,0.16116
6024,0,12,1385.92,12,1395.18,0,2,9,15.0289,0.251534,0.159582,0.199684,0.389199,0.146956,0.224793,0.465232,0.163018
6025,0,12,1385.92,12,1395.18,3,2,0,15.0214,0.348433,0.138908,0.173822,0.338837,0.11844,0.181188,0.568985,0.131387
6026,0,12,1385.92,12,1395.18,3,1,0,15.0139,0.368788,0.146996,0.183951,0.300265,0.131504,0.201191,0.521421,0.145883
6027,0,12,1385.92,12,1395.18,3,2,0,15.0064,0.385936,0.153802,0.192478,0.267784,0.133879,0.186616,0.530984,0.148521
6028,0,12,1385.92,12,1395.18,1,2,0,14.9989,0.400336,0.159512,0.199632,0.240521,0.147294,0.205328,0.483971,0.163406
6029,0,12,1385.92,12,1394.19,0,2,13,14.9914,0.405851,0.147987,0.202354,0.243809,0.160368,0.223568,0.438149,0.177914
6030,0,12,1385.92,12,1394.19,2,2,0,14.9839,0.576143,0.105565,0.144356,0.173936,0.111883,0.155985,0.608006,0.124126
6031,0,12,1385.92,12,1394.19,3,1,0,14.9764,0.58077,0.106377,0.137562,0.175291,0.125355,0.17478,0.56079,0.139075
6032,0,12,1385.92,12,1394.19,2,1,0,14.9689,0.588249,0.10771,0.139294,0.164748,0.126922,0.164287,0.567974,0.140818
6033,0,12,1385.92,12,1394.19,0,1,0,14.9614,0.59237,0.108428,0.133343,0.16586,0.128264,0.155275,0.574151,0.142309
6034,0,12,1385.92,12,1394.19,2,2,0,14.9539,0.544776,0.121081,0.148911,0.185232,0.129417,0.147509,0.579483,0.143591
6035,0,12,1385.92,12,1394.19,0,2,0,14.9465,0.549674,0.122133,0.141336,0.186857,0.143903,0.164024,0.532406,0.159667
6036,0,12,1385.92,12,1394.19,1,1,0,14.939,0.502236,0.134993,0.156222,0.206549,0.15828,0.180416,0.485681,0.175623
6037,0,12,1385.92,12,1394.19,0,3,0,14.9315,0.505976,0.128625,0.157349,0.20805,0.160611,0.16823,0.492946,0.178213
6038,0,12,1385.92,12,1394.19,0,2,0,14.9241,0.45939,0.140747,0.172184,0.227679,0.162875,0.170603,0.500006,0.166516
6039,0,12,1385.92,12,1394.19,3,2,9,14.9166,0.414392,0.152454,0.186514,0.246641,0.177775,0.186212,0.454263,0.18175
6040,0,12,1385.92,12,1394.19,0,1,0,14.9091,0.36041,0.132568,0.162191,0.344831,0.143492,0.150303,0.559504,0.146701
6041,0,12,1385.92,12,1394.19,0,3,0,14.9017,0.32014,0.140898,0.172391,0.366571,0.144677,0.143136,0.564275,0.147913
6042,0,12,1385.92,12,1394.19,2,2,0,14.8942,0.285301,0.148102,0.181211,0.385386,0.145802,0.144248,0.568818,0.141132
6043,0,12,1385.92,12,1394.19,1,0,0,14.8868,0.290473,0.150766,0.166366,0.392395,0.161581,0.15986,0.522154,0.156405
6044,0,12,1385.92,12,1394.19,2,0,0,14.8793,0.294014,0.140406,0.168376,0.397204,0.152616,0.161545,0.527785,0.158054
6045,0,12,1385.92,12,1394.19,1,0,0,14.8719,0.298484,0.142519,0.155731,0.403266,0.144895,0.162993,0.532642,0.15947
6046,0,12,1385.92,12,1394.19,3,2,9,14.8645,0.30159,0.133592,0.157331,0.407487,0.138221,0.164241,0.536847,0.16069
6047,0,12,1385.92,12,1394.19,0,2,0,14.857,0.248139,0.109897,0.12943,0.512534,0.108062,0.12841,0.637895,0.125633
6048,0,12,1385.92,12,1393.75,3,2,13,14.8496,0.227312,0.112917,0.132991,0.526779,0.121689,0.144608,0.592222,0.14148
6049,0,12,1385.92,12,1393.75,3,2,0,14.8422,0.149778,0.0743918,0.0876196,0.68821,0.0770297,0.0915403,0.74187,0.08956
6050,0,12,1385.92,12,1393.75,2,2,0,14.8348,0.171235,0.0850369,0.100161,0.643568,0.0891731,0.105975,0.70117,0.103682
6051,0,12,1385.92,12,1393.75,3,2,0,14.8273,0.171401,0.0851073,0.0991302,0.644362,0.102078,0.121315,0.657917,0.11869
6052,0,12,1385.92,12,1393.75,3,2,0,14.8199,0.19373,0.0961815,0.112032,0.598056,0.115539,0.137319,0.612796,0.134346
6053,0,12,1385.92,12,1393.75,0,2,0,14.8125,0.216478,0.10746,0.125173,0.550889,0.129323,0.153706,0.566593,0.150378
6054,0,12,1385.92,12,1393.75,0,0,0,14.8051,0.2006,0.109612,0.127684,0.562104,0.143181,0.170183,0.520139,0.166497
6055,0,12,1385.92,12,1393.75,3,3,0,14.7977,0.187063,0.111442,0.12982,0.571676,0.136558,0.171475,0.524206,0.167761
6056,0,12,1385.92,12,1393.75,3,2,0,14.7903,0.207541,0.123629,0.144021,0.52481,0.138102,0.173423,0.530279,0.158196
6057,0,12,1385.92,12,1393.75,0,0,0,14.7829,0.227808,0.135688,0.158073,0.478431,0.151592,0.190371,0.484384,0.173653
6058,0,12,1385.92,12,1393.75,2,2,9,14.7755,0.209362,0.138907,0.161828,0.489904,0.143505,0.192166,0.489042,0.175287
6059,0,12,1385.92,12,1393.75,0,3,0,14.7681,0.187923,0.124672,0.247593,0.439812,0.114007,0.152674,0.594059,0.139261
6060,0,12,1385.92,12,1393.75,3,2,9,14.7607,0.173519,0.126861,0.251974,0.447646,0.114667,0.153567,0.597698,0.134068
6061,0,12,1385.92,12,1393.75,3,0,0,14.7534,0.140428,0.102661,0.203936,0.552975,0.0876172,0.117348,0.692591,0.102444
6062,0,12,1385.92,12,1393.75,3,2,0,14.746,0.155327,0.113546,0.225591,0.505536,0.0883516,0.117222,0.692095,0.102332
6063,0,12,1385.92,12,1393.75,2,2,0,14.7386,0.169965,0.12424,0.24687,0.458926,0.100824,0.133778,0.648616,0.116782
6064,0,12,1385.92,12,1393.75,3,2,0,14.7313,0.17488,0.127824,0.225007,0.47229,0.113781,0.150977,0.60345,0.131792
6065,0,12,1385.92,12,1393.75,3,2,0,14.7239,0.189889,0.138786,0.244331,0.426994,0.126994,0.16852,0.557384,0.147102
6066,0,12,1385.92,12,1393.75,2,0,0,14.7165,0.204222,0.149252,0.262785,0.383741,0.14023,0.186094,0.511238,0.162438
6067,0,12,1385.92,12,1393.75,2,0,0,14.7092,0.211386,0.154478,0.236883,0.397253,0.133965,0.187429,0.515008,0.163598
6068,0,12,1385.92,12,1393.75,2,2,0,14.7018,0.217405,0.158866,0.215114,0.408615,0.128526,0.188584,0.518288,0.164602
6069,0,12,1385.92,12,1393.75,2,1,9,14.6945,0.222469,0.162557,0.196788,0.418186,0.140651,0.206391,0.472819,0.18014
6070,0,12,1385.92,12,1393.75,2,2,0,14.6871,0.19698,0.143923,0.288777,0.37032,0.123639,0.302271,0.415731,0.158359
6071,0,12,1385.92,12,1393.75,2,2,0,14.6798,0.2053,0.149993,0.258698,0.38601,0.132642,0.32434,0.373119,0.169899
6072,0,12,1385.92,12,1393.75,3,1,9,14.6724,0.212288,0.155088,0.233425,0.399199,0.141081,0.345036,0.333167,0.180717
6073,0,12,1385.92,12,1393.75,3,1,0,14.6651,0.174779,0.127678,0.192185,0.505358,0.118783,0.448498,0.280557,0.152162
6074,0,12,1385.92,12,1397.62,0,2,9,14.6578,0.191073,0.139572,0.210106,0.459249,0.128293,0.40428,0.303073,0.164353
6075,0,12,1385.92,12,1397.62,0,1,0,14.6504,0.282911,0.123707,0.186239,0.407143,0.109069,0.343778,0.407422,0.139732
6076,0,12,1385.92,12,1397.62,2,1,0,14.6431,0.254446,0.128598,0.193617,0.42334,0.115027,0.307807,0.429793,0.147373
6077,0,12,1385.92,12,1397.62,2,1,9,14.6358,0.259365,0.131066,0.178001,0.431568,0.120078,0.277289,0.448782,0.153851
6078,0,12,1385.92,12,1397.62,3,3,0,14.6285,0.231643,0.117041,0.265837,0.38548,0.102766,0.381375,0.384182,0.131677
6079,0,12,1385.92,12,1397.62,2,1,0,14.6212,0.247471,0.125021,0.284009,0.343499,0.103718,0.385009,0.387843,0.12343
6080,0,12,1385.92,12,1394.42,2,1,13,14.6138,0.258242,0.130445,0.252839,0.358474,0.110732,0.343306,0.414181,0.131782
6081,0,12,1385.92,12,1394.42,3,1,0,14.6065,0.202679,0.102365,0.413593,0.281363,0.0814916,0.516631,0.304891,0.0969865
6082,0,12,1385.92,12,1394.42,2,3,0,14.5992,0.210782,0.106443,0.430189,0.252587,0.0895397,0.468801,0.33509,0.106569
6083,0,12,1385.92,12,1394.42,2,1,0,14.5919,0.227349,0.114793,0.385409,0.27245,0.0898906,0.470795,0.336493,0.102822
6084,0,12,1385.92,12,1394.42,0,2,0,14.5846,0.242924,0.122641,0.343309,0.291126,0.0977543,0.4244,0.366026,0.11182
6085,0,12,1385.92,12,1394.42,0,2,0,14.5773,0.217451,0.126747,0.354877,0.300925,0.103645,0.450106,0.327688,0.118561
6086,0,12,1385.92,12,1394.42,3,1,0,14.5701,0.196215,0.130166,0.364524,0.309095,0.10866,0.472022,0.295017,0.124301
6087,0,12,1385.92,12,1394.42,3,2,0,14.5628,0.205714,0.136455,0.382217,0.275614,0.118014,0.4265,0.32048,0.135006
6088,0,12,1385.92,12,1394.42,3,1,0,14.5555,0.213696,0.141739,0.397097,0.247469,0.12358,0.44673,0.288313,0.141377
6089,0,12,1385.92,12,1394.42,3,2,0,14.5482,0.220396,0.146171,0.409599,0.223834,0.133412,0.402656,0.311303,0.152629
6090,0,12,1385.92,12,1394.42,0,0,0,14.5409,0.226027,0.149893,0.420115,0.203966,0.139492,0.4211,0.279818,0.159589
6091,0,12,1385.92,12,1394.42,1,2,0,14.5337,0.206265,0.1537,0.430875,0.20916,0.131667,0.424956,0.282357,0.16102
6092,0,12,1385.92,12,1394.42,1,0,0,14.5264,0.208588,0.144106,0.43579,0.211516,0.13656,0.440852,0.255578,0.16701
6093,0,12,1385.92,12,1394.42,2,2,0,14.5191,0.210572,0.135898,0.440001,0.213529,0.129621,0.444426,0.257622,0.168331
6094,0,12,1385.92,12,1394.42,0,2,0,14.5119,0.226906,0.146426,0.396576,0.230092,0.133574,0.458094,0.234856,0.173475
6095,0,12,1385.92,12,1394.42,3,1,0,14.5046,0.206642,0.150245,0.406999,0.236113,0.136917,0.469674,0.215584,0.177825
6096,0,12,1385.92,12,1394.42,2,1,0,14.4974,0.212336,0.154375,0.41827,0.215019,0.148209,0.425906,0.233384,0.192501
6097,0,12,1385.92,12,1394.42,3,1,9,14.4901,0.227637,0.165488,0.376362,0.230513,0.158995,0.384091,0.250392,0.206522
6098,0,12,1385.92,12,1394.42,3,1,0,14.4829,0.198886,0.144577,0.32886,0.327677,0.131192,0.491767,0.206625,0.170416
6099,0,12,1385.92,12,1394.42,2,2,0,14.4756,0.209704,0.152432,0.346783,0.291081,0.142683,0.447221,0.224744,0.185353
6100,0,12,1385.92,12,1394.42,0,2,0,14.4684,0.221845,0.161247,0.308955,0.307954,0.145988,0.457683,0.206673,0.189655
6101,0,12,1385.92,12,1394.42,3,0,0,14.4612,0.199353,0.16589,0.317893,0.316863,0.148788,0.466568,0.191342,0.193303
6102,0,12,1385.92,12,1394.42,3,0,0,14.4539,0.209626,0.174432,0.334306,0.281636,0.141161,0.470786,0.193037,0.195016
6103,0,12,1385.92,12,1394.42,3,1,0,14.4467,0.218254,0.181605,0.348097,0.252044,0.134574,0.474435,0.194498,0.196493
6104,0,12,1385.92,12,1394.42,2,1,0,14.4395,0.225487,0.187617,0.359669,0.227227,0.145698,0.430962,0.21059,0.21275
6105,0,12,1385.92,12,1394.42,1,0,0,14.4323,0.23881,0.198695,0.321842,0.240653,0.156344,0.389347,0.225995,0.228314
6106,0,12,1385.92,12,1394.42,1,0,0,14.425,0.244165,0.180706,0.329079,0.24605,0.146361,0.393977,0.228658,0.231004
6107,0,12,1385.92,12,1394.42,3,2,0,14.4178,0.248656,0.165617,0.335152,0.250575,0.137829,0.397938,0.230931,0.233301
6108,0,12,1385.92,12,1394.42,3,2,0,14.4106,0.256853,0.171062,0.34622,0.225865,0.141342,0.408169,0.211215,0.239274
6109,0,12,1385.92,12,1394.42,1,1,0,14.4034,0.263728,0.175627,0.355509,0.205135,0.14431,0.416826,0.194542,0.244323
6110,0,12,1385.92,12,1394.42,1,2,0,14.3962,0.267989,0.162297,0.361274,0.208439,0.154293,0.376441,0.208013,0.261253
6111,0,12,1385.92,12,1394.42,0,1,0,14.389,0.271599,0.151003,0.366162,0.211236,0.157583,0.384537,0.191028,0.266852
6112,0,12,1385.92,12,1390.27,3,1,13,14.3818,0.245619,0.156372,0.379248,0.218761,0.167397,0.34617,0.202932,0.2835
6113,0,12,1385.92,12,1390.27,2,1,0,14.3746,0.195721,0.124593,0.302229,0.377456,0.12258,0.521193,0.148607,0.20762
6114,0,12,1385.92,12,1390.27,3,1,0,14.3674,0.204185,0.12997,0.272013,0.393832,0.13387,0.477063,0.1623,0.226767
6115,0,12,1385.92,12,1390.27,2,1,0,14.3603,0.217573,0.138479,0.289864,0.354084,0.144849,0.43414,0.175619,0.245392
6116,0,12,1385.92,12,1390.27,1,3,0,14.3531,0.22652,0.144161,0.260637,0.368682,0.155373,0.392993,0.188386,0.263248
6117,0,12,1385.92,12,1390.27,0,0,0,14.3459,0.228829,0.135396,0.263301,0.372475,0.160373,0.405713,0.194455,0.23946
6118,0,12,1385.92,12,1390.27,1,3,0,14.3387,0.208668,0.138916,0.270181,0.382235,0.150671,0.410427,0.196685,0.242216
6119,0,12,1385.92,12,1390.27,3,1,0,14.3316,0.210513,0.131245,0.272583,0.38566,0.154687,0.42145,0.201938,0.221926
6120,0,12,1385.92,12,1390.27,3,3,0,14.3244,0.22376,0.139491,0.289752,0.346997,0.16537,0.381465,0.215896,0.23727
6121,0,12,1385.92,12,1390.27,0,0,0,14.3172,0.236111,0.147176,0.305761,0.310953,0.169762,0.391661,0.221641,0.216937
6122,0,12,1385.92,12,1390.27,1,1,0,14.3101,0.213013,0.151608,0.315014,0.320364,0.158797,0.396857,0.224556,0.219789
6123,0,12,1385.92,12,1390.27,0,3,0,14.3029,0.215682,0.140926,0.318987,0.324405,0.168887,0.358502,0.238841,0.23377
6124,0,12,1385.92,12,1390.27,3,3,0,14.2958,0.196148,0.144416,0.32694,0.332495,0.173363,0.368057,0.245187,0.213392
6125,0,12,1385.92,12,1393.33,2,2,9,14.2886,0.206299,0.151881,0.343895,0.297925,0.17714,0.376134,0.250547,0.196179
6126,0,12,1385.92,12,1393.33,1,1,0,14.2815,0.172336,0.126868,0.451901,0.248895,0.152723,0.324336,0.353799,0.169141
6127,0,12,1385.92,12,1393.33,3,0,9,14.2743,0.173224,0.122261,0.454318,0.250197,0.160088,0.29169,0.370922,0.1773
6128,0,12,1385.92,12,1393.33,2,3,0,14.2672,0.148825,0.105033,0.390402,0.35574,0.245544,0.262012,0.333199,0.159245
6129,0,12,1385.92,12,1393.33,2,1,0,14.2601,0.158435,0.111807,0.350983,0.378776,0.248889,0.265585,0.337758,0.147767
6130,0,12,1385.92,12,1393.33,3,0,0,14.2529,0.167075,0.117896,0.315527,0.399502,0.257714,0.239538,0.349757,0.152991
6131,0,12,1385.92,12,1400.47,3,2,9,14.2458,0.178022,0.125612,0.336243,0.360124,0.233349,0.247397,0.361259,0.157996
6132,0,12,1385.92,12,1400.47,3,1,0,14.2387,0.147791,0.104274,0.279181,0.468754,0.193459,0.205108,0.470457,0.130977
6133,0,12,1385.92,12,1400.47,3,0,0,14.2316,0.15967,0.112647,0.301658,0.426025,0.196853,0.191085,0.478797,0.133265
6134,0,12,1385.92,12,1397.69,3,2,13,14.2245,0.171025,0.120649,0.323151,0.385176,0.184138,0.194091,0.486419,0.135352
6135,0,12,1385.92,12,1397.69,3,1,9,14.2173,0.121569,0.0857552,0.229735,0.562941,0.122048,0.128646,0.659599,0.0897066
6136,0,12,1385.92,12,1397.69,3,2,0,14.2102,0.0931083,0.0656741,0.175973,0.665245,0.110539,0.210614,0.597604,0.0812428
6137,0,12,1385.92,12,1397.69,0,2,0,14.2031,0.105159,0.074169,0.198774,0.621898,0.122971,0.234331,0.552324,0.0903742
6138,0,12,1385.92,12,1397.69,3,2,0,14.196,0.104387,0.0742079,0.198918,0.622488,0.135395,0.258038,0.507068,0.0994985
6139,0,12,1385.92,12,1397.69,3,2,0,14.1889,0.116676,0.0829386,0.222364,0.578021,0.147605,0.281346,0.462584,0.108465
6140,0,12,1385.92,12,1397.69,2,2,9,14.1818,0.129073,0.0917448,0.246023,0.533159,0.159419,0.303903,0.419539,0.117139
6141,0,12,1385.92,12,1397.69,2,1,0,14.1747,0.110757,0.0787201,0.352895,0.457629,0.129165,0.24626,0.529673,0.0949025
6142,0,12,1385.92,12,1397.69,3,2,9,14.1677,0.116552,0.0828337,0.318901,0.481713,0.132353,0.227505,0.542902,0.0972394
6143,0,12,1385.92,12,1397.69,3,2,0,14.1606,0.0922174,0.0655344,0.252369,0.58988,0.102137,0.175585,0.647242,0.0750353
6144,0,12,1385.92,12,1397.69,1,3,0,14.1535,0.102525,0.0728545,0.280634,0.543987,0.11493,0.197598,0.603044,0.084428
6145,0,12,1385.92,12,1397.69,3,2,0,14.1464,0.10237,0.0740213,0.280265,0.543344,0.114795,0.197388,0.602536,0.0852813
6146,0,12,1385.92,12,1397.69,3,3,0,14.1393,0.112612,0.0814224,0.308369,0.497596,0.127803,0.219778,0.55748,0.0949391
6147,0,12,1385.92,12,1397.69,3,2,0,14.1323,0.122644,0.0886697,0.335907,0.45278,0.127836,0.219859,0.557789,0.0945159
6148,0,12,1385.92,12,1397.69,3,1,0,14.1252,0.132313,0.0956543,0.362463,0.40957,0.140873,0.242308,0.512669,0.104149
6149,0,12,1385.92,12,1397.69,1,2,0,14.1181,0.141497,0.102287,0.387699,0.368517,0.14428,0.223857,0.525202,0.106661
6150,0,12,1385.92,12,1397.69,0,1,0,14.1111,0.142008,0.0988943,0.389178,0.369919,0.157786,0.244834,0.480742,0.116638
6151,0,12,1385.92,12,1397.69,3,1,0,14.104,0.133702,0.099828,0.39296,0.37351,0.161792,0.225556,0.493059,0.119593
6152,0,12,1385.92,12,1397.69,2,2,0,14.097,0.141759,0.105838,0.416731,0.335672,0.1652,0.209139,0.503556,0.122104
6153,0,12,1385.92,12,1397.69,3,2,0,14.0899,0.151655,0.113219,0.375962,0.359165,0.179689,0.227492,0.460013,0.132806
6154,0,12,1385.92,12,1397.69,2,0,0,14.0829,0.16028,0.119651,0.397417,0.322652,0.193701,0.245243,0.417904,0.143153
6155,0,12,1385.92,12,1397.69,2,0,0,14.0758,0.170715,0.127434,0.358145,0.343706,0.179874,0.249439,0.4251,0.145586
6156,0,12,1385.92,12,1397.69,3,2,0,14.0688,0.180475,0.134712,0.321405,0.363408,0.168094,0.253013,0.431236,0.147656
6157,0,12,1385.92,12,1397.69,1,2,0,14.0618,0.190908,0.142491,0.340023,0.326578,0.180085,0.271084,0.390645,0.158185
6158,0,12,1385.92,12,1397.69,1,3,0,14.0547,0.19285,0.133694,0.343521,0.329935,0.191423,0.288173,0.352265,0.168139
6159,0,12,1385.92,12,1397.69,3,2,0,14.0477,0.194508,0.12617,0.346515,0.332807,0.194142,0.292291,0.357313,0.156254
6160,0,12,1385.92,12,1397.69,1,0,0,14.0407,0.204366,0.132553,0.364119,0.298961,0.205051,0.308741,0.321181,0.165027
6161,0,12,1385.92,12,1397.69,3,1,0,14.0337,0.205939,0.12581,0.366965,0.301286,0.187187,0.315686,0.328409,0.168718
6162,0,12,1385.92,12,1397.69,3,2,0,14.0266,0.214435,0.130987,0.382148,0.272431,0.196022,0.283352,0.343948,0.176678
6163,0,12,1385.92,12,1397.69,1,2,0,14.0196,0.221631,0.135369,0.395018,0.247982,0.206403,0.29838,0.309186,0.186031
6164,0,12,1385.92,12,1394.25,0,1,13,14.0126,0.223207,0.129171,0.397871,0.249751,0.21599,0.312263,0.277078,0.194668
6165,0,12,1385.92,12,1394.25,0,3,9,14.0056,0.387459,0.101842,0.313763,0.196936,0.161082,0.487091,0.20665,0.145177
6166,0,12,1385.92,12,1394.25,0,3,0,13.9986,0.498682,0.0833368,0.256808,0.161173,0.144913,0.438298,0.185917,0.230872
6167,0,12,1385.92,12,1394.25,0,1,0,13.9916,0.455268,0.0905395,0.279067,0.175126,0.148313,0.448678,0.190288,0.212722
6168,0,12,1385.92,12,1394.25,2,3,0,13.9846,0.413352,0.0974909,0.300561,0.188597,0.159437,0.407299,0.204571,0.228694
6169,0,12,1385.92,12,1394.25,3,3,0,13.9776,0.429767,0.101333,0.272844,0.196056,0.16325,0.417118,0.209474,0.210159
6170,0,12,1385.92,12,1394.25,2,3,0,13.9706,0.437103,0.103033,0.277477,0.182388,0.166481,0.425454,0.213631,0.194434
6171,0,12,1385.92,12,1394.25,0,2,0,13.9637,0.451543,0.106406,0.25367,0.18838,0.169228,0.432554,0.217166,0.181052
6172,0,12,1385.92,12,1394.25,0,3,0,13.9567,0.410508,0.114354,0.272665,0.202474,0.172683,0.441468,0.201097,0.184752
6173,0,12,1385.92,12,1394.25,1,2,0,13.9497,0.371447,0.121917,0.290747,0.215889,0.175124,0.447791,0.203945,0.17314
6174,0,12,1385.92,12,1394.25,0,1,0,13.9427,0.373676,0.116687,0.292477,0.21716,0.17815,0.455616,0.190102,0.176132
6175,0,12,1385.92,12,1394.25,3,3,0,13.9357,0.336834,0.123535,0.309698,0.229933,0.191492,0.414845,0.204342,0.189322
6176,0,12,1385.92,12,1394.25,0,0,0,13.9288,0.345819,0.126805,0.317954,0.209423,0.194459,0.421337,0.20751,0.176694
6177,0,12,1385.92,12,1394.25,1,0,0,13.9218,0.311033,0.133531,0.334882,0.220554,0.181394,0.428203,0.210862,0.179542
6178,0,12,1385.92,12,1394.25,2,0,0,13.9149,0.313651,0.126249,0.337705,0.222395,0.170223,0.434078,0.213725,0.181974
6179,0,12,1385.92,12,1394.25,3,3,0,13.9079,0.329775,0.132715,0.303698,0.233811,0.160638,0.439126,0.216179,0.184058
6180,0,12,1385.92,12,1394.25,1,2,0,13.9009,0.338778,0.136314,0.311984,0.212925,0.162814,0.445165,0.219121,0.1729
6181,0,12,1385.92,12,1394.25,0,1,0,13.894,0.341674,0.128957,0.314645,0.214725,0.165998,0.453962,0.203756,0.176283
6182,0,12,1385.92,12,1394.25,2,1,9,13.887,0.307748,0.135586,0.330879,0.225786,0.178151,0.413977,0.218681,0.189191
6183,0,12,1385.92,12,1392.62,0,2,13,13.8801,0.257153,0.113277,0.440916,0.188655,0.143437,0.528157,0.176078,0.152328
6184,0,12,1385.92,12,1392.62,3,1,0,13.8732,0.43196,0.0866041,0.337188,0.144248,0.116567,0.429328,0.330311,0.123794
6185,0,12,1385.92,12,1392.62,2,1,0,13.8662,0.435529,0.0872915,0.339957,0.137223,0.124888,0.388516,0.353964,0.132632
6186,0,12,1385.92,12,1392.62,0,3,0,13.8593,0.456213,0.0914078,0.308672,0.143707,0.132746,0.349963,0.376313,0.140979
6187,0,12,1385.92,12,1392.62,0,1,0,13.8524,0.415047,0.0983116,0.332066,0.154575,0.133927,0.353145,0.379741,0.133188
6188,0,12,1385.92,12,1392.62,0,2,0,13.8454,0.375805,0.10489,0.354372,0.164933,0.141136,0.318242,0.400265,0.140357
6189,0,12,1385.92,12,1392.62,2,1,0,13.8385,0.338849,0.111082,0.375383,0.174686,0.150211,0.33876,0.361647,0.149382
6190,0,12,1385.92,12,1392.62,0,3,0,13.8316,0.358775,0.117588,0.338704,0.184933,0.157834,0.305136,0.380067,0.156963
6191,0,12,1385.92,12,1392.62,1,3,0,13.8247,0.323318,0.124073,0.357459,0.19515,0.159564,0.308522,0.384301,0.147613
6192,0,12,1385.92,12,1392.62,0,2,0,13.8178,0.325337,0.118616,0.359698,0.196349,0.161046,0.311427,0.387936,0.139591
6193,0,12,1385.92,12,1392.62,2,3,0,13.8109,0.29398,0.124111,0.376444,0.205465,0.170878,0.330484,0.350529,0.148109
6194,0,12,1385.92,12,1392.62,3,2,9,13.804,0.310987,0.131268,0.34041,0.217336,0.172626,0.33391,0.354166,0.139298
6195,0,12,1385.92,12,1392.62,2,2,0,13.797,0.271492,0.114578,0.297184,0.316746,0.142772,0.276199,0.465827,0.115203
6196,0,12,1385.92,12,1392.62,0,2,0,13.7902,0.283122,0.119465,0.267089,0.330324,0.153769,0.297512,0.424648,0.124071
6197,0,12,1385.92,12,1392.62,0,3,9,13.7833,0.255646,0.124025,0.277328,0.343002,0.164285,0.3179,0.385265,0.13255
6198,0,12,1385.92,12,1392.62,2,2,0,13.7764,0.360622,0.106517,0.238218,0.294643,0.149148,0.288648,0.349827,0.212378
6199,0,12,1385.92,12,1392.62,3,1,0,13.7695,0.370447,0.109392,0.217503,0.302657,0.157289,0.304444,0.31428,0.223987
6200,0,12,1385.92,12,1392.62,3,2,0,13.7626,0.385622,0.113846,0.226389,0.274143,0.164423,0.272834,0.32858,0.234163
6201,0,12,1385.92,12,1392.62,0,2,0,13.7557,0.398504,0.11762,0.233926,0.24995,0.172668,0.286544,0.294866,0.245922
6202,0,12,1385.92,12,1392.62,2,2,0,13.7488,0.361026,0.124934,0.248507,0.265533,0.180251,0.299157,0.263853,0.256739
6203,0,12,1385.92,12,1392.62,0,1,0,13.742,0.371388,0.128493,0.226981,0.273138,0.186722,0.309929,0.237373,0.265976
6204,0,12,1385.92,12,1394.25,0,2,9,13.7351,0.335732,0.135767,0.239858,0.288644,0.195336,0.278062,0.248335,0.278266
6205,0,12,1385.92,12,1394.25,0,2,0,13.7282,0.447023,0.113008,0.199674,0.240295,0.169206,0.240883,0.348851,0.24106
6206,0,12,1385.92,12,1394.25,0,1,0,13.7214,0.407313,0.121111,0.214014,0.257562,0.178287,0.253829,0.313868,0.254015
6207,0,12,1385.92,12,1394.25,0,2,0,13.7145,0.369521,0.128819,0.227662,0.273998,0.184125,0.229343,0.324181,0.262351
6208,0,12,1385.92,12,1394.25,3,0,0,13.7076,0.333958,0.136071,0.240505,0.289466,0.193101,0.240535,0.291204,0.27516
6209,0,12,1385.92,12,1394.25,3,3,0,13.7008,0.346989,0.141355,0.249874,0.261782,0.176406,0.245506,0.297233,0.280854
6210,0,12,1385.92,12,1394.25,0,0,0,13.6939,0.358015,0.145821,0.257797,0.238367,0.183403,0.255261,0.309055,0.25228
6211,0,12,1385.92,12,1394.25,0,1,0,13.6871,0.323654,0.153613,0.271604,0.251129,0.168916,0.259786,0.314546,0.256752
6212,0,12,1385.92,12,1394.25,3,3,0,13.6802,0.291715,0.160854,0.284439,0.262993,0.174544,0.235059,0.325067,0.265329
6213,0,12,1385.92,12,1394.25,0,2,0,13.6734,0.301871,0.166434,0.294339,0.237356,0.18044,0.243013,0.33609,0.240457
6214,0,12,1385.92,12,1394.25,3,1,0,13.6666,0.271798,0.173591,0.307031,0.24758,0.189409,0.255107,0.303061,0.252423
6215,0,12,1385.92,12,1394.25,0,0,0,13.6597,0.279955,0.178785,0.316254,0.225006,0.19556,0.230873,0.312932,0.260635
6216,0,12,1385.92,12,1394.25,3,3,0,13.6529,0.253661,0.185301,0.327819,0.233218,0.17999,0.235334,0.318998,0.265678
6217,0,12,1385.92,12,1394.25,0,2,0,13.6461,0.260126,0.190012,0.336191,0.213671,0.186039,0.243256,0.329757,0.240949
6218,0,12,1385.92,12,1394.25,2,2,0,13.6393,0.237501,0.195811,0.346491,0.220197,0.194934,0.254901,0.297681,0.252484
6219,0,12,1385.92,12,1394.25,1,0,0,13.6324,0.249292,0.205524,0.314059,0.231125,0.20315,0.265658,0.268054,0.263138
6220,0,12,1385.92,12,1394.25,2,3,0,13.6256,0.254336,0.189439,0.320428,0.235797,0.185072,0.271685,0.274135,0.269107
6221,0,12,1385.92,12,1394.25,0,0,0,13.6188,0.265751,0.19793,0.289942,0.246377,0.191873,0.28169,0.284231,0.242206
6222,0,12,1385.92,12,1394.25,3,3,0,13.612,0.240738,0.204663,0.299829,0.254769,0.176243,0.287141,0.289731,0.246885
6223,0,12,1385.92,12,1394.25,2,0,0,13.6052,0.248155,0.210962,0.309079,0.231805,0.181592,0.295885,0.298555,0.223969
6224,0,12,1385.92,12,1394.25,2,1,0,13.5984,0.258678,0.2199,0.27979,0.241632,0.168069,0.300778,0.303493,0.22766
6225,0,12,1385.92,12,1394.25,2,1,0,13.5916,0.268381,0.228141,0.252786,0.250692,0.17505,0.271683,0.316136,0.237131
6226,0,12,1385.92,12,1394.25,3,1,0,13.5848,0.276969,0.235434,0.228886,0.258711,0.180958,0.24705,0.326844,0.245148
6227,0,12,1385.92,12,1394.25,2,2,0,13.578,0.285994,0.243098,0.236335,0.234572,0.185957,0.226194,0.335913,0.251936
6228,0,12,1385.92,12,1394.25,0,2,0,13.5712,0.293714,0.249652,0.21574,0.240894,0.19469,0.236826,0.3047,0.263783
6229,0,12,1385.92,12,1394.25,3,1,0,13.5644,0.26615,0.259398,0.224156,0.250296,0.20279,0.246689,0.275748,0.274774
6230,0,12,1385.92,12,1394.25,0,3,0,13.5576,0.274406,0.267444,0.231102,0.227048,0.208917,0.223892,0.284097,0.283094
6231,0,12,1385.92,12,1393.63,0,3,13,13.5509,0.248515,0.276992,0.239346,0.235147,0.216798,0.232342,0.294832,0.256028
6232,0,12,1385.92,12,1393.63,1,3,0,13.5441,0.419442,0.213994,0.184904,0.181659,0.166409,0.178342,0.226319,0.42893
6233,0,12,1385.92,12,1393.63,0,1,9,13.5373,0.426486,0.200855,0.187979,0.184679,0.17702,0.189717,0.240767,0.392495
6234,0,12,1385.92,12,1393.63,0,3,0,13.5305,0.54564,0.159127,0.148924,0.146309,0.155335,0.288912,0.211285,0.344468
6235,0,12,1385.92,12,1393.63,2,2,0,13.5238,0.506622,0.172794,0.161712,0.158873,0.163037,0.303274,0.221775,0.311915
6236,0,12,1385.92,12,1393.63,3,1,0,13.517,0.509872,0.173865,0.156408,0.159855,0.166903,0.310505,0.203239,0.319354
6237,0,12,1385.92,12,1393.63,2,3,0,13.5103,0.512966,0.174883,0.15732,0.154831,0.174048,0.280936,0.211947,0.333068
6238,0,12,1385.92,12,1393.63,1,0,0,13.5035,0.51586,0.175831,0.152642,0.155667,0.182225,0.294162,0.221913,0.3017
6239,0,12,1385.92,12,1393.63,0,2,0,13.4968,0.520043,0.169223,0.153843,0.156892,0.168951,0.298941,0.225505,0.306603
6240,0,12,1385.92,12,1393.63,1,2,0,13.49,0.481657,0.182759,0.166145,0.169439,0.17305,0.306229,0.206643,0.314079
6241,0,12,1385.92,12,1393.63,1,1,0,13.4833,0.486371,0.174833,0.167735,0.171061,0.176516,0.312398,0.190679,0.320407
6242,0,12,1385.92,12,1400.03,2,1,9,13.4765,0.490483,0.167929,0.169117,0.172471,0.183993,0.283226,0.19876,0.334021
6243,0,12,1385.92,12,1400.03,0,3,0,13.4698,0.432626,0.148089,0.26719,0.152095,0.155315,0.394909,0.167783,0.281993
6244,0,12,1385.92,12,1400.03,2,3,9,13.463,0.396066,0.157622,0.284424,0.161888,0.160218,0.40745,0.173081,0.259251
6245,0,12,1385.92,12,1400.03,0,3,0,13.4563,0.332683,0.132373,0.398988,0.135956,0.135932,0.345754,0.146848,0.371466
6246,0,12,1385.92,12,1400.03,1,2,0,13.4496,0.303768,0.138091,0.416313,0.141829,0.143351,0.364694,0.154866,0.337089
6247,0,12,1385.92,12,1400.03,1,1,0,13.4429,0.305476,0.133237,0.418681,0.142605,0.144709,0.368217,0.146733,0.34034
6248,0,12,1385.92,12,1400.03,2,1,0,13.4361,0.306972,0.12899,0.420757,0.143281,0.152467,0.334286,0.1546,0.358647
6249,0,12,1385.92,12,1400.03,2,3,0,13.4294,0.326299,0.137088,0.384334,0.152279,0.159436,0.303794,0.161667,0.375104
6250,0,12,1385.92,12,1400.03,3,2,0,13.4227,0.344607,0.144754,0.349839,0.160799,0.168069,0.320285,0.170421,0.341225
6251,0,12,1385.92,12,1400.03,2,3,0,13.416,0.348304,0.146282,0.353593,0.151821,0.170154,0.324301,0.160037,0.345508
6252,0,12,1385.92,12,1400.03,1,0,0,13.4093,0.365868,0.153631,0.321051,0.15945,0.178444,0.340144,0.167832,0.31358
6253,0,12,1385.92,12,1400.03,3,2,0,13.4026,0.369122,0.146138,0.323898,0.160842,0.167154,0.34483,0.17012,0.317895
6254,0,12,1385.92,12,1400.03,0,3,0,13.3959,0.372772,0.147556,0.327093,0.152579,0.169159,0.349017,0.160074,0.321749
6255,0,12,1385.92,12,1400.03,0,1,0,13.3892,0.339444,0.155384,0.344499,0.160674,0.176326,0.363857,0.166855,0.292962
6256,0,12,1385.92,12,1400.03,1,3,0,13.3825,0.308494,0.16265,0.360667,0.168189,0.185328,0.331351,0.175371,0.30795
6257,0,12,1385.92,12,1400.03,0,1,9,13.3758,0.311613,0.154194,0.364325,0.169869,0.192725,0.344616,0.182368,0.28029
6258,0,12,1385.92,12,1400.03,0,3,0,13.3691,0.427864,0.128142,0.302822,0.141171,0.158331,0.461561,0.149821,0.230286
6259,0,12,1385.92,12,1400.03,0,1,0,13.3624,0.391653,0.136239,0.322013,0.150095,0.1612,0.470025,0.152534,0.21624
6260,0,12,1385.92,12,1400.03,3,1,9,13.3557,0.35727,0.143926,0.340239,0.158566,0.172516,0.432812,0.16324,0.231433
6261,0,12,1385.92,12,1400.03,0,1,0,13.3491,0.318741,0.128381,0.303543,0.249335,0.136021,0.552788,0.128706,0.182485
6262,0,12,1385.92,12,1400.03,3,0,0,13.3424,0.28831,0.134098,0.317117,0.260475,0.147895,0.513739,0.139939,0.198427
6263,0,12,1385.92,12,1400.03,0,0,0,13.3357,0.297311,0.138263,0.327022,0.237403,0.144187,0.51602,0.140524,0.19927
6264,0,12,1385.92,12,1400.03,0,2,9,13.3291,0.270172,0.143587,0.339671,0.24657,0.140913,0.518039,0.141037,0.200011
6265,0,12,1385.92,12,1400.03,2,2,0,13.3224,0.381351,0.121699,0.287943,0.209007,0.126075,0.463611,0.231351,0.178963
6266,0,12,1385.92,12,1400.03,2,2,0,13.3157,0.394292,0.1258,0.263836,0.216073,0.128468,0.472533,0.216626,0.182373
6267,0,12,1385.92,12,1400.03,2,2,0,13.3091,0.405336,0.129294,0.243271,0.222099,0.130523,0.480217,0.203958,0.185303
6268,0,12,1385.92,12,1400.03,1,1,0,13.3024,0.414775,0.132275,0.225708,0.227243,0.132291,0.486852,0.19303,0.187827
6269,0,12,1385.92,12,1400.03,0,3,0,13.2958,0.416686,0.128331,0.22672,0.228263,0.142169,0.448508,0.207458,0.201865
6270,0,12,1385.92,12,1400.03,0,1,0,13.2891,0.38102,0.136166,0.240589,0.242225,0.144155,0.454878,0.210372,0.190594
6271,0,12,1385.92,12,1400.03,3,1,0,13.2825,0.347256,0.14358,0.253719,0.255445,0.15397,0.417736,0.224712,0.203582
6272,0,12,1385.92,12,1400.03,0,1,0,13.2758,0.356971,0.147572,0.260801,0.234656,0.163358,0.382204,0.238431,0.216007
6273,0,12,1385.92,12,1400.03,2,1,0,13.2692,0.324845,0.154932,0.27384,0.246383,0.172249,0.348548,0.251427,0.227776
6274,0,12,1385.92,12,1400.03,2,3,0,13.2626,0.335513,0.159996,0.250031,0.25446,0.180593,0.316955,0.263628,0.238824
6275,0,12,1385.92,12,1400.03,2,2,0,13.2559,0.344577,0.164294,0.229808,0.261321,0.185242,0.32515,0.270434,0.219173
6276,0,12,1385.92,12,1400.03,0,1,0,13.2493,0.352291,0.167948,0.212606,0.267156,0.191132,0.335526,0.247191,0.22615
6277,0,12,1385.92,12,1404.84,0,2,9,13.2427,0.320974,0.176058,0.222884,0.280084,0.199865,0.305146,0.258499,0.236491
6278,0,12,1385.92,12,1404.84,0,2,9,13.2361,0.436596,0.146072,0.184931,0.232401,0.170433,0.260232,0.367664,0.201672
6279,0,12,1385.92,12,1404.84,0,3,0,13.2294,0.557157,0.114808,0.145357,0.182678,0.138397,0.211335,0.486498,0.16377
6280,0,12,1385.92,12,1404.84,0,3,0,13.2228,0.51815,0.124914,0.15816,0.198776,0.139376,0.212848,0.490062,0.157713
6281,0,12,1385.92,12,1404.84,2,0,0,13.2162,0.47969,0.134877,0.170782,0.214651,0.14023,0.214169,0.493187,0.152415
6282,1,12,1385.92,12,1404.84,2,1,0,13.2096,0.483594,0.135941,0.164102,0.216363,0.136874,0.214987,0.495152,0.152986
6283,1,12,1385.92,12,1404.84,3,3,0,13.203,0.280832,0.108059,0.261183,0.349926,0.34083,0.185772,0.108743,0.364654
6284,1,12,1385.92,12,1404.84,1,1,0,13.1964,0.323407,0.124417,0.300774,0.251403,0.395177,0.215369,0.126054,0.263401
6285,1,12,1385.92,12,1404.84,0,0,9,13.1898,0.336421,0.0892006,0.312873,0.261506,0.426154,0.153919,0.135903,0.284024
6286,1,12,1385.92,12,1404.84,2,2,0,13.1832,0.374258,0.0840973,0.295047,0.246598,0.465901,0.14325,0.12648,0.264369
6287,1,12,1385.92,12,1404.84,3,0,0,13.1766,0.418847,0.0940884,0.211111,0.275954,0.483796,0.148717,0.0929946,0.274492
6288,1,12,1385.92,12,1404.84,0,0,0,13.17,0.463536,0.104096,0.233603,0.198765,0.368157,0.182023,0.113811,0.336009
6289,1,12,1385.92,12,1404.84,3,3,0,13.1634,0.350425,0.126029,0.28287,0.240676,0.267743,0.210941,0.131879,0.389437
6290,1,12,1385.92,14,1729.93,2,3,9,13.1569,0.382256,0.13745,0.308552,0.171742,0.313027,0.246606,0.154162,0.286205
6291,1,12,1385.92,14,1729.93,2,3,0,13.1503,0.358727,0.128963,0.351166,0.161145,0.29578,0.233007,0.145648,0.325566
6292,1,12,1385.92,14,1729.93,0,3,0,13.1437,0.412105,0.148121,0.254681,0.185093,0.336056,0.264723,0.165457,0.233764
6293,1,12,1385.92,14,1729.93,3,2,0,13.1371,0.306335,0.17476,0.300515,0.21839,0.365414,0.287835,0.179886,0.166865
6294,1,12,1385.92,14,1730,1,0,9,13.1306,0.331105,0.18887,0.324813,0.155212,0.38779,0.305446,0.12971,0.177055
6295,1,12,1385.92,14,1730,3,2,0,13.124,0.315196,0.227866,0.309206,0.147732,0.430511,0.284151,0.120646,0.164693
6296,1,12,1385.92,14,1730,1,3,0,13.1174,0.330559,0.238956,0.324275,0.10621,0.445805,0.294221,0.0894635,0.170511
6297,1,12,1385.92,14,1730,1,2,0,13.1109,0.360132,0.170896,0.353285,0.115686,0.47036,0.310401,0.0943609,0.124878
6298,0,12,1385.92,14,1724.18,3,3,13,13.1043,0.380664,0.123658,0.373425,0.122254,0.482207,0.318192,0.0716109,0.12799
6299,0,12,1385.92,14,1724.18,2,2,0,13.0978,0.345005,0.0965643,0.404496,0.153935,0.0906397,0.478678,0.329334,0.101347
6300,0,12,1385.92,14,1724.18,0,1,0,13.0912,0.366269,0.10249,0.367845,0.163396,0.0942471,0.497895,0.302475,0.105383
6301,0,12,1385.92,14,1724.18,0,2,0,13.0847,0.331923,0.108026,0.387813,0.172238,0.101797,0.457595,0.326781,0.113828
6302,0,12,1385.92,14,1724.18,2,1,0,13.0781,0.302447,0.112772,0.404957,0.179823,0.105836,0.475896,0.299921,0.118347
6303,0,12,1385.92,14,1724.18,1,1,0,13.0716,0.32075,0.119573,0.368993,0.190685,0.113756,0.436608,0.322431,0.127206
6304,0,12,1385.92,14,1723.36,3,2,13,13.0651,0.322126,0.115805,0.370586,0.191483,0.121365,0.398845,0.344071,0.135718
6305,0,12,1385.92,14,1716.1,2,2,13,13.0585,0.257758,0.0926458,0.296543,0.353053,0.086272,0.283585,0.533667,0.0964766
6306,0,12,1385.92,14,1716.1,3,3,0,13.052,0.190612,0.0684975,0.479792,0.261099,0.0539303,0.177317,0.708442,0.0603108
6307,0,12,1385.92,14,1716.1,3,0,0,13.0455,0.195626,0.0702849,0.492504,0.241586,0.0536867,0.176558,0.705605,0.0641509
6308,0,12,1385.92,14,1679.78,3,2,13,13.0389,0.199913,0.0718106,0.50339,0.224886,0.0577358,0.175768,0.702645,0.0638511
6309,0,12,1385.92,14,1621.87,2,2,13,13.0324,0.15459,0.0555186,0.389336,0.400556,0.0326545,0.0994341,0.831797,0.036114
6310,0,12,1385.92,14,1600.16,3,2,13,13.0259,0.107338,0.0385411,0.575945,0.278176,0.0173305,0.0527837,0.910719,0.0191669
6311,0,12,1385.92,14,1550.35,2,2,13,13.0194,0.0795973,0.0285745,0.427239,0.46459,0.00892567,0.0271911,0.954012,0.00987166
6312,0,12,1385.92,14,1550.35,2,2,0,13.0129,0.0540054,0.0193833,0.611284,0.315327,0.00455481,0.0138788,0.976529,0.00503766
6313,0,12,1385.92,14,1550.35,2,2,0,13.0064,0.0605341,0.0217221,0.564172,0.353572,0.00573505,0.017479,0.970443,0.00634314
6314,0,12,1385.92,14,1542.01,3,2,13,12.9999,0.0670916,0.0240703,0.516826,0.392012,0.00717718,0.0218791,0.963005,0.00793834
6315,0,12,1385.92,14,1530.72,0,2,13,12.9934,0.0463761,0.0166348,0.357395,0.579594,0.00366017,0.0111602,0.981131,0.00404842
6316,0,12,1385.92,14,1526.12,2,2,13,12.9869,0.114199,0.0154415,0.331961,0.538399,0.00187451,0.00571686,0.990335,0.00207339
6317,0,12,1385.92,14,1526.12,2,2,0,12.9804,0.0823802,0.0111347,0.517977,0.388508,0.000968348,0.00295391,0.995007,0.00107111
6318,0,12,1385.92,14,1526.12,3,2,0,12.9739,0.0910047,0.0122955,0.467385,0.429315,0.00126381,0.00385608,0.993482,0.00139795
6319,0,12,1385.92,14,1526.12,2,2,0,12.9674,0.0982879,0.0132742,0.504956,0.383482,0.00164005,0.00500515,0.991541,0.00181417
6320,0,12,1385.92,14,1520.11,2,2,13,12.9609,0.108101,0.0145936,0.455423,0.421883,0.0021162,0.00645973,0.989083,0.00234091
6321,0,12,1385.92,14,1520.11,2,2,0,12.9544,0.0727453,0.00981666,0.633459,0.283979,0.00109055,0.00332965,0.994373,0.00120637
6322,0,12,1385.92,14,1517.49,2,2,13,12.948,0.0826052,0.0111427,0.583695,0.322557,0.00141983,0.00433598,0.992674,0.00157066
6323,0,12,1385.92,14,1498.43,2,2,13,12.9415,0.0512782,0.00691424,0.741521,0.200286,0.000735994,0.00224813,0.996202,0.000814196
6324,0,12,1385.92,14,1498.43,2,2,9,12.935,0.0292199,0.00393836,0.852682,0.11416,0.000385808,0.00117874,0.998009,0.000426811
6325,0,12,1385.92,14,1486.5,2,2,13,12.9286,0.0204965,0.00276149,0.896642,0.0801004,0.000271616,0.000830038,0.998598,0.000300489
6326,0,12,1385.92,14,1486.5,2,2,0,12.9221,0.0109368,0.00147292,0.944838,0.0427526,0.000145013,0.000443247,0.999251,0.000160431
6327,0,12,1385.92,14,1486.5,2,2,0,12.9156,0.0138847,0.00186919,0.929955,0.0542912,0.000196823,0.000601746,0.998984,0.000217754
6328,0,12,1385.92,14,1473.15,2,2,13,12.9092,0.0174727,0.00235126,0.911837,0.0683394,0.000265516,0.00081194,0.998629,0.000293758
6329,0,12,1385.92,14,1477.53,2,2,9,12.9027,0.00927708,0.00124789,0.953181,0.0362944,0.000141751,0.000433566,0.999268,0.000156831
6330,0,12,1385.92,14,1474.65,2,2,13,12.8963,0.00643697,0.000865512,0.967508,0.02519,0.000101706,0.000311152,0.999475,0.000112528
6331,0,12,1385.92,14,1474.65,2,2,0,12.8898,0.00339068,0.000455727,0.982881,0.0132725,5.53004e-05,0.000169221,0.999714,6.11862e-05
6332,0,12,1385.92,14,1474.65,3,2,9,12.8834,0.00445584,0.000598649,0.977499,0.0174467,7.65278e-05,0.000234229,0.999605,8.46746e-05
6333,0,12,1385.92,14,1474.65,2,2,0,12.8769,0.00436335,0.000585989,0.958243,0.0368076,5.55608e-05,0.000170093,0.999713,6.14768e-05
6334,0,12,1385.92,14,1474.04,2,2,13,12.8705,0.00566003,0.000759824,0.945814,0.0477663,7.6885e-05,0.000235428,0.999603,8.50732e-05
6335,0,12,1385.92,14,1473.06,2,2,13,12.8641,0.00301775,0.000404952,0.971099,0.0254784,4.2008e-05,0.00012866,0.999783,4.64827e-05
6336,0,12,1385.92,14,1473.06,2,2,0,12.8576,0.00160935,0.000215871,0.984582,0.0135932,2.32229e-05,7.11423e-05,0.99988,2.56972e-05
6337,0,12,1385.92,14,1471.94,2,2,13,12.8512,0.00214729,0.000287913,0.97942,0.0181447,3.27005e-05,0.000100199,0.999831,3.61854e-05
6338,0,12,1385.92,14,1471.94,2,2,9,12.8448,0.00114805,0.000153871,0.988993,0.00970522,1.81613e-05,5.56613e-05,0.999906,2.00972e-05
6339,0,12,1385.92,14,1471.94,2,2,9,12.8383,0.00082044,0.000109918,0.992131,0.00693868,1.35572e-05,4.15596e-05,0.99993,1.50025e-05
6340,0,12,1385.92,14,1471.94,2,2,0,12.8319,0.000589657,7.89672e-05,0.994342,0.00498901,1.01779e-05,3.12074e-05,0.999947,1.12632e-05
6341,0,12,1385.92,14,1471.94,2,2,0,12.8255,0.00080537,0.000107812,0.99227,0.00681704,1.45696e-05,4.46833e-05,0.999925,1.61236e-05
6342,0,12,1385.92,14,1471.94,2,2,0,12.8191,0.00109245,0.000146184,0.98951,0.00925101,2.07091e-05,6.35265e-05,0.999893,2.29183e-05
6343,0,12,1385.92,14,1471.94,2,2,9,12.8127,0.00147158,0.000196838,0.985865,0.0124669,2.92317e-05,8.96905e-05,0.999849,3.23508e-05
6344,0,12,1385.92,14,1468.47,2,2,13,12.8063,0.00104693,0.00013998,0.98994,0.00887311,2.16056e-05,6.63066e-05,0.999888,2.39115e-05
6345,0,12,1385.92,14,1464.31,2,2,13,12.7999,0.000564421,7.54356e-05,0.994574,0.00478571,1.20846e-05,3.70952e-05,0.999937,1.33746e-05
6346,0,12,1385.92,14,1464.31,2,2,0,12.7935,0.000307343,4.10603e-05,0.997045,0.00260707,6.8362e-06,2.09893e-05,0.999965,7.56609e-06
6347,0,12,1385.92,14,1464.31,2,2,0,12.7871,0.000425739,5.68548e-05,0.995904,0.00361292,9.86506e-06,3.02957e-05,0.999949,1.09186e-05
6348,0,12,1385.92,14,1464.31,2,2,9,12.7807,0.000585719,7.81876e-05,0.994363,0.00497267,1.41331e-05,4.34128e-05,0.999927,1.56428e-05
6349,0,12,1385.92,14,1464.31,2,2,9,12.7743,0.00042316,5.64649e-05,0.995926,0.0035941,1.05919e-05,3.25423e-05,0.999945,1.17234e-05
6350,0,12,1385.92,13,1493.47,2,2,13,12.7679,0.000307532,4.10194e-05,0.997038,0.00261314,7.98252e-06,2.45309e-05,0.999959,8.83552e-06
6351,0,12,1385.92,13,1500.89,2,2,9,12.7615,0.000169172,2.25555e-05,0.99837,0.00143809,4.54926e-06,1.39834e-05,0.999976,5.03549e-06
6352,0,12,1385.92,13,1500.89,2,2,0,12.7551,0.000125095,1.6672e-05,0.998794,0.00106386,3.48566e-06,1.07165e-05,0.999982,3.8583e-06
6353,0,12,1385.92,13,1488.27,2,2,13,12.7488,0.000176552,2.35205e-05,0.998298,0.00150211,5.09842e-06,1.56784e-05,0.999974,5.64358e-06
6354,0,12,1385.92,13,1488.27,2,2,0,12.7424,9.80947e-05,1.3063e-05,0.999054,0.000834952,2.9301e-06,9.01254e-06,0.999985,3.24347e-06
6355,0,12,1385.92,13,1488.27,2,2,0,12.736,0.000139138,1.85212e-05,0.998658,0.00118481,4.3008e-06,1.32316e-05,0.999978,4.76086e-06
6356,0,12,1385.92,13,1488.27,2,2,0,12.7297,0.000195967,2.60754e-05,0.998109,0.00166944,6.26506e-06,1.9279e-05,0.999968,6.93538e-06
6357,0,12,1385.92,13,1488.27,2,2,0,12.7233,0.000274091,3.64559e-05,0.997353,0.00233598,9.05889e-06,2.78826e-05,0.999953,1.00283e-05
6358,0,12,1385.92,13,1484.47,2,2,13,12.7169,0.000380723,5.06183e-05,0.996322,0.00324616,1.30036e-05,4.00329e-05,0.999933,1.43954e-05
6359,0,12,1385.92,13,1484.47,2,2,0,12.7106,0.000208364,2.76914e-05,0.997987,0.00177733,7.33024e-06,2.25721e-05,0.999962,8.11503e-06
6360,0,12,1385.92,13,1482.83,2,2,13,12.7042,0.000291092,3.86702e-05,0.997186,0.00248406,1.0567e-05,3.25463e-05,0.999945,1.16985e-05
6361,0,12,1385.92,13,1482.83,2,2,0,12.6979,0.000160049,2.12532e-05,0.998452,0.00136638,5.97931e-06,1.84204e-05,0.999969,6.61974e-06
6362,0,12,1385.92,13,1482.83,2,2,0,12.6915,0.000224821,2.98424e-05,0.997825,0.00192018,8.65486e-06,2.6669e-05,0.999955,9.58205e-06
6363,0,12,1385.92,13,1482.83,2,2,9,12.6852,0.000313623,4.16129e-05,0.996965,0.00267978,1.24365e-05,3.83302e-05,0.999935,1.37691e-05
6364,0,12,1385.92,13,1482.83,2,2,0,12.6788,0.000228915,3.03612e-05,0.997784,0.00195682,9.32963e-06,2.87611e-05,0.999952,1.03295e-05
6365,0,12,1385.92,13,1495,2,2,9,12.6725,0.000319235,4.23234e-05,0.996908,0.00273008,1.33868e-05,4.12779e-05,0.999931,1.48219e-05
6366,0,12,1385.92,13,1495,2,2,0,12.6662,0.000232889,3.08633e-05,0.997744,0.0019925,1.00259e-05,3.09215e-05,0.999948,1.11009e-05
6367,0,12,1385.92,13,1494.08,2,2,13,12.6598,0.000324683,4.30109e-05,0.996853,0.00277905,1.43662e-05,4.43175e-05,0.999925,1.59068e-05
6368,0,12,1385.92,13,1494.08,2,2,0,12.6535,0.000177969,2.35661e-05,0.998275,0.00152394,8.07083e-06,2.4903e-05,0.999958,8.93654e-06
6369,0,12,1385.92,13,1477.16,2,2,13,12.6472,0.00024951,3.3026e-05,0.99758,0.00213746,1.16152e-05,3.58473e-05,0.99994,1.28613e-05
6370,0,12,1385.92,13,1468.44,2,2,13,12.6408,0.000137394,1.81785e-05,0.998667,0.00117751,6.55073e-06,2.02217e-05,0.999966,7.25369e-06
6371,0,12,1385.92,13,1464.64,2,2,13,12.6345,7.65075e-05,1.01186e-05,0.999257,0.000655976,3.73599e-06,1.15354e-05,0.999981,4.13699e-06
6372,0,12,1385.92,13,1464.64,2,2,0,12.6282,4.30824e-05,5.69561e-06,0.999582,0.000369547,2.15417e-06,6.6528e-06,0.999989,2.38543e-06
6373,0,12,1385.92,13,1464.64,2,2,0,12.6219,6.21634e-05,8.21484e-06,0.999396,0.000533447,3.18273e-06,9.83155e-06,0.999983,3.52448e-06
6374,0,12,1385.92,13,1476.93,2,2,9,12.6156,8.90421e-05,1.17621e-05,0.999135,0.000764433,4.66629e-06,1.44176e-05,0.999976,5.16745e-06
6375,0,12,1385.92,13,1474.99,2,2,13,12.6093,6.65263e-05,8.78428e-06,0.999353,0.000571378,3.56515e-06,1.10178e-05,0.999981,3.94812e-06
6376,0,12,1385.92,13,1474.99,2,2,9,12.603,3.75413e-05,4.95502e-06,0.999635,0.000322572,2.05625e-06,6.35613e-06,0.999989,2.27719e-06
6377,0,12,1385.92,13,1474.99,2,2,0,12.5967,2.85233e-05,3.76323e-06,0.999723,0.00024519,1.59639e-06,4.93576e-06,0.999992,1.76795e-06
6378,0,12,1385.92,13,1474.99,2,2,0,12.5904,4.15031e-05,5.47351e-06,0.999596,0.000356921,2.37298e-06,7.33849e-06,0.999988,2.62805e-06
6379,0,12,1385.92,13,1478.01,2,2,9,12.5841,5.99414e-05,7.90198e-06,0.999416,0.000515709,3.49985e-06,1.08258e-05,0.999982,3.87613e-06
6380,0,12,1385.92,13,1478.01,2,2,0,12.5778,4.51119e-05,5.94462e-06,0.999561,0.00038829,2.68785e-06,8.316e-06,0.999986,2.97689e-06
6381,0,12,1385.92,13,1477.6,2,2,13,12.5715,6.50493e-05,8.5684e-06,0.999366,0.000560137,3.95469e-06,1.22383e-05,0.999979,4.38005e-06
6382,0,12,1385.92,13,1477.6,2,2,0,12.5652,3.66903e-05,4.83094e-06,0.999642,0.000316075,2.27407e-06,7.03896e-06,0.999988,2.51872e-06
6383,0,12,1385.92,13,1477.6,2,2,0,12.5589,5.31281e-05,6.99244e-06,0.999482,0.000457878,3.35716e-06,1.03938e-05,0.999983,3.7184e-06
6384,0,12,1385.92,13,1481.32,2,2,9,12.5526,7.63656e-05,1.00468e-05,0.999255,0.000658432,4.91813e-06,1.523e-05,0.999974,5.44745e-06
6385,0,12,1385.92,13,1469.01,2,2,13,12.5464,5.71728e-05,7.51868e-06,0.999442,0.000493162,3.7498e-06,1.16147e-05,0.99998,4.15346e-06
6386,0,12,1385.92,13,1474.83,2,2,9,12.5401,3.23094e-05,4.24722e-06,0.999685,0.000278815,2.15714e-06,6.68307e-06,0.999989,2.3894e-06
6387,0,12,1385.92,13,1474.83,2,2,0,12.5338,2.45975e-05,3.23214e-06,0.99976,0.000212356,1.67141e-06,5.1794e-06,0.999991,1.85141e-06
6388,0,12,1385.92,13,1471.9,2,2,13,12.5276,3.59086e-05,4.71652e-06,0.999649,0.000310142,2.48289e-06,7.69577e-06,0.999987,2.75034e-06
6389,0,12,1385.92,13,1471.9,2,2,0,12.5213,2.04692e-05,2.68749e-06,0.9998,0.000176868,1.43934e-06,4.46228e-06,0.999993,1.59442e-06
6390,0,12,1385.92,13,1471.9,2,2,0,12.515,2.99934e-05,3.93637e-06,0.999707,0.000259276,2.14461e-06,6.65026e-06,0.999989,2.37571e-06
6391,0,12,1385.92,13,1471.9,2,2,0,12.5088,4.36176e-05,5.7221e-06,0.999573,0.000377212,3.17038e-06,9.83334e-06,0.999983,3.5121e-06
6392,0,12,1385.92,13,1471.9,2,2,0,12.5025,6.29601e-05,8.25626e-06,0.999384,0.000544724,4.65076e-06,1.44282e-05,0.999976,5.15215e-06
6393,0,12,1385.92,13,1471.9,2,2,0,12.4963,9.02177e-05,1.18259e-05,0.999117,0.000780892,6.77098e-06,2.10105e-05,0.999965,7.50109e-06
6394,0,12,1385.92,13,1485.92,2,2,9,12.49,0.000128348,1.68173e-05,0.998743,0.00111142,9.78492e-06,3.03698e-05,0.999949,1.08402e-05
6395,0,12,1385.92,13,1485.92,2,2,0,12.4838,9.50293e-05,1.24465e-05,0.999069,0.000823249,7.35199e-06,2.28238e-05,0.999962,8.14509e-06
6396,0,12,1385.92,13,1485.92,2,2,0,12.4775,0.000135061,1.76824e-05,0.998677,0.00117055,1.06078e-05,3.29387e-05,0.999945,1.17524e-05
6397,0,12,1385.92,13,1449.96,2,2,13,12.4713,0.0001906,2.49436e-05,0.998132,0.00165262,1.5195e-05,4.71932e-05,0.999921,1.68348e-05
6398,0,12,1385.92,13,1449.96,2,2,9,12.4651,0.00010504,1.37409e-05,0.99897,0.000911157,8.48617e-06,2.63627e-05,0.999956,9.4022e-06
6399,0,12,1385.92,13,1449.96,2,2,0,12.4588,7.80469e-05,1.02056e-05,0.999234,0.000677299,6.39153e-06,1.98601e-05,0.999967,7.0816e-06
6400,0,12,1385.92,13,1426.2,2,2,13,12.4526,0.000111381,1.45584e-05,0.998907,0.00096699,9.2486e-06,2.87442e-05,0.999952,1.02473e-05
6401,0,12,1385.92,13,1423.91,2,2,13,12.4464,6.19892e-05,8.09924e-06,0.999391,0.000538414,5.21366e-06,1.62075e-05,0.999973,5.7768e-06
6402,0,12,1385.92,13,1423.91,2,2,9,12.4401,3.48903e-05,4.55676e-06,0.999657,0.000303174,2.97212e-06,9.2414e-06,0.999984,3.29321e-06
6403,0,12,1385.92,13,1423.91,2,2,0,12.4339,2.64816e-05,3.45715e-06,0.99974,0.000230208,2.28455e-06,7.10512e-06,0.999988,2.53141e-06
6404,0,12,1385.92,13,1423.91,2,2,0,12.4277,3.86231e-05,5.04017e-06,0.99962,0.000335901,3.3742e-06,1.04964e-05,0.999982,3.73888e-06
6405,0,12,1385.92,13,1423.91,2,2,0,12.4215,5.59109e-05,7.29319e-06,0.99945,0.000486461,4.94535e-06,1.53874e-05,0.999974,5.47996e-06
6406,0,12,1385.92,13,1429.68,2,2,9,12.4153,8.03428e-05,1.04759e-05,0.99921,0.000699337,7.19358e-06,2.23878e-05,0.999962,7.97139e-06
6407,0,12,1385.92,13,1429.68,2,2,0,12.4091,5.99644e-05,7.81556e-06,0.99941,0.00052218,5.43126e-06,1.6907e-05,0.999972,6.01864e-06
6408,0,12,1385.92,13,1429.68,2,2,0,12.4029,8.60525e-05,1.12112e-05,0.999153,0.000749685,7.88616e-06,2.45544e-05,0.999959,8.73921e-06
6409,0,12,1385.92,13,1429.68,2,2,0,12.3967,0.000122601,1.59664e-05,0.998793,0.00106856,1.13666e-05,3.53992e-05,0.999941,1.25964e-05
6410,0,12,1385.92,13,1429.68,2,2,9,12.3905,0.000173433,2.2577e-05,0.998292,0.00151225,1.62653e-05,5.06667e-05,0.999915,1.80255e-05
6411,0,12,1385.92,13,1425.69,2,2,13,12.3843,0.000127466,1.65864e-05,0.998744,0.00111192,1.20789e-05,3.76345e-05,0.999937,1.33863e-05
6412,0,12,1385.92,13,1428.93,2,2,9,12.3781,7.0638e-05,9.18797e-06,0.999304,0.000616462,6.76133e-06,2.10712e-05,0.999965,7.49332e-06
6413,0,12,1385.92,13,1429.04,2,2,9,12.3719,5.2824e-05,6.86809e-06,0.999479,0.000461198,5.10801e-06,1.59224e-05,0.999973,5.66113e-06
6414,0,12,1385.92,13,1429.04,2,2,9,12.3657,3.9725e-05,5.16287e-06,0.999608,0.000346983,3.88005e-06,1.20974e-05,0.99998,4.30028e-06
6415,0,12,1385.92,13,1429.04,2,2,0,12.3595,3.00395e-05,3.90249e-06,0.999704,0.000262497,2.96307e-06,9.24052e-06,0.999985,3.28406e-06
6416,0,12,1385.92,13,1429.04,2,2,0,12.3533,4.372e-05,5.67745e-06,0.999568,0.00038221,4.35525e-06,1.35852e-05,0.999977,4.82715e-06
6417,0,12,1385.92,13,1429.04,2,2,9,12.3472,6.31582e-05,8.19832e-06,0.999376,0.000552382,6.35304e-06,1.98214e-05,0.999967,7.04156e-06
6418,0,12,1385.92,13,1437.43,2,2,9,12.341,4.73118e-05,6.13885e-06,0.999533,0.000413968,4.80299e-06,1.49887e-05,0.999975,5.32363e-06
6419,0,12,1385.92,13,1439.81,2,2,9,12.3348,3.56398e-05,4.62249e-06,0.999648,0.000311976,3.65092e-06,1.1396e-05,0.999981,4.04676e-06
6420,0,12,1385.92,13,1439.81,2,2,0,12.3287,2.69951e-05,3.49983e-06,0.999733,0.000236406,2.79001e-06,8.71075e-06,0.999985,3.09258e-06
6421,0,12,1385.92,13,1439.81,2,2,0,12.3225,3.93796e-05,5.10336e-06,0.999611,0.000345012,4.10632e-06,1.28233e-05,0.999979,4.55173e-06
6422,0,12,1385.92,13,1439.81,2,2,9,12.3163,5.70166e-05,7.38599e-06,0.999436,0.00049975,5.99772e-06,1.87341e-05,0.999969,6.64841e-06
6423,0,12,1385.92,13,1439.81,2,2,0,12.3102,4.27765e-05,5.53906e-06,0.999577,0.000375099,4.53719e-06,1.41753e-05,0.999976,5.02954e-06
6424,0,12,1385.92,13,1435.38,2,2,13,12.304,6.18368e-05,8.00386e-06,0.999388,0.00054247,6.61431e-06,2.06695e-05,0.999965,7.3322e-06
6425,0,12,1385.92,13,1435.38,2,2,0,12.2979,3.46835e-05,4.48743e-06,0.999656,0.000304397,3.73899e-06,1.16869e-05,0.99998,4.14489e-06
6426,0,12,1385.92,13,1435.38,2,2,0,12.2917,5.03515e-05,6.51193e-06,0.999501,0.000442098,5.47193e-06,1.71074e-05,0.999971,6.06608e-06
6427,0,12,1385.92,13,1435.38,2,2,0,12.2856,7.25573e-05,9.37996e-06,0.999281,0.000637348,7.94805e-06,2.48543e-05,0.999958,8.81124e-06
6428,0,12,1385.92,13,1437.03,2,2,9,12.2794,0.000103796,1.34129e-05,0.998971,0.000912149,1.14599e-05,3.58443e-05,0.99994,1.27047e-05
6429,0,12,1385.92,13,1435.85,2,2,13,12.2733,7.6919e-05,9.93568e-06,0.999237,0.000676248,8.55351e-06,2.67599e-05,0.999955,9.48285e-06
6430,0,12,1385.92,13,1435.85,2,2,9,12.2672,4.29265e-05,5.54258e-06,0.999574,0.000377561,4.80678e-06,1.50416e-05,0.999975,5.32915e-06
6431,0,12,1385.92,13,1431.94,2,2,13,12.261,3.2361e-05,4.17668e-06,0.999679,0.000284756,3.64921e-06,1.14219e-05,0.999981,4.04587e-06
6432,0,12,1385.92,13,1430.95,2,2,13,12.2549,1.8363e-05,2.36906e-06,0.999818,0.000161653,2.08492e-06,6.52721e-06,0.999989,2.3116e-06
6433,0,12,1385.92,13,1424.18,2,2,13,12.2488,1.05353e-05,1.35863e-06,0.999895,9.27846e-05,1.20427e-06,3.77104e-06,0.999994,1.33523e-06
6434,0,12,1385.92,13,1424.18,2,2,0,12.2426,6.1101e-06,7.87631e-07,0.999939,5.38351e-05,7.03086e-07,2.20214e-06,0.999996,7.79557e-07
6435,0,12,1385.92,13,1424.18,2,2,0,12.2365,9.18462e-06,1.18347e-06,0.999909,8.09594e-05,1.06384e-06,3.3328e-06,0.999994,1.17957e-06
6436,0,12,1385.92,13,1424.18,2,2,0,12.2304,1.36955e-05,1.76399e-06,0.999864,0.000120774,1.59658e-06,5.00292e-06,0.999992,1.7703e-06
6437,0,12,1385.92,13,1424.18,2,2,9,12.2243,2.0261e-05,2.60857e-06,0.999798,0.00017875,2.37697e-06,7.45001e-06,0.999988,2.63566e-06
6438,0,12,1385.92,13,1424.18,2,2,0,12.2182,1.54917e-05,1.99371e-06,0.999846,0.000136733,1.82856e-06,5.73246e-06,0.99999,2.02761e-06
6439,0,12,1385.92,13,1424.18,2,2,9,12.2121,2.28639e-05,2.94127e-06,0.999772,0.000201889,2.71518e-06,8.51394e-06,0.999986,3.01081e-06
6440,0,12,1385.92,13,1421.43,2,2,13,12.206,1.74368e-05,2.2422e-06,0.999826,0.000154035,2.08281e-06,6.53251e-06,0.999989,2.30963e-06
6441,0,12,1385.92,13,1421.43,2,2,9,12.1999,1.00018e-05,1.2856e-06,0.9999,8.83932e-05,1.20152e-06,3.7693e-06,0.999994,1.33239e-06
6442,0,12,1385.92,13,1421.43,2,2,0,12.1938,7.75192e-06,9.96e-07,0.999923,6.85394e-05,9.36487e-07,2.93854e-06,0.999995,1.03852e-06
6443,0,12,1385.92,13,1421.43,2,2,0,12.1877,1.16009e-05,1.48992e-06,0.999884,0.000102615,1.40927e-06,4.42307e-06,0.999993,1.56284e-06
6444,0,12,1385.92,13,1421.43,2,2,0,12.1816,1.7223e-05,2.21107e-06,0.999828,0.000152412,2.1037e-06,6.60408e-06,0.999989,2.33299e-06
6445,0,12,1385.92,13,1421.43,2,2,0,12.1755,2.53708e-05,3.25574e-06,0.999747,0.000224612,3.11557e-06,9.78286e-06,0.999984,3.45522e-06
6446,0,12,1385.92,13,1421.43,2,2,9,12.1694,3.70874e-05,4.75733e-06,0.99963,0.000328484,4.57852e-06,1.43798e-05,0.999976,5.07776e-06
6447,0,12,1385.92,13,1421.43,2,2,0,12.1633,2.79965e-05,3.58974e-06,0.99972,0.000248074,3.4735e-06,1.09117e-05,0.999982,3.85233e-06
6448,0,12,1385.92,13,1421.43,2,2,9,12.1572,4.08482e-05,5.23544e-06,0.999592,0.00036211,5.0938e-06,1.60054e-05,0.999973,5.64946e-06
6449,0,12,1385.92,13,1421.43,2,2,0,12.1511,3.07709e-05,3.94223e-06,0.999692,0.000272896,3.85546e-06,1.21172e-05,0.99998,4.27612e-06
6450,0,12,1385.92,13,1421.43,2,2,9,12.1451,4.48147e-05,5.7391e-06,0.999552,0.000397619,5.64256e-06,1.77379e-05,0.99997,6.25834e-06
6451,0,12,1385.92,13,1421.43,2,2,9,12.139,3.36908e-05,4.31276e-06,0.999663,0.000299053,4.26128e-06,1.33988e-05,0.999978,4.72642e-06
6452,0,12,1385.92,13,1421.43,2,2,0,12.1329,2.54684e-05,3.25888e-06,0.999745,0.000226166,3.23574e-06,1.01765e-05,0.999983,3.58901e-06
6453,0,12,1385.92,13,1421.43,2,2,0,12.1269,3.72361e-05,4.76268e-06,0.999627,0.000330811,4.75244e-06,1.495e-05,0.999975,5.27141e-06
6454,0,12,1385.92,13,1421.43,2,2,0,12.1208,5.4032e-05,6.90811e-06,0.999459,0.000480237,6.92729e-06,2.17965e-05,0.999964,7.68392e-06
6455,0,12,1385.92,13,1421.43,2,2,0,12.1147,7.78249e-05,9.94599e-06,0.99922,0.000692012,1.00226e-05,3.15429e-05,0.999947,1.11175e-05
6456,0,12,1385.92,13,1421.43,2,2,9,12.1087,0.00011128,1.42157e-05,0.998885,0.000989927,1.43955e-05,4.53157e-05,0.999924,1.59685e-05
6457,0,12,1385.92,13,1421.43,2,2,0,12.1026,8.21309e-05,1.04877e-05,0.999176,0.000730939,1.06652e-05,3.35808e-05,0.999944,1.18308e-05
6458,0,12,1385.92,13,1421.43,2,2,0,12.0966,0.000117318,1.49747e-05,0.998823,0.00104455,1.53005e-05,4.81866e-05,0.99992,1.6973e-05
6459,0,12,1385.92,13,1421.43,2,2,9,12.0905,0.000166382,2.12286e-05,0.99833,0.00148205,2.17943e-05,6.86538e-05,0.999885,2.41773e-05
6460,0,12,1385.92,13,1421.43,2,2,9,12.0845,0.000121807,1.55349e-05,0.998777,0.00108547,1.60099e-05,5.04439e-05,0.999916,1.77607e-05
6461,0,12,1385.92,13,1421.43,2,2,0,12.0784,8.97073e-05,1.14363e-05,0.999099,0.000799765,1.18314e-05,3.72869e-05,0.999938,1.31256e-05
6462,0,12,1385.92,13,1417.83,2,2,13,12.0724,0.00012793,1.63023e-05,0.998715,0.00114103,1.69404e-05,5.34004e-05,0.999911,1.87939e-05
6463,0,12,1385.92,13,1417.83,2,2,0,12.0664,7.0335e-05,8.95922e-06,0.999293,0.000627604,9.34208e-06,2.94553e-05,0.999951,1.03644e-05
6464,0,12,1385.92,13,1417.83,2,2,9,12.0603,0.000100803,1.28349e-05,0.998986,0.000899867,1.34397e-05,4.23847e-05,0.999929,1.49107e-05
6465,0,12,1385.92,13,1417.83,2,2,0,12.0543,7.44842e-05,9.47993e-06,0.999251,0.000665211,9.96232e-06,3.14253e-05,0.999948,1.1053e-05
6466,0,12,1385.92,13,1417.83,2,2,0,12.0483,0.000106634,1.35662e-05,0.998927,0.000952754,1.43145e-05,4.51643e-05,0.999925,1.58819e-05
6467,0,12,1385.92,13,1428.92,2,2,9,12.0422,0.000151564,1.92743e-05,0.998474,0.00135479,2.04212e-05,6.44468e-05,0.999892,2.26578e-05
6468,0,12,1385.92,13,1428.92,2,2,0,12.0362,0.000111074,1.41193e-05,0.998882,0.000993291,1.5008e-05,4.73742e-05,0.999921,1.66521e-05
6469,0,12,1385.92,13,1428.92,2,2,0,12.0302,0.000157755,2.0045e-05,0.998411,0.00141136,2.13917e-05,6.75404e-05,0.999887,2.37355e-05
6470,0,12,1385.92,13,1428.92,2,2,9,12.0242,0.000222468,2.82561e-05,0.997758,0.0019912,3.02777e-05,9.56186e-05,0.999841,3.3596e-05
6471,0,12,1385.92,13,1424.82,2,2,13,12.0182,0.000161785,2.05401e-05,0.998369,0.00144869,2.20723e-05,6.97213e-05,0.999884,2.44917e-05
6472,0,12,1385.92,13,1424.82,2,2,0,12.0122,8.84254e-05,1.12218e-05,0.999108,0.000792144,1.20909e-05,3.82013e-05,0.999936,1.34165e-05
6473,0,12,1385.92,13,1424.82,2,2,9,12.0062,0.000126186,1.60073e-05,0.998727,0.00113091,1.73097e-05,5.47026e-05,0.999909,1.92079e-05
6474,0,12,1385.92,13,1424.82,2,2,9,12.0002,9.27511e-05,1.17611e-05,0.999064,0.000831625,1.27549e-05,4.03178e-05,0.999933,1.41539e-05
6475,0,12,1385.92,13,1424.33,2,2,13,11.9942,6.85798e-05,8.6925e-06,0.999308,0.00061517,9.45463e-06,2.98926e-05,0.99995,1.04919e-05
6476,0,12,1385.92,13,1420.82,2,2,13,11.9882,3.80862e-05,4.82543e-06,0.999615,0.000341788,5.26324e-06,1.66445e-05,0.999972,5.84078e-06
6477,0,12,1385.92,13,1420.82,2,2,0,11.9822,2.1393e-05,2.70932e-06,0.999784,0.000192066,2.96363e-06,9.37439e-06,0.999984,3.2889e-06
6478,0,12,1385.92,13,1419.84,2,2,13,11.9762,3.14132e-05,3.97669e-06,0.999682,0.000282152,4.3633e-06,1.38049e-05,0.999977,4.84229e-06
6479,0,12,1385.92,13,1419.84,2,2,0,11.9702,1.77062e-05,2.24055e-06,0.999821,0.000159106,2.46523e-06,7.80145e-06,0.999987,2.73591e-06
6480,0,12,1385.92,13,1420.82,2,2,9,11.9642,2.60993e-05,3.30126e-06,0.999736,0.000234629,3.64296e-06,1.15312e-05,0.999981,4.04305e-06
6481,0,12,1385.92,13,1420.82,2,2,0,11.9582,1.97736e-05,2.5001e-06,0.9998,0.00017784,2.76644e-06,8.75872e-06,0.999985,3.07033e-06
6482,0,12,1385.92,13,1420.82,2,2,9,11.9522,2.90848e-05,3.67585e-06,0.999706,0.000261698,4.07898e-06,1.29173e-05,0.999978,4.52714e-06
6483,0,12,1385.92,13,1420.82,2,2,0,11.9463,2.19842e-05,2.77729e-06,0.999777,0.000197895,3.08998e-06,9.78757e-06,0.999984,3.42955e-06
6484,0,12,1385.92,13,1420.82,2,2,0,11.9403,3.22704e-05,4.07508e-06,0.999673,0.000290616,4.54629e-06,1.44038e-05,0.999976,5.046e-06
6485,0,12,1385.92,13,1427.79,2,2,9,11.9343,4.701e-05,5.93394e-06,0.999524,0.000423543,6.63817e-06,2.10362e-05,0.999965,7.36796e-06
6486,0,12,1385.92,13,1429.58,2,2,9,11.9284,3.51882e-05,4.43987e-06,0.999643,0.000317172,4.97884e-06,1.57815e-05,0.999974,5.52633e-06
6487,0,12,1385.92,13,1429.58,2,2,0,11.9224,2.64875e-05,3.34067e-06,0.999731,0.000238852,3.75523e-06,1.19057e-05,0.99998,4.16825e-06
6488,0,12,1385.92,13,1429.58,2,2,0,11.9164,3.8742e-05,4.88421e-06,0.999607,0.000349512,5.50437e-06,1.74553e-05,0.999971,6.10989e-06
6489,0,12,1385.92,13,1430.94,2,2,9,11.9105,5.62398e-05,7.08723e-06,0.999429,0.000507592,8.00754e-06,2.53992e-05,0.999958,8.88863e-06
6490,0,12,1385.92,13,1430.94,2,2,0,11.9045,4.19324e-05,5.28205e-06,0.999574,0.000378627,5.98116e-06,1.89761e-05,0.999968,6.63941e-06
6491,0,12,1385.92,13,1430.94,2,2,0,11.8986,6.07791e-05,7.65292e-06,0.999383,0.000549044,8.68732e-06,2.75681e-05,0.999954,9.6436e-06
6492,0,12,1385.92,13,1430.94,2,2,0,11.8926,8.74471e-05,1.10062e-05,0.999111,0.000790296,1.25252e-05,3.97563e-05,0.999934,1.39043e-05
6493,0,12,1385.92,13,1430.94,2,2,0,11.8867,0.000124903,1.57139e-05,0.99873,0.0011293,1.79286e-05,5.69203e-05,0.999905,1.99029e-05
6494,0,12,1385.92,13,1430.94,2,2,0,11.8807,0.000177124,2.22747e-05,0.998198,0.00160216,2.54817e-05,8.09188e-05,0.999865,2.82884e-05
6495,0,12,1385.92,13,1430.94,2,2,0,11.8748,0.000249403,3.13512e-05,0.997462,0.00225694,3.59659e-05,0.000114239,0.99981,3.99283e-05
6496,0,12,1385.92,13,1414.58,2,2,13,11.8688,0.000348715,4.3817e-05,0.99645,0.00315704,5.04188e-05,0.000160182,0.999733,5.59746e-05
6497,0,12,1385.92,13,1414.58,2,2,0,11.8629,0.00018715,2.35061e-05,0.998094,0.00169508,2.70618e-05,8.59963e-05,0.999857,3.00445e-05
6498,0,12,1385.92,13,1435.44,2,2,9,11.857,0.000263248,3.30505e-05,0.997318,0.00238538,3.81537e-05,0.000121272,0.999798,4.23597e-05
6499,0,12,1385.92,13,1435.44,2,2,0,11.8511,0.000190308,2.3883e-05,0.998061,0.00172521,2.76059e-05,8.7766e-05,0.999854,3.06499e-05
6500,0,12,1385.92,13,1435.44,2,2,0,11.8451,0.000267617,3.35711e-05,0.997272,0.00242711,3.89075e-05,0.000123725,0.999794,4.31985e-05
6501,0,12,1385.92,13,1431.88,2,2,13,11.8392,0.000373695,4.68585e-05,0.996189,0.00339066,5.44647e-05,0.000173237,0.999712,6.04727e-05
6502,0,12,1385.92,13,1431.88,2,2,9,11.8333,0.000200149,2.50868e-05,0.997958,0.00181682,2.91652e-05,9.27876e-05,0.999846,3.2383e-05
6503,0,12,1385.92,13,1425.36,2,2,13,11.8274,0.000145398,1.82166e-05,0.998516,0.00132041,2.12057e-05,6.74806e-05,0.999888,2.35459e-05
6504,0,12,1385.92,13,1423.76,2,2,13,11.8215,7.92356e-05,9.92316e-06,0.999191,0.000719883,1.15648e-05,3.68099e-05,0.999939,1.28413e-05
6505,0,12,1385.92,13,1423.76,2,2,0,11.8155,4.36823e-05,5.46833e-06,0.999554,0.000397044,6.38201e-06,2.03182e-05,0.999966,7.0866e-06
6506,0,12,1385.92,13,1423.76,2,2,0,11.8096,6.32964e-05,7.92041e-06,0.999353,0.000575578,9.26138e-06,2.9492e-05,0.999951,1.02841e-05
6507,0,12,1385.92,13,1423.76,2,2,0,11.8037,9.10414e-05,1.13875e-05,0.999069,0.00082824,1.33414e-05,4.24941e-05,0.999929,1.48149e-05
6508,0,12,1385.92,13,1423.76,2,2,0,11.7978,0.000129998,1.62534e-05,0.998671,0.00118316,1.90807e-05,6.07887e-05,0.999899,2.11886e-05
6509,0,12,1385.92,13,1423.09,2,2,13,11.7919,0.000184294,2.30324e-05,0.998115,0.00167808,2.70966e-05,8.63466e-05,0.999856,3.00907e-05
6510,0,12,1385.92,13,1412.82,2,2,13,11.786,9.98861e-05,1.24782e-05,0.998978,0.000909909,1.46917e-05,4.68276e-05,0.999922,1.63154e-05
6511,0,12,1385.92,13,1412.82,2,2,0,11.7801,5.47686e-05,6.83907e-06,0.999439,0.000499133,8.06134e-06,2.57003e-05,0.999957,8.95247e-06
6512,0,12,1385.92,13,1412.53,2,2,13,11.7743,7.90182e-05,9.86307e-06,0.999191,0.00072045,1.16462e-05,3.71379e-05,0.999938,1.29339e-05
6513,0,12,1385.92,13,1412.53,2,2,0,11.7684,4.35103e-05,5.4287e-06,0.999554,0.000396881,6.41763e-06,2.04695e-05,0.999966,7.12735e-06
6514,0,12,1385.92,13,1412.53,2,2,9,11.7625,6.30694e-05,7.86579e-06,0.999354,0.000575545,9.31406e-06,2.97148e-05,0.999951,1.03443e-05
6515,0,12,1385.92,13,1412.53,2,2,0,11.7566,4.68044e-05,5.83484e-06,0.99952,0.000427306,6.91807e-06,2.20759e-05,0.999963,7.68346e-06
6516,0,12,1385.92,13,1412.5,2,2,13,11.7507,6.775e-05,8.44249e-06,0.999305,0.000618805,1.0026e-05,3.20009e-05,0.999947,1.11354e-05
6517,0,12,1385.92,13,1412.5,2,2,9,11.7448,3.73941e-05,4.65783e-06,0.999616,0.000341696,5.53754e-06,1.76788e-05,0.999971,6.15045e-06
6518,0,12,1385.92,13,1412.5,2,2,0,11.739,2.80292e-05,3.48987e-06,0.999712,0.000256236,4.15428e-06,1.32658e-05,0.999978,4.61418e-06
6519,0,12,1385.92,13,1412.5,2,2,0,11.7331,4.09944e-05,5.10204e-06,0.999579,0.000374927,6.08222e-06,1.94267e-05,0.999968,6.7557e-06
6520,0,12,1385.92,13,1412.5,2,2,0,11.7272,5.95057e-05,7.4028e-06,0.999389,0.000544468,8.83811e-06,2.82357e-05,0.999953,9.81696e-06
6521,0,12,1385.92,13,1412.5,2,2,0,11.7214,8.57366e-05,1.06616e-05,0.999119,0.000784824,1.27483e-05,4.07372e-05,0.999932,1.41605e-05
6522,0,12,1385.92,13,1412.5,2,2,9,11.7155,0.00012263,1.52431e-05,0.998739,0.00112304,1.82558e-05,5.83501e-05,0.999903,2.02786e-05
6523,0,12,1385.92,13,1412.5,2,2,0,11.7097,8.97583e-05,1.11524e-05,0.999077,0.000822367,1.3369e-05,4.27405e-05,0.999929,1.48506e-05
6524,0,12,1385.92,13,1412.5,2,2,9,11.7038,0.000128273,1.59312e-05,0.99868,0.00117576,1.91277e-05,6.11652e-05,0.999898,2.12479e-05
6525,0,12,1385.92,13,1412.5,2,2,0,11.6979,9.37877e-05,1.16433e-05,0.999035,0.000860046,1.39916e-05,4.47517e-05,0.999926,1.55428e-05
6526,0,12,1385.92,13,1412.5,2,2,0,11.6921,0.000133921,1.66188e-05,0.998621,0.00122862,2.00015e-05,6.39891e-05,0.999894,2.22195e-05
6527,0,12,1385.92,13,1412.5,2,2,9,11.6863,0.000189859,2.35505e-05,0.998044,0.00174258,2.83916e-05,9.08521e-05,0.999849,3.15407e-05
6528,0,12,1385.92,13,1412.5,2,2,0,11.6804,0.000137726,1.70767e-05,0.998581,0.00126465,2.05999e-05,6.59343e-05,0.999891,2.28852e-05
6529,0,12,1385.92,13,1412.5,2,2,0,11.6746,0.000195154,2.41872e-05,0.997988,0.00179277,2.92255e-05,9.35642e-05,0.999845,3.24685e-05
6530,0,12,1385.92,13,1412.5,2,2,0,11.6687,0.000274571,3.40157e-05,0.997168,0.00252344,4.11771e-05,0.000131857,0.999781,4.57472e-05
6531,0,12,1385.92,13,1411.69,2,2,13,11.6629,0.000383591,4.7502e-05,0.996042,0.00352695,5.76236e-05,0.000184565,0.999694,6.40204e-05
6532,0,12,1385.92,13,1411.69,2,2,9,11.6571,0.000204394,2.53006e-05,0.99789,0.00188015,3.0671e-05,9.82604e-05,0.999837,3.40765e-05
6533,0,12,1385.92,13,1411.69,2,2,9,11.6512,0.000147987,1.83107e-05,0.998472,0.00136188,2.22081e-05,7.11644e-05,0.999882,2.46744e-05
6534,0,12,1385.92,13,1411.69,2,2,9,11.6454,0.000107807,1.33335e-05,0.998886,0.000992556,1.61815e-05,5.18648e-05,0.999914,1.7979e-05
6535,0,12,1385.92,13,1407.8,2,2,13,11.6396,7.90136e-05,9.76831e-06,0.999183,0.000727787,1.18632e-05,3.80326e-05,0.999937,1.31812e-05
6536,0,12,1385.92,13,1442.32,2,2,9,11.6338,4.3351e-05,5.35717e-06,0.999552,0.000399479,6.51011e-06,2.08758e-05,0.999965,7.23356e-06
6537,0,12,1385.92,13,1441.5,2,2,13,11.628,3.23393e-05,3.99471e-06,0.999666,0.00029814,4.85852e-06,1.55833e-05,0.999974,5.39855e-06
6538,0,12,1385.92,13,1448.03,2,2,9,11.6221,1.80502e-05,2.22872e-06,0.999813,0.000166481,2.7128e-06,8.70314e-06,0.999986,3.01439e-06
6539,0,12,1385.92,13,1448.03,2,2,9,11.6163,1.36974e-05,1.69055e-06,0.999858,0.00012639,2.05953e-06,6.60888e-06,0.999989,2.28854e-06
6540,0,12,1385.92,13,1443.79,2,2,13,11.6105,1.04501e-05,1.28922e-06,0.999892,9.64687e-05,1.57196e-06,5.04548e-06,0.999992,1.7468e-06
6541,0,12,1385.92,13,1442.98,2,2,13,11.6047,5.96128e-06,7.35135e-07,0.999938,5.50554e-05,8.97104e-07,2.88008e-06,0.999995,9.96901e-07
6542,0,12,1385.92,13,1440.9,2,2,13,11.5989,3.43804e-06,4.23796e-07,0.999964,3.17662e-05,5.17601e-07,1.66211e-06,0.999997,5.75193e-07
6543,0,12,1385.92,13,1440.9,2,2,0,11.5931,2.00421e-06,2.46949e-07,0.999979,1.85263e-05,3.0186e-07,9.6955e-07,0.999998,3.35455e-07
6544,0,12,1385.92,13,1440.9,2,2,0,11.5873,3.09156e-06,3.80767e-07,0.999968,2.85902e-05,4.65825e-07,1.49654e-06,0.999998,5.17678e-07
6545,0,12,1385.92,13,1440.9,2,2,0,11.5815,4.72822e-06,5.821e-07,0.999951,4.37452e-05,7.12722e-07,2.29028e-06,0.999996,7.92075e-07
6546,0,12,1385.92,13,1452,2,2,9,11.5757,7.1709e-06,8.82454e-07,0.999926,6.63744e-05,1.08136e-06,3.47568e-06,0.999994,1.20179e-06
6547,0,12,1385.92,13,1439.75,2,2,13,11.5699,5.53751e-06,6.81163e-07,0.999943,5.12784e-05,8.35341e-07,2.68555e-06,0.999996,9.28385e-07
6548,0,12,1385.92,13,1438.55,2,2,13,11.5642,3.19528e-06,3.92882e-07,0.999967,2.9602e-05,4.82169e-07,1.5505e-06,0.999997,5.35886e-07
6549,0,12,1385.92,13,1438.55,2,2,0,11.5584,1.86362e-06,2.2905e-07,0.999981,1.72729e-05,2.81312e-07,9.04819e-07,0.999999,3.12659e-07
6550,0,12,1385.92,13,1438.55,2,2,0,11.5526,2.87945e-06,3.53752e-07,0.99997,2.66999e-05,4.34794e-07,1.39881e-06,0.999998,4.83254e-07
6551,0,12,1385.92,13,1438.55,2,2,9,11.5468,4.41094e-06,5.41675e-07,0.999954,4.0919e-05,6.66262e-07,2.14398e-06,0.999996,7.40536e-07
6552,0,12,1385.92,13,1438.55,2,2,0,11.541,3.43744e-06,4.21949e-07,0.999964,3.19023e-05,5.19364e-07,1.67167e-06,0.999997,5.77274e-07
6553,0,12,1385.92,13,1439.37,2,2,9,11.5353,5.24762e-06,6.4388e-07,0.999945,4.8724e-05,7.93101e-07,2.55333e-06,0.999996,8.81552e-07
6554,0,12,1385.92,13,1439.37,2,2,9,11.5295,4.07462e-06,4.99744e-07,0.999958,3.78496e-05,6.15976e-07,1.98356e-06,0.999997,6.84688e-07
6555,0,12,1385.92,13,1439.37,2,2,0,11.5237,3.17939e-06,3.89782e-07,0.999967,2.95468e-05,4.80759e-07,1.54849e-06,0.999997,5.34399e-07
6556,0,12,1385.92,13,1439.37,2,2,0,11.518,4.86169e-06,5.95777e-07,0.999949,4.52011e-05,7.35333e-07,2.36902e-06,0.999996,8.17393e-07
6557,0,12,1385.92,13,1439.37,2,2,0,11.5122,7.37209e-06,9.03035e-07,0.999923,6.85719e-05,1.11531e-06,3.59404e-06,0.999994,1.23981e-06
6558,0,12,1385.92,13,1449.4,2,2,9,11.5065,1.10872e-05,1.35754e-06,0.999884,0.000103174,1.6778e-06,5.40787e-06,0.999991,1.86511e-06
6559,0,12,1385.92,13,1449.4,2,2,9,11.5007,8.47822e-06,1.03766e-06,0.999912,7.8931e-05,1.28322e-06,4.13703e-06,0.999993,1.42651e-06
6560,0,12,1385.92,13,1449.4,2,2,9,11.495,6.51702e-06,7.97289e-07,0.999932,6.06996e-05,9.86554e-07,3.18135e-06,0.999995,1.09674e-06
6561,0,12,1385.92,13,1435.94,2,2,13,11.4892,5.03514e-06,6.15737e-07,0.999947,4.69183e-05,7.62353e-07,2.45894e-06,0.999996,8.47519e-07
6562,0,12,1385.92,13,1435.94,2,2,0,11.4835,2.90443e-06,3.55027e-07,0.99997,2.7076e-05,4.39816e-07,1.41894e-06,0.999998,4.8896e-07
6563,0,12,1385.92,13,1437.5,2,2,9,11.4777,4.4503e-06,5.43761e-07,0.999954,4.15057e-05,6.74026e-07,2.17507e-06,0.999996,7.49356e-07
6564,0,12,1385.92,13,1437.5,2,2,0,11.472,3.46339e-06,4.22997e-07,0.999964,3.23157e-05,5.24626e-07,1.69335e-06,0.999997,5.83271e-07
6565,0,12,1385.92,13,1449.25,2,2,9,11.4663,5.28866e-06,6.45653e-07,0.999945,4.93687e-05,8.0124e-07,2.58679e-06,0.999996,8.90825e-07
6566,0,12,1385.92,13,1449.25,2,2,0,11.4605,4.10098e-06,5.00448e-07,0.999957,3.82991e-05,6.21379e-07,2.00658e-06,0.999997,6.90868e-07
6567,0,12,1385.92,13,1448.02,2,2,13,11.4548,6.24176e-06,7.61369e-07,0.999935,5.83179e-05,9.45882e-07,3.0552e-06,0.999995,1.05168e-06
6568,0,12,1385.92,13,1448.02,2,2,9,11.4491,3.58177e-06,4.3672e-07,0.999963,3.34801e-05,5.42831e-07,1.75376e-06,0.999997,6.03562e-07
6569,0,12,1385.92,13,1448.02,2,2,0,11.4433,2.79809e-06,3.41023e-07,0.999971,2.61664e-05,4.241e-07,1.37049e-06,0.999998,4.71558e-07
6570,0,12,1385.92,13,1439.14,2,2,13,11.4376,4.29158e-06,5.22826e-07,0.999955,4.01508e-05,6.50534e-07,2.10271e-06,0.999997,7.23346e-07
6571,0,12,1385.92,13,1439.14,2,2,9,11.4319,2.47982e-06,3.01979e-07,0.999974,2.32109e-05,3.75924e-07,1.21538e-06,0.999998,4.18009e-07
6572,0,12,1385.92,13,1439.14,2,2,0,11.4262,1.95081e-06,2.37459e-07,0.99998,1.82676e-05,2.9575e-07,9.56396e-07,0.999998,3.28866e-07
6573,0,12,1385.92,13,1439.03,2,2,13,11.4205,3.01385e-06,3.66701e-07,0.999968,2.82346e-05,4.56944e-07,1.47801e-06,0.999998,5.0812e-07
6574,0,12,1385.92,13,1434.87,2,2,13,11.4148,1.75289e-06,2.13188e-07,0.999982,1.64289e-05,2.65775e-07,8.59867e-07,0.999999,2.95548e-07
6575,0,12,1385.92,13,1434.87,2,2,0,11.4091,1.03033e-06,1.25257e-07,0.999989,9.66108e-06,1.56227e-07,5.05561e-07,0.999999,1.73731e-07
6576,0,12,1385.92,13,1434.87,2,2,0,11.4033,1.61221e-06,1.95913e-07,0.999983,1.51239e-05,2.44466e-07,7.91295e-07,0.999999,2.71862e-07
6577,0,12,1385.92,13,1434.39,2,2,13,11.3976,2.50051e-06,3.03729e-07,0.999974,2.34674e-05,3.79177e-07,1.22762e-06,0.999998,4.21679e-07
6578,0,12,1385.92,13,1434.39,2,2,0,11.3919,1.45878e-06,1.77119e-07,0.999985,1.36969e-05,2.21212e-07,7.16363e-07,0.999999,2.46013e-07
6579,0,12,1385.92,13,1434.39,2,2,9,11.3863,2.26719e-06,2.75157e-07,0.999976,2.12968e-05,3.43808e-07,1.11363e-06,0.999998,3.82362e-07
6580,0,12,1385.92,13,1434.39,2,2,0,11.3806,1.78529e-06,2.1658e-07,0.999981,1.67776e-05,2.70731e-07,8.77136e-07,0.999999,3.01097e-07
6581,0,12,1385.92,13,1434.39,2,2,0,11.3749,2.76376e-06,3.3514e-07,0.999971,2.59846e-05,4.19114e-07,1.3582e-06,0.999998,4.66132e-07
6582,0,12,1385.92,13,1432.91,2,2,13,11.3692,4.24174e-06,5.14146e-07,0.999955,3.98983e-05,6.43248e-07,2.08503e-06,0.999997,7.15427e-07
6583,0,12,1385.92,13,1432.91,2,2,0,11.3635,2.44692e-06,2.96468e-07,0.999974,2.30263e-05,3.71056e-07,1.20302e-06,0.999998,4.127e-07
6584,0,12,1385.92,13,1432.91,2,2,9,11.3578,3.7648e-06,4.5595e-07,0.99996,3.54439e-05,5.70896e-07,1.85138e-06,0.999997,6.34983e-07
6585,0,12,1385.92,13,1432.1,2,2,13,11.3521,2.93351e-06,3.55124e-07,0.999969,2.76301e-05,4.44822e-07,1.44287e-06,0.999998,4.94767e-07
6586,0,12,1385.92,13,1432.1,2,2,0,11.3465,1.70382e-06,2.06174e-07,0.999982,1.60551e-05,2.58346e-07,8.38192e-07,0.999999,2.87359e-07
6587,0,12,1385.92,13,1434.21,2,2,9,11.3408,2.64063e-06,3.19399e-07,0.999972,2.48939e-05,4.00378e-07,1.29931e-06,0.999998,4.45351e-07
6588,0,12,1385.92,13,1434.21,2,2,9,11.3351,2.07144e-06,2.50447e-07,0.999978,1.95368e-05,3.14059e-07,1.01943e-06,0.999998,3.49344e-07
6589,0,12,1385.92,13,1434.21,2,2,0,11.3294,1.63261e-06,1.97306e-07,0.999983,1.54048e-05,2.47511e-07,8.03605e-07,0.999999,2.75325e-07
6590,0,12,1385.92,13,1434.21,2,2,0,11.3238,2.53267e-06,3.05952e-07,0.999973,2.39083e-05,3.83943e-07,1.24686e-06,0.999998,4.27098e-07
6591,0,12,1385.92,13,1434.21,2,2,9,11.3181,3.89504e-06,4.7033e-07,0.999959,3.67855e-05,5.90439e-07,1.91791e-06,0.999997,6.56818e-07
6592,0,12,1385.92,13,1434.21,2,2,0,11.3125,3.03084e-06,3.65822e-07,0.999968,2.86367e-05,4.59398e-07,1.49261e-06,0.999998,5.11056e-07
6593,0,12,1385.92,13,1434.21,2,2,0,11.3068,4.64494e-06,5.60408e-07,0.999951,4.39071e-05,7.04009e-07,2.2879e-06,0.999996,7.83189e-07
6594,0,12,1385.92,13,1434.21,2,2,9,11.3012,7.0589e-06,8.5129e-07,0.999925,6.67555e-05,1.06981e-06,3.47751e-06,0.999994,1.19016e-06
6595,0,12,1385.92,13,1434.21,2,2,0,11.2955,5.42685e-06,6.5419e-07,0.999943,5.13444e-05,8.22376e-07,2.67383e-06,0.999996,9.14908e-07
6596,0,12,1385.92,13,1434.21,2,2,0,11.2899,8.22234e-06,9.90759e-07,0.999913,7.7828e-05,1.24591e-06,4.05184e-06,0.999993,1.38613e-06
6597,0,12,1385.92,13,1435.94,2,2,9,11.2842,1.2356e-05,1.48822e-06,0.999869,0.000117007,1.87216e-06,6.0899e-06,0.99999,2.0829e-06
6598,0,12,1385.92,13,1435.94,2,2,0,11.2786,9.39181e-06,1.13072e-06,0.9999,8.89775e-05,1.42283e-06,4.62938e-06,0.999992,1.58302e-06
6599,0,12,1385.92,13,1435.94,2,2,0,11.2729,1.40772e-05,1.69409e-06,0.999851,0.000133427,2.1325e-06,6.94005e-06,0.999989,2.37265e-06
6600,0,12,1385.92,13,1435.94,2,2,9,11.2673,2.09318e-05,2.51793e-06,0.999778,0.000198485,3.17072e-06,1.03213e-05,0.999983,3.52785e-06
6601,0,12,1385.92,13,1435.94,2,2,9,11.2617,1.57407e-05,1.89268e-06,0.999833,0.000149328,2.38395e-06,7.76204e-06,0.999987,2.65253e-06
6602,0,12,1385.92,13,1435.94,2,2,9,11.256,1.19026e-05,1.43058e-06,0.999874,0.000112968,1.80237e-06,5.86982e-06,0.99999,2.00547e-06
6603,0,12,1385.92,13,1459.44,2,2,9,11.2504,9.04939e-06,1.08719e-06,0.999904,8.59266e-05,1.37009e-06,4.46305e-06,0.999993,1.52451e-06
6604,0,12,1385.92,13,1459.93,2,2,9,11.2448,6.91681e-06,8.30629e-07,0.999927,6.57067e-05,1.04705e-06,3.41155e-06,0.999994,1.16508e-06
6605,0,12,1385.92,13,1459.93,2,2,0,11.2392,5.31445e-06,6.37933e-07,0.999944,5.05077e-05,8.04356e-07,2.62142e-06,0.999996,8.95051e-07
6606,0,12,1385.92,13,1459.93,2,2,9,11.2335,8.05821e-06,9.66877e-07,0.999914,7.66185e-05,1.21948e-06,3.97527e-06,0.999993,1.35701e-06
6607,0,12,1385.92,13,1442.14,2,2,13,11.2279,6.17152e-06,7.40185e-07,0.999934,5.8706e-05,9.33799e-07,3.04472e-06,0.999995,1.03913e-06
6608,0,12,1385.92,13,1442.14,2,2,0,11.2223,3.51977e-06,4.21967e-07,0.999963,3.34966e-05,5.32471e-07,1.73657e-06,0.999997,5.92548e-07
6609,0,12,1385.92,13,1442.14,2,2,0,11.2167,5.38132e-06,6.44865e-07,0.999943,5.12355e-05,8.13968e-07,2.65525e-06,0.999996,9.05824e-07
6610,0,12,1385.92,13,1437.42,2,2,13,11.2111,8.15873e-06,9.77278e-07,0.999913,7.77141e-05,1.2339e-06,4.02607e-06,0.999993,1.37318e-06
6611,0,12,1385.92,13,1424.61,2,2,13,11.2055,4.6253e-06,5.53797e-07,0.999951,4.40771e-05,6.99371e-07,2.28251e-06,0.999996,7.78329e-07
6612,0,12,1385.92,13,1424.61,2,2,0,11.1999,2.65132e-06,3.17314e-07,0.999972,2.52773e-05,4.00816e-07,1.30844e-06,0.999998,4.46077e-07
6613,0,12,1385.92,13,1424.61,2,2,0,11.1943,4.07696e-06,4.87729e-07,0.999957,3.88867e-05,6.16237e-07,2.01214e-06,0.999997,6.85838e-07
6614,0,12,1385.92,13,1424.61,2,2,0,11.1887,6.21615e-06,7.43326e-07,0.999934,5.93175e-05,9.39426e-07,3.06814e-06,0.999995,1.04555e-06
6615,0,12,1385.92,13,1422.79,2,2,13,11.1831,9.39917e-06,1.12347e-06,0.9999,8.97318e-05,1.42024e-06,4.63957e-06,0.999992,1.58072e-06
6616,0,12,1385.92,13,1422.79,2,2,0,11.1775,5.30939e-06,6.34356e-07,0.999943,5.07105e-05,8.02078e-07,2.62081e-06,0.999996,8.92727e-07
6617,0,12,1385.92,13,1431.57,2,2,9,11.1719,8.0538e-06,9.61845e-07,0.999914,7.69574e-05,1.21647e-06,3.97577e-06,0.999993,1.35398e-06
6618,0,12,1385.92,13,1431.57,2,2,0,11.1663,6.16143e-06,7.35532e-07,0.999934,5.89016e-05,9.30436e-07,3.04166e-06,0.999995,1.03564e-06
6619,0,12,1385.92,13,1442.87,2,2,9,11.1607,9.31938e-06,1.11204e-06,0.9999,8.91309e-05,1.40708e-06,4.60092e-06,0.999992,1.5662e-06
6620,0,12,1385.92,13,1442.87,2,2,9,11.1552,7.10766e-06,8.47768e-07,0.999924,6.80087e-05,1.0729e-06,3.50904e-06,0.999994,1.19426e-06
6621,0,12,1385.92,13,1442.87,2,2,9,11.1496,5.44943e-06,6.49705e-07,0.999942,5.21656e-05,8.22403e-07,2.6904e-06,0.999996,9.15446e-07
6622,0,12,1385.92,13,1442.87,2,2,9,11.144,4.19967e-06,5.0049e-07,0.999955,4.02202e-05,6.33652e-07,2.07342e-06,0.999997,7.05356e-07
6623,0,12,1385.92,13,1440.05,2,2,13,11.1384,3.25293e-06,3.87499e-07,0.999965,3.11674e-05,4.90696e-07,1.60602e-06,0.999997,5.46235e-07
6624,0,12,1385.92,13,1440.54,2,2,9,11.1329,1.87407e-06,2.2315e-07,0.99998,1.79643e-05,2.82633e-07,9.25263e-07,0.999998,3.1463e-07
6625,0,12,1385.92,13,1440.54,2,2,0,11.1273,1.47468e-06,1.75519e-07,0.999984,1.41422e-05,2.22349e-07,7.28082e-07,0.999999,2.47526e-07
6626,0,12,1385.92,13,1440.54,2,2,0,11.1217,2.29519e-06,2.73061e-07,0.999975,2.20208e-05,3.45989e-07,1.13321e-06,0.999998,3.85174e-07
6627,0,12,1385.92,13,1427.25,2,2,13,11.1162,3.54118e-06,4.21119e-07,0.999962,3.39907e-05,5.33702e-07,1.74843e-06,0.999997,5.94159e-07
6628,0,12,1385.92,13,1410.93,2,2,13,11.1106,2.03541e-06,2.41949e-07,0.999978,1.95461e-05,3.06687e-07,1.00496e-06,0.999998,3.41436e-07
6629,0,12,1385.92,13,1410.44,2,2,13,11.1051,1.18262e-06,1.40518e-07,0.999987,1.13619e-05,1.78149e-07,5.83904e-07,0.999999,1.98338e-07
6630,0,12,1385.92,13,1410.44,2,2,0,11.0995,6.94448e-07,8.24785e-08,0.999993,6.67484e-06,1.04586e-07,3.42872e-07,0.999999,1.1644e-07
6631,0,12,1385.92,13,1410.44,2,2,0,11.094,1.09728e-06,1.30267e-07,0.999988,1.05515e-05,1.65214e-07,5.41763e-07,0.999999,1.83945e-07
6632,0,12,1385.92,13,1410.44,2,2,0,11.0884,1.7182e-06,2.03894e-07,0.999982,1.65298e-05,2.58643e-07,8.48334e-07,0.999999,2.87973e-07
6633,0,12,1385.92,13,1410.44,2,2,0,11.0829,2.66678e-06,3.16325e-07,0.999971,2.56672e-05,4.01339e-07,1.31668e-06,0.999998,4.4686e-07
6634,0,12,1385.92,13,1410.44,2,2,9,11.0773,4.1033e-06,4.86513e-07,0.999956,3.95113e-05,6.17384e-07,2.02595e-06,0.999997,6.87424e-07
6635,0,12,1385.92,13,1410.44,2,2,9,11.0718,3.17592e-06,3.76397e-07,0.999966,3.05953e-05,4.77726e-07,1.56803e-06,0.999997,5.31934e-07
6636,0,12,1385.92,13,1410.44,2,2,9,11.0662,2.47039e-06,2.92655e-07,0.999973,2.38093e-05,3.71502e-07,1.21967e-06,0.999998,4.13666e-07
6637,0,12,1385.92,13,1410.44,2,2,0,11.0607,1.93098e-06,2.28656e-07,0.999979,1.8619e-05,2.90308e-07,9.53328e-07,0.999998,3.23264e-07
6638,0,12,1385.92,13,1410.44,2,2,0,11.0552,2.99064e-06,3.53984e-07,0.999968,2.88495e-05,4.49508e-07,1.47647e-06,0.999998,5.00547e-07
6639,0,12,1385.92,13,1410.44,2,2,0,11.0497,4.59198e-06,5.43293e-07,0.999951,4.43172e-05,6.90029e-07,2.26703e-06,0.999996,7.68393e-07
6640,0,12,1385.92,13,1410.41,2,2,13,11.0441,6.99132e-06,8.26814e-07,0.999925,6.75038e-05,1.05032e-06,3.45156e-06,0.999994,1.16963e-06
6641,0,12,1385.92,13,1411.23,2,2,9,11.0386,3.95651e-06,4.67709e-07,0.999957,3.82189e-05,5.9422e-07,1.95319e-06,0.999997,6.61732e-07
6642,0,12,1385.92,13,1411.23,2,2,9,11.0331,3.06237e-06,3.61855e-07,0.999967,2.95951e-05,4.59803e-07,1.51172e-06,0.999998,5.12054e-07
6643,0,12,1385.92,13,1411.23,2,2,0,11.0276,2.3821e-06,2.81354e-07,0.999974,2.30314e-05,3.57564e-07,1.17586e-06,0.999998,3.98206e-07
6644,0,12,1385.92,13,1411.23,2,2,0,11.0221,3.67478e-06,4.33849e-07,0.99996,3.55458e-05,5.51458e-07,1.81392e-06,0.999997,6.14152e-07
6645,0,12,1385.92,13,1411.23,2,2,0,11.0165,5.62065e-06,6.63296e-07,0.999939,5.43927e-05,8.43251e-07,2.77438e-06,0.999995,9.39137e-07
6646,0,12,1385.92,13,1411.23,2,2,0,11.011,8.52505e-06,1.00562e-06,0.999908,8.2537e-05,1.27867e-06,4.20797e-06,0.999993,1.4241e-06
6647,0,12,1385.92,13,1411.23,2,2,9,11.0055,1.28243e-05,1.51211e-06,0.999861,0.000124217,1.92306e-06,6.3301e-06,0.99999,2.14183e-06
6648,0,12,1385.92,13,1411.23,2,2,9,11,9.69196e-06,1.14229e-06,0.999895,9.39199e-05,1.4529e-06,4.78361e-06,0.999992,1.61821e-06
6649,0,12,1385.92,13,1411.23,2,2,0,10.9945,7.36463e-06,8.67619e-07,0.99992,7.13993e-05,1.10368e-06,3.63468e-06,0.999994,1.22928e-06
6650,0,12,1385.92,13,1411.23,2,2,0,10.989,1.11121e-05,1.30854e-06,0.99988,0.000107779,1.66486e-06,5.4841e-06,0.999991,1.85437e-06
6651,0,12,1385.92,13,1411.23,2,2,0,10.9835,1.66306e-05,1.95755e-06,0.99982,0.000161378,2.4911e-06,8.20769e-06,0.999987,2.77472e-06
6652,0,12,1385.92,13,1411.23,2,2,0,10.978,2.46919e-05,2.9052e-06,0.999733,0.000239712,3.69784e-06,1.21866e-05,0.99998,4.11894e-06
6653,0,12,1385.92,13,1411.23,2,2,0,10.9726,3.63748e-05,4.27795e-06,0.999606,0.000353292,5.44651e-06,1.79538e-05,0.999971,6.06688e-06
6654,0,12,1385.92,13,1411.23,2,2,9,10.9671,5.31747e-05,6.25106e-06,0.999424,0.000516697,7.96102e-06,2.62488e-05,0.999957,8.86799e-06
6655,0,12,1385.92,13,1411.23,2,2,9,10.9616,3.90474e-05,4.58834e-06,0.999577,0.000379595,5.84341e-06,1.92713e-05,0.999968,6.50927e-06
6656,0,12,1385.92,13,1408.94,2,2,13,10.9561,2.88453e-05,3.38806e-06,0.999687,0.000280544,4.31495e-06,1.42339e-05,0.999977,4.80675e-06
6657,0,12,1385.92,13,1422.99,2,2,9,10.9506,1.5833e-05,1.85889e-06,0.999828,0.000154059,2.36744e-06,7.81144e-06,0.999987,2.63732e-06
6658,0,12,1385.92,13,1422.99,2,2,0,10.9452,1.19041e-05,1.39701e-06,0.999871,0.000115882,1.77936e-06,5.87245e-06,0.99999,1.98224e-06
6659,0,12,1385.92,13,1422.18,2,2,13,10.9397,1.77966e-05,2.08764e-06,0.999807,0.000173323,2.6595e-06,8.7793e-06,0.999986,2.9628e-06
6660,0,12,1385.92,13,1422.18,2,2,0,10.9342,9.85703e-06,1.15579e-06,0.999893,9.60423e-05,1.47246e-06,4.86191e-06,0.999992,1.64042e-06
6661,0,12,1385.92,13,1422.18,2,2,9,10.9287,1.47927e-05,1.73378e-06,0.999839,0.000144199,2.20919e-06,7.29626e-06,0.999988,2.46124e-06
6662,0,12,1385.92,13,1422.18,2,2,0,10.9233,1.11323e-05,1.3042e-06,0.999879,0.000108567,1.66197e-06,5.49028e-06,0.999991,1.85163e-06
6663,0,12,1385.92,13,1422.18,2,2,0,10.9178,1.66674e-05,1.95183e-06,0.999819,0.000162621,2.48769e-06,8.21998e-06,0.999987,2.77164e-06
6664,0,12,1385.92,13,1412.24,2,2,13,10.9124,2.47561e-05,2.8978e-06,0.999731,0.000241651,3.69411e-06,1.22093e-05,0.99998,4.11586e-06
6665,0,12,1385.92,13,1412.24,2,2,9,10.9069,1.36118e-05,1.59264e-06,0.999852,0.00013293,2.0303e-06,6.71187e-06,0.999989,2.26215e-06
6666,0,12,1385.92,13,1413.22,2,2,9,10.9015,1.02564e-05,1.19952e-06,0.999888,0.000100207,1.52929e-06,5.0568e-06,0.999992,1.70395e-06
6667,0,12,1385.92,13,1413.22,2,2,0,10.896,7.77067e-06,9.0842e-07,0.999915,7.59557e-05,1.15826e-06,3.83087e-06,0.999994,1.29058e-06
6668,0,12,1385.92,13,1413.22,2,2,0,10.8906,1.17197e-05,1.36949e-06,0.999872,0.000114609,1.74641e-06,5.77751e-06,0.999991,1.94596e-06
6669,0,12,1385.92,13,1413.22,2,2,0,10.8851,1.75327e-05,2.04788e-06,0.999809,0.000171533,2.61195e-06,8.64299e-06,0.999986,2.91047e-06
6670,0,12,1385.92,13,1413.22,2,2,0,10.8797,2.60206e-05,3.03799e-06,0.999716,0.000254691,3.87555e-06,1.28273e-05,0.999979,4.31857e-06
6671,0,12,1385.92,13,1413.22,2,2,9,10.8742,3.83166e-05,4.47166e-06,0.999582,0.000375216,5.70583e-06,1.88897e-05,0.999969,6.35821e-06
6672,0,12,1385.92,13,1413.22,2,2,0,10.8688,2.82703e-05,3.29781e-06,0.999691,0.000276963,4.20803e-06,1.39344e-05,0.999977,4.68926e-06
6673,0,12,1385.92,13,1413.22,2,2,9,10.8634,4.15635e-05,4.84642e-06,0.999546,0.000407383,6.18557e-06,2.04878e-05,0.999966,6.89311e-06
6674,0,12,1385.92,13,1426.36,2,2,9,10.8579,3.06106e-05,3.56775e-06,0.999666,0.000300166,4.55356e-06,1.50859e-05,0.999975,5.07453e-06
6675,0,12,1385.92,13,1426.36,2,2,0,10.8525,2.2678e-05,2.64204e-06,0.999752,0.000222481,3.37217e-06,1.11746e-05,0.999982,3.75805e-06
6676,0,12,1385.92,13,1426.36,2,2,0,10.8471,3.34921e-05,3.90023e-06,0.999634,0.000328721,4.97912e-06,1.65036e-05,0.999973,5.54901e-06
6677,0,12,1385.92,13,1413.22,2,2,13,10.8416,4.90814e-05,5.71319e-06,0.999463,0.000481949,7.29549e-06,2.41872e-05,0.99996,8.13068e-06
6678,0,12,1385.92,13,1413.22,2,2,0,10.8362,2.65707e-05,3.09156e-06,0.999709,0.000261027,3.94729e-06,1.30898e-05,0.999979,4.39927e-06
6679,0,12,1385.92,13,1413.22,2,2,0,10.8308,3.91214e-05,4.54991e-06,0.999572,0.0003845,5.81064e-06,1.92736e-05,0.999968,6.47612e-06
6680,0,12,1385.92,13,1413.22,2,2,9,10.8254,5.71594e-05,6.6449e-06,0.999374,0.00056204,8.48854e-06,2.81628e-05,0.999954,9.46093e-06
6681,0,12,1385.92,13,1413.22,2,2,0,10.82,4.18041e-05,4.85772e-06,0.999542,0.000411242,6.20516e-06,2.05921e-05,0.999966,6.91613e-06
6682,0,12,1385.92,13,1413.22,2,2,0,10.8146,6.10023e-05,7.08555e-06,0.999332,0.000600376,9.05359e-06,3.0052e-05,0.999951,1.00912e-05
6683,0,12,1385.92,13,1413.3,2,2,9,10.8092,8.83484e-05,1.02574e-05,0.999031,0.000869909,1.31114e-05,4.35317e-05,0.999929,1.46143e-05
6684,0,12,1385.92,13,1419.76,2,2,9,10.8038,6.4046e-05,7.43267e-06,0.999298,0.000630908,9.49928e-06,3.15465e-05,0.999948,1.05884e-05
6685,0,12,1385.92,13,1419.76,2,2,9,10.7984,4.67173e-05,5.4193e-06,0.999487,0.000460416,6.92555e-06,2.30048e-05,0.999962,7.71973e-06
6686,0,12,1385.92,13,1419.76,2,2,0,10.793,3.42855e-05,3.97548e-06,0.999624,0.000338051,5.08027e-06,1.68793e-05,0.999972,5.66297e-06
6687,0,12,1385.92,13,1418.78,2,2,13,10.7876,5.02385e-05,5.82275e-06,0.999448,0.000495573,7.44282e-06,2.47349e-05,0.99996,8.29668e-06
6688,0,12,1385.92,13,1418.78,2,2,0,10.7822,2.71407e-05,3.14431e-06,0.999702,0.000267849,4.01858e-06,1.33583e-05,0.999978,4.4797e-06
6689,0,12,1385.92,13,1413.08,2,2,13,10.7768,3.9958e-05,4.62723e-06,0.999561,0.000394523,5.91514e-06,1.96674e-05,0.999968,6.59403e-06
6690,0,12,1385.92,13,1413.08,2,2,9,10.7714,2.16767e-05,2.50913e-06,0.999762,0.000214122,3.2072e-06,1.06663e-05,0.999983,3.57538e-06
6691,0,12,1385.92,13,1413.08,2,2,0,10.766,1.61429e-05,1.86777e-06,0.999822,0.000159532,2.38749e-06,7.94203e-06,0.999987,2.66162e-06
6692,0,12,1385.92,13,1413.08,2,2,0,10.7606,2.40161e-05,2.77753e-06,0.999736,0.000237448,3.551e-06,1.18153e-05,0.999981,3.95881e-06
6693,0,12,1385.92,13,1413.08,2,2,9,10.7552,3.54493e-05,4.09803e-06,0.99961,0.000350648,5.2403e-06,1.74404e-05,0.999971,5.84225e-06
6694,0,12,1385.92,13,1413.08,2,2,9,10.7499,2.61365e-05,3.02015e-06,0.999712,0.000258649,3.86195e-06,1.28561e-05,0.999979,4.30566e-06
6695,0,12,1385.92,13,1413.08,2,2,0,10.7445,1.93845e-05,2.23896e-06,0.999786,0.000191919,2.86308e-06,9.53328e-06,0.999984,3.1921e-06
6696,0,12,1385.92,13,1413.08,2,2,9,10.7391,2.87381e-05,3.3179e-06,0.999683,0.000284656,4.24355e-06,1.41333e-05,0.999977,4.73131e-06
6697,0,12,1385.92,13,1412.24,2,2,13,10.7337,2.12698e-05,2.4546e-06,0.999765,0.000210778,3.13943e-06,1.04585e-05,0.999983,3.50036e-06
6698,0,12,1385.92,13,1412.24,2,2,9,10.7284,1.16673e-05,1.34587e-06,0.999871,0.000115673,1.72134e-06,5.73573e-06,0.999991,1.91928e-06
6699,0,12,1385.92,13,1412.24,2,2,0,10.723,8.78864e-06,1.01336e-06,0.999903,8.71728e-05,1.29614e-06,4.31995e-06,0.999993,1.44522e-06
6700,0,12,1385.92,13,1414.8,2,2,9,10.7176,1.32378e-05,1.5257e-06,0.999854,0.000131363,1.95171e-06,6.50648e-06,0.999989,2.17623e-06
6701,0,12,1385.92,13,1422.18,2,2,9,10.7123,9.94472e-06,1.14567e-06,0.99989,9.87303e-05,1.46564e-06,4.88722e-06,0.999992,1.63427e-06
6702,0,12,1385.92,13,1422.18,2,2,0,10.7069,7.51245e-06,8.65089e-07,0.999917,7.46172e-05,1.10676e-06,3.69141e-06,0.999994,1.23413e-06
6703,0,12,1385.92,13,1409.04,2,2,13,10.7016,1.13521e-05,1.30667e-06,0.999875,0.000112806,1.6719e-06,5.5777e-06,0.999991,1.86435e-06
6704,0,12,1385.92,13,1409.04,2,2,0,10.6962,6.29851e-06,7.24673e-07,0.99993,6.26173e-05,9.27255e-07,3.0942e-06,0.999995,1.03401e-06
6705,0,12,1385.92,13,1408.61,2,2,13,10.6909,9.5517e-06,1.09849e-06,0.999894,9.50029e-05,1.40574e-06,4.692e-06,0.999992,1.56762e-06
6706,0,12,1385.92,13,1408.61,2,2,0,10.6855,5.31599e-06,6.111e-07,0.999941,5.28981e-05,7.82051e-07,2.61092e-06,0.999996,8.72131e-07
6707,0,12,1385.92,13,1408.61,2,2,0,10.6802,8.08946e-06,9.29521e-07,0.99991,8.05331e-05,1.18968e-06,3.97276e-06,0.999994,1.32674e-06
6708,0,12,1385.92,13,1406.16,2,2,13,10.6749,1.22082e-05,1.40218e-06,0.999865,0.000121593,1.79484e-06,5.99508e-06,0.99999,2.00167e-06
6709,0,12,1385.92,13,1406.16,2,2,0,10.6695,6.75832e-06,7.75894e-07,0.999925,6.73431e-05,9.93195e-07,3.31824e-06,0.999995,1.10767e-06
6710,0,12,1385.92,13,1406.16,2,2,0,10.6642,1.02365e-05,1.1747e-06,0.999887,0.000102048,1.50387e-06,5.0256e-06,0.999992,1.67723e-06
6711,0,12,1385.92,13,1406.16,2,2,0,10.6588,1.53781e-05,1.76396e-06,0.999829,0.000153375,2.25854e-06,7.54937e-06,0.999988,2.51896e-06
6712,0,12,1385.92,13,1406.16,2,2,0,10.6535,2.29168e-05,2.62757e-06,0.999746,0.00022867,3.3648e-06,1.12499e-05,0.999982,3.75287e-06
6713,0,12,1385.92,13,1406.16,2,2,0,10.6482,3.38825e-05,3.88317e-06,0.999624,0.000338243,4.97364e-06,1.66328e-05,0.999973,5.54737e-06
6714,0,12,1385.92,13,1406.05,2,2,13,10.6429,4.97076e-05,5.69438e-06,0.999448,0.000496451,7.29521e-06,2.44025e-05,0.99996,8.13692e-06
6715,0,12,1385.92,13,1406.49,2,2,9,10.6375,2.67417e-05,3.06214e-06,0.999703,0.000267204,3.92234e-06,1.31234e-05,0.999979,4.37499e-06
6716,0,12,1385.92,13,1406.49,2,2,0,10.6322,1.97821e-05,2.26422e-06,0.99978,0.000197754,2.90029e-06,9.70617e-06,0.999984,3.23506e-06
6717,0,12,1385.92,13,1406.49,2,2,0,10.6269,2.93377e-05,3.35649e-06,0.999674,0.000293413,4.30014e-06,1.43944e-05,0.999977,4.7966e-06
6718,0,12,1385.92,13,1406.02,2,2,13,10.6216,4.31703e-05,4.93692e-06,0.99952,0.000431956,6.32627e-06,2.11819e-05,0.999965,7.0568e-06
6719,0,12,1385.92,13,1406.02,2,2,0,10.6163,2.32738e-05,2.66041e-06,0.999741,0.000232981,3.40865e-06,1.14158e-05,0.999981,3.80235e-06
6720,0,12,1385.92,13,1405.58,2,2,13,10.611,3.44082e-05,3.93147e-06,0.999617,0.0003446,5.03816e-06,1.68771e-05,0.999972,5.62019e-06
6721,0,12,1385.92,13,1405.58,2,2,0,10.6057,1.86266e-05,2.12735e-06,0.999793,0.000186632,2.72593e-06,9.13371e-06,0.999985,3.04091e-06
6722,0,12,1385.92,13,1405.58,2,2,0,10.6004,2.76622e-05,3.15793e-06,0.999692,0.000277294,4.04717e-06,1.3564e-05,0.999978,4.51491e-06
6723,0,12,1385.92,13,1405.58,2,2,0,10.5951,4.07599e-05,4.65116e-06,0.999546,0.000408778,5.9621e-06,1.99867e-05,0.999967,6.65131e-06
6724,0,12,1385.92,13,1405.58,2,2,9,10.5898,5.95981e-05,6.79785e-06,0.999336,0.00059798,8.71617e-06,2.92263e-05,0.999952,9.72396e-06
6725,0,12,1385.92,13,1405.58,2,2,0,10.5845,4.33576e-05,4.94328e-06,0.999516,0.000435231,6.33764e-06,2.12559e-05,0.999965,7.07057e-06
6726,0,12,1385.92,13,1405.58,2,2,0,10.5792,6.33225e-05,7.2164e-06,0.999294,0.000635936,9.2545e-06,3.10463e-05,0.999949,1.0325e-05
6727,0,12,1385.92,13,1405.58,2,2,0,10.5739,9.17839e-05,1.04554e-05,0.998976,0.000922194,1.34132e-05,4.50084e-05,0.999927,1.4965e-05
6728,0,12,1385.92,13,1416.35,2,2,9,10.5686,0.00013205,1.50356e-05,0.998526,0.00132738,1.92986e-05,6.47729e-05,0.999894,2.15318e-05
6729,0,12,1385.92,13,1416.35,2,2,0,10.5633,9.45467e-05,1.07607e-05,0.998944,0.00095083,1.38072e-05,4.63532e-05,0.999924,1.54053e-05
6730,0,12,1385.92,13,1415.53,2,2,13,10.558,0.000135953,1.54666e-05,0.998481,0.00136787,1.98553e-05,6.66736e-05,0.999891,2.21539e-05
6731,0,12,1385.92,13,1415.53,2,2,0,10.5528,7.15414e-05,8.13534e-06,0.9992,0.000720137,1.04375e-05,3.50574e-05,0.999943,1.16461e-05
6732,0,12,1385.92,13,1415.53,2,2,0,10.5475,0.000103461,1.176e-05,0.998843,0.00104192,1.50938e-05,5.07094e-05,0.999917,1.6842e-05
6733,0,12,1385.92,13,1415.53,2,2,0,10.5422,0.000148515,1.68737e-05,0.998338,0.00149634,2.1669e-05,7.2817e-05,0.999881,2.41792e-05
6734,0,12,1385.92,13,1416.51,2,2,9,10.5369,0.000211631,2.40342e-05,0.997631,0.00213323,3.08868e-05,0.000103818,0.999831,3.44656e-05
6735,0,12,1385.92,13,1416.51,2,2,0,10.5317,0.000150063,1.70348e-05,0.99832,0.00151333,2.18791e-05,7.35589e-05,0.99988,2.44147e-05
6736,0,12,1385.92,13,1416.51,2,2,9,10.5264,0.000213807,2.42602e-05,0.997605,0.00215716,3.11822e-05,0.000104862,0.999829,3.47967e-05
6737,0,12,1385.92,13,1416.51,2,2,0,10.5211,0.000151546,1.71881e-05,0.998302,0.0015297,2.20793e-05,7.4268e-05,0.999879,2.46392e-05
6738,0,12,1385.92,13,1413.92,2,2,13,10.5159,0.000215891,2.44754e-05,0.997579,0.0021802,3.14636e-05,0.000105859,0.999828,3.51122e-05
6739,0,12,1385.92,13,1413.92,2,2,0,10.5106,0.000112471,1.27452e-05,0.998738,0.00113633,1.63676e-05,5.50822e-05,0.99991,1.82661e-05
6740,0,12,1385.92,13,1413.92,2,2,0,10.5054,0.000161215,1.82609e-05,0.998191,0.00162956,2.34645e-05,7.89849e-05,0.999871,2.61868e-05
6741,0,12,1385.92,13,1413.92,2,2,0,10.5001,0.000229399,2.59728e-05,0.997425,0.00231984,3.34e-05,0.000112456,0.999817,3.72757e-05
6742,0,12,1385.92,13,1413.92,2,2,0,10.4949,0.000324058,3.66742e-05,0.996361,0.0032786,4.72114e-05,0.000158997,0.999741,5.26909e-05
6743,0,12,1385.92,13,1413.92,2,2,0,10.4896,0.000454477,5.14116e-05,0.994894,0.00460023,6.6278e-05,0.000223263,0.999636,7.3972e-05
6744,0,12,1385.92,13,1420.59,2,2,9,10.4844,0.000632789,7.15515e-05,0.992888,0.00640808,9.24207e-05,0.000311403,0.999493,0.000103152
6745,0,12,1385.92,13,1420.59,2,2,0,10.4791,0.000439236,4.96442e-05,0.995061,0.00445008,6.39977e-05,0.000215687,0.999649,7.14302e-05
6746,0,12,1385.92,13,1425.03,2,2,9,10.4739,0.000612065,6.91478e-05,0.993115,0.00620395,8.93084e-05,0.000301063,0.99951,9.96826e-05
6747,0,12,1385.92,13,1418.36,2,2,13,10.4687,0.000425015,4.7995e-05,0.995217,0.00430999,6.18706e-05,0.000208619,0.99966,6.90591e-05
6748,0,12,1385.92,13,1417.54,2,2,13,10.4634,0.000218389,2.46509e-05,0.997541,0.00221567,3.17109e-05,0.000106951,0.999826,3.5396e-05
6749,0,12,1385.92,13,1417.54,2,2,9,10.4582,0.000113562,1.28129e-05,0.998721,0.00115268,1.64654e-05,5.5546e-05,0.99991,1.83792e-05
6750,0,12,1385.92,13,1417.54,2,2,9,10.453,8.13733e-05,9.17709e-06,0.999083,0.000826339,1.17899e-05,3.97831e-05,0.999935,1.31606e-05
6751,0,12,1385.92,13,1417.54,2,2,0,10.4477,5.86826e-05,6.6152e-06,0.999339,0.000596193,8.49714e-06,2.86791e-05,0.999953,9.48522e-06
6752,0,12,1385.92,13,1411.41,2,2,13,10.4425,8.52653e-05,9.60763e-06,0.999038,0.000866665,1.23451e-05,4.16767e-05,0.999932,1.37809e-05
6753,0,12,1385.92,13,1411.41,2,2,0,10.4373,4.51102e-05,5.08076e-06,0.999491,0.000458728,6.52606e-06,2.20371e-05,0.999964,7.28526e-06
6754,0,12,1385.92,13,1411.41,2,2,9,10.4321,6.58962e-05,7.41866e-06,0.999256,0.000670413,9.53168e-06,3.21943e-05,0.999948,1.06408e-05
6755,0,12,1385.92,13,1411.41,2,2,0,10.4269,4.76984e-05,5.36758e-06,0.999461,0.000485498,6.89551e-06,2.3296e-05,0.999962,7.69802e-06
6756,0,12,1385.92,13,1411.41,2,2,0,10.4216,6.96042e-05,7.82926e-06,0.999214,0.000708795,1.00609e-05,3.39983e-05,0.999945,1.1232e-05
6757,0,12,1385.92,13,1411.41,2,1,0,10.4164,0.000100806,1.13339e-05,0.998861,0.001027,1.45702e-05,4.92483e-05,0.99992,1.62666e-05
6758,0,12,1385.92,13,1411.41,2,2,0,10.4112,0.00014491,1.62856e-05,0.998362,0.00147702,1.45371e-05,9.19857e-05,0.999877,1.623e-05
6759,0,12,1385.92,13,1427.81,2,2,9,10.406,0.000206782,2.32289e-05,0.997661,0.00210865,2.09003e-05,0.000132299,0.999823,2.33348e-05
6760,0,12,1385.92,13,1427.81,2,2,9,10.4008,0.000146316,1.64292e-05,0.998345,0.00149274,1.48789e-05,9.42182e-05,0.999874,1.66124e-05
6761,0,12,1385.92,13,1427,2,2,13,10.3956,0.000104211,1.16964e-05,0.99882,0.00106368,1.06625e-05,6.75433e-05,0.99991,1.1905e-05
6762,0,12,1385.92,13,1427,2,2,0,10.3904,5.48394e-05,6.15231e-06,0.999379,0.00056,5.64425e-06,3.57676e-05,0.999952,6.30211e-06
6763,0,12,1385.92,13,1427,2,2,0,10.3852,7.98213e-05,8.95106e-06,0.999096,0.000815485,8.26955e-06,5.24235e-05,0.99993,9.2336e-06
6764,0,12,1385.92,13,1427,2,2,9,10.38,0.000115313,1.29254e-05,0.998693,0.00117863,1.20249e-05,7.62579e-05,0.999898,1.3427e-05
6765,0,12,1385.92,13,1427,2,2,0,10.3748,8.24762e-05,9.24068e-06,0.999065,0.000843393,8.64976e-06,5.48743e-05,0.999927,9.65857e-06
6766,0,12,1385.92,13,1427,2,2,0,10.3697,0.000119078,1.33357e-05,0.998649,0.00121825,1.25673e-05,7.97565e-05,0.999894,1.40333e-05
6767,0,12,1385.92,13,1427,2,2,0,10.3645,0.000170653,1.91033e-05,0.998064,0.00174671,1.81247e-05,0.000115068,0.999847,2.02394e-05
6768,0,12,1385.92,13,1434.06,2,2,9,10.3593,0.000242779,2.71654e-05,0.997244,0.0024861,2.5951e-05,0.000164816,0.99978,2.89795e-05
6769,0,12,1385.92,13,1431.83,2,2,13,10.3541,0.000171103,1.9137e-05,0.998057,0.00175294,1.83774e-05,0.000116759,0.999844,2.05225e-05
6770,0,12,1385.92,13,1433.94,2,2,9,10.3489,8.90745e-05,9.95813e-06,0.998988,0.000912988,9.61084e-06,6.10842e-05,0.999919,1.07329e-05
6771,0,12,1385.92,13,1420.47,2,2,13,10.3438,6.39913e-05,7.1508e-06,0.999273,0.000656197,6.93938e-06,4.41214e-05,0.999941,7.74974e-06
6772,0,12,1385.92,13,1420.47,2,2,0,10.3386,3.39379e-05,3.79078e-06,0.999614,0.000348178,3.69833e-06,2.35231e-05,0.999969,4.1303e-06
6773,0,12,1385.92,13,1420.47,2,2,0,10.3334,4.98933e-05,5.57052e-06,0.999432,0.000512107,5.46569e-06,3.47772e-05,0.999954,6.10422e-06
6774,0,12,1385.92,13,1420.47,2,2,0,10.3282,7.27889e-05,8.12321e-06,0.999172,0.000747456,8.01556e-06,5.10205e-05,0.999932,8.95218e-06
6775,0,12,1385.92,13,1420.47,2,2,0,10.3231,0.000105391,1.17565e-05,0.9988,0.00108275,1.16664e-05,7.42864e-05,0.999901,1.30299e-05
6776,0,12,1385.92,13,1420.47,2,2,9,10.3179,0.000151463,1.68884e-05,0.998275,0.0015568,1.68547e-05,0.000107362,0.999857,1.8825e-05
6777,0,12,1385.92,13,1420.47,2,2,9,10.3128,0.000107628,1.19955e-05,0.998774,0.00110676,1.20273e-05,7.66407e-05,0.999898,1.34335e-05
6778,0,12,1385.92,13,1420.47,2,2,0,10.3076,7.69803e-05,8.5759e-06,0.999122,0.000791971,8.63898e-06,5.50701e-05,0.999927,9.64929e-06
6779,0,12,1385.92,13,1420.47,2,2,0,10.3024,0.00011135,1.23994e-05,0.99873,0.0011461,1.25566e-05,8.00729e-05,0.999893,1.40253e-05
6780,0,12,1385.92,13,1419.65,2,2,13,10.2973,0.000159871,1.77947e-05,0.998176,0.00164629,1.81163e-05,0.00011557,0.999846,2.02358e-05
6781,0,12,1385.92,13,1419.65,2,2,9,10.2921,8.31833e-05,9.25475e-06,0.999051,0.000856987,9.45895e-06,6.03643e-05,0.99992,1.05659e-05
6782,0,12,1385.92,13,1419.65,2,2,0,10.287,5.97712e-05,6.64705e-06,0.999318,0.000616073,6.82353e-06,4.35619e-05,0.999942,7.62221e-06
6783,0,12,1385.92,13,1419.65,2,2,0,10.2819,8.69122e-05,9.66112e-06,0.999007,0.000896239,9.9655e-06,6.36441e-05,0.999915,1.11322e-05
6784,0,12,1385.92,13,1419.65,2,2,0,10.2767,0.000125431,1.39368e-05,0.998567,0.00129405,1.44457e-05,9.22909e-05,0.999877,1.61373e-05
6785,0,12,1385.92,13,1421.95,2,2,9,10.2716,0.000179684,1.99561e-05,0.997946,0.00185464,2.0787e-05,0.000132853,0.999823,2.32216e-05
6786,0,12,1385.92,13,1426,2,2,9,10.2664,0.000127144,1.41147e-05,0.998546,0.00131295,1.47572e-05,9.43508e-05,0.999874,1.64859e-05
6787,0,12,1385.92,13,1426,2,2,0,10.2613,9.05608e-05,1.0049e-05,0.998964,0.000935609,1.05465e-05,6.74546e-05,0.99991,1.17822e-05
6788,0,12,1385.92,13,1426,2,2,9,10.2562,0.000130607,1.44864e-05,0.998505,0.00134997,1.52725e-05,9.77179e-05,0.99987,1.70624e-05
6789,0,12,1385.92,13,1426,2,2,0,10.2511,9.29596e-05,1.03061e-05,0.998935,0.00096129,1.09049e-05,6.97989e-05,0.999907,1.21832e-05
6790,0,12,1385.92,13,1426,2,2,0,10.2459,0.000134006,1.48502e-05,0.998465,0.00138639,1.5782e-05,0.000101053,0.999866,1.76323e-05
6791,0,12,1385.92,13,1426,2,2,0,10.2408,0.000191749,2.12399e-05,0.997802,0.00198472,2.26738e-05,0.000145236,0.999807,2.53328e-05
6792,0,12,1385.92,13,1426,2,2,0,10.2357,0.00027237,3.01569e-05,0.996877,0.00282051,3.23425e-05,0.000207244,0.999724,3.61361e-05
6793,0,12,1385.92,13,1426,2,2,0,10.2306,0.000384075,4.25063e-05,0.995594,0.00397913,4.58105e-05,0.000293654,0.999609,5.1185e-05
6794,0,12,1385.92,13,1426,2,2,9,10.2255,0.000537665,5.94781e-05,0.99383,0.00557298,6.44399e-05,0.000413226,0.99945,7.20015e-05
6795,0,12,1385.92,13,1431.52,2,2,9,10.2203,0.000372391,4.11768e-05,0.995725,0.00386168,4.4694e-05,0.00028671,0.999619,4.99397e-05
6796,0,12,1385.92,13,1431.52,2,2,0,10.2152,0.000259628,2.86955e-05,0.997018,0.0026936,3.12191e-05,0.000200344,0.999734,3.4884e-05
6797,0,12,1385.92,13,1431.52,2,2,0,10.2101,0.00036653,4.04931e-05,0.995789,0.00380447,4.42555e-05,0.000284108,0.999622,4.94519e-05
6798,0,12,1385.92,13,1431.52,2,2,0,10.205,0.000513693,5.67262e-05,0.994095,0.00533447,6.23026e-05,0.000400115,0.999468,6.96196e-05
6799,0,12,1385.92,13,1431.52,2,2,0,10.1999,0.000714699,7.88881e-05,0.991781,0.0074253,8.71142e-05,0.000559666,0.999256,9.73474e-05
6800,0,12,1385.92,13,1431.52,3,2,9,10.1948,0.000987038,0.000108901,0.988645,0.0102596,0.000120995,0.00077762,0.998966,0.000135211
6801,0,12,1385.92,13,1433.59,2,2,9,10.1897,0.00097262,0.000107263,0.97555,0.0233697,8.28353e-05,0.000532572,0.999292,9.257e-05
6802,0,12,1385.92,13,1418.27,2,2,13,10.1846,0.000668975,7.37435e-05,0.983173,0.016084,5.71257e-05,0.000367415,0.999512,6.38405e-05
6803,0,12,1385.92,13,1418.27,2,2,0,10.1795,0.000339556,3.7414e-05,0.991454,0.00816909,2.90495e-05,0.000186907,0.999752,3.24648e-05
6804,0,12,1385.92,13,1418.27,2,2,0,10.1744,0.00047583,5.24062e-05,0.988017,0.0114549,4.12474e-05,0.000265488,0.999647,4.60978e-05
6805,0,12,1385.92,13,1418.27,2,2,0,10.1694,0.000661485,7.28214e-05,0.983331,0.0159343,5.8161e-05,0.000374492,0.999502,6.50018e-05
6806,0,12,1385.92,13,1415.32,2,2,13,10.1643,0.000911991,0.000100355,0.977005,0.0219827,8.14517e-05,0.000524653,0.999303,9.10339e-05
6807,0,12,1385.92,13,1417.19,2,2,9,10.1592,0.000461171,5.07245e-05,0.988365,0.0111232,4.11053e-05,0.000264869,0.999648,4.59421e-05
6808,0,12,1385.92,13,1412.98,2,2,13,10.1541,0.000320452,3.52312e-05,0.99191,0.00773405,2.87213e-05,0.00018514,0.999754,3.21015e-05
6809,0,12,1385.92,13,1412.98,2,2,0,10.149,0.000164179,1.80422e-05,0.995853,0.00396496,1.47884e-05,9.53627e-05,0.999873,1.65292e-05
6810,0,12,1385.92,13,1412.98,2,2,9,10.144,0.000233873,2.56898e-05,0.994089,0.00565168,2.12854e-05,0.00013731,0.999818,2.37916e-05
6811,0,12,1385.92,13,1408.96,2,2,13,10.1389,0.000164379,1.80482e-05,0.995843,0.00397484,1.50619e-05,9.71992e-05,0.999871,1.68357e-05
6812,0,12,1385.92,13,1408.96,2,2,9,10.1338,8.51353e-05,9.34342e-06,0.997846,0.00205997,7.85053e-06,5.06807e-05,0.999933,8.77526e-06
6813,0,12,1385.92,13,1409.54,2,2,9,10.1287,6.09689e-05,6.68826e-06,0.998456,0.00147617,5.66455e-06,3.65823e-05,0.999951,6.33193e-06
6814,0,12,1385.92,13,1423.59,2,2,9,10.1237,4.39401e-05,4.81807e-06,0.998887,0.00106455,4.11328e-06,2.65739e-05,0.999965,4.59799e-06
6815,0,12,1385.92,13,1411.27,2,2,13,10.1186,3.18665e-05,3.49265e-06,0.999192,0.00077253,3.00547e-06,1.94242e-05,0.999974,3.35972e-06
6816,0,12,1385.92,13,1411.71,2,2,9,10.1136,1.70114e-05,1.86366e-06,0.999568,0.000412664,1.6161e-06,1.04487e-05,0.999986,1.80663e-06
6817,0,12,1385.92,13,1411.71,2,2,0,10.1085,1.25662e-05,1.37607e-06,0.999681,0.000305029,1.20262e-06,7.77827e-06,0.99999,1.34443e-06
6818,0,12,1385.92,13,1414,2,2,9,10.1034,1.88726e-05,2.06574e-06,0.999521,0.000458399,1.81968e-06,1.17737e-05,0.999984,2.0343e-06
6819,0,12,1385.92,13,1409.77,2,2,13,10.0984,1.39098e-05,1.52185e-06,0.999646,0.000338072,1.35064e-06,8.74211e-06,0.999988,1.50996e-06
6820,0,12,1385.92,13,1409.77,2,2,0,10.0933,7.54181e-06,8.24774e-07,0.999808,0.000183418,7.3734e-07,4.77428e-06,0.999994,8.2434e-07
6821,0,12,1385.92,13,1409.77,2,2,0,10.0883,1.14437e-05,1.25094e-06,0.999709,0.000278491,1.12663e-06,7.29765e-06,0.99999,1.25959e-06
6822,0,12,1385.92,13,1409.77,2,2,0,10.0833,1.72214e-05,1.88167e-06,0.999562,0.000419362,1.7071e-06,1.10617e-05,0.999985,1.90861e-06
6823,0,12,1385.92,13,1409.77,2,2,9,10.0782,2.57062e-05,2.80751e-06,0.999345,0.000626378,2.56551e-06,1.66304e-05,0.999978,2.86841e-06
6824,0,12,1385.92,13,1409.77,2,2,0,10.0732,1.88219e-05,2.05472e-06,0.99952,0.000458921,1.89025e-06,1.22577e-05,0.999984,2.11347e-06
6825,0,12,1385.92,13,1409.77,2,2,9,10.0681,2.80473e-05,3.06048e-06,0.999285,0.000684297,2.8352e-06,1.83923e-05,0.999976,3.17008e-06
6826,0,12,1385.92,13,1409.77,2,2,0,10.0631,2.04966e-05,2.23557e-06,0.999477,0.000500395,2.08436e-06,1.35265e-05,0.999982,2.33061e-06
6827,0,12,1385.92,13,1408.96,2,2,13,10.0581,3.0493e-05,3.3244e-06,0.999221,0.000744919,3.12047e-06,2.0258e-05,0.999973,3.4892e-06
6828,0,12,1385.92,13,1408.96,2,2,9,10.053,1.62596e-05,1.77186e-06,0.999585,0.000397462,1.67318e-06,1.08663e-05,0.999986,1.87094e-06
6829,0,12,1385.92,13,1408.96,2,2,0,10.048,1.20066e-05,1.30782e-06,0.999693,0.000293686,1.24257e-06,8.07277e-06,0.999989,1.38946e-06
6830,0,12,1385.92,13,1408.96,2,2,0,10.043,1.80564e-05,1.96592e-06,0.999538,0.00044195,1.87956e-06,1.22158e-05,0.999984,2.1018e-06
6831,0,12,1385.92,13,1408.96,2,2,9,10.038,2.6935e-05,2.93129e-06,0.99931,0.000659684,2.81997e-06,1.83346e-05,0.999976,3.15348e-06
6832,0,12,1385.92,13,1408.96,2,2,0,10.033,1.96871e-05,2.14156e-06,0.999496,0.000482479,2.07199e-06,1.34765e-05,0.999982,2.31709e-06
6833,0,12,1385.92,13,1408.52,2,2,13,10.0279,2.93188e-05,3.18789e-06,0.999249,0.000718987,3.10286e-06,2.0189e-05,0.999973,3.46997e-06
6834,0,12,1385.92,13,1408.52,2,2,0,10.0229,1.56297e-05,1.6987e-06,0.999599,0.000383535,1.66218e-06,1.08191e-05,0.999986,1.85888e-06
6835,0,12,1385.92,13,1408.52,2,2,9,10.0179,2.33859e-05,2.54054e-06,0.9994,0.00057423,2.50019e-06,1.62799e-05,0.999978,2.79613e-06
6836,0,12,1385.92,13,1408.52,2,2,0,10.0129,1.71334e-05,1.86047e-06,0.99956,0.000420971,1.84058e-06,1.19894e-05,0.999984,2.05849e-06
6837,0,12,1385.92,13,1408.52,2,2,0,10.0079,2.55906e-05,2.77757e-06,0.999342,0.000629169,2.76312e-06,1.80054e-05,0.999976,3.09031e-06
6838,0,12,1385.92,13,1408.52,2,2,0,10.0029,3.79173e-05,4.11367e-06,0.999025,0.00093283,4.1149e-06,2.68241e-05,0.999964,4.60227e-06
6839,0,12,1385.92,13,1408.52,2,2,0,9.99789,5.57396e-05,6.04455e-06,0.998566,0.00137217,6.08001e-06,3.96491e-05,0.999947,6.80028e-06
6840,0,12,1385.92,13,1407.6,2,2,13,9.99289,8.13022e-05,8.81271e-06,0.997907,0.00200274,8.91458e-06,5.81558e-05,0.999923,9.97088e-06
6841,0,12,1385.92,13,1407.6,2,2,0,9.9879,4.2452e-05,4.59951e-06,0.998907,0.0010464,4.67108e-06,3.0484e-05,0.99996,5.22468e-06
6842,0,12,1385.92,13,1407.6,2,2,0,9.9829,6.22698e-05,6.7437e-06,0.998395,0.00153588,6.88507e-06,4.49497e-05,0.99994,7.70124e-06
6843,0,12,1385.92,13,1407.6,2,2,0,9.97791,9.06311e-05,9.81081e-06,0.997663,0.00223684,1.0071e-05,6.57738e-05,0.999913,1.12651e-05
6844,0,12,1385.92,13,1407.6,2,2,9,9.97292,0.000130895,1.41631e-05,0.996622,0.00323266,1.46208e-05,9.55247e-05,0.999873,1.63547e-05
6845,0,12,1385.92,13,1406.29,2,2,13,9.96794,9.26673e-05,1.00223e-05,0.997607,0.00229003,1.03834e-05,6.78648e-05,0.99991,1.1615e-05
6846,0,12,1385.92,13,1406.29,2,2,0,9.96295,4.82274e-05,5.21366e-06,0.998754,0.00119258,5.41956e-06,3.54351e-05,0.999953,6.06254e-06
6847,0,12,1385.92,13,1406.29,2,2,0,9.95797,7.0571e-05,7.62573e-06,0.998176,0.00174622,7.96597e-06,5.21041e-05,0.999931,8.91126e-06
6848,0,12,1385.92,13,1406.29,2,2,9,9.95299,0.000102468,1.10675e-05,0.997349,0.0025371,1.16201e-05,7.60336e-05,0.999899,1.29993e-05
6849,0,12,1385.92,13,1406.29,2,2,0,9.94801,7.2849e-05,7.86487e-06,0.998114,0.0018049,8.28613e-06,5.4239e-05,0.999928,9.26983e-06
6850,0,12,1385.92,13,1406.29,2,2,9,9.94304,0.000105714,1.14079e-05,0.997262,0.00262083,1.20784e-05,7.90917e-05,0.999895,1.35126e-05
6851,0,12,1385.92,13,1406.29,2,2,0,9.93807,7.50964e-05,8.10029e-06,0.998054,0.00186297,8.6044e-06,5.63647e-05,0.999925,9.62632e-06
6852,0,12,1385.92,13,1406.29,2,2,0,9.9331,0.000108914,1.17429e-05,0.997176,0.00270366,1.25336e-05,8.21347e-05,0.999891,1.40225e-05
6853,0,12,1385.92,13,1406.29,2,2,9,9.92813,0.000156749,1.68927e-05,0.995933,0.00389358,1.81219e-05,0.0001188,0.999843,2.02751e-05
6854,0,12,1385.92,13,1406.29,2,2,9,9.92317,0.000110493,1.19024e-05,0.997131,0.00274636,1.28023e-05,8.39584e-05,0.999889,1.43238e-05
6855,0,12,1385.92,13,1405.31,2,2,13,9.91821,7.83926e-05,8.44078e-06,0.997963,0.00194975,9.10552e-06,5.97372e-05,0.999921,1.01879e-05
6856,0,12,1385.92,13,1405.31,2,2,0,9.91325,4.08584e-05,4.39739e-06,0.998938,0.00101687,4.75659e-06,3.12175e-05,0.999959,5.32211e-06
6857,0,12,1385.92,13,1405.31,2,2,0,9.90829,6.00117e-05,6.45589e-06,0.998439,0.00149451,7.01164e-06,4.60348e-05,0.999939,7.84545e-06
6858,0,12,1385.92,13,1405.31,2,2,9,9.90334,8.74585e-05,9.40434e-06,0.997724,0.00217943,1.02569e-05,6.73667e-05,0.999911,1.14769e-05
6859,0,12,1385.92,13,1405.31,2,2,0,9.89839,6.23017e-05,6.69626e-06,0.998377,0.00155353,7.32387e-06,4.81209e-05,0.999936,8.19517e-06
6860,0,12,1385.92,13,1406.12,2,2,9,9.89344,9.07326e-05,9.74771e-06,0.997636,0.00226393,1.0705e-05,7.03628e-05,0.999907,1.19788e-05
6861,0,12,1385.92,13,1406.12,2,2,0,9.88849,6.4575e-05,6.93442e-06,0.998316,0.00161229,7.63564e-06,5.02072e-05,0.999934,8.54443e-06
6862,0,12,1385.92,13,1408.41,2,2,9,9.88355,9.39811e-05,1.00877e-05,0.997548,0.00234801,1.11521e-05,7.3357e-05,0.999903,1.24797e-05
6863,0,12,1385.92,13,1408.41,2,2,0,9.8786,6.68281e-05,7.16995e-06,0.998255,0.0016707,7.94635e-06,5.22896e-05,0.999931,8.89251e-06
6864,0,12,1385.92,13,1408.9,2,2,9,9.87366,9.71986e-05,1.04237e-05,0.997461,0.00243152,1.15974e-05,7.63436e-05,0.999899,1.29786e-05
6865,0,12,1385.92,13,1408.9,2,2,9,9.86873,6.90571e-05,7.40249e-06,0.998195,0.00172865,8.25537e-06,5.43641e-05,0.999928,9.23875e-06
6866,0,12,1385.92,13,1408.9,2,2,0,9.86379,4.93812e-05,5.29099e-06,0.998708,0.00123691,5.91539e-06,3.89693e-05,0.999948,6.62018e-06
6867,0,12,1385.92,13,1408.9,2,2,0,9.85886,7.22772e-05,7.74075e-06,0.998108,0.00181158,8.68474e-06,5.72347e-05,0.999924,9.7197e-06
6868,0,12,1385.92,13,1408.9,2,2,0,9.85393,0.00010497,1.1237e-05,0.997251,0.0026327,1.26542e-05,8.34261e-05,0.99989,1.41625e-05
6869,0,12,1385.92,13,1408.9,2,2,0,9.84901,0.000151276,1.61869e-05,0.996036,0.00379653,1.83013e-05,0.000120702,0.999841,2.04832e-05
6870,0,12,1385.92,13,1408.9,2,2,0,9.84408,0.000216332,2.31377e-05,0.994328,0.00543273,2.6276e-05,0.000173362,0.999771,2.94093e-05
6871,0,12,1385.92,13,1408.9,2,2,0,9.83916,0.000306974,3.28176e-05,0.991946,0.00771399,3.74563e-05,0.00024722,0.999673,4.19238e-05
6872,0,12,1385.92,13,1408.9,2,2,0,9.83424,0.000432181,4.61824e-05,0.988654,0.0108673,5.30197e-05,0.000350074,0.999538,5.93448e-05
6873,0,12,1385.92,13,1408.9,2,2,0,9.82932,0.000603579,6.44689e-05,0.984145,0.015187,7.45332e-05,0.000492307,0.99935,8.34266e-05
6874,0,12,1385.92,13,1408.9,2,2,0,9.82441,0.000835955,8.92493e-05,0.978027,0.0210475,0.000104067,0.000687644,0.999092,0.000116487
6875,0,12,1385.92,13,1408.09,2,2,13,9.81949,0.00114773,0.00012248,0.969814,0.0289159,0.000144336,0.000954092,0.99874,0.000161566
6876,0,12,1385.92,13,1408.09,2,2,9,9.81459,0.000573245,6.11467e-05,0.984914,0.0144517,7.11739e-05,0.000470651,0.999379,7.96718e-05
6877,0,12,1385.92,13,1408.09,2,2,0,9.80968,0.000394202,4.20299e-05,0.989619,0.00994438,4.88168e-05,0.000322933,0.999574,5.46466e-05
6878,0,12,1385.92,13,1408.09,2,2,0,9.80477,0.000551852,5.88122e-05,0.985459,0.0139303,6.87483e-05,0.000454955,0.999399,7.69601e-05
6879,0,12,1385.92,13,1406.78,2,2,13,9.79987,0.000766197,8.16189e-05,0.979799,0.0193535,9.61595e-05,0.000636595,0.99916,0.000107648
6880,0,12,1385.92,13,1406.78,2,2,0,9.79497,0.000383573,4.08417e-05,0.989881,0.00969502,4.77565e-05,0.000316277,0.999583,5.34634e-05
6881,0,12,1385.92,13,1406.78,2,2,0,9.79007,0.000537378,5.71927e-05,0.985814,0.0135913,6.72905e-05,0.000445813,0.999412,7.53332e-05
6882,0,12,1385.92,13,1406.78,2,2,0,9.78518,0.000746678,7.94327e-05,0.980277,0.0188971,9.41691e-05,0.000624125,0.999176,0.000105427
6883,0,12,1385.92,13,1406.78,2,2,0,9.78029,0.00102861,0.000109376,0.972813,0.0260492,0.000130902,0.000867907,0.998855,0.000146554
6884,0,12,1385.92,13,1406.78,2,2,9,9.7754,0.00140418,0.000149245,0.962863,0.0355831,0.000180763,0.00119895,0.998418,0.000202382
6885,0,12,1385.92,13,1406.29,2,2,13,9.77051,0.000954527,0.000101408,0.97474,0.0242043,0.000121641,0.000807118,0.998935,0.000136192
6886,0,12,1385.92,13,1406.29,2,2,9,9.76562,0.00047651,5.0601e-05,0.987382,0.0120908,6.00741e-05,0.000398757,0.999474,6.7262e-05
6887,0,12,1385.92,13,1410.82,2,2,9,9.76074,0.000328288,3.48455e-05,0.991302,0.00833528,4.12942e-05,0.000274205,0.999638,4.62361e-05
6888,0,12,1385.92,13,1410.82,2,2,9,9.75586,0.00022755,2.4142e-05,0.993967,0.00578126,2.8592e-05,0.00018993,0.999749,3.20145e-05
6889,0,12,1385.92,13,1410.82,2,2,9,9.75098,0.000158729,1.68329e-05,0.995789,0.00403537,1.99387e-05,0.000132499,0.999825,2.23259e-05
6890,0,12,1385.92,13,1410.82,2,2,0,9.74611,0.000111443,1.18131e-05,0.997042,0.00283507,1.40021e-05,9.30831e-05,0.999877,1.56788e-05
6891,0,12,1385.92,13,1410.82,2,2,9,9.74123,0.000160531,1.70087e-05,0.995736,0.00408647,2.0223e-05,0.00013449,0.999823,2.26452e-05
6892,0,12,1385.92,13,1419.97,2,2,9,9.73636,0.000112661,1.19314e-05,0.997006,0.00286976,1.41945e-05,9.44338e-05,0.999875,1.5895e-05
6893,0,12,1385.92,13,1419.97,2,2,0,9.73149,7.95849e-05,8.42468e-06,0.997883,0.00202854,1.00319e-05,6.67659e-05,0.999912,1.1234e-05
6894,0,12,1385.92,13,1419.97,2,2,0,9.72663,0.000115462,1.22171e-05,0.996927,0.00294492,1.45864e-05,9.71148e-05,0.999872,1.63346e-05
6895,0,12,1385.92,13,1435.64,2,2,9,9.72177,0.000166219,1.75798e-05,0.995574,0.00424225,2.10523e-05,0.000140217,0.999815,2.3576e-05
6896,0,12,1385.92,13,1413.62,2,2,13,9.7169,0.00011653,1.23189e-05,0.996895,0.002976,1.47581e-05,9.83328e-05,0.99987,1.65277e-05
6897,0,12,1385.92,13,1414.06,2,2,9,9.71205,5.9876e-05,6.32696e-06,0.998404,0.00153014,7.58114e-06,5.0532e-05,0.999933,8.49034e-06
6898,0,12,1385.92,13,1408.17,2,2,13,9.70719,4.27901e-05,4.5195e-06,0.998858,0.00109422,5.42173e-06,3.61521e-05,0.999952,6.07208e-06
6899,0,12,1385.92,13,1408.17,2,2,0,9.70234,2.23989e-05,2.36471e-06,0.999402,0.000573149,2.83977e-06,1.89428e-05,0.999975,3.18048e-06
6900,0,12,1385.92,13,1408.17,2,2,9,9.69748,3.33532e-05,3.51961e-06,0.999109,0.000854005,4.2344e-06,2.82565e-05,0.999963,4.74255e-06
6901,0,12,1385.92,13,1411.37,2,2,9,9.69264,2.41012e-05,2.54214e-06,0.999356,0.000617508,3.06233e-06,2.04429e-05,0.999973,3.4299e-06
6902,0,12,1385.92,13,1414.94,2,2,9,9.68779,1.7525e-05,1.84767e-06,0.999531,0.000449309,2.22869e-06,1.48835e-05,0.99998,2.49625e-06
6903,0,12,1385.92,13,1414.94,2,2,0,9.68295,1.28219e-05,1.35121e-06,0.999657,0.000328943,1.63203e-06,1.09031e-05,0.999986,1.82801e-06
6904,0,12,1385.92,13,1408.23,2,2,13,9.6781,1.931e-05,2.03402e-06,0.999483,0.000495714,2.46068e-06,1.64453e-05,0.999978,2.75622e-06
6905,0,12,1385.92,13,1408.23,2,2,0,9.67327,1.02551e-05,1.07974e-06,0.999725,0.000263434,1.30776e-06,8.74335e-06,0.999988,1.46486e-06
6906,0,12,1385.92,13,1408.23,2,2,0,9.66843,1.55145e-05,1.63275e-06,0.999584,0.000398796,1.98054e-06,1.32465e-05,0.999983,2.21852e-06
6907,0,12,1385.92,13,1408.23,2,2,0,9.66359,2.32787e-05,2.44877e-06,0.999376,0.000598763,2.97498e-06,1.99051e-05,0.999974,3.33252e-06
6908,0,12,1385.92,13,1408.29,2,2,9,9.65876,3.46468e-05,3.64297e-06,0.99907,0.000891747,4.43297e-06,2.96716e-05,0.999961,4.96585e-06
6909,0,12,1385.92,13,1408.29,2,2,0,9.65393,2.49962e-05,2.62706e-06,0.999329,0.000643775,3.20011e-06,2.14278e-05,0.999972,3.58487e-06
6910,0,12,1385.92,13,1408.78,2,2,9,9.64911,3.71525e-05,3.90292e-06,0.999001,0.000957482,4.76183e-06,3.1897e-05,0.999958,5.33448e-06
6911,0,12,1385.92,13,1419.93,2,2,9,9.64428,2.67617e-05,2.81008e-06,0.99928,0.000690142,3.43187e-06,2.29971e-05,0.99997,3.84467e-06
6912,0,12,1385.92,13,1419.93,2,2,9,9.63946,1.93991e-05,2.03606e-06,0.999478,0.000500598,2.48916e-06,1.66863e-05,0.999978,2.78863e-06
6913,0,12,1385.92,13,1419.93,2,2,0,9.63464,1.41497e-05,1.48444e-06,0.999619,0.000365374,1.81672e-06,1.21831e-05,0.999984,2.03533e-06
6914,0,12,1385.92,13,1413.31,2,2,13,9.62982,2.12757e-05,2.23101e-06,0.999427,0.000549737,2.73413e-06,1.83424e-05,0.999976,3.06321e-06
6915,0,12,1385.92,13,1413.31,2,2,0,9.62501,1.12586e-05,1.18006e-06,0.999696,0.000291097,1.44748e-06,9.71439e-06,0.999987,1.62174e-06
6916,0,12,1385.92,13,1433.11,2,2,9,9.6202,1.70072e-05,1.7818e-06,0.999541,0.000440017,2.18839e-06,1.46924e-05,0.999981,2.4519e-06
6917,0,12,1385.92,13,1433.11,2,2,0,9.61539,1.24319e-05,1.30187e-06,0.999664,0.000321854,1.60054e-06,1.07498e-05,0.999986,1.79331e-06
6918,0,12,1385.92,13,1432.13,2,2,13,9.61058,1.8744e-05,1.96198e-06,0.999494,0.000485584,2.41513e-06,1.62271e-05,0.999979,2.70606e-06
6919,0,12,1385.92,13,1413.2,2,2,13,9.60577,9.9367e-06,1.03963e-06,0.999731,0.000257589,1.28083e-06,8.60907e-06,0.999989,1.43515e-06
6920,0,12,1385.92,13,1413.2,2,2,0,9.60097,5.33285e-06,5.577e-07,0.999856,0.000138333,6.8773e-07,4.62432e-06,0.999994,7.70611e-07
6921,0,12,1385.92,13,1421.2,2,2,9,9.59617,8.17811e-06,8.54866e-07,0.999779,0.000212277,1.05535e-06,7.09891e-06,0.999991,1.18256e-06
6922,0,12,1385.92,13,1421.2,2,2,0,9.59137,6.06177e-06,6.33357e-07,0.999836,0.000157446,7.82641e-07,5.26652e-06,0.999993,8.76999e-07
6923,0,12,1385.92,13,1421.2,2,2,0,9.58658,9.27297e-06,9.68438e-07,0.999749,0.00024101,1.19799e-06,8.06456e-06,0.999989,1.34246e-06
6924,0,12,1385.92,13,1421.2,2,2,0,9.58178,1.40663e-05,1.46837e-06,0.999619,0.000365829,1.81843e-06,1.22458e-05,0.999984,2.03776e-06
6925,0,12,1385.92,13,1422.32,2,2,9,9.57699,2.11614e-05,2.20802e-06,0.999426,0.000550714,2.73753e-06,1.84424e-05,0.999976,3.06779e-06
6926,0,12,1385.92,13,1422.32,2,2,9,9.5722,1.53875e-05,1.60484e-06,0.999582,0.000400714,1.99127e-06,1.34201e-05,0.999982,2.23155e-06
6927,0,12,1385.92,13,1424.84,2,2,9,9.56742,1.12582e-05,1.17365e-06,0.999694,0.000293372,1.45744e-06,9.82606e-06,0.999987,1.63334e-06
6928,0,12,1385.92,13,1424.84,2,2,0,9.56263,8.28703e-06,8.63515e-07,0.999775,0.000216088,1.0732e-06,7.23832e-06,0.99999,1.20276e-06
6929,0,12,1385.92,13,1424.84,2,2,0,9.55785,1.26012e-05,1.31247e-06,0.999657,0.000328798,1.6328e-06,1.10168e-05,0.999986,1.82995e-06
6930,0,12,1385.92,13,1424.84,2,2,0,9.55307,1.90026e-05,1.9783e-06,0.999483,0.000496149,2.4637e-06,1.66294e-05,0.999978,2.76124e-06
6931,0,12,1385.92,13,1424.84,2,2,0,9.5483,2.84223e-05,2.95761e-06,0.999226,0.000742577,3.68737e-06,2.48983e-05,0.999967,4.13278e-06
6932,0,12,1385.92,13,1424.84,2,2,0,9.54352,4.21701e-05,4.38622e-06,0.998851,0.00110248,5.47503e-06,3.69833e-05,0.999951,6.13652e-06
6933,0,12,1385.92,13,1424.84,2,2,9,9.53875,6.20723e-05,6.45336e-06,0.998308,0.00162385,8.06614e-06,5.45069e-05,0.999928,9.0409e-06
6934,0,12,1385.92,13,1425.66,2,2,9,9.53398,4.41603e-05,4.58906e-06,0.998795,0.00115602,5.73788e-06,3.87884e-05,0.999949,6.43142e-06
6935,0,12,1385.92,13,1425.66,2,2,0,9.52921,3.16219e-05,3.28461e-06,0.999137,0.000828332,4.10879e-06,2.77863e-05,0.999963,4.60552e-06
6936,0,12,1385.92,13,1416.51,2,2,13,9.52445,4.68235e-05,4.8614e-06,0.998721,0.00122734,6.0884e-06,4.11895e-05,0.999946,6.82462e-06
6937,0,12,1385.92,13,1416.51,2,2,0,9.51969,2.43105e-05,2.52288e-06,0.999336,0.000637644,3.16019e-06,2.13876e-05,0.999972,3.54241e-06
6938,0,12,1385.92,13,1416.51,2,2,0,9.51493,3.61914e-05,3.75413e-06,0.99901,0.000949889,4.70748e-06,3.18716e-05,0.999958,5.27696e-06
6939,0,12,1385.92,13,1416.51,2,2,9,9.51017,5.34493e-05,5.54179e-06,0.998537,0.00140376,6.95738e-06,4.71224e-05,0.999938,7.79921e-06
6940,0,12,1385.92,13,1416.51,2,2,9,9.50541,3.81116e-05,3.94973e-06,0.998956,0.0010016,4.96024e-06,3.36086e-05,0.999956,5.56055e-06
6941,0,12,1385.92,13,1416.51,2,2,0,9.50066,2.73516e-05,2.83333e-06,0.999251,0.000719288,3.55974e-06,2.41286e-05,0.999968,3.99064e-06
6942,0,12,1385.92,13,1416.71,2,2,9,9.49591,4.06282e-05,4.20673e-06,0.998886,0.00106913,5.29078e-06,3.58756e-05,0.999953,5.93136e-06
6943,0,12,1385.92,13,1416.71,2,2,9,9.49116,2.91152e-05,3.01328e-06,0.999201,0.000766668,3.79123e-06,2.57174e-05,0.999966,4.25036e-06
6944,0,12,1385.92,13,1418.83,2,2,9,9.48642,2.09988e-05,2.17229e-06,0.999424,0.000553306,2.73436e-06,1.85554e-05,0.999976,3.06557e-06
6945,0,12,1385.92,13,1418.83,2,2,0,9.48167,1.52407e-05,1.57591e-06,0.999581,0.000401848,1.98469e-06,1.34732e-05,0.999982,2.22514e-06
6946,0,12,1385.92,13,1418.83,2,2,0,9.47693,2.29095e-05,2.36779e-06,0.99937,0.000604443,2.98451e-06,2.02683e-05,0.999973,3.34616e-06
6947,0,12,1385.92,13,1419.24,2,2,9,9.4722,3.41578e-05,3.52876e-06,0.999061,0.000901809,4.452e-06,3.02459e-05,0.99996,4.9916e-06
6948,0,12,1385.92,13,1419.24,2,2,0,9.46746,2.45483e-05,2.53487e-06,0.999324,0.000648531,3.19927e-06,2.17435e-05,0.999971,3.58711e-06
6949,0,12,1385.92,13,1415.24,2,2,13,9.46273,3.65532e-05,3.77279e-06,0.998993,0.000966315,4.76607e-06,3.24045e-05,0.999957,5.34399e-06
6950,0,12,1385.92,13,1415.24,2,2,0,9.45799,1.90268e-05,1.96293e-06,0.999476,0.00050332,2.48007e-06,1.68685e-05,0.999978,2.78086e-06
6951,0,12,1385.92,13,1415.24,2,2,0,9.45327,2.84791e-05,2.93676e-06,0.999215,0.000753856,3.71357e-06,2.52679e-05,0.999967,4.16405e-06
6952,0,12,1385.92,13,1415.24,2,2,0,9.44854,4.22842e-05,4.35836e-06,0.998833,0.00112002,5.51642e-06,3.75493e-05,0.999951,6.18575e-06
6953,0,12,1385.92,13,1420.05,2,2,9,9.44381,6.2283e-05,6.41679e-06,0.99828,0.00165083,8.13073e-06,5.53657e-05,0.999927,9.11746e-06
6954,0,12,1385.92,13,1420.05,2,2,0,9.43909,4.42132e-05,4.55304e-06,0.998779,0.00117265,5.76964e-06,3.93031e-05,0.999948,6.46998e-06
6955,0,12,1385.92,13,1420.05,2,2,0,9.43437,6.507e-05,6.69783e-06,0.998201,0.00172696,8.49689e-06,5.79035e-05,0.999924,9.52849e-06
6956,0,12,1385.92,13,1416.06,2,2,13,9.42966,9.50142e-05,9.77561e-06,0.997372,0.00252333,1.24179e-05,8.46567e-05,0.999889,1.39259e-05
6957,0,12,1385.92,13,1416.06,2,2,0,9.42494,4.85097e-05,4.98868e-06,0.998657,0.00128914,6.33266e-06,4.31881e-05,0.999943,7.10183e-06
6958,0,12,1385.92,13,1416.06,2,2,0,9.42023,7.12664e-05,7.32563e-06,0.998026,0.00189514,9.30966e-06,6.35154e-05,0.999917,1.04407e-05
6959,0,12,1385.92,13,1416.06,2,2,9,9.41552,0.000103878,1.0673e-05,0.997121,0.00276417,1.35824e-05,9.27015e-05,0.999878,1.52328e-05
6960,0,12,1385.92,13,1416.06,2,2,0,9.41081,7.29749e-05,7.49442e-06,0.997976,0.00194312,9.53428e-06,6.50978e-05,0.999915,1.06931e-05
6961,0,12,1385.92,13,1416.06,2,2,9,9.4061,0.000106324,1.09144e-05,0.99705,0.00283298,1.39043e-05,9.49718e-05,0.999876,1.55946e-05
6962,0,12,1385.92,13,1415.24,2,2,13,9.4014,7.46444e-05,7.6589e-06,0.997928,0.00199018,9.75351e-06,6.66459e-05,0.999913,1.09394e-05
6963,0,12,1385.92,13,1415.24,2,2,0,9.3967,3.82428e-05,3.92212e-06,0.998938,0.00102031,4.99231e-06,3.41256e-05,0.999955,5.59945e-06
6964,0,12,1385.92,13,1415.24,2,2,0,9.392,5.64685e-05,5.78869e-06,0.99843,0.00150756,7.37521e-06,5.04337e-05,0.999934,8.27234e-06
6965,0,12,1385.92,13,1425.36,2,2,9,9.38731,8.27228e-05,8.4762e-06,0.997699,0.00220993,1.08118e-05,7.39628e-05,0.999903,1.21273e-05
6966,0,12,1385.92,13,1424.44,2,2,13,9.38261,5.83285e-05,5.97391e-06,0.998376,0.00155926,7.61853e-06,5.21377e-05,0.999932,8.54565e-06
6967,0,12,1385.92,13,1427.83,2,2,9,9.37792,3.0003e-05,3.07145e-06,0.999164,0.000802578,3.9158e-06,2.68082e-05,0.999965,4.39242e-06
6968,0,12,1385.92,13,1421.6,2,2,13,9.37323,2.15709e-05,2.20725e-06,0.999399,0.000577401,2.81462e-06,1.92767e-05,0.999975,3.15728e-06
6969,0,12,1385.92,13,1407.25,2,2,13,9.36855,1.1307e-05,1.15647e-06,0.999685,0.000302861,1.47492e-06,1.01053e-05,0.999987,1.65452e-06
6970,0,12,1385.92,13,1407.25,2,2,9,9.36386,6.00139e-06,6.13533e-07,0.999833,0.000160854,7.82697e-07,5.36466e-06,0.999993,8.78026e-07
6971,0,12,1385.92,13,1407.25,2,2,0,9.35918,4.45227e-06,4.54955e-07,0.999876,0.000119412,5.80612e-07,3.98109e-06,0.999995,6.51343e-07
6972,0,12,1385.92,13,1407.25,2,2,0,9.3545,6.86538e-06,7.0122e-07,0.999808,0.000184254,8.95315e-07,6.14128e-06,0.999992,1.00441e-06
6973,0,12,1385.92,13,1407.25,2,2,0,9.34982,1.0496e-05,1.07156e-06,0.999707,0.000281878,1.36884e-06,9.39299e-06,0.999988,1.53567e-06
6974,0,12,1385.92,13,1407.25,2,2,0,9.34515,1.59121e-05,1.62375e-06,0.999555,0.000427612,2.07535e-06,1.42465e-05,0.999981,2.32833e-06
6975,0,12,1385.92,13,1407.25,2,2,0,9.34048,2.3924e-05,2.44022e-06,0.99933,0.000643344,3.12076e-06,2.14312e-05,0.999972,3.50126e-06
6976,0,12,1385.92,13,1407.25,2,2,0,9.33581,3.56782e-05,3.63747e-06,0.999001,0.000960059,4.65514e-06,3.19805e-05,0.999958,5.22284e-06
6977,0,12,1385.92,13,1407.25,2,2,0,9.33114,5.27816e-05,5.37874e-06,0.998521,0.00142123,6.88931e-06,4.73474e-05,0.999938,7.72965e-06
6978,0,12,1385.92,13,1407.25,2,2,0,9.32647,7.74664e-05,7.89065e-06,0.997827,0.00208728,1.01171e-05,6.95575e-05,0.999909,1.13514e-05
6979,0,12,1385.92,13,1407.25,2,2,0,9.32181,0.000112804,1.14848e-05,0.996834,0.00304142,1.47448e-05,0.000101413,0.999867,1.65441e-05
6980,0,12,1385.92,13,1407.74,2,2,9,9.31715,0.000162977,1.65855e-05,0.995423,0.0043971,2.13298e-05,0.000146761,0.999808,2.39332e-05
6981,0,12,1385.92,13,1407.74,2,2,9,9.31249,0.000113278,1.15225e-05,0.996817,0.00305823,1.48038e-05,0.000101898,0.999867,1.66111e-05
6982,0,12,1385.92,13,1407.74,2,2,9,9.30783,7.92616e-05,8.05876e-06,0.997771,0.00214129,1.03477e-05,7.12529e-05,0.999907,1.16112e-05
6983,0,12,1385.92,13,1410.03,2,2,9,9.30318,5.58322e-05,5.67403e-06,0.998429,0.00150933,7.28349e-06,5.01724e-05,0.999934,8.17304e-06
6984,0,12,1385.92,13,1410.03,2,2,9,9.29853,3.95906e-05,4.02161e-06,0.998885,0.00107097,5.1618e-06,3.55709e-05,0.999953,5.79236e-06
6985,0,12,1385.92,13,1410.03,2,2,0,9.29388,2.82587e-05,2.86921e-06,0.999204,0.000764934,3.68275e-06,2.53883e-05,0.999967,4.13272e-06
6986,0,12,1385.92,13,1410.03,2,2,9,9.28923,4.20172e-05,4.2642e-06,0.998816,0.00113811,5.47707e-06,3.77726e-05,0.999951,6.14642e-06
6987,0,12,1385.92,13,1409.21,2,2,13,9.28459,2.99496e-05,3.03811e-06,0.999155,0.000811775,3.9022e-06,2.69219e-05,0.999965,4.37918e-06
6988,0,12,1385.92,13,1410.2,2,2,9,9.27994,1.55481e-05,1.57649e-06,0.999561,0.000421706,2.02471e-06,1.39742e-05,0.999982,2.27225e-06
6989,0,12,1385.92,13,1410.2,2,2,9,9.2753,1.12982e-05,1.14505e-06,0.999681,0.000306639,1.47088e-06,1.01557e-05,0.999987,1.65075e-06
6990,0,12,1385.92,13,1410.2,2,2,9,9.27067,8.2609e-06,8.36841e-07,0.999767,0.000224353,1.0752e-06,7.4266e-06,0.99999,1.20671e-06
6991,0,12,1385.92,13,1410.2,2,2,9,9.26603,6.07689e-06,6.15316e-07,0.999828,0.000165148,7.90765e-07,5.46406e-06,0.999993,8.87507e-07
6992,0,12,1385.92,13,1420.32,2,2,9,9.2614,4.49699e-06,4.55135e-07,0.999873,0.000122293,5.85055e-07,4.0442e-06,0.999995,6.56645e-07
6993,0,12,1385.92,13,1420.32,2,2,0,9.25677,3.34735e-06,3.38625e-07,0.999905,9.1089e-05,4.35398e-07,3.01086e-06,0.999996,4.88687e-07
6994,0,12,1385.92,13,1420.32,2,2,9,9.25214,5.19525e-06,5.25323e-07,0.999853,0.000141468,6.75674e-07,4.67422e-06,0.999994,7.58388e-07
6995,0,12,1385.92,13,1421.13,2,2,9,9.24751,3.85525e-06,3.89649e-07,0.999891,0.000105049,5.01289e-07,3.46919e-06,0.999995,5.62668e-07
6996,0,12,1385.92,13,1421.13,2,2,9,9.24289,2.87749e-06,2.90693e-07,0.999918,7.84584e-05,3.74073e-07,2.58978e-06,0.999997,4.19885e-07
6997,0,12,1385.92,13,1421.13,2,2,0,9.23827,2.15993e-06,2.18103e-07,0.999939,5.89323e-05,2.80731e-07,1.94432e-06,0.999997,3.15119e-07
6998,0,12,1385.92,13,1421.57,2,2,9,9.23365,3.38211e-06,3.41359e-07,0.999904,9.23397e-05,4.39509e-07,3.04517e-06,0.999996,4.93358e-07
6999,0,12,1385.92,13,1421.57,2,2,9,9.22903,2.53007e-06,2.55244e-07,0.999928,6.91227e-05,3.28712e-07,2.27839e-06,0.999997,3.68995e-07
7000,0,12,1385.92,13,1421.57,2,2,0,9.22442,1.90337e-06,1.91933e-07,0.999946,5.20355e-05,2.47236e-07,1.71432e-06,0.999998,2.7754e-07
7001,0,12,1385.92,13,1420.53,2,2,13,9.21981,2.98821e-06,3.01187e-07,0.999915,8.17473e-05,3.88079e-07,2.69196e-06,0.999996,4.35657e-07
7002,0,12,1385.92,13,1420.06,2,2,13,9.2152,1.61927e-06,1.63134e-07,0.999954,4.4327e-05,2.10242e-07,1.45894e-06,0.999998,2.36023e-07
7003,0,12,1385.92,13,1420.06,2,2,0,9.21059,8.87999e-07,8.94209e-08,0.999975,2.43249e-05,1.15269e-07,8.00196e-07,0.999999,1.29406e-07
7004,0,12,1385.92,13,1420.06,2,2,0,9.20598,1.41551e-06,1.42476e-07,0.99996,3.88006e-05,1.83706e-07,1.27578e-06,0.999998,2.06242e-07
7005,0,12,1385.92,13,1420.06,2,2,0,9.20138,2.23571e-06,2.24928e-07,0.999936,6.13238e-05,2.90094e-07,2.01539e-06,0.999997,3.25689e-07
7006,0,12,1385.92,13,1420.16,2,2,9,9.19678,3.49944e-06,3.51907e-07,0.9999,9.60506e-05,4.53981e-07,3.1552e-06,0.999996,5.09697e-07
7007,0,12,1385.92,13,1420.16,2,2,0,9.19218,2.61382e-06,2.62727e-07,0.999925,7.179e-05,3.39003e-07,2.35701e-06,0.999997,3.80616e-07
7008,0,12,1385.92,13,1420.16,2,2,0,9.18758,4.07892e-06,4.09802e-07,0.999883,0.000112104,5.28917e-07,3.67887e-06,0.999995,5.93858e-07
7009,0,12,1385.92,13,1420.16,2,2,0,9.18299,6.30948e-06,6.33611e-07,0.99982,0.000173523,8.18012e-07,5.69187e-06,0.999993,9.18469e-07
7010,0,12,1385.92,13,1420.16,2,2,0,9.1784,9.67592e-06,9.7123e-07,0.999723,0.000266284,1.25428e-06,8.73087e-06,0.999989,1.40834e-06
7011,0,12,1385.92,13,1420.16,2,2,9,9.17381,1.47132e-05,1.47618e-06,0.999579,0.00040518,1.90705e-06,1.32799e-05,0.999983,2.14135e-06
7012,0,12,1385.92,13,1420.16,2,2,0,9.16922,1.06766e-05,1.07069e-06,0.999694,0.000294213,1.38335e-06,9.63683e-06,0.999987,1.55335e-06
7013,0,12,1385.92,13,1419.73,2,2,13,9.16464,1.62043e-05,1.62428e-06,0.999535,0.000446834,2.09936e-06,1.46304e-05,0.999981,2.35739e-06
7014,0,12,1385.92,13,1419.73,2,2,0,9.16006,8.4756e-06,8.49183e-07,0.999757,0.00023387,1.09755e-06,7.65178e-06,0.99999,1.23248e-06
7015,0,12,1385.92,13,1419.73,2,2,0,9.15548,1.29241e-05,1.29429e-06,0.999629,0.000356855,1.67338e-06,1.16708e-05,0.999985,1.87914e-06
7016,0,12,1385.92,13,1419.73,2,2,9,9.1509,1.95428e-05,1.95622e-06,0.999439,0.000539969,2.53016e-06,1.76532e-05,0.999977,2.84134e-06
7017,0,12,1385.92,13,1419.73,2,2,0,9.14632,1.40946e-05,1.41021e-06,0.999595,0.000389694,1.82404e-06,1.27315e-05,0.999983,2.04842e-06
7018,0,12,1385.92,13,1419.73,2,2,0,9.14175,2.12776e-05,2.12791e-06,0.999388,0.000588681,2.75343e-06,1.92259e-05,0.999975,3.09221e-06
7019,0,12,1385.92,13,1419.73,2,2,9,9.13718,3.18582e-05,3.18458e-06,0.999083,0.000881996,4.1227e-06,2.87981e-05,0.999962,4.63007e-06
7020,0,12,1385.92,13,1418.8,2,2,13,9.13261,2.27502e-05,2.27309e-06,0.999345,0.00063026,2.94252e-06,2.05622e-05,0.999973,3.30472e-06
7021,0,12,1385.92,13,1418.8,2,2,9,9.12804,1.18064e-05,1.1791e-06,0.99966,0.000327297,1.52617e-06,1.0669e-05,0.999986,1.71407e-06
7022,0,12,1385.92,13,1429.93,2,2,9,9.12348,8.59524e-06,8.58003e-07,0.999752,0.000238435,1.11066e-06,7.76732e-06,0.99999,1.24743e-06
7023,0,12,1385.92,13,1429.93,2,2,0,9.11892,6.29607e-06,6.28203e-07,0.999818,0.000174771,8.13288e-07,5.68987e-06,0.999993,9.13461e-07
7024,0,12,1385.92,13,1428.51,2,2,13,9.11436,9.66092e-06,9.63493e-07,0.999721,0.000268354,1.2477e-06,8.73248e-06,0.999989,1.40141e-06
7025,0,12,1385.92,13,1429.49,2,2,9,9.1098,5.09496e-06,5.07891e-07,0.999853,0.000141618,6.57739e-07,4.60521e-06,0.999994,7.38788e-07
7026,0,12,1385.92,13,1429.49,2,2,9,9.10525,3.76962e-06,3.75601e-07,0.999891,0.000104849,4.86485e-07,3.40749e-06,0.999996,5.46444e-07
7027,0,12,1385.92,13,1416.84,2,2,13,9.10069,2.8054e-06,2.79398e-07,0.999919,7.80818e-05,3.61933e-07,2.53608e-06,0.999997,4.0655e-07
7028,0,12,1385.92,13,1416.84,2,2,0,9.09614,1.51526e-06,1.50839e-07,0.999956,4.22018e-05,1.95424e-07,1.36987e-06,0.999998,2.1952e-07
7029,0,12,1385.92,13,1416.84,2,2,0,9.0916,2.39222e-06,2.38028e-07,0.999931,6.66706e-05,3.08442e-07,2.16295e-06,0.999997,3.46481e-07
7030,0,12,1385.92,13,1417.33,2,2,9,9.08705,3.74281e-06,3.72242e-07,0.999892,0.000104381,4.82457e-07,3.38454e-06,0.999996,5.41969e-07
7031,0,12,1385.92,13,1417.33,2,2,0,9.08251,2.78463e-06,2.76818e-07,0.999919,7.77104e-05,3.58827e-07,2.51824e-06,0.999997,4.03099e-07
7032,0,12,1385.92,13,1416.51,2,2,13,9.07797,4.34399e-06,4.31634e-07,0.999874,0.000121308,5.59622e-07,3.92894e-06,0.999995,6.28683e-07
7033,0,12,1385.92,13,1416.51,2,2,0,9.07343,2.32408e-06,2.30822e-07,0.999933,6.49443e-05,2.99296e-07,2.10208e-06,0.999997,3.36238e-07
7034,0,12,1385.92,13,1399.18,2,2,13,9.06889,3.63885e-06,3.61235e-07,0.999894,0.000101752,4.68485e-07,3.29166e-06,0.999996,5.26324e-07
7035,0,12,1385.92,13,1399.18,2,2,0,9.06435,1.95296e-06,1.93784e-07,0.999943,5.46466e-05,2.51346e-07,1.76669e-06,0.999998,2.82383e-07
7036,0,12,1385.92,13,1399.18,2,2,0,9.05982,3.06859e-06,3.04343e-07,0.999911,8.59207e-05,3.94817e-07,2.77622e-06,0.999996,4.43581e-07
7037,0,12,1385.92,13,1399.18,2,2,0,9.05529,4.77867e-06,4.73729e-07,0.999861,0.000133892,6.14678e-07,4.32389e-06,0.999994,6.90614e-07
7038,0,12,1385.92,13,1399.18,2,2,0,9.05077,7.37683e-06,7.30958e-07,0.999785,0.000206827,9.48649e-07,6.67578e-06,0.999991,1.06587e-06
7039,0,12,1385.92,13,1405.79,2,2,9,9.04624,1.12901e-05,1.1182e-06,0.999671,0.000316756,1.45159e-06,1.0219e-05,0.999987,1.63099e-06
7040,0,12,1385.92,13,1405.79,2,2,0,9.04172,8.21052e-06,8.12815e-07,0.99976,0.000230509,1.05522e-06,7.4315e-06,0.99999,1.18566e-06
7041,0,12,1385.92,13,1405.79,2,2,0,9.0372,1.25402e-05,1.24087e-06,0.999634,0.0003523,1.61135e-06,1.13526e-05,0.999985,1.81058e-06
7042,0,12,1385.92,13,1405.79,2,2,9,9.03268,1.89927e-05,1.87847e-06,0.999445,0.000533928,2.4401e-06,1.71982e-05,0.999978,2.74187e-06
7043,0,12,1385.92,13,1405.79,2,2,0,9.02816,1.36669e-05,1.3511e-06,0.999601,0.000384465,1.75504e-06,1.23746e-05,0.999984,1.97213e-06
7044,0,12,1385.92,13,1405.79,2,2,0,9.02365,2.06651e-05,2.04199e-06,0.999396,0.000581719,2.65337e-06,1.8716e-05,0.999976,2.98165e-06
7045,0,12,1385.92,13,1405.79,2,2,0,9.01914,3.09899e-05,3.06081e-06,0.999093,0.000872944,3.97891e-06,2.80769e-05,0.999963,4.47129e-06
7046,0,12,1385.92,13,1404.81,2,2,13,9.01463,4.60968e-05,4.55078e-06,0.99865,0.00129935,5.91912e-06,4.17841e-05,0.999946,6.65174e-06
7047,0,12,1385.92,13,1404.81,2,2,0,9.01012,2.34915e-05,2.31806e-06,0.999312,0.000662608,3.01354e-06,2.12814e-05,0.999972,3.38661e-06
7048,0,12,1385.92,13,1404.81,2,2,0,9.00561,3.51417e-05,3.46605e-06,0.99897,0.00099188,4.50804e-06,3.18479e-05,0.999959,5.06625e-06
7049,0,12,1385.92,13,1404.81,2,2,9,9.00111,5.21455e-05,5.14077e-06,0.99847,0.0014728,6.69028e-06,4.72833e-05,0.999939,7.51888e-06
7050,0,12,1385.92,13,1406.12,2,2,9,8.99661,3.67623e-05,3.62254e-06,0.998921,0.00103901,4.713e-06,3.33219e-05,0.999957,5.29683e-06
7051,0,12,1385.92,13,1405.31,2,2,13,8.99211,2.60911e-05,2.56981e-06,0.999233,0.000737904,3.3428e-06,2.36436e-05,0.999969,3.75698e-06
7052,0,12,1385.92,13,1405.31,2,2,9,8.98762,1.34316e-05,1.32231e-06,0.999605,0.000380124,1.71966e-06,1.21679e-05,0.999984,1.93278e-06
7053,0,12,1385.92,13,1405.31,2,2,0,8.98312,9.72074e-06,9.56545e-07,0.999714,0.000275288,1.244e-06,8.8057e-06,0.999989,1.3982e-06
7054,0,12,1385.92,13,1418.8,2,2,9,8.97863,1.48043e-05,1.45611e-06,0.999564,0.000419533,1.89419e-06,1.34133e-05,0.999983,2.12904e-06
7055,0,12,1385.92,13,1418.9,2,2,9,8.97414,1.06914e-05,1.05108e-06,0.999685,0.000303181,1.36732e-06,9.68617e-06,0.999987,1.53688e-06
7056,0,12,1385.92,13,1418.9,2,2,0,8.96965,7.76991e-06,7.63515e-07,0.999771,0.000220483,9.93268e-07,7.03914e-06,0.999991,1.11647e-06
7057,0,12,1385.92,13,1418.9,2,2,9,8.96517,1.18876e-05,1.1676e-06,0.999649,0.000337555,1.5193e-06,1.07713e-05,0.999986,1.70779e-06
7058,0,12,1385.92,13,1418.9,2,2,0,8.96069,8.61935e-06,8.462e-07,0.999746,0.000244915,1.10112e-06,7.80957e-06,0.99999,1.23775e-06
7059,0,12,1385.92,13,1418.9,2,2,0,8.95621,1.3161e-05,1.29147e-06,0.999611,0.000374214,1.68094e-06,1.19266e-05,0.999985,1.88957e-06
7060,0,12,1385.92,13,1418.9,2,2,0,8.95173,1.99273e-05,1.95453e-06,0.999411,0.000566984,2.54474e-06,1.80625e-05,0.999977,2.86064e-06
7061,0,12,1385.92,13,1418.9,2,2,0,8.94725,2.99236e-05,2.93364e-06,0.999115,0.000851976,3.82103e-06,2.71321e-05,0.999965,4.29547e-06
7062,0,12,1385.92,13,1418.9,2,2,0,8.94278,4.45695e-05,4.36746e-06,0.998681,0.00126982,5.69156e-06,4.04302e-05,0.999947,6.39841e-06
7063,0,12,1385.92,13,1418.9,2,2,9,8.93831,6.58508e-05,6.44987e-06,0.99805,0.0018774,8.41133e-06,5.97736e-05,0.999922,9.45618e-06
7064,0,12,1385.92,13,1418.9,2,2,0,8.93384,4.61456e-05,4.51771e-06,0.998633,0.00131649,5.88893e-06,4.18651e-05,0.999946,6.62061e-06
7065,0,12,1385.92,13,1419.72,2,2,9,8.92937,6.81364e-05,6.66753e-06,0.99798,0.00194517,8.69767e-06,6.18569e-05,0.99992,9.77855e-06
7066,0,12,1385.92,13,1421.83,2,2,9,8.92491,4.77056e-05,4.66609e-06,0.998585,0.00136282,6.08394e-06,4.32853e-05,0.999944,6.84016e-06
7067,0,12,1385.92,13,1421.72,2,2,13,8.92044,3.3628e-05,3.28763e-06,0.999002,0.000961304,4.28536e-06,3.05009e-05,0.99996,4.81813e-06
7068,0,12,1385.92,13,1421.72,2,2,0,8.91598,1.71785e-05,1.67867e-06,0.99949,0.000491402,2.18732e-06,1.55743e-05,0.99998,2.45931e-06
7069,0,12,1385.92,13,1421.72,2,2,9,8.91153,2.58809e-05,2.52788e-06,0.999231,0.000740834,3.295e-06,2.34706e-05,0.99997,3.70483e-06
7070,0,12,1385.92,13,1426.32,2,2,9,8.90707,1.84564e-05,1.80187e-06,0.999451,0.000528666,2.34842e-06,1.67345e-05,0.999978,2.64057e-06
7071,0,12,1385.92,13,1426.32,2,2,0,8.90262,1.3248e-05,1.29278e-06,0.999606,0.00037973,1.68483e-06,1.20106e-05,0.999984,1.89447e-06
7072,0,12,1385.92,13,1426.32,2,2,9,8.89816,2.00656e-05,1.95715e-06,0.999402,0.000575533,2.55144e-06,1.81955e-05,0.999976,2.86898e-06
7073,0,12,1385.92,13,1426.32,2,2,9,8.89372,1.43763e-05,1.40158e-06,0.999572,0.000412625,1.82705e-06,1.30347e-05,0.999983,2.05449e-06
7074,0,12,1385.92,13,1430.25,2,2,9,8.88927,1.03667e-05,1.0102e-06,0.999691,0.000297743,1.31685e-06,9.39846e-06,0.999988,1.48081e-06
7075,0,12,1385.92,13,1430.25,2,2,0,8.88482,7.52292e-06,7.32743e-07,0.999776,0.000216211,9.55182e-07,6.81989e-06,0.999991,1.07414e-06
7076,0,12,1385.92,13,1430.25,2,2,0,8.88038,1.15255e-05,1.12208e-06,0.999656,0.000331471,1.46302e-06,1.04499e-05,0.999986,1.64526e-06
7077,0,12,1385.92,13,1447.35,2,2,9,8.87594,1.75088e-05,1.7038e-06,0.999477,0.000503887,2.22209e-06,1.58779e-05,0.999979,2.49893e-06
7078,0,12,1385.92,13,1447.35,2,2,0,8.8715,1.25712e-05,1.22274e-06,0.999624,0.00036203,1.59463e-06,1.13989e-05,0.999985,1.79334e-06
7079,0,12,1385.92,13,1447.35,2,2,0,8.86707,1.90657e-05,1.85357e-06,0.99943,0.000549429,2.41799e-06,1.72913e-05,0.999978,2.71937e-06
7080,0,12,1385.92,13,1447.35,2,2,0,8.86263,2.86761e-05,2.78659e-06,0.999142,0.000826935,3.63648e-06,2.60151e-05,0.999966,4.08983e-06
7081,0,12,1385.92,13,1447.35,2,2,0,8.8582,4.27793e-05,4.15512e-06,0.998719,0.00123446,5.42511e-06,3.88262e-05,0.99995,6.10159e-06
7082,0,12,1385.92,13,1447.35,2,2,0,8.85377,6.33046e-05,6.14586e-06,0.998103,0.00182798,8.02981e-06,5.749e-05,0.999925,9.03129e-06
7083,0,12,1385.92,13,1447.35,2,2,0,8.84935,9.29305e-05,9.01786e-06,0.997213,0.00268526,1.17934e-05,8.44688e-05,0.99989,1.32646e-05
7084,0,12,1385.92,13,1447.35,2,2,0,8.84492,0.000135338,1.31269e-05,0.995938,0.00391327,1.71898e-05,0.000123169,0.99984,1.93346e-05
7085,0,12,1385.92,13,1431.47,2,2,13,8.8405,0.000195533,1.89566e-05,0.994128,0.00565761,2.48695e-05,0.000178266,0.999769,2.79732e-05
7086,0,12,1385.92,13,1429.18,2,2,13,8.83608,9.6391e-05,9.34057e-06,0.997103,0.00279088,1.222e-05,8.76281e-05,0.999886,1.37454e-05
7087,0,12,1385.92,13,1429.18,2,2,0,8.83166,4.81081e-05,4.65964e-06,0.998553,0.00139385,6.08811e-06,4.36743e-05,0.999943,6.84823e-06
7088,0,12,1385.92,13,1429.18,2,2,0,8.82725,7.10357e-05,6.87715e-06,0.997863,0.00205952,8.9922e-06,6.45327e-05,0.999916,1.01151e-05
7089,0,12,1385.92,13,1429.18,2,2,9,8.82283,0.000104055,1.00691e-05,0.996867,0.00301886,1.31796e-05,9.4621e-05,0.999877,1.48258e-05
7090,0,12,1385.92,13,1429.18,2,2,9,8.81842,7.20796e-05,6.9717e-06,0.997828,0.0020926,9.11772e-06,6.54852e-05,0.999915,1.02568e-05
7091,0,12,1385.92,13,1429.18,2,2,0,8.81401,5.02746e-05,4.8604e-06,0.998484,0.00146055,6.35306e-06,4.56468e-05,0.999941,7.14693e-06
7092,0,12,1385.92,13,1429.18,2,2,9,8.8096,7.41792e-05,7.16806e-06,0.997762,0.00215646,9.37675e-06,6.73986e-05,0.999913,1.05487e-05
7093,0,12,1385.92,13,1429.18,2,2,0,8.8052,5.16993e-05,4.99346e-06,0.998439,0.00150396,6.52838e-06,4.69435e-05,0.999939,7.3445e-06
7094,0,12,1385.92,13,1443.57,2,2,9,8.8008,7.62433e-05,7.36063e-06,0.997697,0.00221946,9.63089e-06,6.92801e-05,0.99991,1.08351e-05
7095,0,12,1385.92,13,1443.57,2,2,0,8.7964,5.30983e-05,5.12379e-06,0.998395,0.00154675,6.70019e-06,4.8217e-05,0.999938,7.53815e-06
7096,0,12,1385.92,13,1429.67,2,2,13,8.792,7.82695e-05,7.54919e-06,0.997633,0.00228152,9.87987e-06,7.11272e-05,0.999908,1.11158e-05
7097,0,12,1385.92,13,1429.67,2,2,0,8.7876,3.91461e-05,3.77392e-06,0.998815,0.00114186,4.93384e-06,3.55338e-05,0.999954,5.55115e-06
7098,0,12,1385.92,13,1429.67,2,1,0,8.78321,5.80687e-05,5.59556e-06,0.998241,0.00169496,7.32e-06,5.27398e-05,0.999932,8.23606e-06
7099,0,12,1385.92,13,1429.67,2,2,9,8.77882,8.54484e-05,8.23004e-06,0.99741,0.00249582,7.30239e-06,9.55323e-05,0.999889,8.21644e-06
7100,0,12,1385.92,13,1429.67,2,2,9,8.77443,5.93473e-05,5.71342e-06,0.9982,0.00173462,5.10519e-06,6.68221e-05,0.999922,5.74435e-06
7101,0,12,1385.92,13,1429.67,2,2,9,8.77004,4.15034e-05,3.9937e-06,0.998741,0.00121389,3.59403e-06,4.70666e-05,0.999945,4.04408e-06
7102,0,12,1385.92,13,1437.96,2,2,9,8.76566,2.92231e-05,2.8107e-06,0.999113,0.000855295,2.54751e-06,3.33788e-05,0.999961,2.86658e-06
7103,0,12,1385.92,13,1426.07,2,2,13,8.76127,2.07153e-05,1.99148e-06,0.999371,0.0006067,1.81784e-06,2.38306e-05,0.999972,2.04557e-06
7104,0,12,1385.92,13,1426.07,2,2,0,8.75689,1.06149e-05,1.02e-06,0.999677,0.000311096,9.37507e-07,1.22964e-05,0.999986,1.05498e-06
7105,0,12,1385.92,13,1426.07,2,2,0,8.75251,1.61695e-05,1.55301e-06,0.999508,0.000474205,1.43775e-06,1.88673e-05,0.999978,1.61794e-06
7106,0,12,1385.92,13,1426.07,2,2,0,8.74814,2.44251e-05,2.34482e-06,0.999256,0.000716802,2.18637e-06,2.87061e-05,0.999967,2.46045e-06
7107,0,12,1385.92,13,1426.07,2,2,0,8.74376,3.65923e-05,3.51124e-06,0.998885,0.0010746,3.2974e-06,4.33157e-05,0.99995,3.71084e-06
7108,0,12,1385.92,13,1426.17,2,2,9,8.73939,5.43759e-05,5.21522e-06,0.998342,0.00159793,4.93282e-06,6.48324e-05,0.999925,5.55144e-06
7109,0,12,1385.92,13,1426.17,2,2,0,8.73502,3.80575e-05,3.64841e-06,0.998839,0.00111914,3.47174e-06,4.56529e-05,0.999947,3.90723e-06
7110,0,12,1385.92,13,1426.17,2,2,0,8.73065,5.65123e-05,5.41505e-06,0.998275,0.00166296,5.18864e-06,6.82651e-05,0.999921,5.83962e-06
7111,0,12,1385.92,13,1426.17,2,2,0,8.72629,8.32429e-05,7.97265e-06,0.997458,0.0024512,7.69328e-06,0.00010127,0.999882,8.65871e-06
7112,0,12,1385.92,13,1426.17,2,2,0,8.72193,0.000121639,1.16446e-05,0.996282,0.00358426,1.13185e-05,0.000149066,0.999827,1.27391e-05
7113,0,12,1385.92,13,1433.71,2,2,9,8.71756,0.00017633,1.68723e-05,0.994607,0.00519931,1.65251e-05,0.000217752,0.999747,1.85997e-05
7114,0,12,1385.92,13,1433.71,2,2,9,8.71321,0.000120641,1.15383e-05,0.996308,0.00355967,1.13492e-05,0.000149625,0.999826,1.27743e-05
7115,0,12,1385.92,13,1432.07,2,2,13,8.70885,8.31103e-05,7.94502e-06,0.997455,0.00245393,7.85153e-06,0.000103566,0.99988,8.83765e-06
7116,0,12,1385.92,13,1432.07,2,2,0,8.70449,4.13825e-05,3.95415e-06,0.998732,0.0012227,3.92505e-06,5.18004e-05,0.99994,4.41812e-06
7117,0,12,1385.92,13,1436,2,2,9,8.70014,6.13614e-05,5.8604e-06,0.998119,0.00181422,5.85311e-06,7.72858e-05,0.99991,6.58855e-06
7118,0,12,1385.92,13,1436,2,2,0,8.69579,4.28043e-05,4.08616e-06,0.998687,0.00126642,4.10115e-06,5.41805e-05,0.999937,4.61657e-06
7119,0,12,1385.92,13,1436,2,2,0,8.69144,6.34307e-05,6.05234e-06,0.998053,0.00187795,6.11078e-06,8.07714e-05,0.999906,6.87892e-06
7120,0,12,1385.92,13,1436,2,2,0,8.6871,9.32432e-05,8.89277e-06,0.997135,0.00276246,9.03367e-06,0.000119467,0.999861,1.01695e-05
7121,0,12,1385.92,13,1436,2,2,0,8.68276,0.000135974,1.2962e-05,0.99582,0.00403115,1.32518e-05,0.000175341,0.999796,1.49183e-05
7122,0,12,1385.92,13,1436,2,2,0,8.67841,0.000196704,1.87423e-05,0.993949,0.00583553,1.92925e-05,0.000255401,0.999704,2.17192e-05
7123,0,12,1385.92,13,1432.5,2,2,13,8.67407,0.000282265,2.68821e-05,0.991311,0.00837951,2.78785e-05,0.000369256,0.999571,3.13858e-05
7124,0,12,1385.92,13,1432.5,2,2,0,8.66974,0.000137413,1.30807e-05,0.995767,0.0040821,1.35732e-05,0.000179873,0.999791,1.52812e-05
7125,0,12,1385.92,13,1432.5,2,2,0,8.6654,0.000198762,1.89117e-05,0.993874,0.00590859,1.97529e-05,0.000261902,0.999696,2.22391e-05
7126,0,12,1385.92,13,1432.5,2,2,0,8.66107,0.000285183,2.71218e-05,0.991204,0.00848339,2.85329e-05,0.000378511,0.999561,3.21249e-05
7127,0,12,1385.92,13,1432.5,2,2,0,8.65674,0.000405821,3.85766e-05,0.987475,0.0120802,4.09154e-05,0.000543055,0.99937,4.60674e-05
7128,0,12,1385.92,13,1444.07,2,2,9,8.65241,0.000572608,5.44055e-05,0.982316,0.0170566,5.82514e-05,0.000773549,0.999103,6.55877e-05
7129,0,12,1385.92,13,1444.07,2,2,0,8.64809,0.000383616,3.64316e-05,0.988145,0.0114348,3.89587e-05,0.000517619,0.9994,4.38663e-05
7130,0,12,1385.92,13,1444.07,2,2,0,8.64376,0.000542071,5.14556e-05,0.983238,0.0161689,5.55235e-05,0.000738087,0.999144,6.25193e-05
7131,0,12,1385.92,13,1444.07,2,2,0,8.63944,0.000759267,7.20388e-05,0.976506,0.0226629,7.85723e-05,0.00104502,0.998788,8.84742e-05
7132,0,12,1385.92,13,1444.07,2,2,0,8.63512,0.00105365,9.99226e-05,0.967375,0.0314711,0.000110415,0.00146929,0.998296,0.000124332
7133,0,12,1385.92,13,1444.07,2,2,0,8.6308,0.00144767,0.000137225,0.955146,0.0432694,0.000154095,0.0020516,0.997621,0.000173522
7134,0,12,1385.92,13,1444.07,2,2,0,8.62649,0.00196761,0.000186422,0.938996,0.0588499,0.00021359,0.00284519,0.996701,0.000240525
7135,0,12,1385.92,13,1442.43,2,2,13,8.62217,0.0026426,0.000250256,0.918015,0.0790921,0.000294057,0.0039191,0.995456,0.000331146
7136,0,12,1385.92,13,1441.2,2,2,13,8.61786,0.00127707,0.000120882,0.960354,0.0382481,0.000136629,0.0018219,0.997888,0.000153866
7137,0,12,1385.92,13,1441.2,2,2,9,8.61355,0.000611805,5.78838e-05,0.980994,0.018336,6.43599e-05,0.000858658,0.999005,7.24811e-05
7138,0,12,1385.92,13,1444.7,2,2,9,8.60925,0.000409113,3.86885e-05,0.987283,0.0122696,4.29145e-05,0.000572841,0.999336,4.83307e-05
7139,0,12,1385.92,13,1444.7,2,2,0,8.60494,0.000275164,2.60091e-05,0.991441,0.00825799,2.8839e-05,0.000385154,0.999554,3.24795e-05
7140,0,12,1385.92,13,1444.7,2,2,0,8.60064,0.000392076,3.70424e-05,0.987796,0.0117747,4.13619e-05,0.000552689,0.999359,4.65844e-05
7141,0,12,1385.92,13,1444.7,2,2,0,8.59634,0.00055394,5.23102e-05,0.982747,0.016647,5.88976e-05,0.000787414,0.999087,6.63358e-05
7142,0,12,1385.92,13,1444.7,2,2,0,8.59204,0.000775729,7.32199e-05,0.975823,0.0233281,8.32759e-05,0.00111391,0.998709,9.37951e-05
7143,0,12,1385.92,13,1444.7,2,2,0,8.58774,0.00107619,0.000101532,0.966436,0.0323858,0.000116926,0.00156483,0.998187,0.000131699
7144,0,12,1385.92,13,1444.7,2,2,0,8.58345,0.0014781,0.000139384,0.953872,0.0445106,0.000163044,0.00218317,0.99747,0.000183648
7145,0,12,1385.92,13,1444.7,2,2,9,8.57916,0.00200799,0.000189262,0.937294,0.0605086,0.000225806,0.00302512,0.996495,0.000254347
7146,0,12,1385.92,13,1448.35,2,2,9,8.57487,0.00133016,0.000125315,0.958434,0.0401102,0.000146852,0.0019684,0.997719,0.000165418
7147,0,12,1385.92,13,1448.35,2,2,0,8.57058,0.000881738,8.30296e-05,0.972429,0.0266065,9.62707e-05,0.00129108,0.998504,0.000108444
7148,0,12,1385.92,13,1444.85,2,2,13,8.5663,0.00121879,0.000114714,0.961865,0.036802,0.000134793,0.00180864,0.997905,0.000151842
7149,0,12,1385.92,13,1438.91,2,2,13,8.56201,0.000582732,5.48216e-05,0.981754,0.017608,6.33699e-05,0.000850731,0.999015,7.13865e-05
7150,0,12,1385.92,13,1442.9,2,2,9,8.55773,0.000279731,2.63038e-05,0.991236,0.00845819,3.02175e-05,0.000405876,0.99953,3.4041e-05
7151,0,12,1385.92,13,1442.9,2,2,0,8.55345,0.000189073,1.77706e-05,0.994072,0.00572088,2.04175e-05,0.000274386,0.999682,2.30015e-05
7152,0,12,1385.92,13,1442.9,2,2,0,8.54918,0.000271847,2.55383e-05,0.991472,0.00823101,2.9497e-05,0.00039661,0.999541,3.32308e-05
7153,0,12,1385.92,13,1442.9,2,2,0,8.5449,0.000387642,3.63992e-05,0.987831,0.0117451,4.23034e-05,0.000569098,0.999341,4.76596e-05
7154,0,12,1385.92,13,1438.92,2,2,13,8.54063,0.000548078,5.14397e-05,0.982783,0.0166174,6.0235e-05,0.00081075,0.999061,6.78632e-05
7155,0,12,1385.92,13,1438.92,2,2,0,8.53636,0.000263043,2.46761e-05,0.991732,0.00798075,2.8724e-05,0.00038682,0.999552,3.23624e-05
7156,0,12,1385.92,13,1437.94,2,2,13,8.53209,0.000375416,3.52012e-05,0.988191,0.011398,4.12206e-05,0.000555397,0.999357,4.6443e-05
7157,0,12,1385.92,13,1437.94,2,2,9,8.52783,0.000180961,1.69599e-05,0.994304,0.00549789,1.97945e-05,0.000266846,0.999691,2.23029e-05
7158,0,12,1385.92,13,1437.94,2,2,9,8.52356,0.000123157,1.1537e-05,0.996121,0.00374427,1.34754e-05,0.000181753,0.99979,1.51833e-05
7159,0,12,1385.92,13,1437.94,2,2,9,8.5193,8.44015e-05,7.90274e-06,0.99734,0.00256776,9.24226e-06,0.000124723,0.999856,1.04139e-05
7160,0,12,1385.92,13,1437.83,2,2,13,8.51504,5.82478e-05,5.45132e-06,0.998163,0.00177329,6.38554e-06,8.62167e-05,0.9999,7.19524e-06
7161,0,12,1385.92,13,1437.83,2,2,0,8.51078,2.89653e-05,2.70953e-06,0.999086,0.000882419,3.17852e-06,4.29383e-05,0.99995,3.58165e-06
7162,0,12,1385.92,13,1437.83,2,2,0,8.50653,4.33372e-05,4.05201e-06,0.998631,0.00132116,4.76634e-06,6.44215e-05,0.999925,5.37097e-06
7163,0,12,1385.92,13,1437.83,2,2,0,8.50227,6.43133e-05,6.01043e-06,0.997968,0.00196197,7.09036e-06,9.58827e-05,0.999889,7.98999e-06
7164,0,12,1385.92,13,1437.83,2,2,0,8.49802,9.46733e-05,8.84353e-06,0.997006,0.00289012,1.04651e-05,0.000141592,0.999836,1.17932e-05
7165,0,12,1385.92,13,1437.02,2,2,13,8.49377,0.000138246,1.29076e-05,0.995626,0.00422317,1.53274e-05,0.000207488,0.99976,1.7273e-05
7166,0,12,1385.92,13,1437.02,2,2,9,8.48953,6.76051e-05,6.30908e-06,0.997859,0.00206663,7.49186e-06,0.000101471,0.999883,8.44305e-06
7167,0,12,1385.92,13,1437.02,2,2,0,8.48528,4.68178e-05,4.36708e-06,0.998517,0.00143215,5.19335e-06,7.0376e-05,0.999919,5.85285e-06
7168,0,12,1385.92,13,1437.02,2,2,9,8.48104,6.93822e-05,6.46878e-06,0.9978,0.00212385,7.71362e-06,0.000104583,0.999879,8.69338e-06
7169,0,12,1385.92,13,1437.02,2,2,0,8.4768,4.80138e-05,4.4744e-06,0.998477,0.00147075,5.3427e-06,7.24755e-05,0.999916,6.02146e-06
7170,0,12,1385.92,13,1438,2,2,9,8.47256,7.11234e-05,6.62483e-06,0.997742,0.00218014,7.93149e-06,0.000107649,0.999875,8.93934e-06
7171,0,12,1385.92,13,1438,2,2,0,8.46832,4.91846e-05,4.57915e-06,0.998438,0.00150868,5.48926e-06,7.45414e-05,0.999914,6.18693e-06
7172,0,12,1385.92,13,1438,2,2,0,8.46409,7.28272e-05,6.77709e-06,0.997685,0.00223542,8.14519e-06,0.000110665,0.999872,9.18064e-06
7173,0,12,1385.92,13,1438,2,2,0,8.45986,0.000106966,9.94925e-06,0.996598,0.00328557,1.19922e-05,0.000163018,0.999811,1.3517e-05
7174,0,12,1385.92,13,1438,2,2,0,8.45563,0.000155846,1.44888e-05,0.995039,0.00479024,1.75215e-05,0.000238306,0.999724,1.97499e-05
7175,0,12,1385.92,13,1438,2,2,9,8.4514,0.000225229,2.09293e-05,0.992826,0.0069276,2.54085e-05,0.000345756,0.9996,2.86406e-05
7176,0,12,1385.92,13,1438,2,2,0,8.44717,0.000152388,1.41539e-05,0.995143,0.00469037,1.71752e-05,0.00023384,0.99973,1.93604e-05
7177,0,12,1385.92,13,1438,2,2,9,8.44295,0.000220356,2.04571e-05,0.992972,0.00678702,2.49178e-05,0.000339432,0.999608,2.80888e-05
7178,0,12,1385.92,13,1438,2,2,0,8.43873,0.000149116,1.38368e-05,0.995241,0.00459595,1.68459e-05,0.000229596,0.999735,1.89901e-05
7179,0,12,1385.92,13,1438,2,2,0,8.43451,0.000215744,2.00098e-05,0.99311,0.00665406,2.44509e-05,0.000333421,0.999615,2.75638e-05
7180,0,12,1385.92,13,1438,2,2,0,8.43029,0.000309592,2.87004e-05,0.990107,0.00955513,3.52276e-05,0.000480626,0.999444,3.97135e-05
7181,0,12,1385.92,13,1438,2,2,0,8.42608,0.000440552,4.08215e-05,0.985912,0.0136064,5.03863e-05,0.000687803,0.999205,5.68039e-05
7182,0,12,1385.92,13,1438,2,2,0,8.42187,0.000621489,5.75597e-05,0.980113,0.0192078,7.15539e-05,0.000977265,0.998871,8.06695e-05
7183,0,12,1385.92,13,1438,2,2,0,8.41765,0.000868781,8.04245e-05,0.972182,0.026869,0.0001009,0.00137879,0.998407,0.000113757
7184,0,12,1385.92,13,1438,2,2,0,8.41345,0.00120273,0.000111285,0.961463,0.0372226,0.000141296,0.0019318,0.997768,0.000159304
7185,0,12,1385.92,13,1433.59,3,2,13,8.40924,0.00164763,0.000152379,0.947173,0.0510266,0.000196505,0.00268803,0.996894,0.000221555
7186,0,12,1385.92,13,1433.59,2,2,0,8.40503,0.00150074,0.000138728,0.863829,0.134531,9.11113e-05,0.00124698,0.998559,0.000102728
7187,0,12,1385.92,13,1433.59,2,2,0,8.40083,0.00197078,0.000182091,0.821021,0.176826,0.000127865,0.00175092,0.997977,0.000144172
7188,0,12,1385.92,13,1433.59,2,2,0,8.39663,0.00253589,0.000234193,0.769495,0.227735,0.00017821,0.0024416,0.997179,0.000200942
7189,0,12,1385.92,13,1433.59,2,2,0,8.39243,0.003191,0.000294553,0.70969,0.286824,0.000246683,0.00338149,0.996094,0.000278155
7190,0,12,1385.92,13,1433.59,2,2,9,8.38824,0.00392055,0.000361724,0.643,0.352718,0.000339145,0.00465138,0.994627,0.000382423
7191,0,12,1385.92,13,1439.37,2,2,9,8.38404,0.00284975,0.000262802,0.740275,0.256612,0.000217758,0.00298812,0.996549,0.000245552
7192,0,12,1385.92,13,1439.37,3,2,9,8.37985,0.00200409,0.000184728,0.817186,0.180626,0.000140938,0.001935,0.997765,0.000158931
7193,0,12,1385.92,13,1439.47,2,2,9,8.37566,0.0017471,0.000160963,0.713251,0.284841,9.19587e-05,0.0012632,0.998541,0.000103701
7194,0,12,1385.92,13,1439.47,2,2,9,8.37147,0.0012507,0.000115174,0.794517,0.204117,6.0487e-05,0.000831321,0.99904,6.82123e-05
7195,0,12,1385.92,13,1441.56,2,2,9,8.36729,0.00087378,8.0426e-05,0.856297,0.142749,4.0106e-05,0.000551498,0.999363,4.52294e-05
7196,0,12,1385.92,13,1441.56,2,2,0,8.3631,0.00060108,5.52993e-05,0.901045,0.0982982,2.68036e-05,0.000368769,0.999574,3.02283e-05
7197,0,12,1385.92,13,1441.56,2,2,9,8.35892,0.000813703,7.48248e-05,0.865906,0.133205,3.85666e-05,0.000530887,0.999387,4.34955e-05
7198,0,12,1385.92,13,1441.56,2,2,0,8.35474,0.000558517,5.13344e-05,0.907866,0.091524,2.57883e-05,0.000355174,0.99959,2.90848e-05
7199,0,12,1385.92,13,1439.96,2,2,13,8.35056,0.000759238,6.97498e-05,0.874628,0.124543,3.71368e-05,0.000511742,0.999409,4.1885e-05
7200,0,12,1385.92,13,1439.96,2,2,9,8.34639,0.000380442,3.49338e-05,0.937114,0.0624702,1.77264e-05,0.000244396,0.999718,1.99932e-05
7201,0,12,1385.92,13,1432.53,2,2,13,8.34222,0.000258581,2.37327e-05,0.957214,0.0425034,1.20313e-05,0.000165964,0.999808,1.35702e-05
7202,0,12,1385.92,13,1432.53,2,2,0,8.33805,0.000126536,1.16079e-05,0.979042,0.0208201,5.86908e-06,8.10027e-05,0.999907,6.61995e-06
7203,0,12,1385.92,13,1432.53,2,2,0,8.33388,0.000182432,1.67277e-05,0.969753,0.030048,8.70559e-06,0.000120214,0.999861,9.81959e-06
7204,0,12,1385.92,13,1444.7,2,2,9,8.32971,0.000260072,2.38354e-05,0.956836,0.0428797,1.28127e-05,0.000177021,0.999796,1.44526e-05
7205,0,12,1385.92,13,1444.7,2,2,0,8.32554,0.000176868,1.62021e-05,0.970616,0.0291912,8.74793e-06,0.000120926,0.99986,9.86782e-06
7206,0,12,1385.92,13,1444.7,2,2,9,8.32138,0.000252409,2.31109e-05,0.958023,0.0417013,1.28745e-05,0.000178063,0.999795,1.45231e-05
7207,0,12,1385.92,13,1444.7,2,2,0,8.31722,0.000171654,1.57094e-05,0.971424,0.0283885,8.7872e-06,0.000121597,0.99986,9.9126e-06
7208,0,12,1385.92,13,1444.7,2,2,0,8.31306,0.000245217,2.24309e-05,0.959136,0.0405959,1.2932e-05,0.000179046,0.999793,1.45886e-05
7209,0,12,1385.92,13,1439.22,2,2,13,8.30891,0.000346029,3.16375e-05,0.942278,0.0573442,1.88868e-05,0.000261629,0.999698,2.13067e-05
7210,0,12,1385.92,13,1439.22,2,2,0,8.30475,0.000169444,1.54849e-05,0.971706,0.0281091,9.11812e-06,0.000126375,0.999854,1.02866e-05
7211,0,12,1385.92,13,1439.22,2,2,0,8.3006,0.000242178,2.21212e-05,0.95952,0.0402161,1.34104e-05,0.000185963,0.999785,1.51294e-05
7212,0,12,1385.92,13,1439.96,2,2,9,8.29645,0.000341919,3.12168e-05,0.94279,0.0568371,1.95732e-05,0.000271565,0.999687,2.20826e-05
7213,0,12,1385.92,13,1439.96,2,2,9,8.2923,0.000232145,2.11845e-05,0.961118,0.0386289,1.32396e-05,0.000183788,0.999788,1.49374e-05
7214,0,12,1385.92,13,1439.96,2,2,9,8.28815,0.000157854,1.43981e-05,0.973534,0.0262938,9.02375e-06,0.00012533,0.999855,1.01812e-05
7215,0,12,1385.92,13,1448.74,2,2,9,8.28401,0.000107717,9.82029e-06,0.981922,0.0179608,6.19632e-06,8.61056e-05,0.999901,6.99124e-06
7216,0,12,1385.92,13,1448.74,2,2,0,8.27987,7.38577e-05,6.73022e-06,0.987592,0.0123277,4.28602e-06,5.9591e-05,0.999931,4.83599e-06
7217,0,12,1385.92,13,1445.02,2,2,13,8.27573,0.0001081,9.84579e-06,0.98182,0.0180616,6.40002e-06,8.903e-05,0.999897,7.22143e-06
7218,0,12,1385.92,13,1439.47,2,2,13,8.27159,5.29898e-05,4.82403e-06,0.991079,0.00886274,3.15163e-06,4.38651e-05,0.999949,3.55622e-06
7219,0,12,1385.92,13,1435.15,2,2,13,8.26745,2.62172e-05,2.38559e-06,0.995582,0.00438941,1.57358e-06,2.1913e-05,0.999975,1.77563e-06
7220,0,12,1385.92,13,1441.01,2,2,9,8.26332,1.31215e-05,1.1934e-06,0.997787,0.00219913,7.96398e-07,1.10961e-05,0.999987,8.98676e-07
7221,0,12,1385.92,13,1439.86,2,2,13,8.25919,9.32985e-06,8.48139e-07,0.998425,0.00156525,5.73353e-07,7.99267e-06,0.999991,6.47002e-07
7222,0,12,1385.92,13,1439.86,2,2,9,8.25506,4.75775e-06,4.32301e-07,0.999196,0.000799019,2.95922e-07,4.1274e-06,0.999995,3.33943e-07
7223,0,12,1385.92,13,1439.86,2,2,0,8.25093,3.44944e-06,3.13274e-07,0.999416,0.000579895,2.17209e-07,3.03114e-06,0.999997,2.45122e-07
7224,0,12,1385.92,13,1439.86,2,2,9,8.24681,5.39704e-06,4.89918e-07,0.999086,0.000908241,3.44163e-07,4.80531e-06,0.999994,3.884e-07
7225,0,12,1385.92,13,1439.86,2,2,0,8.24268,3.90241e-06,3.54073e-07,0.999338,0.000657392,2.51803e-07,3.5176e-06,0.999996,2.84175e-07
7226,0,12,1385.92,13,1439.86,2,2,0,8.23856,6.09108e-06,5.52389e-07,0.998966,0.00102714,3.97834e-07,5.56054e-06,0.999994,4.48991e-07
7227,0,12,1385.92,13,1439.86,2,2,0,8.23444,9.42226e-06,8.54077e-07,0.998399,0.00159051,6.22906e-07,8.71098e-06,0.99999,7.03023e-07
7228,0,12,1385.92,13,1439.86,2,2,9,8.23033,1.44461e-05,1.30883e-06,0.997543,0.00244106,9.66719e-07,1.35261e-05,0.999984,1.09108e-06
7229,0,12,1385.92,13,1439.86,2,2,9,8.22621,1.02436e-05,9.27632e-07,0.998256,0.0017327,6.92634e-07,9.6963e-06,0.999989,7.81756e-07
7230,0,12,1385.92,13,1439.86,2,2,9,8.2221,7.31092e-06,6.61741e-07,0.998754,0.00123791,4.99484e-07,6.99605e-06,0.999992,5.63767e-07
7231,0,12,1385.92,13,1437.75,2,2,13,8.21799,5.25151e-06,4.75107e-07,0.999104,0.000890121,3.62491e-07,5.07994e-06,0.999994,4.09154e-07
7232,0,12,1385.92,13,1437.75,2,2,0,8.21388,2.70289e-06,2.44414e-07,0.999538,0.000458605,1.8844e-07,2.64219e-06,0.999997,2.12703e-07
7233,0,12,1385.92,13,1437.75,2,2,0,8.20977,4.25125e-06,3.84244e-07,0.999273,0.00072206,2.99505e-07,4.20169e-06,0.999995,3.38076e-07
7234,0,12,1385.92,13,1437.75,2,2,0,8.20567,6.6262e-06,5.98612e-07,0.998866,0.00112659,4.71696e-07,6.62082e-06,0.999992,5.32455e-07
7235,0,12,1385.92,13,1437.75,2,2,0,8.20156,1.02357e-05,9.24247e-07,0.998247,0.00174206,7.36253e-07,1.03397e-05,0.999988,8.31109e-07
7236,0,12,1385.92,13,1437.75,2,2,0,8.19746,1.56712e-05,1.41438e-06,0.997313,0.00266991,1.13913e-06,1.6006e-05,0.999982,1.28593e-06
7237,0,12,1385.92,13,1437.75,2,2,9,8.19336,2.37811e-05,2.1453e-06,0.995918,0.00405578,1.74736e-06,2.45651e-05,0.999972,1.97257e-06
7238,0,12,1385.92,13,1446.6,2,2,9,8.18927,1.66882e-05,1.50472e-06,0.997133,0.00284903,1.236e-06,1.73855e-05,0.99998,1.39535e-06
7239,0,12,1385.92,13,1446.6,2,2,0,8.18517,1.17877e-05,1.06235e-06,0.997973,0.00201448,8.80201e-07,1.23874e-05,0.999986,9.93698e-07
7240,0,12,1385.92,13,1446.6,2,2,9,8.18108,1.79973e-05,1.6212e-06,0.996902,0.00307885,1.35721e-06,1.91106e-05,0.999978,1.53226e-06
7241,0,12,1385.92,13,1446.6,2,2,9,8.17699,1.26914e-05,1.14269e-06,0.997813,0.00217339,9.64494e-07,1.3588e-05,0.999984,1.08891e-06
7242,0,12,1385.92,13,1446.17,2,2,13,8.1729,9.00851e-06,8.10703e-07,0.998446,0.00154428,6.89979e-07,9.72574e-06,0.999989,7.79005e-07
7243,0,12,1385.92,13,1446.17,2,2,0,8.16881,4.57959e-06,4.11933e-07,0.999209,0.000785865,3.53403e-07,4.9841e-06,0.999994,3.99011e-07
7244,0,12,1385.92,13,1446.17,2,2,9,8.16473,7.13003e-06,6.41035e-07,0.998767,0.00122478,5.54934e-07,7.83047e-06,0.999991,6.26566e-07
7245,0,12,1385.92,13,1449.67,2,2,9,8.16065,5.11599e-06,4.59739e-07,0.999115,0.000879721,4.0121e-07,5.66433e-06,0.999993,4.5301e-07
7246,0,12,1385.92,13,1449.67,2,2,9,8.15657,3.6943e-06,3.31821e-07,0.99936,0.000635909,2.91903e-07,4.12331e-06,0.999995,3.29599e-07
7247,0,12,1385.92,13,1446.17,2,2,13,8.15249,2.68446e-06,2.41002e-07,0.999535,0.000462559,2.13692e-07,3.02013e-06,0.999997,2.41294e-07
7248,0,12,1385.92,13,1446.17,2,2,0,8.14841,1.3958e-06,1.2525e-07,0.999758,0.000240758,1.11915e-07,1.58255e-06,0.999998,1.26374e-07
7249,0,12,1385.92,13,1446.17,2,2,0,8.14434,2.22602e-06,1.99651e-07,0.999613,0.000384355,1.79812e-07,2.544e-06,0.999997,2.03048e-07
7250,0,12,1385.92,13,1442.53,2,2,13,8.14027,3.51722e-06,3.15307e-07,0.999388,0.000607928,2.8621e-07,4.05146e-06,0.999995,3.23202e-07
7251,0,12,1385.92,13,1442.53,2,2,9,8.1362,1.81818e-06,1.62915e-07,0.999683,0.000314583,1.48945e-07,2.10952e-06,0.999998,1.682e-07
7252,0,12,1385.92,13,1442.53,2,2,9,8.13213,1.33898e-06,1.1992e-07,0.999767,0.000231912,1.10432e-07,1.56489e-06,0.999998,1.24712e-07
7253,0,12,1385.92,13,1442.53,2,2,0,8.12806,9.91943e-07,8.87957e-08,0.999827,0.000171982,8.23546e-08,1.16763e-06,0.999999,9.30055e-08
7254,0,12,1385.92,13,1442.53,2,2,0,8.124,1.59307e-06,1.42538e-07,0.999722,0.000276488,1.33145e-07,1.88874e-06,0.999998,1.50368e-07
7255,0,12,1385.92,13,1441.55,2,2,13,8.11994,2.53452e-06,2.26664e-07,0.999557,0.000440339,2.13227e-07,3.02636e-06,0.999997,2.40815e-07
7256,0,12,1385.92,13,1441.55,2,2,0,8.11588,1.31741e-06,1.1776e-07,0.999769,0.000229119,1.11507e-07,1.58347e-06,0.999998,1.25937e-07
7257,0,12,1385.92,13,1441.55,2,2,0,8.11182,2.10409e-06,1.87989e-07,0.999631,0.000366313,1.79214e-07,2.54631e-06,0.999997,2.02411e-07
7258,0,12,1385.92,13,1441.55,2,2,9,8.10776,3.32939e-06,2.97318e-07,0.999416,0.000580229,2.85348e-07,4.05644e-06,0.999995,3.22291e-07
7259,0,12,1385.92,13,1453.06,2,2,9,8.10371,2.42095e-06,2.16089e-07,0.999575,0.000422347,2.08681e-07,2.96814e-06,0.999997,2.35704e-07
7260,0,12,1385.92,13,1453.06,2,2,9,8.09966,1.77125e-06,1.58022e-07,0.999689,0.000309323,1.53543e-07,2.18505e-06,0.999997,1.7343e-07
7261,0,12,1385.92,13,1448.88,2,2,13,8.09561,1.30376e-06,1.16259e-07,0.999771,0.000227918,1.13648e-07,1.61817e-06,0.999998,1.28371e-07
7262,0,12,1385.92,13,1445.08,2,2,13,8.09156,6.8584e-07,6.1128e-08,0.999879,0.00012002,6.01084e-08,8.56304e-07,0.999999,6.78971e-08
7263,0,12,1385.92,13,1445.08,2,2,0,8.08751,3.65318e-07,3.25445e-08,0.999936,6.39955e-05,3.21888e-08,4.58804e-07,0.999999,3.63606e-08
7264,0,12,1385.92,13,1445.08,2,2,0,8.08347,5.98704e-07,5.331e-08,0.999894,0.000104988,5.30344e-08,7.56331e-07,0.999999,5.99093e-08
7265,0,12,1385.92,13,1445.08,2,2,0,8.07943,9.71651e-07,8.64763e-08,0.999828,0.000170564,8.65226e-08,1.23457e-06,0.999999,9.77411e-08
7266,0,12,1385.92,13,1435.33,2,2,13,8.07539,1.56187e-06,1.38938e-07,0.999724,0.000274454,1.39799e-07,1.99582e-06,0.999998,1.5793e-07
7267,0,12,1385.92,13,1435.33,2,2,0,8.07135,8.17953e-07,7.27269e-08,0.999855,0.000143881,7.35671e-08,1.05083e-06,0.999999,8.31098e-08
7268,0,12,1385.92,13,1435.33,2,2,9,8.06731,1.31943e-06,1.17258e-07,0.999766,0.000232332,1.19257e-07,1.70436e-06,0.999998,1.34729e-07
7269,0,12,1385.92,13,1435.33,2,2,0,8.06328,9.75962e-07,8.6692e-08,0.999827,0.00017203,8.86262e-08,1.26728e-06,0.999999,1.00127e-07
7270,0,12,1385.92,13,1435.33,2,2,9,8.05925,1.56891e-06,1.39294e-07,0.999721,0.000276834,1.43148e-07,2.04798e-06,0.999998,1.61729e-07
7271,0,12,1385.92,13,1435.33,2,2,0,8.05522,1.15628e-06,1.02609e-07,0.999795,0.000204237,1.05972e-07,1.51691e-06,0.999998,1.19729e-07
7272,0,12,1385.92,13,1435.33,2,2,0,8.05119,1.85266e-06,1.64328e-07,0.99967,0.000327579,1.7057e-07,2.4429e-06,0.999997,1.92719e-07
7273,0,12,1385.92,13,1435.33,2,2,9,8.04717,2.94077e-06,2.60714e-07,0.999476,0.000520512,2.7198e-07,3.89737e-06,0.999996,3.07305e-07
7274,0,12,1385.92,13,1435.33,2,2,0,8.04314,2.13993e-06,1.89624e-07,0.999619,0.000379158,1.98729e-07,2.84922e-06,0.999997,2.24545e-07
7275,0,12,1385.92,13,1435.33,2,2,9,8.03912,3.38725e-06,3.00006e-07,0.999396,0.000600782,3.15942e-07,4.53215e-06,0.999995,3.56995e-07
7276,0,12,1385.92,13,1435.33,2,2,9,8.0351,2.45743e-06,2.17548e-07,0.999561,0.000436316,2.3011e-07,3.30266e-06,0.999996,2.60016e-07
7277,0,12,1385.92,13,1435.33,2,2,9,8.03108,1.79394e-06,1.58734e-07,0.999679,0.000318843,1.68631e-07,2.42157e-06,0.999997,1.90551e-07
7278,0,12,1385.92,13,1435.33,2,2,0,8.02707,1.31758e-06,1.16528e-07,0.999764,0.000234421,1.24325e-07,1.78628e-06,0.999998,1.4049e-07
7279,0,12,1385.92,13,1435.33,2,2,9,8.02305,2.10621e-06,1.86184e-07,0.999623,0.000375121,1.99524e-07,2.86825e-06,0.999997,2.25471e-07
7280,0,12,1385.92,13,1433.04,2,2,13,8.01904,1.54169e-06,1.36216e-07,0.999723,0.000274864,1.46576e-07,2.10822e-06,0.999998,1.65642e-07
7281,0,12,1385.92,13,1433.04,2,2,9,8.01503,8.05535e-07,7.11383e-08,0.999855,0.000143766,7.68548e-08,1.106e-06,0.999999,8.68537e-08
7282,0,12,1385.92,13,1433.04,2,2,0,8.01103,6.0079e-07,5.30311e-08,0.999892,0.000107335,5.75224e-08,8.28237e-07,0.999999,6.50078e-08
7283,0,12,1385.92,13,1433.04,2,2,9,8.00702,9.75674e-07,8.60799e-08,0.999824,0.000174492,9.37471e-08,1.35054e-06,0.999998,1.05949e-07
7284,0,12,1385.92,13,1433.04,2,2,9,8.00302,7.24767e-07,6.39124e-08,0.999869,0.000129754,6.98728e-08,1.00714e-06,0.999999,7.89692e-08
7285,0,12,1385.92,13,1434.41,2,2,9,7.99902,5.41496e-07,4.77277e-08,0.999902,9.70437e-05,5.23762e-08,7.55346e-07,0.999999,5.91962e-08
7286,0,12,1385.92,13,1434.41,2,2,0,7.99502,4.0686e-07,3.58435e-08,0.999927,7.29909e-05,3.94807e-08,5.69677e-07,0.999999,4.46226e-08
7287,0,12,1385.92,13,1434.41,2,2,0,7.99102,6.65976e-07,5.86425e-08,0.99988,0.0001196,6.48331e-08,9.35994e-07,0.999999,7.32788e-08
7288,0,12,1385.92,13,1434.41,2,2,0,7.98702,1.07954e-06,9.50126e-08,0.999805,0.000194072,1.05428e-07,1.52288e-06,0.999998,1.19165e-07
7289,0,12,1385.92,13,1434.06,2,2,13,7.98303,1.73325e-06,1.52473e-07,0.999686,0.000311916,1.69805e-07,2.45408e-06,0.999997,1.91934e-07
7290,0,12,1385.92,13,1434.06,2,2,9,7.97904,9.02056e-07,7.93147e-08,0.999837,0.000162503,8.86224e-08,1.28149e-06,0.999999,1.00174e-07
7291,0,12,1385.92,13,1434.06,2,2,0,7.97505,6.70584e-07,5.89335e-08,0.999878,0.000120929,6.60699e-08,9.5589e-07,0.999999,7.4684e-08
7292,0,12,1385.92,13,1434.06,2,2,0,7.97106,1.08704e-06,9.54864e-08,0.999803,0.000196234,1.07413e-07,1.55487e-06,0.999998,1.2142e-07
7293,0,12,1385.92,13,1433.2,2,2,13,7.96708,1.74533e-06,1.53237e-07,0.999683,0.000315397,1.72959e-07,2.50502e-06,0.999997,1.95519e-07
7294,0,12,1385.92,13,1434.41,2,2,9,7.96309,9.07551e-07,7.96427e-08,0.999835,0.000164174,9.01666e-08,1.30661e-06,0.999999,1.0193e-07
7295,0,12,1385.92,13,1434.41,2,2,0,7.95911,6.74279e-07,5.9143e-08,0.999877,0.000122102,6.71651e-08,9.73815e-07,0.999999,7.59294e-08
7296,0,12,1385.92,13,1434.41,2,2,0,7.95513,1.09308e-06,9.58308e-08,0.999801,0.000198147,1.09172e-07,1.58371e-06,0.999998,1.2342e-07
7297,0,12,1385.92,13,1434.41,2,2,0,7.95115,1.75513e-06,1.53797e-07,0.99968,0.00031849,1.75757e-07,2.551e-06,0.999997,1.98701e-07
7298,0,12,1385.92,13,1432.38,2,2,13,7.94718,2.79175e-06,2.44516e-07,0.99949,0.000507127,2.80306e-07,4.07064e-06,0.999995,3.16906e-07
7299,0,12,1385.92,13,1432.38,2,2,0,7.9432,1.43705e-06,1.25803e-07,0.999737,0.000261315,1.44599e-07,2.10101e-06,0.999998,1.63484e-07
7300,0,12,1385.92,13,1433.2,2,2,9,7.93923,2.29515e-06,2.00825e-07,0.99958,0.000417786,2.31522e-07,3.36579e-06,0.999996,2.61765e-07
7301,0,12,1385.92,13,1433.2,2,2,9,7.93526,1.67313e-06,1.46327e-07,0.999693,0.000304878,1.69145e-07,2.46029e-06,0.999997,1.91244e-07
7302,0,12,1385.92,13,1433.2,2,2,0,7.93129,1.22717e-06,1.07272e-07,0.999775,0.000223848,1.24329e-07,1.80938e-06,0.999998,1.40576e-07
7303,0,12,1385.92,13,1437.58,2,2,9,7.92733,1.96636e-06,1.71805e-07,0.999639,0.000359057,1.99681e-07,2.90757e-06,0.999997,2.25782e-07
7304,0,12,1385.92,13,1436.76,2,2,13,7.92337,1.43733e-06,1.25521e-07,0.999736,0.00026273,1.46257e-07,2.13079e-06,0.999998,1.65378e-07
7305,0,12,1385.92,13,1436.76,2,2,9,7.9194,7.48743e-07,6.53552e-08,0.999862,0.000137005,7.63382e-08,1.11276e-06,0.999999,8.63207e-08
7306,0,12,1385.92,13,1436.76,2,2,0,7.91544,5.57706e-07,4.86565e-08,0.999897,0.000102156,5.69748e-08,8.30948e-07,0.999999,6.44268e-08
7307,0,12,1385.92,13,1436.76,2,2,0,7.91149,9.07923e-07,7.91722e-08,0.999833,0.000166479,9.29429e-08,1.35625e-06,0.999998,1.05102e-07
7308,0,12,1385.92,13,1437.58,2,2,9,7.90753,1.46387e-06,1.27589e-07,0.99973,0.000268698,1.5016e-07,2.19236e-06,0.999997,1.69809e-07
7309,0,12,1385.92,13,1437.58,2,2,9,7.90358,1.07566e-06,9.37072e-08,0.999801,0.000197646,1.10539e-07,1.61475e-06,0.999998,1.25006e-07
7310,0,12,1385.92,13,1437.58,2,2,0,7.89963,7.95128e-07,6.92348e-08,0.999853,0.000146253,8.18574e-08,1.19641e-06,0.999999,9.2573e-08
7311,0,12,1385.92,13,1437.58,2,2,0,7.89568,1.28555e-06,1.11883e-07,0.999762,0.000236707,1.32596e-07,1.93904e-06,0.999998,1.49957e-07
7312,0,12,1385.92,13,1437.58,2,2,0,7.89173,2.05874e-06,1.79088e-07,0.999618,0.00037947,2.12749e-07,3.11284e-06,0.999996,2.40611e-07
7313,0,12,1385.92,13,1437.58,2,2,0,7.88778,3.26623e-06,2.83987e-07,0.999394,0.000602664,3.38183e-07,4.95078e-06,0.999994,3.82481e-07
7314,0,12,1385.92,13,1437.58,2,2,0,7.88384,5.13433e-06,4.46194e-07,0.999046,0.000948343,5.32676e-07,7.80222e-06,0.999991,6.02466e-07
7315,0,12,1385.92,13,1437.58,2,2,0,7.8799,7.99769e-06,6.94691e-07,0.998513,0.00147877,8.31534e-07,1.21862e-05,0.999986,9.40503e-07
7316,0,12,1385.92,13,1437.58,2,2,0,7.87596,1.2346e-05,1.07187e-06,0.997701,0.00228514,1.28671e-06,1.88669e-05,0.999978,1.45536e-06
7317,0,12,1385.92,13,1437.58,2,2,0,7.87202,1.88879e-05,1.63903e-06,0.99648,0.00349965,1.97395e-06,2.89595e-05,0.999967,2.23273e-06
7318,0,12,1385.92,13,1437.58,2,2,0,7.86808,2.86371e-05,2.48381e-06,0.994657,0.00531158,3.00277e-06,4.40769e-05,0.99995,3.39652e-06
7319,0,12,1385.92,13,1438.06,2,2,9,7.86415,4.30243e-05,3.72985e-06,0.991965,0.00798846,4.53014e-06,6.65324e-05,0.999924,5.1243e-06
7320,0,12,1385.92,13,1438.06,2,2,9,7.86022,2.95975e-05,2.56461e-06,0.994467,0.00550121,3.11308e-06,4.57452e-05,0.999948,3.52147e-06
7321,0,12,1385.92,13,1438.06,2,2,0,7.85629,2.04943e-05,1.77495e-06,0.996165,0.0038132,2.15496e-06,3.16831e-05,0.999964,2.43772e-06
7322,0,12,1385.92,13,1441.57,2,2,9,7.85236,3.10225e-05,2.68545e-06,0.994188,0.00577813,3.27285e-06,4.81446e-05,0.999945,3.70238e-06
7323,0,12,1385.92,13,1441.57,2,2,0,7.84843,2.14578e-05,1.85658e-06,0.995976,0.00400084,2.26275e-06,3.33037e-05,0.999962,2.55978e-06
7324,0,12,1385.92,13,1441.57,2,2,0,7.84451,3.2451e-05,2.80636e-06,0.993908,0.00605685,3.43346e-06,5.05616e-05,0.999942,3.88426e-06
7325,0,12,1385.92,13,1437.13,2,2,13,7.84058,4.86274e-05,4.20323e-06,0.990862,0.00908562,5.16713e-06,7.61328e-05,0.999913,5.8457e-06
7326,0,12,1385.92,13,1437.13,2,2,0,7.83666,2.3638e-05,2.04221e-06,0.995553,0.00442119,2.50309e-06,3.69006e-05,0.999958,2.83188e-06
7327,0,12,1385.92,13,1439.76,2,2,9,7.83275,3.56763e-05,3.08075e-06,0.993281,0.00667979,3.79091e-06,5.59157e-05,0.999936,4.28896e-06
7328,0,12,1385.92,13,1439.76,2,2,0,7.82883,2.46013e-05,2.12335e-06,0.995362,0.004611,2.6117e-06,3.85431e-05,0.999956,2.95489e-06
7329,0,12,1385.92,13,1439.29,2,2,13,7.82492,3.71003e-05,3.20058e-06,0.992999,0.00696095,3.95232e-06,5.83593e-05,0.999933,4.47179e-06
7330,0,12,1385.92,13,1439.29,2,2,0,7.821,1.80986e-05,1.56057e-06,0.996581,0.00339931,1.92329e-06,2.84142e-05,0.999967,2.17613e-06
7331,0,12,1385.92,13,1439.29,2,2,0,7.81709,2.74794e-05,2.36827e-06,0.994804,0.00516663,2.92843e-06,4.32873e-05,0.99995,3.3135e-06
7332,0,12,1385.92,13,1439.29,2,2,0,7.81318,4.13433e-05,3.56137e-06,0.992174,0.00778146,4.42202e-06,6.54003e-05,0.999925,5.0036e-06
7333,0,12,1385.92,13,1439.29,2,2,0,7.80928,6.16234e-05,5.30573e-06,0.988322,0.0116107,6.62322e-06,9.80083e-05,0.999888,7.49449e-06
7334,0,12,1385.92,13,1441.99,2,2,9,7.80537,9.09638e-05,7.82808e-06,0.982744,0.0171567,9.84123e-06,0.000145706,0.999833,1.11361e-05
7335,0,12,1385.92,13,1441.99,2,2,0,7.80147,6.17283e-05,5.30955e-06,0.988278,0.0116548,6.64753e-06,9.84742e-05,0.999887,7.52237e-06
7336,0,12,1385.92,13,1440.11,2,2,13,7.79757,9.11209e-05,7.8339e-06,0.982679,0.0172224,9.87727e-06,0.000146397,0.999833,1.11774e-05
7337,0,12,1385.92,13,1439.62,2,2,13,7.79367,4.38421e-05,3.76737e-06,0.991657,0.00829513,4.71396e-06,6.99062e-05,0.99992,5.33459e-06
7338,0,12,1385.92,13,1441.68,2,2,9,7.78977,2.12999e-05,1.82941e-06,0.995943,0.00403427,2.28241e-06,3.38655e-05,0.999961,2.58297e-06
7339,0,12,1385.92,13,1441.68,2,2,9,7.78588,1.48078e-05,1.2712e-06,0.997176,0.0028076,1.58613e-06,2.35472e-05,0.999973,1.79505e-06
7340,0,12,1385.92,13,1441.68,2,2,0,7.78199,1.03639e-05,8.89266e-07,0.998022,0.00196708,1.1101e-06,1.6489e-05,0.999981,1.25634e-06
7341,0,12,1385.92,13,1441.68,2,2,0,7.77809,1.59288e-05,1.36608e-06,0.996956,0.00302647,1.70931e-06,2.54032e-05,0.999971,1.93455e-06
7342,0,12,1385.92,13,1441.68,2,2,0,7.77421,2.42616e-05,2.07969e-06,0.995359,0.00461455,2.60963e-06,3.88045e-05,0.999956,2.95358e-06
7343,0,12,1385.92,13,1441.68,2,2,9,7.77032,3.66186e-05,3.13739e-06,0.992988,0.00697217,3.95103e-06,5.87823e-05,0.999933,4.47188e-06
7344,0,12,1385.92,13,1441.68,2,2,0,7.76643,2.51939e-05,2.15749e-06,0.995171,0.00480195,2.71438e-06,4.04056e-05,0.999954,3.07229e-06
7345,0,12,1385.92,13,1440.52,2,2,13,7.76255,3.79968e-05,3.25228e-06,0.992709,0.0072498,4.10667e-06,6.1164e-05,0.99993,4.64828e-06
7346,0,12,1385.92,13,1438.46,2,2,13,7.75867,1.84753e-05,1.58059e-06,0.996451,0.00352879,1.99071e-06,2.96653e-05,0.999966,2.25331e-06
7347,0,12,1385.92,13,1438.46,2,2,9,7.75479,9.09367e-06,7.77593e-07,0.998251,0.00173872,9.78727e-07,1.45927e-05,0.999983,1.10786e-06
7348,0,12,1385.92,13,1438.46,2,2,0,7.75091,6.41841e-06,5.48563e-07,0.998765,0.0012285,6.90879e-07,1.03065e-05,0.999988,7.82053e-07
7349,0,12,1385.92,13,1431.84,2,2,13,7.74704,9.96598e-06,8.51345e-07,0.99808,0.00190952,1.07412e-06,1.60324e-05,0.999982,1.2159e-06
7350,0,12,1385.92,13,1431.84,2,2,0,7.74316,4.95889e-06,4.23405e-07,0.999043,0.000951141,5.34266e-07,7.97879e-06,0.999991,6.04802e-07
7351,0,12,1385.92,13,1431.84,2,2,9,7.73929,7.74101e-06,6.60626e-07,0.998505,0.00148633,8.34927e-07,1.24756e-05,0.999986,9.45181e-07
7352,0,12,1385.92,13,1431.84,2,2,0,7.73542,5.47821e-06,4.67286e-07,0.998941,0.00105296,5.90934e-07,8.83463e-06,0.99999,6.68985e-07
7353,0,12,1385.92,13,1431.84,2,2,9,7.73155,8.53505e-06,7.27674e-07,0.998348,0.00164224,9.21703e-07,1.37872e-05,0.999984,1.04347e-06
7354,0,12,1385.92,13,1431.84,2,2,0,7.72769,6.02735e-06,5.13621e-07,0.998833,0.00116095,6.50913e-07,9.74187e-06,0.999989,7.36922e-07
7355,0,12,1385.92,13,1432.65,2,2,9,7.72382,9.37306e-06,7.98333e-07,0.998183,0.00180728,1.01338e-06,1.51749e-05,0.999983,1.14731e-06
7356,0,12,1385.92,13,1432.65,2,2,0,7.71996,6.60566e-06,5.62348e-07,0.998718,0.00127502,7.14133e-07,1.06996e-05,0.999988,8.08536e-07
7357,0,12,1385.92,13,1432.65,2,2,0,7.7161,1.0254e-05,8.72502e-07,0.998008,0.0019813,1.10983e-06,1.66373e-05,0.999981,1.25658e-06
7358,0,12,1385.92,13,1434.74,2,2,9,7.71224,1.57739e-05,1.34152e-06,0.996932,0.00305108,1.70984e-06,2.56458e-05,0.999971,1.93597e-06
7359,0,12,1385.92,13,1434.74,2,2,9,7.70839,1.10028e-05,9.35299e-07,0.997858,0.00213048,1.19208e-06,1.78896e-05,0.99998,1.34976e-06
7360,0,12,1385.92,13,1444.82,2,2,9,7.70453,7.7268e-06,6.56495e-07,0.998494,0.00149772,8.36951e-07,1.2567e-05,0.999986,9.47683e-07
7361,0,12,1385.92,13,1433.35,2,2,13,7.70068,5.46266e-06,4.63898e-07,0.998934,0.00105997,5.91673e-07,8.8889e-06,0.99999,6.69971e-07
7362,0,12,1385.92,13,1432.53,2,2,13,7.69683,2.74341e-06,2.3286e-07,0.999464,0.00053289,2.97098e-07,4.46582e-06,0.999995,3.36423e-07
7363,0,12,1385.92,13,1432.53,2,2,0,7.69298,1.39608e-06,1.1844e-07,0.999727,0.000271464,1.51202e-07,2.27402e-06,0.999997,1.7122e-07
7364,0,12,1385.92,13,1432.53,2,2,0,7.68914,2.23678e-06,1.8967e-07,0.999562,0.000435396,2.42375e-07,3.64721e-06,0.999996,2.7447e-07
7365,0,12,1385.92,13,1432.53,2,2,0,7.68529,3.55025e-06,3.00898e-07,0.999304,0.000691797,3.84923e-07,5.79538e-06,0.999993,4.35905e-07
7366,0,12,1385.92,13,1432.53,2,2,0,7.68145,5.58309e-06,4.72957e-07,0.998905,0.00108906,6.05752e-07,9.12511e-06,0.99999,6.85998e-07
7367,0,12,1385.92,13,1432.53,2,2,0,7.67761,8.69999e-06,7.36632e-07,0.998292,0.00169885,9.44776e-07,1.42399e-05,0.999984,1.06996e-06
7368,0,12,1385.92,13,1432.53,2,2,0,7.67377,1.34345e-05,1.13694e-06,0.997359,0.00262612,1.46067e-06,2.20276e-05,0.999975,1.65426e-06
7369,0,12,1385.92,13,1432.53,2,2,0,7.66993,2.05584e-05,1.73897e-06,0.995955,0.00402292,2.23893e-06,3.37825e-05,0.999961,2.53572e-06
7370,0,12,1385.92,13,1436.3,2,2,9,7.6661,3.11746e-05,2.63566e-06,0.993859,0.00610678,3.40304e-06,5.13752e-05,0.999941,3.85424e-06
7371,0,12,1385.92,13,1436.3,2,2,9,7.66227,2.14441e-05,1.8121e-06,0.995772,0.00420511,2.33695e-06,3.52997e-05,0.99996,2.64686e-06
7372,0,12,1385.92,13,1436.3,2,2,9,7.65843,1.48501e-05,1.25426e-06,0.997069,0.00291513,1.61661e-06,2.44323e-05,0.999972,1.83105e-06
7373,0,12,1385.92,13,1437.94,2,2,9,7.6546,1.03536e-05,8.7405e-07,0.997954,0.0020346,1.12636e-06,1.70322e-05,0.999981,1.27579e-06
7374,0,12,1385.92,13,1431.32,2,2,13,7.65078,7.26762e-06,6.13228e-07,0.998562,0.00142968,7.90315e-07,1.19572e-05,0.999986,8.95189e-07
7375,0,12,1385.92,13,1431.32,2,2,9,7.64695,3.6212e-06,3.05399e-07,0.999283,0.00071311,3.93576e-07,5.95792e-06,0.999993,4.45815e-07
7376,0,12,1385.92,13,1432.19,2,2,9,7.64313,2.59371e-06,2.18636e-07,0.999486,0.000511311,2.81894e-07,4.2696e-06,0.999995,3.19317e-07
7377,0,12,1385.92,13,1432.67,2,2,9,7.63931,1.86977e-06,1.57533e-07,0.999629,0.000368986,2.03216e-07,3.07961e-06,0.999996,2.302e-07
7378,0,12,1385.92,13,1439.9,2,2,9,7.63549,1.35644e-06,1.14227e-07,0.999731,0.000267967,1.47431e-07,2.23544e-06,0.999997,1.67012e-07
7379,0,12,1385.92,13,1439.9,2,2,0,7.63167,9.90172e-07,8.33424e-08,0.999803,0.000195818,1.07629e-07,1.63282e-06,0.999998,1.21926e-07
7380,0,12,1385.92,13,1439.9,2,2,9,7.62785,1.59839e-06,1.3447e-07,0.999682,0.000316435,1.73783e-07,2.63787e-06,0.999997,1.96873e-07
7381,0,12,1385.92,13,1439.9,2,2,0,7.62404,1.16275e-06,9.77715e-08,0.999768,0.000230434,1.26422e-07,1.92001e-06,0.999998,1.43223e-07
7382,0,12,1385.92,13,1439.9,2,2,0,7.62023,1.87113e-06,1.57259e-07,0.999627,0.000371214,2.0349e-07,3.09216e-06,0.999996,2.30539e-07
7383,0,12,1385.92,13,1439.03,2,2,13,7.61642,2.98272e-06,2.50557e-07,0.999404,0.000592367,3.24478e-07,4.93334e-06,0.999994,3.67619e-07
7384,0,12,1385.92,13,1439.03,2,2,0,7.61261,1.50947e-06,1.26737e-07,0.999698,0.000300098,1.64175e-07,2.49746e-06,0.999997,1.86007e-07
7385,0,12,1385.92,13,1439.29,2,2,9,7.6088,2.41676e-06,2.02814e-07,0.999516,0.000480985,2.62919e-07,4.00176e-06,0.999995,2.9789e-07
7386,0,12,1385.92,13,1439.29,2,2,9,7.605,1.7428e-06,1.46183e-07,0.999651,0.00034722,1.89585e-07,2.88715e-06,0.999997,2.14807e-07
7387,0,12,1385.92,13,1439.29,2,2,0,7.6012,1.26476e-06,1.06033e-07,0.999746,0.000252246,1.37576e-07,2.09626e-06,0.999998,1.55883e-07
7388,0,12,1385.92,13,1439.29,2,2,9,7.5974,2.03237e-06,1.70302e-07,0.999592,0.00040577,2.21117e-07,3.37102e-06,0.999996,2.50547e-07
7389,0,12,1385.92,13,1439.29,2,2,9,7.5936,1.47009e-06,1.23126e-07,0.999705,0.000293821,1.5993e-07,2.43952e-06,0.999997,1.81221e-07
7390,0,12,1385.92,13,1439.29,2,2,0,7.5898,1.07006e-06,8.95772e-08,0.999785,0.000214096,1.16404e-07,1.77656e-06,0.999998,1.31904e-07
7391,0,12,1385.92,13,1439.29,2,2,0,7.58601,1.72547e-06,1.44371e-07,0.999653,0.000345593,1.87727e-07,2.86666e-06,0.999997,2.12729e-07
7392,0,12,1385.92,13,1439.29,2,2,0,7.58221,2.75599e-06,2.30481e-07,0.999444,0.000552583,2.99909e-07,4.58221e-06,0.999995,3.3986e-07
7393,0,12,1385.92,13,1439.29,2,2,9,7.57842,4.36102e-06,3.64526e-07,0.99912,0.000875321,4.74718e-07,7.25701e-06,0.999992,5.37968e-07
7394,0,12,1385.92,13,1439.29,2,2,0,7.57463,3.10576e-06,2.59473e-07,0.999373,0.000624033,3.37987e-07,5.16962e-06,0.999994,3.83029e-07
7395,0,12,1385.92,13,1439.64,2,2,9,7.57084,4.90306e-06,4.09427e-07,0.999008,0.000986206,5.3376e-07,8.16849e-06,0.999991,6.04907e-07
7396,0,12,1385.92,13,1439.64,2,2,0,7.56706,3.48298e-06,2.907e-07,0.999295,0.000701314,3.79047e-07,5.80398e-06,0.999993,4.29582e-07
7397,0,12,1385.92,13,1438.42,2,2,13,7.56328,5.48632e-06,4.57678e-07,0.998888,0.00110587,5.97284e-07,9.15062e-06,0.99999,6.76932e-07
7398,0,12,1385.92,13,1438.42,2,2,9,7.55949,2.73669e-06,2.28186e-07,0.999445,0.000552216,2.97758e-07,4.56427e-06,0.999995,3.37473e-07
7399,0,12,1385.92,13,1439.29,2,2,9,7.55571,1.96571e-06,1.6382e-07,0.999601,0.000397067,2.13829e-07,3.27952e-06,0.999996,2.42355e-07
7400,0,12,1385.92,13,1439.29,2,2,0,7.55194,1.42099e-06,1.18364e-07,0.999711,0.00028734,1.54547e-07,2.37161e-06,0.999997,1.7517e-07
7401,0,12,1385.92,13,1439.29,2,2,9,7.54816,2.27933e-06,1.89768e-07,0.999536,0.000461396,2.47927e-07,3.80664e-06,0.999996,2.81016e-07
7402,0,12,1385.92,13,1439.29,2,2,9,7.54439,1.64252e-06,1.36682e-07,0.999665,0.000332843,1.78623e-07,2.74406e-06,0.999997,2.02468e-07
7403,0,12,1385.92,13,1420.06,2,2,13,7.54061,1.19115e-06,9.90716e-08,0.999757,0.000241633,1.29514e-07,1.99071e-06,0.999998,1.46806e-07
7404,0,12,1385.92,13,1420.52,2,2,9,7.53684,6.1147e-07,5.08326e-08,0.999875,0.000124173,6.64712e-08,1.02227e-06,0.999999,7.53484e-08
7405,0,12,1385.92,13,1420.52,2,2,0,7.53308,4.52068e-07,3.75625e-08,0.999908,9.19003e-05,4.91365e-08,7.56089e-07,0.999999,5.57001e-08
7406,0,12,1385.92,13,1420.52,2,2,0,7.52931,7.42015e-07,6.16237e-08,0.999848,0.000151004,8.06478e-08,1.24165e-06,0.999999,9.14228e-08
7407,0,12,1385.92,13,1420.52,2,2,9,7.52554,1.20604e-06,1.00111e-07,0.999753,0.000245696,1.31079e-07,2.01918e-06,0.999998,1.48596e-07
7408,0,12,1385.92,13,1419.7,2,2,13,7.52178,8.79446e-07,7.29645e-08,0.99982,0.000179353,9.55652e-08,1.47292e-06,0.999998,1.08339e-07
7409,0,12,1385.92,13,1419.7,2,2,9,7.51802,4.53741e-07,3.76265e-08,0.999907,9.26335e-05,4.92953e-08,7.60193e-07,0.999999,5.58856e-08
7410,0,12,1385.92,13,1419.7,2,2,0,7.51426,3.37244e-07,2.79521e-08,0.999931,6.89234e-05,3.66331e-08,5.65236e-07,0.999999,4.15317e-08
7411,0,12,1385.92,13,1419.7,2,2,0,7.5105,5.5689e-07,4.61342e-08,0.999885,0.000113934,6.04864e-08,9.33795e-07,0.999999,6.85764e-08
7412,0,12,1385.92,13,1419.7,2,2,9,7.50675,9.10513e-07,7.53916e-08,0.999813,0.00018648,9.88879e-08,1.52748e-06,0.999998,1.12117e-07
7413,0,12,1385.92,13,1419.7,2,2,0,7.503,6.67252e-07,5.52218e-08,0.999862,0.000136804,7.24536e-08,1.11977e-06,0.999999,8.21483e-08
7414,0,12,1385.92,13,1419.7,2,2,0,7.49924,1.08713e-06,8.99261e-08,0.999776,0.000223128,1.18038e-07,1.82527e-06,0.999998,1.33835e-07
7415,0,12,1385.92,13,1419.77,2,2,9,7.49549,1.75416e-06,1.4503e-07,0.999638,0.000360416,1.90457e-07,2.94674e-06,0.999997,2.15952e-07
7416,0,12,1385.92,13,1419.77,2,2,9,7.49175,1.26853e-06,1.04827e-07,0.999738,0.000260914,1.37693e-07,2.13155e-06,0.999998,1.56129e-07
7417,0,12,1385.92,13,1420.11,2,2,9,7.488,9.2312e-07,7.62452e-08,0.999809,0.000190072,1.00176e-07,1.55162e-06,0.999998,1.13591e-07
7418,0,12,1385.92,13,1420.46,2,2,9,7.48426,6.75911e-07,5.57991e-08,0.99986,0.00013932,7.33323e-08,1.13646e-06,0.999999,8.3155e-08
7419,0,12,1385.92,13,1419.25,2,2,13,7.48052,4.97903e-07,4.10834e-08,0.999897,0.000102738,5.40076e-08,8.37437e-07,0.999999,6.12433e-08
7420,0,12,1385.92,13,1419.25,2,2,0,7.47677,2.59253e-07,2.1381e-08,0.999946,5.35515e-05,2.81144e-08,4.36179e-07,1,3.18819e-08
7421,0,12,1385.92,13,1419.25,2,2,0,7.47304,4.30521e-07,3.5488e-08,0.999911,8.90237e-05,4.668e-08,7.2461e-07,0.999999,5.29367e-08
7422,0,12,1385.92,13,1419.25,2,2,9,7.4693,7.078e-07,5.83152e-08,0.999853,0.000146516,7.67336e-08,1.19178e-06,0.999999,8.70207e-08
7423,0,12,1385.92,13,1419.25,2,2,0,7.46557,5.20675e-07,4.28766e-08,0.999892,0.000107896,5.64334e-08,8.76973e-07,0.999999,6.40005e-08
7424,0,12,1385.92,13,1420.11,2,2,9,7.46183,8.52862e-07,7.01966e-08,0.999822,0.000176921,9.24245e-08,1.43706e-06,0.999998,1.0482e-07
7425,0,12,1385.92,13,1420.11,2,2,0,7.4581,6.24932e-07,5.14106e-08,0.99987,0.000129777,6.7706e-08,1.05331e-06,0.999999,7.67886e-08
7426,0,12,1385.92,13,1416.56,2,2,13,7.45437,1.02001e-06,8.38703e-08,0.999787,0.000212048,1.10494e-07,1.71991e-06,0.999998,1.2532e-07
7427,0,12,1385.92,13,1417.42,2,2,9,7.45065,5.22957e-07,4.29785e-08,0.999891,0.000108832,5.66317e-08,8.81989e-07,0.999999,6.42319e-08
7428,0,12,1385.92,13,1417.42,2,2,9,7.44692,3.86781e-07,3.17712e-08,0.999919,8.05788e-05,4.18743e-08,6.52514e-07,0.999999,4.74952e-08
7429,0,12,1385.92,13,1417.42,2,2,0,7.4432,2.87743e-07,2.36242e-08,0.99994,6.00101e-05,3.11442e-08,4.85577e-07,0.999999,3.53257e-08
7430,0,12,1385.92,13,1416.61,2,2,13,7.43948,4.77022e-07,3.91447e-08,0.9999,9.95915e-05,5.1621e-08,8.05278e-07,0.999999,5.85532e-08
7431,0,12,1385.92,13,1416.61,2,2,9,7.43576,2.48077e-07,2.03471e-08,0.999948,5.18482e-05,2.68379e-08,4.18896e-07,1,3.04427e-08
7432,0,12,1385.92,13,1416.56,2,2,13,7.43204,1.86118e-07,1.52577e-08,0.999961,3.89404e-05,2.01298e-08,3.14366e-07,1,2.28342e-08
7433,0,12,1385.92,13,1420.93,2,2,9,7.42832,9.85721e-08,8.07676e-09,0.999979,2.06457e-05,1.06583e-08,1.66542e-07,1,1.20906e-08
7434,0,12,1385.92,13,1420.93,2,2,0,7.42461,7.52991e-08,6.16673e-09,0.999984,1.57881e-05,8.13978e-09,1.27259e-07,1,9.23381e-09
7435,0,12,1385.92,13,1420.93,2,2,9,7.4209,1.2822e-07,1.04955e-08,0.999973,2.6913e-05,1.38571e-08,2.16764e-07,1,1.572e-08
7436,0,12,1385.92,13,1420.93,2,2,0,7.41718,9.74157e-08,7.97002e-09,0.999979,2.04691e-05,1.05252e-08,1.64733e-07,1,1.19404e-08
7437,0,12,1385.92,13,1434.59,2,2,9,7.41348,1.6505e-07,1.34967e-08,0.999965,3.47176e-05,1.78282e-08,2.7919e-07,1,2.0226e-08
7438,0,12,1385.92,13,1419.69,2,2,13,7.40977,1.24743e-07,1.01955e-08,0.999974,2.62672e-05,1.34706e-08,2.11066e-07,1,1.52827e-08
7439,0,12,1385.92,13,1417.29,2,2,13,7.40606,6.65163e-08,5.43383e-09,0.999986,1.40214e-05,7.18087e-09,1.12576e-07,1,8.14704e-09
7440,0,12,1385.92,13,1417.29,2,2,0,7.40236,3.59058e-08,2.93174e-09,0.999992,7.57692e-06,3.87518e-09,6.07855e-08,1,4.39669e-09
7441,0,12,1385.92,13,1428.74,2,2,9,7.39866,6.206e-08,5.06471e-09,0.999987,1.31101e-05,6.69609e-09,1.05092e-07,1,7.59741e-09
7442,0,12,1385.92,13,1428.74,2,2,9,7.39496,4.77988e-08,3.8989e-09,0.99999,1.01082e-05,5.15587e-09,8.09634e-08,1,5.85003e-09
7443,0,12,1385.92,13,1428.74,2,2,0,7.39126,3.70012e-08,3.01664e-09,0.999992,7.83319e-06,3.99003e-09,6.26906e-08,1,4.52734e-09
7444,0,12,1385.92,13,1428.74,2,2,9,7.38757,6.39232e-08,5.20892e-09,0.999986,1.35471e-05,6.89123e-09,1.08333e-07,1,7.81942e-09
7445,0,12,1385.92,13,1428.74,2,2,0,7.38387,4.91875e-08,4.00615e-09,0.99999,1.04354e-05,5.30109e-09,8.33815e-08,1,6.01526e-09
7446,0,12,1385.92,13,1428.74,2,2,0,7.38018,8.45054e-08,6.87921e-09,0.999982,1.79475e-05,9.1048e-09,1.4329e-07,1,1.03317e-08
7447,0,12,1385.92,13,1428.74,2,2,9,7.37649,1.4364e-07,1.16872e-08,0.999969,3.05394e-05,1.54717e-08,2.43625e-07,1,1.75569e-08
7448,0,12,1385.92,13,1428.74,2,2,0,7.3728,1.08732e-07,8.84249e-09,0.999977,2.31423e-05,1.17081e-08,1.84463e-07,1,1.32864e-08
7449,0,12,1385.92,13,1428.74,2,2,0,7.36912,1.83914e-07,1.49491e-08,0.999961,3.9186e-05,1.97979e-08,3.12091e-07,1,2.24673e-08
7450,0,12,1385.92,13,1420.71,2,2,13,7.36543,3.07868e-07,2.50119e-08,0.999934,6.56669e-05,3.3132e-08,5.22576e-07,0.999999,3.76003e-08
7451,0,12,1385.92,13,1420.71,2,2,0,7.36175,1.60891e-07,1.30646e-08,0.999965,3.43541e-05,1.73087e-08,2.73154e-07,1,1.96436e-08
7452,0,12,1385.92,13,1420.71,2,2,0,7.35807,2.70066e-07,2.19187e-08,0.999942,5.77276e-05,2.90455e-08,4.58627e-07,0.999999,3.29643e-08
7453,0,12,1385.92,13,1422.12,2,2,9,7.35439,4.48709e-07,3.63992e-08,0.999903,9.60162e-05,4.82452e-08,7.6221e-07,0.999999,5.47558e-08
7454,0,12,1385.92,13,1422.12,2,2,0,7.35071,3.31855e-07,2.69065e-08,0.999929,7.10876e-05,3.56688e-08,5.63832e-07,0.999999,4.04833e-08
7455,0,12,1385.92,13,1422.12,2,2,0,7.34704,5.49166e-07,4.45035e-08,0.999882,0.000117765,5.901e-08,9.33311e-07,0.999999,6.69768e-08
7456,0,12,1385.92,13,1428.25,2,2,9,7.34336,8.99771e-07,7.28794e-08,0.999806,0.000193157,9.666e-08,1.52963e-06,0.999998,1.09713e-07
7457,0,12,1385.92,13,1428.25,2,2,0,7.33969,6.56127e-07,5.31181e-08,0.999858,0.000141005,7.04595e-08,1.11563e-06,0.999999,7.9976e-08
7458,0,12,1385.92,13,1428.25,2,2,0,7.33602,1.07131e-06,8.66866e-08,0.999768,0.000230477,1.15017e-07,1.82215e-06,0.999998,1.30556e-07
7459,0,12,1385.92,13,1414.03,2,2,13,7.33235,1.73229e-06,1.401e-07,0.999625,0.000373078,1.85946e-07,2.94746e-06,0.999997,2.11072e-07
7460,0,12,1385.92,13,1414.03,2,2,0,7.32869,8.7348e-07,7.06077e-08,0.999811,0.000188321,9.3712e-08,1.48626e-06,0.999998,1.06377e-07
7461,0,12,1385.92,13,1414.03,2,2,0,7.32502,1.41828e-06,1.14589e-07,0.999692,0.000306107,1.52128e-07,2.41407e-06,0.999997,1.72693e-07
7462,0,12,1385.92,13,1413.68,2,2,13,7.32136,2.2808e-06,1.84183e-07,0.999505,0.000492795,2.44608e-07,3.88375e-06,0.999996,2.77681e-07
7463,0,12,1385.92,13,1413.68,2,2,9,7.3177,1.14323e-06,9.22733e-08,0.999751,0.000247274,1.22535e-07,1.94663e-06,0.999998,1.39107e-07
7464,0,12,1385.92,13,1413.68,2,2,9,7.31404,8.2904e-07,6.68806e-08,0.99982,0.00017951,8.88233e-08,1.41185e-06,0.999998,1.00838e-07
7465,0,12,1385.92,13,1413.68,2,2,0,7.31038,6.04955e-07,4.87786e-08,0.999868,0.00013113,6.47895e-08,1.0304e-06,0.999999,7.35552e-08
7466,0,12,1385.92,13,1413.68,2,2,0,7.30673,9.89684e-07,7.97598e-08,0.999784,0.000214755,1.05965e-07,1.68619e-06,0.999998,1.20305e-07
7467,0,12,1385.92,13,1413.68,2,2,0,7.30308,1.60337e-06,1.29152e-07,0.99965,0.000348295,1.71635e-07,2.73268e-06,0.999997,1.94867e-07
7468,0,12,1385.92,13,1413.68,2,2,0,7.29942,2.57277e-06,2.07134e-07,0.999438,0.000559479,2.75369e-07,4.3867e-06,0.999995,3.12649e-07
7469,0,12,1385.92,13,1413.68,2,2,0,7.29578,4.08948e-06,3.29078e-07,0.999105,0.000890262,4.37696e-07,6.97647e-06,0.999992,4.96964e-07
7470,0,12,1385.92,13,1413.68,2,2,0,7.29213,6.43997e-06,5.17959e-07,0.99859,0.00140346,6.89377e-07,1.09941e-05,0.999988,7.82746e-07
7471,0,12,1385.92,13,1413.68,2,2,9,7.28848,1.00482e-05,8.07756e-07,0.997797,0.00219216,1.07609e-06,1.71709e-05,0.999981,1.22186e-06
7472,0,12,1385.92,13,1413.68,2,2,0,7.28484,6.97702e-06,5.60588e-07,0.998469,0.00152378,7.46424e-07,1.19171e-05,0.999986,8.47562e-07
7473,0,12,1385.92,13,1413.68,2,2,9,7.28119,1.0869e-05,8.72864e-07,0.997612,0.00237636,1.16338e-06,1.85843e-05,0.999979,1.32105e-06
7474,0,12,1385.92,13,1413.68,2,2,0,7.27755,7.5339e-06,6.04722e-07,0.998343,0.00164896,8.05522e-07,1.28749e-05,0.999985,9.14714e-07
7475,0,12,1385.92,13,1413.68,2,2,0,7.27392,1.17189e-05,9.40165e-07,0.99742,0.0025677,1.25368e-06,2.0049e-05,0.999977,1.42365e-06
7476,0,12,1385.92,13,1413.59,2,2,13,7.27028,1.80616e-05,1.44829e-06,0.996019,0.00396171,1.9342e-06,3.09492e-05,0.999965,2.1965e-06
7477,0,12,1385.92,13,1413.59,2,2,9,7.26664,8.68185e-06,6.95809e-07,0.998084,0.00190636,9.27483e-07,1.48489e-05,0.999983,1.05329e-06
7478,0,12,1385.92,13,1413.59,2,2,0,7.26301,6.04095e-06,4.8391e-07,0.998666,0.00132791,6.44747e-07,1.03281e-05,0.999988,7.32219e-07
7479,0,12,1385.92,13,1425.81,2,2,9,7.25938,9.44109e-06,7.55896e-07,0.997912,0.00207756,1.00802e-06,1.61562e-05,0.999982,1.14481e-06
7480,0,12,1385.92,13,1425.81,2,2,9,7.25575,6.55713e-06,5.24728e-07,0.998548,0.00144448,6.99401e-07,1.1216e-05,0.999987,7.94329e-07
7481,0,12,1385.92,13,1420.43,2,2,13,7.25212,4.58571e-06,3.66782e-07,0.998984,0.00101129,4.88731e-07,7.84192e-06,0.999991,5.55079e-07
7482,0,12,1385.92,13,1428.97,2,2,9,7.24849,2.25938e-06,1.80622e-07,0.999499,0.000498799,2.40584e-07,3.86243e-06,0.999996,2.73252e-07
7483,0,12,1385.92,13,1428.97,2,2,9,7.24487,1.61296e-06,1.2888e-07,0.999642,0.000356475,1.71663e-07,2.75748e-06,0.999997,1.94977e-07
7484,0,12,1385.92,13,1428.97,2,2,0,7.24125,1.15901e-06,9.25615e-08,0.999742,0.000256426,1.23292e-07,1.98157e-06,0.999998,1.4004e-07
7485,0,12,1385.92,13,1420.06,2,2,13,7.23763,1.87319e-06,1.49522e-07,0.999583,0.000414882,1.99219e-07,3.20368e-06,0.999996,2.26288e-07
7486,0,12,1385.92,13,1420.06,2,2,0,7.23401,9.38435e-07,7.487e-08,0.999791,0.000208074,9.9747e-08,1.60494e-06,0.999998,1.13303e-07
7487,0,12,1385.92,13,1420.06,2,2,9,7.23039,1.52322e-06,1.21464e-07,0.99966,0.000338099,1.61863e-07,2.60585e-06,0.999997,1.83865e-07
7488,0,12,1385.92,13,1428.97,2,2,9,7.22678,1.09524e-06,8.7292e-08,0.999755,0.000243367,1.16329e-07,1.87383e-06,0.999998,1.32145e-07
7489,0,12,1385.92,13,1415.83,2,2,13,7.22316,7.9256e-07,6.31359e-08,0.999823,0.0001763,8.41424e-08,1.35612e-06,0.999998,9.55847e-08
7490,0,12,1385.92,13,1415.83,2,2,0,7.21955,4.03526e-07,3.21289e-08,0.99991,8.9859e-05,4.28202e-08,6.90516e-07,0.999999,4.86445e-08
7491,0,12,1385.92,13,1415.83,2,2,0,7.21594,6.66183e-07,5.30149e-08,0.999851,0.000148509,7.06689e-08,1.14023e-06,0.999999,8.02831e-08
7492,0,12,1385.92,13,1415.83,2,2,9,7.21233,1.08894e-06,8.66145e-08,0.999756,0.000243016,1.15482e-07,1.86432e-06,0.999998,1.31196e-07
7493,0,12,1385.92,13,1415.83,2,2,0,7.20873,7.87717e-07,6.26232e-08,0.999823,0.000175983,8.34986e-08,1.34874e-06,0.999998,9.48631e-08
7494,0,12,1385.92,13,1415.83,2,2,9,7.20512,1.28342e-06,1.0198e-07,0.999712,0.000287038,1.36006e-07,2.1981e-06,0.999998,1.54521e-07
7495,0,12,1385.92,13,1415.83,2,2,9,7.20152,9.25174e-07,7.34764e-08,0.999792,0.000207139,9.79953e-08,1.58467e-06,0.999998,1.11339e-07
7496,0,12,1385.92,13,1415.83,2,2,0,7.19792,6.71166e-07,5.32764e-08,0.999849,0.000150432,7.10586e-08,1.14972e-06,0.999999,8.07362e-08
7497,0,12,1385.92,13,1415.83,2,2,0,7.19432,1.09716e-06,8.7047e-08,0.999753,0.000246178,1.16125e-07,1.87993e-06,0.999998,1.31944e-07
7498,0,12,1385.92,13,1428.1,2,2,9,7.19072,1.77613e-06,1.40844e-07,0.999599,0.000398955,1.87942e-07,3.04427e-06,0.999997,2.13549e-07
7499,0,12,1385.92,13,1428.1,2,2,0,7.18713,1.27156e-06,1.00782e-07,0.999713,0.000285929,1.34483e-07,2.17956e-06,0.999998,1.5281e-07
7500,0,12,1385.92,13,1428.1,2,2,0,7.18353,2.05258e-06,1.62601e-07,0.999536,0.000462052,2.17037e-07,3.51945e-06,0.999996,2.4662e-07
7501,0,12,1385.92,13,1428.1,2,2,9,7.17994,3.28183e-06,2.59848e-07,0.999257,0.000739566,3.46973e-07,5.62963e-06,0.999994,3.94278e-07
7502,0,12,1385.92,13,1428.1,2,2,0,7.17635,2.32053e-06,1.83641e-07,0.999474,0.000523502,2.45188e-07,3.98038e-06,0.999995,2.78623e-07
7503,0,12,1385.92,13,1428.1,2,2,0,7.17276,3.70141e-06,2.92773e-07,0.99916,0.000835931,3.91058e-07,6.35198e-06,0.999993,4.44396e-07
7504,0,12,1385.92,13,1427.18,2,2,13,7.16918,5.84887e-06,4.62397e-07,0.998671,0.00132235,6.1799e-07,1.00437e-05,0.999989,7.02299e-07
7505,0,12,1385.92,13,1427.18,2,2,9,7.16559,2.85578e-06,2.25656e-07,0.999351,0.000646352,3.01416e-07,4.90138e-06,0.999994,3.42545e-07
7506,0,12,1385.92,13,1427.18,2,2,0,7.16201,2.02382e-06,1.59836e-07,0.999539,0.000458551,2.1348e-07,3.47338e-06,0.999996,2.42616e-07
7507,0,12,1385.92,13,1427.18,2,2,0,7.15843,3.23757e-06,2.55565e-07,0.999262,0.000734356,3.41466e-07,5.55885e-06,0.999994,3.8808e-07
7508,0,12,1385.92,13,1431.65,2,2,9,7.15485,5.13067e-06,4.04795e-07,0.998829,0.00116502,5.41143e-07,8.81438e-06,0.99999,6.15031e-07
7509,0,12,1385.92,13,1431.65,2,2,0,7.15127,3.59329e-06,2.83356e-07,0.999179,0.000816812,3.78707e-07,6.17199e-06,0.999993,4.30426e-07
7510,0,12,1385.92,13,1431.65,2,2,0,7.1477,5.68286e-06,4.47905e-07,0.998701,0.00129321,5.98971e-07,9.76722e-06,0.999989,6.8079e-07
7511,0,12,1385.92,13,1431.65,2,2,0,7.14412,8.90429e-06,7.01452e-07,0.997962,0.00202848,9.38814e-07,1.53175e-05,0.999983,1.06708e-06
7512,0,12,1385.92,13,1431.65,2,2,0,7.14055,1.38233e-05,1.0884e-06,0.996833,0.0031525,1.45848e-06,2.38095e-05,0.999973,1.65779e-06
7513,0,12,1385.92,13,1431.65,2,2,0,7.13698,2.12615e-05,1.67321e-06,0.995123,0.00485412,2.24618e-06,3.66891e-05,0.999959,2.5532e-06
7514,0,12,1385.92,13,1431.65,2,2,0,7.13341,3.2397e-05,2.54824e-06,0.992561,0.00740443,3.42994e-06,5.60559e-05,0.999937,3.89886e-06
7515,0,12,1385.92,13,1431.65,2,2,0,7.12985,4.88925e-05,3.84377e-06,0.988761,0.0111867,5.19393e-06,8.49325e-05,0.999904,5.90417e-06
7516,0,12,1385.92,13,1431.65,2,2,0,7.12628,7.30527e-05,5.74025e-06,0.983188,0.0167328,7.8009e-06,0.000127634,0.999856,8.86785e-06
7517,0,12,1385.92,13,1431.65,2,2,0,7.12272,0.000108,8.48195e-06,0.975119,0.0247643,1.16225e-05,0.000190267,0.999785,1.32125e-05
7518,0,12,1385.92,13,1431.65,2,2,0,7.11916,0.000157838,1.23898e-05,0.963598,0.0362315,1.718e-05,0.000281404,0.999682,1.95308e-05
7519,0,12,1385.92,13,1418.75,2,2,13,7.1156,0.00022775,1.78686e-05,0.947418,0.0523368,2.51989e-05,0.000412982,0.999533,2.86476e-05
7520,0,12,1385.92,13,1418.75,2,2,0,7.11204,0.000106,8.31218e-06,0.975501,0.0243851,1.13886e-05,0.000186751,0.999789,1.29476e-05
7521,0,12,1385.92,13,1418.75,2,2,9,7.10848,0.000155018,1.21499e-05,0.964132,0.0357006,1.68429e-05,0.000276344,0.999688,1.9149e-05
7522,0,12,1385.92,13,1418.75,2,2,0,7.10493,0.000102491,8.02883e-06,0.97626,0.0236293,1.09939e-05,0.000180481,0.999796,1.24995e-05
7523,0,12,1385.92,13,1418.75,2,2,0,7.10138,0.000150052,1.17486e-05,0.965206,0.0346321,1.62716e-05,0.000267271,0.999698,1.85005e-05
7524,0,12,1385.92,13,1418.75,2,2,9,7.09783,0.000216933,1.69766e-05,0.949643,0.0501229,2.38963e-05,0.000392731,0.999556,2.71703e-05
7525,0,12,1385.92,13,1418.75,2,2,0,7.09428,0.000143143,1.11963e-05,0.966736,0.0331095,1.5485e-05,0.000254636,0.999712,1.7607e-05
7526,0,12,1385.92,13,1418.75,2,2,0,7.09073,0.000207298,1.62061e-05,0.951775,0.0480011,2.27651e-05,0.00037456,0.999577,2.58854e-05
7527,0,12,1385.92,13,1418.75,2,2,9,7.08718,0.00029603,2.31311e-05,0.931058,0.0686224,3.32125e-05,0.000546758,0.999382,3.77657e-05
7528,0,12,1385.92,13,1418.75,2,2,0,7.08364,0.000195349,1.52563e-05,0.954456,0.0453329,2.13751e-05,0.000352084,0.999602,2.43062e-05
7529,0,12,1385.92,13,1431.4,2,2,9,7.0801,0.000279649,2.18288e-05,0.934732,0.0649663,3.1226e-05,0.000514632,0.999419,3.55087e-05
7530,0,12,1385.92,13,1431.4,2,2,0,7.07656,0.000184462,1.43914e-05,0.956901,0.0428999,2.01158e-05,0.000331712,0.999625,2.28753e-05
7531,0,12,1385.92,13,1426.6,2,2,13,7.07302,0.000264672,2.06388e-05,0.938093,0.0616213,2.94238e-05,0.000485475,0.999452,3.34611e-05
7532,0,12,1385.92,13,1426.6,2,2,0,7.06948,0.000123178,9.60035e-06,0.971157,0.0287098,1.3226e-05,0.000218343,0.999753,1.50411e-05
7533,0,12,1385.92,13,1426.6,2,2,9,7.06595,0.00017933,1.39696e-05,0.957964,0.0418429,1.95097e-05,0.00032226,0.999636,2.21878e-05
7534,0,12,1385.92,13,1426.6,2,2,0,7.06242,0.000118308,9.21138e-06,0.972238,0.0276349,1.26783e-05,0.000209536,0.999763,1.4419e-05
7535,0,12,1385.92,13,1426.6,2,2,9,7.05889,0.000172477,1.34221e-05,0.959482,0.0403319,1.87188e-05,0.000309543,0.99965,2.12894e-05
7536,0,12,1385.92,13,1426.6,2,2,0,7.05536,0.000113788,8.85043e-06,0.97324,0.0266372,1.21711e-05,0.000201379,0.999773,1.38429e-05
7537,0,12,1385.92,13,1426.6,2,2,0,7.05183,0.000166107,1.29131e-05,0.960894,0.0389271,1.79858e-05,0.000297755,0.999664,2.04568e-05
7538,0,12,1385.92,13,1426.6,2,2,0,7.0483,0.000239324,1.85955e-05,0.943595,0.0561467,2.63732e-05,0.000436854,0.999507,2.99973e-05
7539,0,12,1385.92,13,1426.6,2,2,0,7.04478,0.000339723,2.6383e-05,0.919846,0.079788,3.83785e-05,0.000636071,0.999282,4.36534e-05
7540,0,12,1385.92,13,1440.01,2,2,9,7.04126,0.000474059,3.67968e-05,0.888029,0.11146,5.54317e-05,0.000919221,0.998962,6.30522e-05
7541,0,12,1385.92,13,1426.6,2,2,13,7.03774,0.000314356,2.43881e-05,0.92567,0.0739917,3.52611e-05,0.000585061,0.99934,4.01096e-05
7542,0,12,1385.92,13,1426.6,2,2,0,7.03422,0.000146549,1.13637e-05,0.96531,0.0345319,1.57623e-05,0.000261679,0.999705,1.79301e-05
7543,0,12,1385.92,13,1426.6,2,2,9,7.0307,0.000212136,1.64409e-05,0.949731,0.0500409,2.31776e-05,0.000385001,0.999565,2.6366e-05
7544,0,12,1385.92,13,1426.11,2,2,13,7.02718,0.000139724,1.08234e-05,0.966854,0.0329957,1.49915e-05,0.000249162,0.999719,1.70542e-05
7545,0,12,1385.92,13,1426.11,2,2,9,7.02367,6.46606e-05,5.00619e-06,0.984644,0.0152862,6.8104e-06,0.000113254,0.999872,7.74765e-06
7546,0,12,1385.92,13,1426.11,2,2,0,7.02016,4.30736e-05,3.33317e-06,0.98976,0.010194,4.51154e-06,7.50673e-05,0.999915,5.13256e-06
7547,0,12,1385.92,13,1426.11,2,2,0,7.01665,6.46348e-05,4.99907e-06,0.984617,0.0153136,6.80198e-06,0.000113241,0.999872,7.73847e-06
7548,0,12,1385.92,13,1430.71,2,2,9,7.01314,9.59739e-05,7.41914e-06,0.977133,0.0227634,1.01723e-05,0.000169447,0.999809,1.15731e-05
7549,0,12,1385.92,13,1430.71,2,2,0,7.00963,6.3572e-05,4.91184e-06,0.984837,0.0150947,6.68285e-06,0.000111383,0.999874,7.60333e-06
7550,0,12,1385.92,13,1430.71,2,2,0,7.00613,9.44446e-05,7.29345e-06,0.977448,0.0224498,9.99832e-06,0.000166736,0.999812,1.13758e-05
7551,0,12,1385.92,13,1430.71,2,2,0,7.00263,0.000138729,1.07078e-05,0.966838,0.0330125,1.48398e-05,0.000247615,0.999721,1.68847e-05
7552,0,12,1385.92,13,1430.71,2,2,0,6.99912,0.000201246,1.55252e-05,0.951842,0.0479416,2.1854e-05,0.000364858,0.999588,2.48661e-05
7553,0,12,1385.92,13,1431.61,2,2,9,6.99562,0.000287849,2.21949e-05,0.931042,0.0686476,3.19368e-05,0.000533493,0.999398,3.63395e-05
7554,0,12,1385.92,13,1427.78,2,2,13,6.99213,0.000189485,1.46029e-05,0.954557,0.0452389,2.05009e-05,0.000342654,0.999614,2.33277e-05
7555,0,12,1385.92,13,1427.78,2,2,0,6.98863,8.75838e-05,6.74632e-06,0.978972,0.0209332,9.23754e-06,0.000154484,0.999826,1.05115e-05
7556,0,12,1385.92,13,1424.28,2,2,13,6.98514,0.000128963,9.92852e-06,0.969004,0.0308569,1.37346e-05,0.000229819,0.999741,1.56292e-05
7557,0,12,1385.92,13,1424.28,2,2,0,6.98164,5.9569e-05,4.58371e-06,0.985667,0.0142687,6.23501e-06,0.000104389,0.999882,7.09528e-06
7558,0,12,1385.92,13,1424.28,2,2,0,6.97815,8.86765e-05,6.81998e-06,0.97864,0.0212642,9.34367e-06,0.000156523,0.999824,1.06331e-05
7559,0,12,1385.92,13,1424.28,2,2,0,6.97466,0.000130535,1.00341e-05,0.968523,0.031336,1.38906e-05,0.000232823,0.999737,1.58079e-05
7560,0,12,1385.92,13,1424.28,2,2,0,6.97118,0.000189794,1.45818e-05,0.954184,0.0456116,2.04885e-05,0.000343606,0.999613,2.33172e-05
7561,0,12,1385.92,13,1424.28,2,2,0,6.96769,0.000272152,2.08986e-05,0.934231,0.0654756,2.99879e-05,0.000503202,0.999433,3.4129e-05
7562,0,12,1385.92,13,1424.28,2,2,9,6.96421,0.000384099,2.94799e-05,0.907077,0.0925099,4.35598e-05,0.000731352,0.999176,4.95763e-05
7563,0,12,1385.92,13,1419.18,3,2,13,6.96073,0.000253338,1.94339e-05,0.938644,0.0610833,2.77604e-05,0.000466349,0.999474,3.15955e-05
7564,0,12,1385.92,13,1416.89,2,2,13,6.95724,0.000226218,1.73446e-05,0.839539,0.160218,1.2412e-05,0.000208628,0.999765,1.41271e-05
7565,0,12,1385.92,13,1416.89,2,2,9,6.95377,0.000110979,8.50462e-06,0.921177,0.0787037,5.63673e-06,9.47988e-05,0.999893,6.41578e-06
7566,0,12,1385.92,13,1416.89,2,2,9,6.95029,7.4525e-05,5.70812e-06,0.946999,0.0529207,3.73832e-06,6.29067e-05,0.999929,4.2551e-06
7567,0,12,1385.92,13,1419.91,2,2,9,6.94681,4.99891e-05,3.82686e-06,0.964402,0.0355442,2.49917e-06,4.20787e-05,0.999953,2.84473e-06
7568,0,12,1385.92,13,1419.91,2,2,9,6.94334,3.35962e-05,2.5706e-06,0.976044,0.0239196,1.68391e-06,2.83681e-05,0.999968,1.91679e-06
7569,0,12,1385.92,13,1419.91,2,2,9,6.93987,2.26676e-05,1.73351e-06,0.983816,0.01616,1.14335e-06,1.92724e-05,0.999978,1.30151e-06
7570,0,12,1385.92,13,1419.91,2,2,9,6.9364,1.53732e-05,1.17506e-06,0.989009,0.0109741,7.82189e-07,1.31921e-05,0.999985,8.9041e-07
7571,0,12,1385.92,13,1419.91,2,2,9,6.93293,1.0488e-05,8.0125e-07,0.992492,0.00749671,5.39078e-07,9.09703e-06,0.99999,6.13679e-07
7572,0,12,1385.92,13,1419.91,2,2,0,6.92946,7.20095e-06,5.49845e-07,0.994838,0.00515392,3.74228e-07,6.31872e-06,0.999993,4.26027e-07
7573,0,12,1385.92,13,1419.91,2,2,0,6.926,1.12343e-05,8.57382e-07,0.991937,0.0080513,5.93272e-07,1.00229e-05,0.999989,6.75407e-07
7574,0,12,1385.92,13,1420.83,2,2,9,6.92254,1.73464e-05,1.32316e-06,0.987533,0.012448,9.32012e-07,1.57545e-05,0.999982,1.06107e-06
7575,0,12,1385.92,13,1420.83,2,2,9,6.91908,1.18058e-05,9.00065e-07,0.991504,0.00848311,6.39777e-07,1.08208e-05,0.999988,7.28388e-07
7576,0,12,1385.92,13,1421.64,2,2,9,6.91562,8.08528e-06,6.161e-07,0.994174,0.00581738,4.42399e-07,7.48668e-06,0.999992,5.03686e-07
7577,0,12,1385.92,13,1421.64,2,2,9,6.91216,5.57368e-06,4.24498e-07,0.995978,0.00401556,3.08117e-07,5.21719e-06,0.999994,3.5081e-07
7578,0,12,1385.92,13,1421.64,2,2,0,6.9087,3.86811e-06,2.94448e-07,0.997205,0.00279045,2.16108e-07,3.66132e-06,0.999996,2.46059e-07
7579,0,12,1385.92,13,1420.83,2,2,13,6.90525,6.11913e-06,4.6556e-07,0.995573,0.00442016,3.46417e-07,5.87235e-06,0.999993,3.94438e-07
7580,0,12,1385.92,13,1416.4,2,2,13,6.9018,2.94682e-06,2.24086e-07,0.997865,0.00213144,1.68341e-07,2.85527e-06,0.999997,1.91681e-07
7581,0,12,1385.92,13,1419.6,2,2,9,6.89834,1.43785e-06,1.09283e-07,0.998957,0.00104137,8.29653e-08,1.408e-06,0.999998,9.44711e-08
7582,0,12,1385.92,13,1419.6,2,2,9,6.8949,1.02361e-06,7.77586e-08,0.999257,0.000742331,5.96911e-08,1.01359e-06,0.999999,6.79709e-08
7583,0,12,1385.92,13,1416.89,2,2,13,6.89145,7.3348e-07,5.56902e-08,0.999467,0.000532628,4.32213e-08,7.34336e-07,0.999999,4.92178e-08
7584,0,12,1385.92,13,1416.89,2,2,0,6.888,3.67376e-07,2.7879e-08,0.999732,0.000267128,2.18693e-08,3.71772e-07,1,2.49041e-08
7585,0,12,1385.92,13,1416.89,2,2,9,6.88456,6.09981e-07,4.62656e-08,0.999555,0.000444117,3.66904e-08,6.24082e-07,0.999999,4.1783e-08
7586,0,12,1385.92,13,1416.89,2,2,0,6.88112,4.41397e-07,3.34616e-08,0.999678,0.000321797,2.68137e-08,4.56343e-07,0.999999,3.05362e-08
7587,0,12,1385.92,13,1416.89,2,2,0,6.87768,7.30261e-07,5.53314e-08,0.999466,0.000533094,4.48075e-08,7.63014e-07,0.999999,5.10295e-08
7588,0,12,1385.92,13,1416.89,2,2,9,6.87424,1.19607e-06,9.05788e-08,0.999124,0.00087429,7.41214e-08,1.26291e-06,0.999999,8.44161e-08
7589,0,12,1385.92,13,1416.89,2,2,0,6.8708,8.5383e-07,6.46275e-08,0.999374,0.000624947,5.33986e-08,9.1034e-07,0.999999,6.08166e-08
7590,0,12,1385.92,13,1416.89,2,2,0,6.86736,1.39418e-06,1.05473e-07,0.998977,0.00102179,8.80325e-08,1.50163e-06,0.999998,1.00264e-07
7591,0,12,1385.92,13,1416.89,2,2,9,6.86393,2.25403e-06,1.70434e-07,0.998343,0.00165416,1.43705e-07,2.45267e-06,0.999997,1.63677e-07
7592,0,12,1385.92,13,1416.89,2,2,0,6.8605,1.58878e-06,1.2007e-07,0.998831,0.00116749,1.02139e-07,1.74424e-06,0.999998,1.16337e-07
7593,0,12,1385.92,13,1416.89,2,2,9,6.85707,2.562e-06,1.93521e-07,0.998112,0.00188514,1.66254e-07,2.84074e-06,0.999997,1.89369e-07
7594,0,12,1385.92,13,1416.89,2,2,9,6.85364,1.80096e-06,1.35966e-07,0.998671,0.00132691,1.17795e-07,2.01388e-06,0.999998,1.34176e-07
7595,0,12,1385.92,13,1416.89,2,2,0,6.85021,1.2745e-06,9.61697e-08,0.999058,0.000940264,8.40209e-08,1.43728e-06,0.999998,9.57079e-08
7596,0,12,1385.92,13,1416.89,2,2,0,6.84679,2.06475e-06,1.55719e-07,0.998472,0.00152529,1.37306e-07,2.35012e-06,0.999997,1.56409e-07
7597,0,12,1385.92,13,1416.89,2,2,0,6.84336,3.31215e-06,2.49667e-07,0.997546,0.00245002,2.2222e-07,3.80565e-06,0.999996,2.53143e-07
7598,0,12,1385.92,13,1416.89,2,2,9,6.83994,5.26105e-06,3.96368e-07,0.996098,0.00389677,3.56245e-07,6.10438e-06,0.999993,4.05829e-07
7599,0,12,1385.92,13,1416.89,2,2,9,6.83652,3.6459e-06,2.7454e-07,0.997292,0.00270403,2.48465e-07,4.25995e-06,0.999995,2.83055e-07
7600,0,12,1385.92,13,1416.89,2,2,9,6.8331,2.5438e-06,1.91452e-07,0.998108,0.00188914,1.74511e-07,2.99371e-06,0.999997,1.98811e-07
7601,0,12,1385.92,13,1420.9,2,2,9,6.82969,1.7869e-06,1.34416e-07,0.998669,0.00132879,1.23413e-07,2.11834e-06,0.999998,1.40602e-07
7602,0,12,1385.92,13,1417.7,2,2,13,6.82627,1.26367e-06,9.50078e-08,0.999058,0.00094094,8.78668e-08,1.50906e-06,0.999998,1.00107e-07
7603,0,12,1385.92,13,1417.7,2,2,0,6.82286,6.23961e-07,4.68878e-08,0.999534,0.000465223,4.36694e-08,7.50422e-07,0.999999,4.9754e-08
7604,0,12,1385.92,13,1417.7,2,2,0,6.81945,1.0259e-06,7.70518e-08,0.999233,0.000765921,7.23145e-08,1.24337e-06,0.999999,8.23926e-08
7605,0,12,1385.92,13,1416.4,2,2,13,6.81604,1.66999e-06,1.25362e-07,0.99875,0.00124844,1.18563e-07,2.03973e-06,0.999998,1.3509e-07
7606,0,12,1385.92,13,1416.89,2,2,9,6.81263,8.19697e-07,6.15008e-08,0.999386,0.000613595,5.8541e-08,1.0077e-06,0.999999,6.6703e-08
7607,0,12,1385.92,13,1416.89,2,2,9,6.80922,5.88214e-07,4.41101e-08,0.999558,0.000440899,4.2272e-08,7.28063e-07,0.999999,4.81669e-08
7608,0,12,1385.92,13,1416.89,2,2,9,6.80582,4.24813e-07,3.18402e-08,0.999681,0.000318843,3.07177e-08,5.29361e-07,0.999999,3.50022e-08
7609,0,12,1385.92,13,1416.89,2,2,9,6.80242,3.0874e-07,2.31284e-08,0.999768,0.000232031,2.24602e-08,3.87279e-07,1,2.55936e-08
7610,0,12,1385.92,13,1416.89,2,2,0,6.79902,2.25772e-07,1.69043e-08,0.99983,0.000169902,1.65224e-08,2.85057e-07,1,1.8828e-08
7611,0,12,1385.92,13,1416.89,2,2,0,6.79562,3.78943e-07,2.8358e-08,0.999714,0.000285547,2.78987e-08,4.81604e-07,0.999999,3.17926e-08
7612,0,12,1385.92,13,1418.69,2,2,9,6.79222,6.29521e-07,4.70855e-08,0.999524,0.000474996,4.66234e-08,8.053e-07,0.999999,5.31321e-08
7613,0,12,1385.92,13,1418.69,2,2,0,6.78882,4.53763e-07,3.39219e-08,0.999657,0.000342834,3.37919e-08,5.84001e-07,0.999999,3.85103e-08
7614,0,12,1385.92,13,1416.4,2,2,13,6.78543,7.51167e-07,5.61258e-08,0.999431,0.000568287,5.62617e-08,9.72885e-07,0.999999,6.41193e-08
7615,0,12,1385.92,13,1416.4,2,2,0,6.78203,3.73799e-07,2.79151e-08,0.999716,0.000283168,2.81406e-08,4.86889e-07,0.999999,3.20716e-08
7616,0,12,1385.92,13,1416.4,2,2,9,6.77864,6.21251e-07,4.63706e-08,0.999528,0.000471249,4.7026e-08,8.14108e-07,0.999999,5.35965e-08
7617,0,12,1385.92,13,1416.4,2,2,9,6.77525,4.47699e-07,3.33992e-08,0.999659,0.000340052,3.406e-08,5.89978e-07,0.999999,3.88199e-08
7618,0,12,1385.92,13,1420.9,2,2,9,6.77187,3.2468e-07,2.42092e-08,0.999753,0.000246939,2.48238e-08,4.30236e-07,1,2.82937e-08
7619,0,12,1385.92,13,1420.9,2,2,0,6.76848,2.36932e-07,1.76572e-08,0.999819,0.000180441,1.82035e-08,3.15676e-07,1,2.07485e-08
7620,0,12,1385.92,13,1420.9,2,2,0,6.7651,3.97446e-07,2.96041e-08,0.999696,0.000303086,3.06877e-08,5.32475e-07,0.999999,3.49791e-08
7621,0,12,1385.92,13,1420.9,2,2,0,6.76171,6.59884e-07,4.91264e-08,0.999495,0.000503886,5.12031e-08,8.88955e-07,0.999999,5.83649e-08
7622,0,12,1385.92,13,1420.9,2,2,0,6.75833,1.08457e-06,8.07014e-08,0.99917,0.000829279,8.45747e-08,1.46917e-06,0.999998,9.64067e-08
7623,0,12,1385.92,13,1420.9,2,2,0,6.75495,1.76485e-06,1.31251e-07,0.998647,0.00135122,1.38319e-07,2.40415e-06,0.999997,1.57674e-07
7624,0,12,1385.92,13,1420.9,2,2,0,6.75158,2.84347e-06,2.11358e-07,0.997817,0.00217994,2.24031e-07,3.89615e-06,0.999996,2.55387e-07
7625,0,12,1385.92,13,1420.09,2,2,13,6.7482,4.5362e-06,3.37006e-07,0.996513,0.00348229,3.59419e-07,6.25427e-06,0.999993,4.09734e-07
7626,0,12,1385.92,13,1420.09,2,2,0,6.74483,2.17687e-06,1.61641e-07,0.998324,0.00167333,1.729e-07,3.01036e-06,0.999997,1.97109e-07
7627,0,12,1385.92,13,1420.09,2,2,0,6.74145,3.49254e-06,2.59199e-07,0.997308,0.00268824,2.78834e-07,4.85755e-06,0.999995,3.17884e-07
7628,0,12,1385.92,13,1420.09,2,2,0,6.73808,5.54808e-06,4.11538e-07,0.995718,0.00427609,4.45451e-07,7.76461e-06,0.999991,5.07849e-07
7629,0,12,1385.92,13,1420.09,2,2,0,6.73471,8.72544e-06,6.46887e-07,0.993257,0.00673394,7.05081e-07,1.22972e-05,0.999986,8.03869e-07
7630,0,12,1385.92,13,1420.09,2,2,9,6.73135,1.35819e-05,1.00641e-06,0.98949,0.0104959,1.10597e-06,1.93e-05,0.999978,1.26095e-06
7631,0,12,1385.92,13,1420.9,2,2,9,6.72798,9.22009e-06,6.82848e-07,0.992855,0.00713464,7.51089e-07,1.31146e-05,0.999985,8.56369e-07
7632,0,12,1385.92,13,1419.6,2,2,13,6.72462,6.29983e-06,4.66328e-07,0.995112,0.00488139,5.13939e-07,8.97893e-06,0.99999,5.85992e-07
7633,0,12,1385.92,13,1419.6,2,2,0,6.72126,3.00166e-06,2.22074e-07,0.997668,0.00232892,2.45135e-07,4.28517e-06,0.999995,2.7951e-07
7634,0,12,1385.92,13,1419.6,2,2,9,6.71789,4.78486e-06,3.53817e-07,0.996277,0.0037174,3.92696e-07,6.86858e-06,0.999992,4.47775e-07
7635,0,12,1385.92,13,1420.83,2,2,9,6.71454,3.30741e-06,2.4444e-07,0.997423,0.00257298,2.7207e-07,4.76146e-06,0.999995,3.10239e-07
7636,0,12,1385.92,13,1420.83,2,2,0,6.71118,2.30186e-06,1.70035e-07,0.998204,0.00179311,1.89847e-07,3.32439e-06,0.999996,2.16486e-07
7637,0,12,1385.92,13,1420.83,2,2,0,6.70782,3.69032e-06,2.72455e-07,0.997118,0.00287852,3.05702e-07,5.35617e-06,0.999994,3.48607e-07
7638,0,12,1385.92,13,1419.19,2,2,13,6.70447,5.85774e-06,4.3225e-07,0.995418,0.00457524,4.87651e-07,8.54897e-06,0.99999,5.56106e-07
7639,0,12,1385.92,13,1419.19,2,2,9,6.70112,2.79132e-06,2.05867e-07,0.997814,0.00218309,2.32551e-07,4.07918e-06,0.999995,2.65204e-07
7640,0,12,1385.92,13,1419.19,2,2,9,6.69777,1.94804e-06,1.43598e-07,0.998472,0.00152559,1.62691e-07,2.85539e-06,0.999997,1.85539e-07
7641,0,12,1385.92,13,1419.19,2,2,0,6.69442,1.3688e-06,1.00848e-07,0.998925,0.0010734,1.1461e-07,2.01268e-06,0.999998,1.30709e-07
7642,0,12,1385.92,13,1421.75,2,2,9,6.69107,2.2186e-06,1.63372e-07,0.998256,0.00174212,1.86436e-07,3.27591e-06,0.999996,2.1263e-07
7643,0,12,1385.92,13,1421.75,2,2,0,6.68772,1.55462e-06,1.14419e-07,0.998776,0.00122237,1.30949e-07,2.30225e-06,0.999997,1.49351e-07
7644,0,12,1385.92,13,1423.16,2,2,9,6.68438,2.51342e-06,1.84889e-07,0.998018,0.00197889,2.12469e-07,3.73761e-06,0.999996,2.42333e-07
7645,0,12,1385.92,13,1423.16,2,2,0,6.68104,1.75656e-06,1.29146e-07,0.998613,0.00138484,1.48809e-07,2.61925e-06,0.999997,1.6973e-07
7646,0,12,1385.92,13,1423.16,2,2,0,6.6777,2.833e-06,2.0818e-07,0.99776,0.00223647,2.40852e-07,4.24178e-06,0.999995,2.7472e-07
7647,0,12,1385.92,13,1423.16,2,2,9,6.67436,4.52395e-06,3.32264e-07,0.996419,0.00357613,3.8614e-07,6.80442e-06,0.999992,4.4045e-07
7648,0,12,1385.92,13,1421.93,2,2,13,6.67102,3.12542e-06,2.29428e-07,0.997523,0.00247391,2.67159e-07,4.71048e-06,0.999995,3.04742e-07
7649,0,12,1385.92,13,1421.93,2,2,9,6.66769,1.50338e-06,1.10301e-07,0.998807,0.00119158,1.28665e-07,2.26989e-06,0.999997,1.46769e-07
7650,0,12,1385.92,13,1421.93,2,2,9,6.66435,1.06052e-06,7.77687e-08,0.999157,0.000841696,9.09538e-08,1.60552e-06,0.999998,1.03754e-07
7651,0,12,1385.92,13,1421.93,2,2,9,6.66102,7.53139e-07,5.51992e-08,0.999401,0.000598537,6.47303e-08,1.14328e-06,0.999999,7.38422e-08
7652,0,12,1385.92,13,1421.01,2,2,13,6.65769,5.38383e-07,3.94386e-08,0.999571,0.000428437,4.63726e-08,8.19511e-07,0.999999,5.29018e-08
7653,0,12,1385.92,13,1421.01,2,2,0,6.65436,2.67663e-07,1.95971e-08,0.999786,0.000213287,2.31023e-08,4.08505e-07,1,2.63557e-08
7654,0,12,1385.92,13,1421.01,2,2,9,6.65103,4.48563e-07,3.28246e-08,0.999642,0.000357915,3.88075e-08,6.86607e-07,0.999999,4.42739e-08
7655,0,12,1385.92,13,1419.37,2,2,13,6.64771,3.23823e-07,2.36841e-08,0.999741,0.000258728,2.80736e-08,4.96981e-07,0.999999,3.20288e-08
7656,0,12,1385.92,13,1419.37,2,2,9,6.64438,1.62512e-07,1.18797e-08,0.99987,0.000130018,1.41169e-08,2.50052e-07,1,1.61062e-08
7657,0,12,1385.92,13,1419.37,2,2,9,6.64106,1.19665e-07,8.74303e-09,0.999904,9.58662e-05,1.0416e-08,1.84605e-07,1,1.18842e-08
7658,0,12,1385.92,13,1419.37,2,2,0,6.63774,8.86391e-08,6.47281e-09,0.999929,7.11057e-05,7.7308e-09,1.37093e-07,1,8.82069e-09
7659,0,12,1385.92,13,1419.37,2,2,0,6.63442,1.5188e-07,1.10851e-08,0.999878,0.000122,1.32732e-08,2.35514e-07,1,1.51448e-08
7660,0,12,1385.92,13,1419.37,2,2,9,6.63111,2.57483e-07,1.87828e-08,0.999793,0.000207104,2.25472e-08,4.00298e-07,1,2.57272e-08
7661,0,12,1385.92,13,1419.37,2,2,0,6.62779,1.87788e-07,1.36916e-08,0.999849,0.000151248,1.6474e-08,2.92644e-07,1,1.8798e-08
7662,0,12,1385.92,13,1419.37,2,2,0,6.62448,3.17043e-07,2.31034e-08,0.999744,0.000255695,2.78669e-08,4.95312e-07,0.999999,3.17989e-08
7663,0,12,1385.92,13,1419.37,2,2,9,6.62116,5.29729e-07,3.8582e-08,0.999572,0.000427798,4.6652e-08,8.2968e-07,0.999999,5.3236e-08
7664,0,12,1385.92,13,1419.37,2,2,0,6.61785,3.80745e-07,2.77164e-08,0.999692,0.000307894,3.35855e-08,5.97643e-07,0.999999,3.83264e-08
7665,0,12,1385.92,13,1420.91,2,2,9,6.61454,6.33895e-07,4.61204e-08,0.999486,0.000513294,5.60219e-08,9.97466e-07,0.999999,6.39316e-08
7666,0,12,1385.92,13,1419.99,2,2,13,6.61124,4.53896e-07,3.30069e-08,0.999631,0.000368033,4.01744e-08,7.15715e-07,0.999999,4.58478e-08
7667,0,12,1385.92,13,1419.18,2,2,13,6.60793,2.25793e-07,1.64108e-08,0.999816,0.000183325,2.00134e-08,3.56748e-07,1,2.28403e-08
7668,0,12,1385.92,13,1419.18,2,2,0,6.60463,1.13853e-07,8.2706e-09,0.999907,9.25633e-05,1.01063e-08,1.80254e-07,1,1.15342e-08
7669,0,12,1385.92,13,1423.85,2,2,9,6.60133,1.942e-07,1.40998e-08,0.999842,0.000158098,1.72659e-08,3.08128e-07,1,1.97057e-08
7670,0,12,1385.92,13,1423.85,2,2,0,6.59802,1.42268e-07,1.03239e-08,0.999884,0.000115975,1.2667e-08,2.26186e-07,1,1.44573e-08
7671,0,12,1385.92,13,1423.85,2,2,0,6.59473,2.41616e-07,1.75241e-08,0.999803,0.000197227,2.15454e-08,3.84944e-07,1,2.45913e-08
7672,0,12,1385.92,13,1423.85,2,2,0,6.59143,4.06055e-07,2.94351e-08,0.999668,0.000331901,3.62647e-08,6.48301e-07,0.999999,4.13926e-08
7673,0,12,1385.92,13,1419.61,2,2,13,6.58813,6.75397e-07,4.89341e-08,0.999446,0.000552796,6.04156e-08,1.08067e-06,0.999999,6.89603e-08
7674,0,12,1385.92,13,1419.61,2,2,0,6.58484,3.32915e-07,2.41078e-08,0.999727,0.000272849,2.98113e-08,5.3355e-07,0.999999,3.40285e-08
7675,0,12,1385.92,13,1418.69,2,2,13,6.58155,5.55994e-07,4.02408e-08,0.999543,0.000456291,4.98611e-08,8.92907e-07,0.999999,5.6916e-08
7676,0,12,1385.92,13,1418.69,2,2,0,6.57826,2.74995e-07,1.98927e-08,0.999774,0.000225985,2.46868e-08,4.42344e-07,1,2.81806e-08
7677,0,12,1385.92,13,1418.69,2,2,0,6.57497,4.6106e-07,3.33348e-08,0.99962,0.000379398,4.14474e-08,7.43094e-07,0.999999,4.73144e-08
7678,0,12,1385.92,13,1418.69,2,2,0,6.57168,7.65102e-07,5.52881e-08,0.999369,0.000630435,6.88792e-08,1.23562e-06,0.999999,7.86313e-08
7679,0,12,1385.92,13,1418.69,2,2,0,6.56839,1.25682e-06,9.07734e-08,0.998962,0.001037,1.13325e-07,2.0341e-06,0.999998,1.29373e-07
7680,0,12,1385.92,13,1418.69,2,2,9,6.56511,2.04395e-06,1.47545e-07,0.998309,0.00168872,1.84626e-07,3.31583e-06,0.999996,2.10778e-07
7681,0,12,1385.92,13,1418.69,2,2,9,6.56183,1.42785e-06,1.03017e-07,0.998817,0.00118128,1.29052e-07,2.31906e-06,0.999997,1.47335e-07
7682,0,12,1385.92,13,1418.69,2,2,0,6.55855,1.0043e-06,7.24204e-08,0.999167,0.000831987,9.08353e-08,1.63326e-06,0.999998,1.03707e-07
7683,0,12,1385.92,13,1418.69,2,2,0,6.55527,1.64096e-06,1.18268e-07,0.998637,0.00136125,1.48652e-07,2.67437e-06,0.999997,1.69721e-07
7684,0,12,1385.92,13,1418.69,2,2,0,6.55199,2.65454e-06,1.91219e-07,0.997792,0.00220501,2.40916e-07,4.33678e-06,0.999995,2.75069e-07
7685,0,12,1385.92,13,1418.69,2,2,9,6.54871,4.25149e-06,3.06093e-07,0.996459,0.00353628,3.86742e-07,6.96586e-06,0.999992,4.4158e-07
7686,0,12,1385.92,13,1440.95,2,2,9,6.54544,2.92703e-06,2.10626e-07,0.997559,0.00243791,2.66221e-07,4.79786e-06,0.999995,3.03978e-07
7687,0,12,1385.92,13,1440.95,2,2,0,6.54217,2.02921e-06,1.45943e-07,0.998305,0.00169239,1.84594e-07,3.32869e-06,0.999996,2.1078e-07
7688,0,12,1385.92,13,1440.95,2,2,9,6.53889,3.26873e-06,2.34967e-07,0.997267,0.00272984,2.97927e-07,5.37547e-06,0.999994,3.40198e-07
7689,0,12,1385.92,13,1440.95,2,2,9,6.53562,2.26078e-06,1.62427e-07,0.998107,0.00189061,2.06063e-07,3.72014e-06,0.999996,2.35307e-07
7690,0,12,1385.92,13,1441.76,2,2,9,6.53236,1.57452e-06,1.13062e-07,0.99868,0.00131848,1.4355e-07,2.59307e-06,0.999997,1.63927e-07
7691,0,12,1385.92,13,1441.76,2,2,9,6.52909,1.10413e-06,7.92428e-08,0.999073,0.000925831,1.00707e-07,1.82021e-06,0.999998,1.15005e-07
7692,0,12,1385.92,13,1441.76,2,2,9,6.52583,7.79543e-07,5.59181e-08,0.999345,0.000654542,7.11387e-08,1.28652e-06,0.999999,8.12408e-08
7693,0,12,1385.92,13,1441.76,2,2,0,6.52256,5.54074e-07,3.97238e-08,0.999534,0.000465855,5.05921e-08,9.15476e-07,0.999999,5.77781e-08
7694,0,12,1385.92,13,1441.76,2,2,9,6.5193,9.16702e-07,6.56875e-08,0.999227,0.000771784,8.3791e-08,1.51709e-06,0.999998,9.56949e-08
7695,0,12,1385.92,13,1441.76,2,2,9,6.51604,6.49335e-07,4.65044e-08,0.999452,0.000547421,5.93814e-08,1.07577e-06,0.999999,6.78194e-08
7696,0,12,1385.92,13,1439.47,2,2,13,6.51278,4.63013e-07,3.31428e-08,0.999609,0.000390869,4.23651e-08,7.67939e-07,0.999999,4.83863e-08
7697,0,12,1385.92,13,1435.97,2,2,13,6.50953,2.28876e-07,1.63745e-08,0.999806,0.000193474,2.09517e-08,3.80005e-07,1,2.39302e-08
7698,0,12,1385.92,13,1435.97,2,2,0,6.50627,1.14693e-07,8.20117e-09,0.999903,9.70838e-05,1.0505e-08,1.90642e-07,1,1.19987e-08
7699,0,12,1385.92,13,1435.97,2,2,0,6.50302,1.9586e-07,1.39976e-08,0.999834,0.000166012,1.79517e-08,3.25971e-07,1,2.05047e-08
7700,0,12,1385.92,13,1435.97,2,2,9,6.49977,3.3094e-07,2.3639e-08,0.999719,0.000280886,3.03543e-08,5.51501e-07,0.999999,3.46722e-08
7701,0,12,1385.92,13,1435.97,2,2,9,6.49652,2.38985e-07,1.70616e-08,0.999797,0.000203112,2.1931e-08,3.98691e-07,1,2.50514e-08
7702,0,12,1385.92,13,1435.97,2,2,0,6.49327,1.73671e-07,1.23922e-08,0.999852,0.000147802,1.59454e-08,2.90045e-07,1,1.82146e-08
7703,0,12,1385.92,13,1435.97,2,2,0,6.49002,2.9419e-07,2.09807e-08,0.999749,0.000250707,2.7028e-08,4.91922e-07,0.999999,3.08752e-08
7704,0,12,1385.92,13,1436.45,2,2,9,6.48678,4.93155e-07,3.51517e-08,0.999579,0.000420831,4.53388e-08,8.25666e-07,0.999999,5.17938e-08
7705,0,12,1385.92,13,1436.45,2,2,0,6.48354,3.53162e-07,2.51598e-08,0.999698,0.000301776,3.24807e-08,5.91851e-07,0.999999,3.7106e-08
7706,0,12,1385.92,13,1436.45,2,2,0,6.48029,5.89905e-07,4.20035e-08,0.999495,0.000504754,5.42914e-08,9.8985e-07,0.999999,6.20242e-08
7707,0,12,1385.92,13,1436.45,2,2,0,6.47705,9.75303e-07,6.94086e-08,0.999163,0.000835648,8.98323e-08,1.63879e-06,0.999998,1.0263e-07
7708,0,12,1385.92,13,1436.45,2,2,0,6.47381,1.59625e-06,1.13539e-07,0.998629,0.00136953,1.47169e-07,2.68634e-06,0.999997,1.6814e-07
7709,0,12,1385.92,13,1436.45,2,2,9,6.47058,2.58642e-06,1.83871e-07,0.997775,0.00222206,2.38766e-07,4.36081e-06,0.999995,2.72795e-07
7710,0,12,1385.92,13,1436.45,2,2,0,6.46734,1.79224e-06,1.27344e-07,0.998456,0.00154184,1.65405e-07,3.02271e-06,0.999997,1.88984e-07
7711,0,12,1385.92,13,1436.45,2,2,0,6.46411,2.89728e-06,2.05753e-07,0.997501,0.00249587,2.67749e-07,4.89585e-06,0.999995,3.05926e-07
7712,0,12,1385.92,13,1435.64,2,2,13,6.46088,4.63687e-06,3.29117e-07,0.995995,0.00399984,4.29318e-07,7.85474e-06,0.999991,4.90545e-07
7713,0,12,1385.92,13,1435.64,2,2,0,6.45765,2.18693e-06,1.55142e-07,0.998109,0.00188904,2.02128e-07,3.70025e-06,0.999996,2.3096e-07
7714,0,12,1385.92,13,1435.64,2,2,0,6.45442,3.52115e-06,2.4966e-07,0.996951,0.00304563,3.25931e-07,5.97012e-06,0.999993,3.72433e-07
7715,0,12,1385.92,13,1435.64,2,2,0,6.45119,5.61251e-06,3.97734e-07,0.995133,0.00486114,5.20631e-07,9.54201e-06,0.999989,5.94928e-07
7716,0,12,1385.92,13,1435.64,2,2,9,6.44796,8.85489e-06,6.27175e-07,0.992311,0.00767983,8.23987e-07,1.51106e-05,0.999983,9.416e-07
7717,0,12,1385.92,13,1435.64,2,2,9,6.44474,5.99315e-06,4.24259e-07,0.994789,0.00520489,5.56466e-07,1.02107e-05,0.999989,6.35911e-07
7718,0,12,1385.92,13,1435.64,2,2,9,6.44152,4.08405e-06,2.88959e-07,0.996444,0.00355169,3.78681e-07,6.95252e-06,0.999992,4.32756e-07
7719,0,12,1385.92,13,1435.64,2,2,9,6.4383,2.80251e-06,1.98182e-07,0.997556,0.0024405,2.59634e-07,4.7696e-06,0.999995,2.96717e-07
7720,0,12,1385.92,13,1435.64,2,2,0,6.43508,1.93661e-06,1.36876e-07,0.998309,0.00168874,1.79323e-07,3.29617e-06,0.999996,2.04941e-07
7721,0,12,1385.92,13,1435.64,2,2,9,6.43186,3.12696e-06,2.2089e-07,0.997266,0.00273042,2.89915e-07,5.33209e-06,0.999994,3.3134e-07
7722,0,12,1385.92,13,1435.64,2,2,0,6.42864,2.15578e-06,1.52205e-07,0.998113,0.00188495,1.99747e-07,3.67587e-06,0.999996,2.28295e-07
7723,0,12,1385.92,13,1435.64,2,2,0,6.42543,3.47335e-06,2.451e-07,0.996955,0.00304112,3.22267e-07,5.93402e-06,0.999993,3.68336e-07
7724,0,12,1385.92,13,1436.45,2,2,9,6.42222,5.54001e-06,3.90728e-07,0.995137,0.00485718,5.15055e-07,9.48941e-06,0.999989,5.88697e-07
7725,0,12,1385.92,13,1436.45,2,2,0,6.41901,3.77743e-06,2.66275e-07,0.99668,0.00331634,3.50708e-07,6.46524e-06,0.999993,4.00863e-07
7726,0,12,1385.92,13,1436.45,2,2,0,6.4158,6.01457e-06,4.23749e-07,0.994706,0.00528757,5.5961e-07,1.03223e-05,0.999988,6.39657e-07
7727,0,12,1385.92,13,1436.45,2,2,0,6.41259,9.47844e-06,6.67437e-07,0.991646,0.00834406,8.84748e-07,1.63292e-05,0.999982,1.01133e-06
7728,0,12,1385.92,13,1436.45,2,2,0,6.40938,1.47785e-05,1.04009e-06,0.986957,0.0130274,1.38621e-06,2.55992e-05,0.999971,1.58458e-06
7729,0,12,1385.92,13,1436.45,2,2,0,6.40618,2.27828e-05,1.60258e-06,0.979865,0.0201106,2.15271e-06,3.97776e-05,0.999956,2.46084e-06
7730,0,12,1385.92,13,1437.93,2,2,9,6.40298,3.4693e-05,2.43907e-06,0.969297,0.0306655,3.31414e-06,6.12739e-05,0.999932,3.7886e-06
7731,0,12,1385.92,13,1437.93,2,2,0,6.39977,2.29895e-05,1.6154e-06,0.979627,0.0203482,2.17325e-06,4.02039e-05,0.999955,2.48445e-06
7732,0,12,1385.92,13,1437.93,2,2,9,6.39657,3.5e-05,2.45804e-06,0.968942,0.0310209,3.34535e-06,6.19233e-05,0.999931,3.82449e-06
7733,0,12,1385.92,13,1438.85,2,2,9,6.39338,2.3186e-05,1.62748e-06,0.979397,0.0205779,2.19272e-06,4.06116e-05,0.999955,2.50684e-06
7734,0,12,1385.92,13,1438.85,2,2,0,6.39018,1.5429e-05,1.08242e-06,0.986271,0.0137121,1.4491e-06,2.68545e-05,0.99997,1.65673e-06
7735,0,12,1385.92,13,1438.85,2,2,0,6.38698,2.37627e-05,1.66619e-06,0.978827,0.0211472,2.24887e-06,4.17001e-05,0.999953,2.57117e-06
7736,0,12,1385.92,13,1438.85,2,2,9,6.38379,3.61444e-05,2.53302e-06,0.967752,0.0322097,3.45989e-06,6.41932e-05,0.999928,3.95586e-06
7737,0,12,1385.92,13,1438.85,2,2,0,6.3806,2.39268e-05,1.67591e-06,0.978623,0.0213511,2.26507e-06,4.20496e-05,0.999953,2.58983e-06
7738,0,12,1385.92,13,1438.85,2,2,0,6.37741,3.63882e-05,2.54739e-06,0.967446,0.0325152,3.48456e-06,6.47265e-05,0.999928,3.98428e-06
7739,0,12,1385.92,13,1438.85,2,2,0,6.37422,5.45689e-05,3.81812e-06,0.951114,0.0488272,5.31519e-06,9.87886e-05,0.99989,6.0776e-06
7740,0,12,1385.92,13,1438.85,2,2,0,6.37103,8.05226e-05,5.63107e-06,0.927766,0.0721481,8.04017e-06,0.000149523,0.999833,9.1937e-06
7741,0,12,1385.92,13,1438.85,2,2,0,6.36785,0.000116589,8.14893e-06,0.895269,0.104606,1.2063e-05,0.000224466,0.99975,1.3794e-05
7742,0,12,1385.92,13,1438.85,2,2,0,6.36466,0.000165066,1.1531e-05,0.851522,0.148301,1.79536e-05,0.000334274,0.999627,2.05306e-05
7743,0,12,1385.92,13,1438.85,2,2,0,6.36148,0.000227602,1.58912e-05,0.794992,0.204765,2.65106e-05,0.000493883,0.999449,3.03165e-05
7744,0,12,1385.92,13,1438.85,3,2,0,6.3583,0.000304396,2.12416e-05,0.725449,0.274226,3.88432e-05,0.000724057,0.999193,4.44208e-05
7745,0,12,1385.92,13,1438.85,2,2,0,6.35512,0.000325679,2.27147e-05,0.77738,0.222271,5.64792e-05,0.00105342,0.998826,6.4591e-05
7746,0,12,1385.92,13,1438.85,2,2,9,6.35194,0.000430057,2.99786e-05,0.705648,0.293892,8.15057e-05,0.00152109,0.998304,9.32143e-05
7747,0,12,1385.92,13,1440.65,2,2,9,6.34877,0.000299609,2.08741e-05,0.794666,0.205014,5.0085e-05,0.000935252,0.998957,5.72815e-05
7748,0,12,1385.92,13,1439.83,2,2,13,6.34559,0.000202691,1.41142e-05,0.860907,0.138877,3.10635e-05,0.000580398,0.999353,3.55279e-05
7749,0,12,1385.92,13,1439.83,2,2,9,6.34242,9.51338e-05,6.62104e-06,0.934631,0.0652676,1.33398e-05,0.00024939,0.999722,1.52574e-05
7750,0,12,1385.92,13,1442.36,2,2,9,6.33925,6.24156e-05,4.34163e-06,0.957056,0.0428769,8.48854e-06,0.000158788,0.999823,9.709e-06
7751,0,12,1385.92,13,1442.36,3,2,0,6.33608,4.096e-05,2.84766e-06,0.971782,0.0281745,5.44916e-06,0.000101992,0.999886,6.23279e-06
7752,0,12,1385.92,13,1436.38,3,2,13,6.33291,4.09546e-05,2.84577e-06,0.973614,0.0263418,8.24218e-06,0.00015436,0.999828,9.42772e-06
7753,0,12,1385.92,13,1434.91,2,2,13,6.32974,3.86319e-05,2.68294e-06,0.920251,0.0797077,3.62971e-06,6.80173e-05,0.999924,4.15192e-06
7754,0,12,1385.92,13,1434.91,2,2,0,6.32658,1.80603e-05,1.2536e-06,0.962661,0.03732,1.62421e-06,3.04539e-05,0.999966,1.85793e-06
7755,0,12,1385.92,13,1434.91,2,2,0,6.32342,2.73883e-05,1.90005e-06,0.943289,0.0566819,2.51668e-06,4.72155e-05,0.999947,2.87891e-06
7756,0,12,1385.92,13,1437.08,2,2,9,6.32025,4.07825e-05,2.82777e-06,0.915425,0.0845313,3.86597e-06,7.25722e-05,0.999919,4.42253e-06
7757,0,12,1385.92,13,1435.45,2,2,13,6.31709,2.73429e-05,1.89489e-06,0.94321,0.0567612,2.51857e-06,4.73064e-05,0.999947,2.88122e-06
7758,0,12,1385.92,13,1430.76,2,2,13,6.31394,1.26958e-05,8.79357e-07,0.973591,0.0263955,1.13422e-06,2.13165e-05,0.999976,1.29757e-06
7759,0,12,1385.92,13,1430.9,2,2,9,6.31078,5.88512e-06,4.07407e-07,0.987739,0.0122543,5.18801e-07,9.75609e-06,0.999989,5.93536e-07
7760,0,12,1385.92,13,1429.44,2,2,13,6.30762,3.99944e-06,2.7672e-07,0.991655,0.00834059,3.51547e-07,6.61476e-06,0.999993,4.022e-07
7761,0,12,1385.92,13,1428.63,2,2,13,6.30447,1.87793e-06,1.29864e-07,0.996076,0.00392229,1.64504e-07,3.09714e-06,0.999997,1.88211e-07
7762,0,12,1385.92,13,1428.63,2,2,0,6.30132,8.92842e-07,6.17095e-08,0.998131,0.00186767,7.81281e-08,1.4718e-06,0.999998,8.939e-08
7763,0,12,1385.92,13,1428.63,2,2,9,6.29817,1.46638e-06,1.01296e-07,0.996926,0.00307211,1.28594e-07,2.42391e-06,0.999997,1.47134e-07
7764,0,12,1385.92,13,1428.63,2,2,9,6.29502,1.02092e-06,7.04861e-08,0.997857,0.00214212,8.95292e-08,1.68856e-06,0.999998,1.0244e-07
7765,0,12,1385.92,13,1428.63,2,2,0,6.29187,7.15606e-07,4.93805e-08,0.998495,0.00150381,6.27717e-08,1.18459e-06,0.999999,7.18259e-08
7766,0,12,1385.92,13,1428.63,2,2,9,6.28872,1.18088e-06,8.14435e-08,0.997513,0.00248537,1.03778e-07,1.9596e-06,0.999998,1.1875e-07
7767,0,12,1385.92,13,1428.63,2,2,0,6.28558,8.25228e-07,5.68841e-08,0.99826,0.00173949,7.25299e-08,1.37036e-06,0.999998,8.2996e-08
7768,0,12,1385.92,13,1428.63,2,2,9,6.28244,1.35786e-06,9.35489e-08,0.997132,0.0028666,1.19576e-07,2.26057e-06,0.999997,1.36835e-07
7769,0,12,1385.92,13,1430.92,2,2,9,6.2793,9.4615e-07,6.51496e-08,0.997998,0.0020005,8.33146e-08,1.57597e-06,0.999998,9.53421e-08
7770,0,12,1385.92,13,1431.73,2,2,9,6.27616,6.63754e-07,4.568e-08,0.998594,0.00140556,5.84582e-08,1.10644e-06,0.999999,6.68991e-08
7771,0,12,1385.92,13,1429.46,2,2,13,6.27302,4.68784e-07,3.22448e-08,0.999005,0.000994219,4.13007e-08,7.8216e-07,0.999999,4.72655e-08
7772,0,12,1385.92,13,1429.46,2,2,9,6.26988,2.28287e-07,1.56941e-08,0.999515,0.000484904,2.01168e-08,3.81199e-07,1,2.30228e-08
7773,0,12,1385.92,13,1424.26,2,2,13,6.26675,1.64591e-07,1.13091e-08,0.99965,0.000350143,1.4512e-08,2.75155e-07,1,1.66088e-08
7774,0,12,1385.92,13,1424.26,2,2,0,6.26361,8.17713e-08,5.61552e-09,0.999826,0.000174223,7.21343e-09,1.3685e-07,1,8.25589e-09
7775,0,12,1385.92,13,1424.26,2,2,9,6.26048,1.41042e-07,9.68066e-09,0.999699,0.000300968,1.24517e-08,2.36368e-07,1,1.42515e-08
7776,0,12,1385.92,13,1423.27,2,2,13,6.25735,1.02619e-07,7.03966e-09,0.999781,0.000219314,9.06456e-09,1.72172e-07,1,1.03751e-08
7777,0,12,1385.92,13,1423.27,2,2,0,6.25422,5.14276e-08,3.52604e-09,0.99989,0.000110078,4.54498e-09,8.63781e-08,1,5.20223e-09
7778,0,12,1385.92,13,1423.27,2,2,0,6.2511,8.95386e-08,6.13576e-09,0.999808,0.000191946,7.91839e-09,1.50579e-07,1,9.06371e-09
7779,0,12,1385.92,13,1423.23,2,2,13,6.24797,1.54187e-07,1.05602e-08,0.999669,0.000331043,1.36453e-08,2.59636e-07,1,1.56193e-08
7780,0,12,1385.92,13,1423.23,2,2,0,6.24485,7.66083e-08,5.24406e-09,0.999835,0.000164732,6.78225e-09,1.29126e-07,1,7.76366e-09
7781,0,12,1385.92,13,1423.23,2,2,0,6.24172,1.32343e-07,9.05445e-09,0.999715,0.000285018,1.17241e-08,2.23345e-07,1,1.3421e-08
7782,0,12,1385.92,13,1423.23,2,2,0,6.2386,2.26157e-07,1.54645e-08,0.999512,0.000487805,2.00492e-08,3.82162e-07,1,2.29516e-08
7783,0,12,1385.92,13,1423.23,2,2,0,6.23548,3.82356e-07,2.61313e-08,0.999174,0.000825982,3.39244e-08,6.47022e-07,0.999999,3.88365e-08
7784,0,12,1385.92,13,1423.23,2,2,0,6.23237,6.39631e-07,4.36908e-08,0.998615,0.00138388,5.68093e-08,1.08413e-06,0.999999,6.50367e-08
7785,0,12,1385.92,13,1424.05,2,2,9,6.22925,1.05883e-06,7.22859e-08,0.997704,0.00229437,9.41689e-08,1.79815e-06,0.999998,1.0781e-07
7786,0,12,1385.92,13,1424.05,2,2,9,6.22614,7.39721e-07,5.04733e-08,0.998394,0.00160536,6.57711e-08,1.25664e-06,0.999999,7.53006e-08
7787,0,12,1385.92,13,1424.05,2,2,0,6.22302,5.20297e-07,3.54823e-08,0.998869,0.0011309,4.62585e-08,8.84349e-07,0.999999,5.29622e-08
7788,0,12,1385.92,13,1423.27,2,2,13,6.21991,8.65074e-07,5.89632e-08,0.998116,0.00188318,7.70002e-08,1.47293e-06,0.999998,8.81614e-08
7789,0,12,1385.92,13,1423.27,2,2,0,6.2168,4.14951e-07,2.82677e-08,0.999095,0.000904698,3.69125e-08,7.06511e-07,0.999999,4.22641e-08
7790,0,12,1385.92,13,1423.27,2,2,9,6.21369,6.93183e-07,4.71964e-08,0.998486,0.00151364,6.17229e-08,1.18208e-06,0.999999,7.06734e-08
7791,0,12,1385.92,13,1423.27,2,2,0,6.21059,4.87932e-07,3.32037e-08,0.998932,0.00106709,4.34422e-08,8.32473e-07,0.999999,4.97432e-08
7792,0,12,1385.92,13,1423.27,2,2,0,6.20748,8.12474e-07,5.5259e-08,0.99822,0.00177959,7.24126e-08,1.38844e-06,0.999998,8.29178e-08
7793,0,12,1385.92,13,1423.27,2,2,0,6.20438,1.33873e-06,9.10025e-08,0.997062,0.00293679,1.19491e-07,2.29249e-06,0.999997,1.3683e-07
7794,0,12,1385.92,13,1423.27,2,2,9,6.20127,2.18265e-06,1.4829e-07,0.995202,0.00479548,1.95239e-07,3.74795e-06,0.999996,2.23575e-07
7795,0,12,1385.92,13,1423.27,2,2,9,6.19817,1.50258e-06,1.02031e-07,0.996692,0.00330639,1.34243e-07,2.57855e-06,0.999997,1.53731e-07
7796,0,12,1385.92,13,1423.27,2,2,0,6.19507,1.04148e-06,7.06822e-08,0.997704,0.00229528,9.29779e-08,1.78699e-06,0.999998,1.06478e-07
7797,0,12,1385.92,13,1423.27,2,2,0,6.19198,1.70739e-06,1.15813e-07,0.99623,0.00376866,1.52691e-07,2.93637e-06,0.999997,1.74866e-07
7798,0,12,1385.92,13,1428.19,2,2,9,6.18888,2.7694e-06,1.87749e-07,0.993875,0.00612221,2.4831e-07,4.77804e-06,0.999995,2.8438e-07
7799,0,12,1385.92,13,1423.27,2,2,13,6.18579,1.89736e-06,1.2856e-07,0.995797,0.00420089,1.69831e-07,3.26985e-06,0.999996,1.94506e-07
7800,0,12,1385.92,13,1423.27,2,2,0,6.18269,8.95137e-07,6.06197e-08,0.998014,0.00198495,7.99616e-08,1.54046e-06,0.999998,9.15818e-08
7801,0,12,1385.92,13,1423.27,2,2,0,6.1796,1.47244e-06,9.96615e-08,0.996728,0.00327015,1.31726e-07,2.53921e-06,0.999997,1.50873e-07
7802,0,12,1385.92,13,1423.27,2,2,9,6.17651,2.39648e-06,1.62118e-07,0.994667,0.00533056,2.14875e-07,4.14446e-06,0.999995,2.46114e-07
7803,0,12,1385.92,13,1423.27,2,2,9,6.17342,1.64534e-06,1.11244e-07,0.996333,0.00366542,1.47304e-07,2.84285e-06,0.999997,1.68724e-07
7804,0,12,1385.92,13,1433.22,2,2,9,6.17034,1.13735e-06,7.68571e-08,0.997461,0.00253766,1.01726e-07,1.96439e-06,0.999998,1.16521e-07
7805,0,12,1385.92,13,1433.22,2,2,0,6.16725,7.91606e-07,5.34642e-08,0.99823,0.00176896,7.07573e-08,1.36718e-06,0.999998,8.10509e-08
7806,0,12,1385.92,13,1423.27,2,2,13,6.16417,1.30578e-06,8.81436e-08,0.997076,0.00292246,1.16867e-07,2.25945e-06,0.999997,1.33872e-07
7807,0,12,1385.92,13,1423.27,2,2,0,6.16109,6.19328e-07,4.17836e-08,0.998611,0.00138825,5.53508e-08,1.07076e-06,0.999999,6.34066e-08
7808,0,12,1385.92,13,1423.27,2,2,0,6.15801,1.02692e-06,6.92452e-08,0.997693,0.00230546,9.18727e-08,1.77833e-06,0.999998,1.05247e-07
7809,0,12,1385.92,13,1423.27,2,2,9,6.15493,1.68489e-06,1.1355e-07,0.99621,0.00378843,1.50975e-07,2.92408e-06,0.999997,1.72958e-07
7810,0,12,1385.92,13,1423.27,2,2,0,6.15185,1.1633e-06,7.83566e-08,0.997379,0.0026197,1.04125e-07,2.01788e-06,0.999998,1.19289e-07
7811,0,12,1385.92,13,1417.91,2,2,13,6.14877,1.90373e-06,1.2816e-07,0.995704,0.00429374,1.70698e-07,3.30998e-06,0.999996,1.95562e-07
7812,0,12,1385.92,13,1417.91,2,2,0,6.1457,8.95943e-07,6.0283e-08,0.997975,0.00202387,8.01568e-08,1.55524e-06,0.999998,9.18353e-08
7813,0,12,1385.92,13,1417.91,2,2,0,6.14263,1.47449e-06,9.91565e-08,0.996663,0.0033359,1.32097e-07,2.56453e-06,0.999997,1.51347e-07
7814,0,12,1385.92,13,1417.91,2,2,0,6.13956,2.40093e-06,1.61371e-07,0.994557,0.00544029,2.15559e-07,4.18733e-06,0.999995,2.46978e-07
7815,0,12,1385.92,13,1417.91,2,2,9,6.13649,3.86708e-06,2.59773e-07,0.99122,0.00877602,3.4837e-07,6.77127e-06,0.999992,3.99159e-07
7816,0,12,1385.92,13,1417.91,2,2,0,6.13342,2.62847e-06,1.76473e-07,0.994023,0.00597431,2.36126e-07,4.5923e-06,0.999995,2.70558e-07
7817,0,12,1385.92,13,1416.42,3,2,13,6.13035,4.22499e-06,2.83509e-07,0.990378,0.00961796,3.80947e-07,7.41327e-06,0.999992,4.36509e-07
7818,0,12,1385.92,13,1416.42,2,2,0,6.12729,4.11822e-06,2.76195e-07,0.967739,0.0322569,1.75841e-07,3.42391e-06,0.999996,2.01493e-07
7819,0,12,1385.92,13,1416.42,2,2,9,6.12422,6.45703e-06,4.32817e-07,0.949326,0.0506669,2.8537e-07,5.55991e-06,0.999994,3.27009e-07
7820,0,12,1385.92,13,1415.98,2,2,13,6.12116,4.39967e-06,2.94752e-07,0.96541,0.0345853,1.94083e-07,3.78361e-06,0.999996,2.22409e-07
7821,0,12,1385.92,13,1415.98,2,2,9,6.1181,2.0654e-06,1.38295e-07,0.983733,0.0162651,9.07326e-08,1.76986e-06,0.999998,1.03978e-07
7822,0,12,1385.92,13,1415.98,2,2,9,6.11504,1.42336e-06,9.52535e-08,0.988769,0.0112291,6.31073e-08,1.23173e-06,0.999999,7.23215e-08
7823,0,12,1385.92,13,1415.98,2,2,0,6.11198,9.86506e-07,6.5983e-08,0.992202,0.00779667,4.42037e-08,8.63279e-07,0.999999,5.06592e-08
7824,0,12,1385.92,13,1415.98,2,2,9,6.10893,1.61502e-06,1.07963e-07,0.987211,0.012787,7.37394e-08,1.44096e-06,0.999998,8.45106e-08
7825,0,12,1385.92,13,1415.98,2,2,0,6.10587,1.1168e-06,7.46167e-08,0.991141,0.00885814,5.14779e-08,1.00654e-06,0.999999,5.89989e-08
7826,0,12,1385.92,13,1415.98,2,2,0,6.10282,1.82277e-06,1.21719e-07,0.985514,0.0144838,8.56214e-08,1.67513e-06,0.999998,9.81335e-08
7827,0,12,1385.92,13,1415.98,2,2,0,6.09977,2.9362e-06,1.95965e-07,0.976624,0.023373,1.40988e-07,2.76e-06,0.999997,1.61596e-07
7828,0,12,1385.92,13,1439.91,2,2,9,6.09672,4.66055e-06,3.10881e-07,0.962829,0.0371661,2.29884e-07,4.50291e-06,0.999995,2.63492e-07
7829,0,12,1385.92,13,1439.91,2,2,0,6.09367,3.17859e-06,2.11912e-07,0.974603,0.0253936,1.56824e-07,3.07366e-06,0.999997,1.79756e-07
7830,0,12,1385.92,13,1439.91,2,2,0,6.09062,5.03178e-06,3.3528e-07,0.959724,0.040271,2.55184e-07,5.00444e-06,0.999994,2.92507e-07
7831,0,12,1385.92,13,1439.91,2,2,0,6.08758,7.82589e-06,5.21177e-07,0.937246,0.0627459,4.11266e-07,8.07017e-06,0.999991,4.7143e-07
7832,0,12,1385.92,13,1439.91,2,2,9,6.08453,1.19153e-05,7.93089e-07,0.904281,0.0957058,6.566e-07,1.2892e-05,0.999986,7.52675e-07
7833,0,12,1385.92,13,1439.91,2,2,0,6.08149,8.13016e-06,5.40853e-07,0.934571,0.0654203,4.38472e-07,8.61428e-06,0.99999,5.02643e-07
7834,0,12,1385.92,13,1439.91,2,2,9,6.07845,1.2352e-05,8.21265e-07,0.900416,0.0995711,6.99197e-07,1.37447e-05,0.999985,8.01548e-07
7835,0,12,1385.92,13,1425.03,2,2,13,6.07541,8.43127e-06,5.60277e-07,0.931903,0.0680879,4.66209e-07,9.17013e-06,0.99999,5.34469e-07
7836,0,12,1385.92,13,1425.52,2,2,9,6.07237,3.96775e-06,2.63523e-07,0.967896,0.0320998,2.13515e-07,4.20226e-06,0.999995,2.44784e-07
7837,0,12,1385.92,13,1425.52,2,2,0,6.06934,2.70759e-06,1.7973e-07,0.978053,0.0219443,1.45711e-07,2.86949e-06,0.999997,1.67054e-07
7838,0,12,1385.92,13,1425.52,2,2,0,6.0663,4.31005e-06,2.85947e-07,0.965001,0.0349948,2.37514e-07,4.68015e-06,0.999995,2.72311e-07
7839,0,12,1385.92,13,1425.52,2,2,0,6.06327,6.74652e-06,4.4735e-07,0.945117,0.0548762,3.8344e-07,7.56009e-06,0.999992,4.39629e-07
7840,0,12,1385.92,13,1425.52,2,2,0,6.06024,1.03502e-05,6.85933e-07,0.915648,0.0843405,6.13198e-07,1.20973e-05,0.999987,7.03076e-07
7841,0,12,1385.92,13,1424.53,2,2,13,6.05721,1.54944e-05,1.02629e-06,0.873497,0.126486,9.71585e-07,1.91791e-05,0.999979,1.11402e-06
7842,0,12,1385.92,13,1424.53,2,2,0,6.05418,7.4391e-06,4.92471e-07,0.939155,0.0608375,4.37984e-07,8.65098e-06,0.99999,5.02208e-07
7843,0,12,1385.92,13,1424.53,2,2,0,6.05115,1.13544e-05,7.51255e-07,0.906963,0.0930244,6.98657e-07,1.3808e-05,0.999985,8.01126e-07
7844,0,12,1385.92,13,1424.53,2,2,0,6.04813,1.689e-05,1.11691e-06,0.861356,0.138626,1.10425e-06,2.1837e-05,0.999976,1.26624e-06
7845,0,12,1385.92,13,1424.53,2,2,0,6.0451,2.43473e-05,1.60917e-06,0.79978,0.200194,1.7296e-06,3.42241e-05,0.999962,1.98339e-06
7846,0,12,1385.92,13,1424.53,2,2,9,6.04208,3.38054e-05,2.23307e-06,0.7215,0.278464,2.68521e-06,5.31647e-05,0.999941,3.0793e-06
7847,0,12,1385.92,13,1424.53,2,2,0,6.03906,2.41185e-05,1.59232e-06,0.800946,0.199029,1.74051e-06,3.44811e-05,0.999962,1.99601e-06
7848,0,12,1385.92,13,1424.53,2,2,0,6.03604,3.35142e-05,2.21143e-06,0.722902,0.277063,2.70201e-06,5.35611e-05,0.999941,3.09872e-06
7849,0,12,1385.92,13,1417.3,2,2,13,6.03302,4.46171e-05,2.94245e-06,0.630436,0.369517,4.15837e-06,8.24794e-05,0.999909,4.76904e-06
7850,0,12,1385.92,13,1417.3,2,2,0,6.03,2.44661e-05,1.61264e-06,0.796981,0.202993,1.81831e-06,3.60869e-05,0.99996,2.08539e-06
7851,0,12,1385.92,13,1417.3,3,2,0,6.02699,3.39254e-05,2.23491e-06,0.717979,0.281985,2.82063e-06,5.60128e-05,0.999938,3.23503e-06
7852,0,12,1385.92,13,1417.3,2,2,0,6.02398,3.67843e-05,2.42193e-06,0.780037,0.219924,4.33769e-06,8.61906e-05,0.999904,4.97511e-06
7853,0,12,1385.92,13,1417.3,2,2,0,6.02096,5.02925e-05,3.30953e-06,0.698736,0.30121,6.6142e-06,0.000131504,0.999854,7.58636e-06
7854,0,12,1385.92,13,1413.07,3,2,13,6.01795,6.58787e-05,4.33282e-06,0.604685,0.395245,1.00017e-05,0.000198972,0.99978,1.1472e-05
7855,0,12,1385.92,13,1413.07,3,2,0,6.01494,4.20762e-05,2.76584e-06,0.386914,0.613042,4.29372e-06,8.547e-05,0.999905,4.92508e-06
7856,0,12,1385.92,13,1413.07,3,2,0,6.01194,5.31093e-05,3.48919e-06,0.489261,0.510682,6.54917e-06,0.000130445,0.999855,7.51238e-06
7857,0,12,1385.92,13,1413.07,3,2,0,6.00893,6.39857e-05,4.20146e-06,0.590536,0.409396,9.90632e-06,0.00019743,0.999781,1.13636e-05
7858,0,12,1385.92,13,1413.07,3,2,0,6.00593,7.31719e-05,4.80203e-06,0.676551,0.323371,1.4862e-05,0.000296373,0.999672,1.70488e-05
7859,0,12,1385.92,13,1408.87,3,2,13,6.00292,8.04397e-05,5.27611e-06,0.745109,0.254805,2.21181e-05,0.000441335,0.999511,2.53732e-05
7860,0,12,1385.92,13,1408.87,3,2,9,5.99992,5.71614e-05,3.74722e-06,0.530452,0.469487,9.33862e-06,0.00018645,0.999793,1.07133e-05
7861,0,12,1385.92,13,1408.87,3,2,0,5.99692,4.44975e-05,2.91545e-06,0.413687,0.586265,5.8945e-06,0.000117757,0.99987,6.76236e-06
7862,0,12,1385.92,13,1408.87,2,2,0,5.99392,5.54778e-05,3.63289e-06,0.516713,0.483228,8.93633e-06,0.000178632,0.999802,1.02523e-05
7863,0,12,1385.92,13,1408.67,3,2,13,5.99093,6.69934e-05,4.38459e-06,0.415336,0.584592,1.34367e-05,0.000268753,0.999702,1.54159e-05
7864,0,12,1385.92,13,1408.67,2,2,0,5.98793,3.76223e-05,2.46096e-06,0.233653,0.766307,5.72392e-06,0.000114555,0.999873,6.56721e-06
7865,0,12,1385.92,13,1408.67,3,2,0,5.98494,4.00124e-05,2.61588e-06,0.183349,0.816608,8.68372e-06,0.000173895,0.999807,9.96334e-06
7866,0,12,1385.92,13,1408.67,3,2,9,5.98195,5.56644e-05,3.63717e-06,0.255503,0.744438,1.30657e-05,0.000261804,0.99971,1.49915e-05
7867,0,12,1385.92,13,1408.67,2,2,0,5.97895,3.89781e-05,2.54548e-06,0.179214,0.820745,8.18584e-06,0.000164121,0.999818,9.3926e-06
7868,0,12,1385.92,13,1409.79,3,2,9,5.97596,4.06435e-05,2.65279e-06,0.142439,0.857518,1.2332e-05,0.000247397,0.999726,1.41504e-05
7869,0,12,1385.92,13,1410.77,3,2,9,5.97298,2.7442e-05,1.79016e-06,0.0963305,0.90364,7.73279e-06,0.000155224,0.999828,8.87326e-06
7870,0,12,1385.92,13,1410.77,3,2,0,5.96999,1.83601e-05,1.19705e-06,0.0645554,0.935425,4.89303e-06,9.82792e-05,0.999891,5.61483e-06
7871,0,12,1385.92,13,1410.77,3,2,0,5.96701,2.75466e-05,1.79502e-06,0.0970141,0.902957,7.44793e-06,0.000149686,0.999834,8.54685e-06
7872,0,12,1385.92,13,1411.01,3,2,9,5.96402,4.03193e-05,2.62589e-06,0.142229,0.857728,1.1243e-05,0.000226093,0.99975,1.29022e-05
7873,0,12,1385.92,13,1411.54,3,2,9,5.96104,2.72124e-05,1.7713e-06,0.0961505,0.903821,7.05891e-06,0.000142038,0.999843,8.10088e-06
7874,0,12,1385.92,13,1410.56,3,2,13,5.95806,1.81994e-05,1.18398e-06,0.0644099,0.935571,4.4722e-06,9.00426e-05,0.9999,5.13249e-06
7875,0,12,1385.92,13,1410.56,3,2,0,5.95508,8.357e-06,5.43377e-07,0.0296248,0.970366,1.94226e-06,3.91286e-05,0.999957,2.22908e-06
7876,0,12,1385.92,13,1410.56,3,2,0,5.9521,1.29817e-05,8.43618e-07,0.0460943,0.953892,3.01164e-06,6.07088e-05,0.999933,3.45648e-06
7877,0,12,1385.92,13,1410.56,3,2,0,5.94913,1.98105e-05,1.28668e-06,0.0704564,0.929522,4.62954e-06,9.33784e-05,0.999897,5.31349e-06
7878,0,12,1385.92,13,1410.42,3,2,13,5.94615,2.95939e-05,1.92106e-06,0.105424,0.894545,7.05636e-06,0.000142413,0.999842,8.09907e-06
7879,0,12,1385.92,13,1410.42,3,2,0,5.94318,1.37696e-05,8.93353e-07,0.0491324,0.950853,3.03447e-06,6.12794e-05,0.999932,3.48297e-06
7880,0,12,1385.92,13,1410.42,3,2,0,5.94021,2.09563e-05,1.35887e-06,0.0748983,0.925079,4.66443e-06,9.4252e-05,0.999896,5.35398e-06
7881,0,12,1385.92,13,1410.42,3,2,0,5.93724,3.12018e-05,2.02211e-06,0.111698,0.888268,7.10924e-06,0.00014374,0.999841,8.16044e-06
7882,0,12,1385.92,13,1410.42,3,2,0,5.93427,4.52369e-05,2.93009e-06,0.162207,0.837744,1.07455e-05,0.000217391,0.99976,1.23347e-05
7883,0,12,1385.92,13,1410.42,3,2,0,5.9313,6.35243e-05,4.11235e-06,0.228155,0.771778,1.61093e-05,0.0003261,0.999639,1.84923e-05
7884,0,12,1385.92,13,1410.42,2,2,0,5.92834,8.59439e-05,5.56067e-06,0.309183,0.690726,2.3957e-05,0.000485254,0.999463,2.75016e-05
7885,0,12,1385.92,13,1410.42,3,2,0,5.92537,9.38778e-05,6.07068e-06,0.244052,0.755848,3.53471e-05,0.000716396,0.999208,4.05782e-05
7886,0,12,1385.92,13,1410.42,3,2,0,5.92241,0.000125407,8.1051e-06,0.326531,0.673335,5.17483e-05,0.00104944,0.998839,5.94081e-05
7887,0,12,1385.92,13,1410.42,3,2,0,5.91945,0.00016082,1.03881e-05,0.419397,0.580432,7.518e-05,0.00152554,0.998313,8.63107e-05
7888,0,12,1385.92,13,1410.42,2,2,0,5.91649,0.000197698,1.27633e-05,0.516382,0.483407,0.000108396,0.00220087,0.997566,0.000124447
7889,0,12,1385.92,13,1410.42,2,2,0,5.91353,0.000236355,1.52506e-05,0.420915,0.578833,0.000155114,0.00315133,0.996515,0.000178089
7890,0,12,1385.92,13,1410.42,3,2,0,5.91057,0.000269624,1.73877e-05,0.338372,0.661341,0.000220308,0.00447854,0.995048,0.000252946
7891,0,12,1385.92,13,1410.42,3,2,9,5.90762,0.00034105,2.19819e-05,0.428622,0.571015,0.000310562,0.00631707,0.993016,0.000356581
7892,0,12,1385.92,13,1410.42,2,2,0,5.90466,0.000249044,1.6043e-05,0.313439,0.686296,0.000182589,0.00371624,0.995892,0.000209651
7893,0,12,1385.92,13,1410.42,3,2,0,5.90171,0.000271155,1.74577e-05,0.251298,0.748413,0.000258456,0.00526355,0.994181,0.000296771
7894,0,12,1385.92,13,1410.19,3,2,13,5.89876,0.000356066,2.2912e-05,0.330443,0.669178,0.0003631,0.0073991,0.991821,0.000416939
7895,0,12,1385.92,13,1410.19,3,2,9,5.89581,0.000182429,1.17324e-05,0.169532,0.830274,0.000144602,0.00294842,0.996741,0.000166047
7896,0,12,1385.92,13,1409.95,3,2,13,5.89286,0.000120781,7.76344e-06,0.112396,0.887475,8.61357e-05,0.00175736,0.998058,9.8913e-05
7897,0,12,1385.92,13,1408.25,3,2,13,5.88992,5.47644e-05,3.51815e-06,0.0510322,0.948909,3.51497e-05,0.000717564,0.999207,4.03649e-05
7898,0,12,1385.92,13,1413.71,3,2,9,5.88697,2.43226e-05,1.56167e-06,0.0226961,0.977278,1.45877e-05,0.000297981,0.999671,1.67526e-05
7899,0,12,1385.92,13,1413.73,3,2,9,5.88403,1.58503e-05,1.01713e-06,0.0148106,0.985173,9.07925e-06,0.000185572,0.999795,1.04269e-05
7900,0,12,1385.92,13,1424.23,3,2,9,5.88109,1.03875e-05,6.6621e-07,0.00971939,0.99027,5.7031e-06,0.000116637,0.999871,6.54982e-06
7901,0,12,1385.92,13,1421.37,3,2,13,5.87815,6.85188e-06,4.3921e-07,0.00641997,0.993573,3.61492e-06,7.39752e-05,0.999918,4.15173e-06
7902,0,12,1385.92,13,1421.37,3,2,9,5.87521,3.09015e-06,1.97972e-07,0.00289932,0.997097,1.56738e-06,3.20941e-05,0.999965,1.80019e-06
7903,0,12,1385.92,13,1421.37,3,2,0,5.87227,2.08266e-06,1.33353e-07,0.00195672,0.998041,1.01891e-06,2.08761e-05,0.999977,1.17028e-06
7904,0,12,1385.92,13,1421.37,3,2,0,5.86933,3.3849e-06,2.16616e-07,0.00318458,0.996812,1.60185e-06,3.28394e-05,0.999964,1.83987e-06
7905,0,12,1385.92,13,1421.37,3,2,0,5.8664,5.44492e-06,3.48256e-07,0.00512971,0.994864,2.4959e-06,5.11993e-05,0.999943,2.86685e-06
7906,0,12,1385.92,13,1421.37,3,2,9,5.86347,8.66698e-06,5.54033e-07,0.00817644,0.991814,3.85504e-06,7.91277e-05,0.999913,4.42812e-06
7907,0,12,1385.92,13,1421.37,3,2,0,5.86053,5.73013e-06,3.66095e-07,0.00541322,0.994581,2.46046e-06,5.05334e-05,0.999944,2.82631e-06
7908,0,12,1385.92,13,1421.37,3,2,0,5.8576,9.11105e-06,5.8178e-07,0.00861897,0.991371,3.80166e-06,7.81263e-05,0.999914,4.36704e-06
7909,0,12,1385.92,13,1421.37,3,2,0,5.85467,1.43285e-05,9.14435e-07,0.0135732,0.986412,5.82366e-06,0.000119752,0.999868,6.68995e-06
7910,0,12,1385.92,13,1421.37,3,2,9,5.85175,2.22717e-05,1.42058e-06,0.0211267,0.97885,8.84618e-06,0.000182014,0.999799,1.01624e-05
7911,0,12,1385.92,13,1421.37,3,2,9,5.84882,1.45089e-05,9.24928e-07,0.0137819,0.986203,5.55105e-06,0.000114285,0.999874,6.37714e-06
7912,0,12,1385.92,13,1420.39,3,2,13,5.8459,9.50702e-06,6.05729e-07,0.00904301,0.990947,3.51504e-06,7.24111e-05,0.99992,4.03825e-06
7913,0,12,1385.92,13,1420.39,3,2,0,5.84297,4.25627e-06,2.71034e-07,0.0040541,0.995941,1.52128e-06,3.1358e-05,0.999965,1.74777e-06
7914,0,12,1385.92,13,1420.39,3,2,0,5.84005,6.81485e-06,4.33722e-07,0.00650005,0.993493,2.37356e-06,4.89555e-05,0.999946,2.72702e-06
7915,0,12,1385.92,13,1420.39,3,2,0,5.83713,1.07952e-05,6.8667e-07,0.0103107,0.989678,3.67093e-06,7.57599e-05,0.999916,4.21769e-06
7916,0,12,1385.92,13,1420.39,3,2,0,5.83421,1.69093e-05,1.07498e-06,0.0161725,0.983809,5.62872e-06,0.000116235,0.999872,6.46726e-06
7917,0,12,1385.92,13,1420.39,3,2,9,5.8313,2.61676e-05,1.66265e-06,0.0250619,0.97491,8.558e-06,0.000176833,0.999805,9.83322e-06
7918,0,12,1385.92,13,1420.39,3,2,9,5.82838,1.70008e-05,1.07961e-06,0.0163047,0.983677,5.36849e-06,0.000110995,0.999877,6.16861e-06
7919,0,12,1385.92,13,1420.39,3,2,0,5.82547,1.11045e-05,7.04788e-07,0.0106645,0.989324,3.39837e-06,7.0305e-05,0.999922,3.90497e-06
7920,0,12,1385.92,13,1420.39,3,2,0,5.82255,1.73837e-05,1.10271e-06,0.0167178,0.983264,5.21953e-06,0.000108046,0.999881,5.99778e-06
7921,0,12,1385.92,13,1420.39,3,2,0,5.81964,2.68837e-05,1.70439e-06,0.0258895,0.974082,7.94891e-06,0.000164646,0.999818,9.13438e-06
7922,0,12,1385.92,13,1420.39,2,2,9,5.81673,4.10165e-05,2.59895e-06,0.039554,0.960402,1.20052e-05,0.000248814,0.999725,1.3796e-05
7923,0,12,1385.92,13,1420.39,3,2,0,5.81382,3.915e-05,2.47931e-06,0.0814143,0.918544,7.47561e-06,0.00015503,0.999829,8.59097e-06
7924,0,12,1385.92,13,1420.39,3,2,0,5.81092,5.75524e-05,3.6427e-06,0.119866,0.880073,1.1305e-05,0.000234586,0.999741,1.2992e-05
7925,0,12,1385.92,13,1420.39,3,2,9,5.80801,8.23869e-05,5.2117e-06,0.171852,0.82806,1.69563e-05,0.000352068,0.999611,1.94872e-05
7926,0,12,1385.92,13,1420.39,3,2,0,5.80511,5.51676e-05,3.48791e-06,0.115251,0.88469,1.04827e-05,0.000217788,0.99976,1.20478e-05
7927,0,12,1385.92,13,1421.37,3,2,9,5.80221,7.92215e-05,5.00592e-06,0.165755,0.83416,1.57479e-05,0.000327374,0.999639,1.80995e-05
7928,0,12,1385.92,13,1421.37,3,2,9,5.7993,5.29507e-05,3.34405e-06,0.110959,0.888985,9.74712e-06,0.000202751,0.999776,1.12029e-05
7929,0,12,1385.92,13,1421.37,3,2,9,5.79641,3.49327e-05,2.20492e-06,0.0733138,0.926649,6.08939e-06,0.000126743,0.99986,6.9991e-06
7930,0,12,1385.92,13,1421.37,3,2,0,5.79351,2.29132e-05,1.44547e-06,0.048162,0.951814,3.83923e-06,7.99573e-05,0.999912,4.4129e-06
7931,0,12,1385.92,13,1421.37,3,2,0,5.79061,3.46416e-05,2.18413e-06,0.0729257,0.927037,5.88471e-06,0.000122632,0.999865,6.76422e-06
7932,0,12,1385.92,13,1421.37,3,2,0,5.78771,5.1284e-05,3.23164e-06,0.108126,0.89182,8.94414e-06,0.000186501,0.999794,1.02812e-05
7933,0,12,1385.92,13,1423.1,3,2,9,5.78482,7.40228e-05,4.66193e-06,0.156307,0.843615,1.34819e-05,0.000281292,0.99969,1.54977e-05
7934,0,12,1385.92,13,1421.37,3,2,13,5.78193,4.9326e-05,3.10482e-06,0.104317,0.895631,8.36315e-06,0.000174598,0.999807,9.61387e-06
7935,0,12,1385.92,13,1424.15,3,2,9,5.77904,2.2467e-05,1.4134e-06,0.047587,0.952389,3.54113e-06,7.39734e-05,0.999918,4.07083e-06
7936,0,12,1385.92,13,1417.53,3,2,13,5.77615,1.47183e-05,9.2542e-07,0.0312224,0.968762,2.25476e-06,4.71301e-05,0.999948,2.59211e-06
7937,0,12,1385.92,13,1417.53,3,2,0,5.77326,6.57968e-06,4.1347e-07,0.0139791,0.986014,9.79316e-07,2.04826e-05,0.999977,1.12587e-06
7938,0,12,1385.92,13,1417.53,3,2,0,5.77037,1.03931e-05,6.52746e-07,0.0221148,0.977874,1.54269e-06,3.22853e-05,0.999964,1.7736e-06
7939,0,12,1385.92,13,1417.53,3,2,0,5.76749,1.61942e-05,1.01652e-06,0.0345115,0.965471,2.40846e-06,5.04348e-05,0.999944,2.76904e-06
7940,0,12,1385.92,13,1414.99,3,2,13,5.7646,2.48427e-05,1.55854e-06,0.0530237,0.94695,3.72718e-06,7.8097e-05,0.999914,4.2853e-06
7941,0,12,1385.92,13,1415.82,3,2,9,5.76172,1.11183e-05,6.97136e-07,0.0237671,0.976221,1.60143e-06,3.35758e-05,0.999963,1.84129e-06
7942,0,12,1385.92,13,1415.82,3,2,0,5.75884,7.31918e-06,4.58669e-07,0.0156699,0.984322,1.03495e-06,2.17122e-05,0.999976,1.19e-06
7943,0,12,1385.92,13,1415.82,3,2,0,5.75596,1.15281e-05,7.2203e-07,0.0247188,0.975269,1.62885e-06,3.41922e-05,0.999962,1.87291e-06
7944,0,12,1385.92,13,1420.1,3,2,9,5.75308,1.79036e-05,1.12072e-06,0.0384482,0.961533,2.54069e-06,5.33658e-05,0.999941,2.92147e-06
7945,0,12,1385.92,13,1420.1,3,2,0,5.75021,1.17303e-05,7.33879e-07,0.0252297,0.974758,1.62635e-06,3.41814e-05,0.999962,1.87015e-06
7946,0,12,1385.92,13,1420.1,3,2,0,5.74733,1.82077e-05,1.13849e-06,0.0392215,0.960759,2.53705e-06,5.33544e-05,0.999941,2.91745e-06
7947,0,12,1385.92,13,1420.1,3,2,9,5.74446,2.78039e-05,1.73756e-06,0.0599847,0.939986,3.92312e-06,8.25538e-05,0.999909,4.51147e-06
7948,0,12,1385.92,13,1420.08,3,2,13,5.74159,1.81905e-05,1.13616e-06,0.039305,0.960676,2.48874e-06,5.24023e-05,0.999942,2.86206e-06
7949,0,12,1385.92,13,1425.99,3,2,9,5.73872,8.11463e-06,5.06548e-07,0.0175606,0.982431,1.07601e-06,2.26699e-05,0.999975,1.23745e-06
7950,0,12,1385.92,13,1425.99,3,2,0,5.73585,5.35839e-06,3.34307e-07,0.0116137,0.988381,7.00097e-07,1.4759e-05,0.999984,8.05158e-07
7951,0,12,1385.92,13,1423.46,3,2,13,5.73298,8.51511e-06,5.30958e-07,0.0184839,0.981507,1.11073e-06,2.343e-05,0.999974,1.27744e-06
7952,0,12,1385.92,13,1423.46,3,2,0,5.73011,3.8091e-06,2.37384e-07,0.0082812,0.991715,4.87628e-07,1.02924e-05,0.999989,5.60835e-07
7953,0,12,1385.92,13,1423.46,3,2,0,5.72725,6.10675e-06,3.80362e-07,0.0132968,0.986697,7.79257e-07,1.64579e-05,0.999982,8.96271e-07
7954,0,12,1385.92,13,1423.46,3,2,9,5.72438,9.67101e-06,6.0203e-07,0.0210901,0.9789,1.23383e-06,2.60744e-05,0.999971,1.41914e-06
7955,0,12,1385.92,13,1423.46,3,2,0,5.72152,6.36749e-06,3.96162e-07,0.0139073,0.986086,8.00048e-07,1.69177e-05,0.999981,9.20236e-07
7956,0,12,1385.92,13,1416.48,3,2,13,5.71866,1.00729e-05,6.26352e-07,0.0220342,0.977955,1.26618e-06,2.67907e-05,0.99997,1.45643e-06
7957,0,12,1385.92,13,1416.48,3,2,0,5.7158,4.49514e-06,2.79361e-07,0.00984813,0.990147,5.53828e-07,1.17254e-05,0.999987,6.37063e-07
7958,0,12,1385.92,13,1416.48,3,2,9,5.71294,7.17792e-06,4.45841e-07,0.0157499,0.984242,8.82978e-07,1.87055e-05,0.999979,1.01571e-06
7959,0,12,1385.92,13,1416.48,3,2,0,5.71009,4.74294e-06,2.94433e-07,0.010423,0.989572,5.76028e-07,1.22104e-05,0.999987,6.62637e-07
7960,0,12,1385.92,13,1416.48,3,2,0,5.70723,7.56366e-06,4.69278e-07,0.0166474,0.983345,9.17724e-07,1.94654e-05,0.999979,1.05574e-06
7961,0,12,1385.92,13,1416.48,3,2,9,5.70438,1.19082e-05,7.38419e-07,0.02625,0.973737,1.44874e-06,3.07471e-05,0.999966,1.66665e-06
7962,0,12,1385.92,13,1416.48,3,2,0,5.70153,7.81499e-06,4.84333e-07,0.0172537,0.982738,9.35497e-07,1.98666e-05,0.999978,1.07624e-06
7963,0,12,1385.92,13,1416.48,3,2,0,5.69867,1.22927e-05,7.61416e-07,0.0271813,0.972806,1.47634e-06,3.13713e-05,0.999965,1.6985e-06
7964,0,12,1385.92,13,1416.48,3,2,0,5.69583,1.9057e-05,1.17974e-06,0.0422033,0.957777,2.30897e-06,4.90941e-05,0.999946,2.6565e-06
7965,0,12,1385.92,13,1416.48,3,2,0,5.69298,2.90493e-05,1.79732e-06,0.0644312,0.935538,3.57943e-06,7.61538e-05,0.999916,4.11831e-06
7966,0,12,1385.92,13,1416.48,3,2,0,5.69013,4.34009e-05,2.68378e-06,0.0964114,0.903542,5.50109e-06,0.000117109,0.999871,6.32945e-06
7967,0,12,1385.92,13,1419.41,3,2,9,5.68729,6.32918e-05,3.9116e-06,0.140814,0.859119,8.38287e-06,0.000178567,0.999803,9.64545e-06
7968,0,12,1385.92,13,1419.41,3,2,0,5.68444,4.18818e-05,2.58696e-06,0.0933241,0.906631,5.22404e-06,0.000111348,0.999877,6.01102e-06
7969,0,12,1385.92,13,1419.41,3,2,9,5.6816,6.12185e-05,3.77925e-06,0.136622,0.863313,7.96944e-06,0.000169968,0.999813,9.17026e-06
7970,0,12,1385.92,13,1407.65,3,2,13,5.67876,4.04614e-05,2.49645e-06,0.0904377,0.909519,4.96995e-06,0.000106062,0.999883,5.71898e-06
7971,0,12,1385.92,13,1407.65,3,2,0,5.67592,1.82175e-05,1.12338e-06,0.0407818,0.959199,2.10939e-06,4.50433e-05,0.99995,2.42737e-06
7972,0,12,1385.92,13,1407.65,3,2,0,5.67308,2.78238e-05,1.7148e-06,0.0623827,0.937588,3.27675e-06,7.00134e-05,0.999923,3.7708e-06
7973,0,12,1385.92,13,1407.65,3,2,0,5.67025,4.16612e-05,2.56618e-06,0.0935514,0.906404,5.04603e-06,0.000107883,0.999881,5.80701e-06
7974,0,12,1385.92,13,1407.65,3,2,0,5.66741,6.09063e-05,3.74951e-06,0.136978,0.862957,7.70458e-06,0.000164824,0.999819,8.86674e-06
7975,0,12,1385.92,13,1407.81,3,2,9,5.66458,8.65135e-05,5.32298e-06,0.194869,0.805039,1.16657e-05,0.000249716,0.999725,1.34257e-05
7976,0,12,1385.92,13,1407.81,3,2,0,5.66174,5.80584e-05,3.57021e-06,0.130977,0.868961,7.21447e-06,0.000154528,0.99983,8.30317e-06
7977,0,12,1385.92,13,1407.81,3,2,0,5.65891,8.27908e-05,5.08825e-06,0.187061,0.812851,1.09387e-05,0.000234441,0.999742,1.25897e-05
7978,0,12,1385.92,13,1407.81,2,2,0,5.65608,0.000114178,7.01337e-06,0.258378,0.741501,1.64491e-05,0.000352759,0.999612,1.89324e-05
7979,0,12,1385.92,13,1407.81,3,2,0,5.65326,0.000122201,7.50197e-06,0.204873,0.794998,2.45358e-05,0.000526504,0.999421,2.82407e-05
7980,0,12,1385.92,13,1408.15,3,2,9,5.65043,0.000166166,1.01953e-05,0.278995,0.720829,3.63073e-05,0.000779582,0.999142,4.1791e-05
7981,0,12,1385.92,13,1407.81,3,2,13,5.6476,0.000114014,6.99154e-06,0.191715,0.808164,2.19439e-05,0.000471463,0.999481,2.52588e-05
7982,0,12,1385.92,13,1407.81,2,2,0,5.64478,5.34431e-05,3.27541e-06,0.0899989,0.909944,9.02391e-06,0.000193997,0.999787,1.03874e-05
7983,0,12,1385.92,13,1407.81,3,2,0,5.64196,5.42052e-05,3.32026e-06,0.0752225,0.92472,1.36244e-05,0.000293078,0.999678,1.56834e-05
7984,0,12,1385.92,13,1411.38,3,2,9,5.63914,7.96871e-05,4.87839e-06,0.110745,0.889171,2.04026e-05,0.000439157,0.999517,2.34868e-05
7985,0,12,1385.92,13,1411.38,3,2,0,5.63632,5.18219e-05,3.17073e-06,0.0721236,0.927821,1.24639e-05,0.000268445,0.999705,1.43484e-05
7986,0,12,1385.92,13,1411.38,3,2,0,5.6335,7.63759e-05,4.67046e-06,0.106451,0.893468,1.86994e-05,0.000402991,0.999557,2.15273e-05
7987,0,12,1385.92,13,1411.38,3,2,9,5.63068,0.000109833,6.71264e-06,0.153304,0.846579,2.7829e-05,0.00060011,0.99934,3.20384e-05
7988,0,12,1385.92,13,1411.38,3,2,0,5.62787,7.21373e-05,4.40634e-06,0.100835,0.899089,1.68904e-05,0.000364453,0.999599,1.94458e-05
7989,0,12,1385.92,13,1411.38,3,2,0,5.62505,0.000104146,6.35793e-06,0.145788,0.854102,2.51898e-05,0.000543867,0.999402,2.90017e-05
7990,0,12,1385.92,13,1411.38,2,2,0,5.62224,0.000146116,8.91514e-06,0.204836,0.795009,3.7269e-05,0.000805159,0.999115,4.291e-05
7991,0,12,1385.92,13,1411.38,3,2,0,5.61943,0.000153258,9.34573e-06,0.164528,0.835309,5.4709e-05,0.00118266,0.9987,6.29914e-05
7992,0,12,1385.92,13,1411.38,3,2,0,5.61662,0.000211813,1.29092e-05,0.227706,0.772069,7.96896e-05,0.00172373,0.998105,9.17564e-05
7993,0,12,1385.92,13,1411.38,2,2,0,5.61381,0.000282909,1.72326e-05,0.304562,0.695138,0.000115189,0.00249314,0.997259,0.000132635
7994,0,12,1385.92,13,1412,3,2,9,5.611,0.000307112,1.86963e-05,0.243889,0.755785,0.000165238,0.00357859,0.996066,0.000190269
7995,0,12,1385.92,13,1412,3,2,0,5.6082,0.000205325,1.24927e-05,0.163274,0.836508,9.68433e-05,0.00209865,0.997693,0.000111517
7996,0,12,1385.92,13,1412,3,2,0,5.60539,0.000282709,1.71915e-05,0.22511,0.77459,0.000139435,0.00302349,0.996677,0.000160567
7997,0,12,1385.92,13,1412,3,2,0,5.60259,0.000376584,2.28872e-05,0.30026,0.69934,0.000199235,0.00432285,0.995248,0.000229437
7998,0,12,1385.92,13,1412,2,2,0,5.59979,0.0004836,2.93747e-05,0.386103,0.613384,0.000282519,0.00613366,0.993258,0.000325354
7999,0,12,1385.92,13,1412,2,2,0,5.59699,0.000541525,3.28747e-05,0.311588,0.687838,0.000397548,0.00863633,0.990508,0.000457837
8000,0,12,1385.92,13,1412,3,2,9,5.59419,0.0005877,3.56579e-05,0.251821,0.747556,0.000555054,0.0120654,0.98674,0.000639246
8001,0,12,1385.92,13,1412,3,2,0,5.5914,0.000389826,2.36389e-05,0.167238,0.832349,0.000318561,0.00692893,0.992386,0.000366892
8002,0,12,1385.92,13,1412,3,2,0,5.5886,0.000530612,3.21581e-05,0.227912,0.771525,0.000447092,0.00973057,0.989307,0.000514937
8003,0,12,1385.92,13,1412,3,2,0,5.58581,0.000699888,4.23934e-05,0.300985,0.698272,0.00062255,0.0135576,0.985103,0.000717041
8004,0,12,1385.92,13,1412,3,2,0,5.58301,0.000891825,5.39891e-05,0.383993,0.615061,0.00085984,0.0187368,0.979413,0.000990376
8005,0,12,1385.92,13,1412,3,2,0,5.58022,0.00109605,6.63151e-05,0.472498,0.52634,0.00117753,0.0256754,0.971791,0.00135633
8006,0,12,1385.92,13,1424.37,3,2,9,5.57743,0.00129964,7.85893e-05,0.560947,0.437675,0.00159819,0.034869,0.961692,0.00184092
8007,0,12,1385.92,13,1424.37,2,2,0,5.57464,0.000974966,5.89229e-05,0.421322,0.577644,0.000907258,0.0198066,0.978241,0.00104508
8008,0,12,1385.92,13,1424.37,3,2,0,5.57185,0.0011041,6.66898e-05,0.34384,0.654989,0.00124074,0.0271038,0.970226,0.00142927
8009,0,12,1385.92,13,1430.76,3,2,9,5.56907,0.00137539,8.30297e-05,0.428818,0.569724,0.00168146,0.0367539,0.959628,0.00193701
8010,0,12,1385.92,13,1430.76,3,2,0,5.56628,0.000975624,5.88635e-05,0.304529,0.694437,0.000954043,0.0208666,0.97708,0.00109907
8011,0,12,1385.92,13,1432.87,3,2,9,5.5635,0.00123651,7.45619e-05,0.386405,0.612284,0.00130301,0.0285166,0.968679,0.00150112
8012,0,12,1385.92,13,1430.76,3,2,13,5.56072,0.000860573,5.18637e-05,0.269235,0.729853,0.000739897,0.0162028,0.982205,0.000852416
8013,0,12,1385.92,13,1430.76,3,2,0,5.55794,0.000407684,2.45559e-05,0.127693,0.871875,0.000284806,0.00624075,0.993146,0.000328127
8014,0,12,1385.92,13,1431.38,3,2,9,5.55516,0.000564928,3.4008e-05,0.177148,0.822253,0.000400901,0.00879009,0.990347,0.000461894
8015,0,12,1385.92,13,1429.78,3,2,13,5.55238,0.000362819,2.1829e-05,0.113902,0.885713,0.000230767,0.00506289,0.99444,0.000265884
8016,0,12,1385.92,13,1429.78,3,2,0,5.54961,0.000157543,9.47325e-06,0.0495155,0.950318,9.01686e-05,0.00197947,0.997826,0.000103893
8017,0,12,1385.92,13,1429.78,3,2,0,5.54683,0.00023057,1.38567e-05,0.0725511,0.927204,0.000130116,0.00285819,0.996862,0.000149924
8018,0,12,1385.92,13,1429.37,3,2,13,5.54406,0.000331297,1.98989e-05,0.104366,0.895283,0.000186331,0.00409557,0.995503,0.000214703
8019,0,12,1385.92,13,1427.48,3,2,13,5.54129,0.000143171,8.5945e-06,0.0451538,0.954694,7.30197e-05,0.00160597,0.998237,8.41408e-05
8020,0,12,1385.92,13,1426.35,3,2,13,5.53852,6.06695e-05,3.63992e-06,0.0191562,0.980779,2.90971e-05,0.000640348,0.999297,3.35296e-05
8021,0,12,1385.92,13,1426.35,3,2,9,5.53575,2.57496e-05,1.544e-06,0.00813974,0.991833,1.17979e-05,0.000259801,0.999715,1.35956e-05
8022,0,12,1385.92,13,1426.35,3,2,0,5.53298,1.64151e-05,9.83731e-07,0.00519497,0.994788,7.24724e-06,0.000159689,0.999825,8.35172e-06
8023,0,12,1385.92,13,1426.35,3,2,0,5.53021,2.57047e-05,1.53957e-06,0.00814426,0.991828,1.10058e-05,0.000242658,0.999734,1.26835e-05
8024,0,12,1385.92,13,1426.35,3,2,0,5.52745,3.98322e-05,2.38439e-06,0.012635,0.987323,1.65759e-05,0.000365693,0.999599,1.91031e-05
8025,0,12,1385.92,13,1426.35,3,2,0,5.52468,6.10461e-05,3.65222e-06,0.0193865,0.980549,2.47625e-05,0.000546643,0.9994,2.85387e-05
8026,0,12,1385.92,13,1426.35,3,2,9,5.52192,9.24467e-05,5.52772e-06,0.0293922,0.97051,3.66973e-05,0.000810612,0.99911,4.22948e-05
8027,0,12,1385.92,13,1438.2,3,2,9,5.51916,5.78764e-05,3.45869e-06,0.0184223,0.981516,2.20309e-05,0.000486945,0.999466,2.53921e-05
8028,0,12,1385.92,13,1426.42,3,2,13,5.5164,3.64165e-05,2.17502e-06,0.0116049,0.988357,1.33567e-05,0.000295403,0.999676,1.53948e-05
8029,0,12,1385.92,13,1426.42,3,2,0,5.51364,1.55193e-05,9.2639e-07,0.00495127,0.995032,5.48888e-06,0.00012147,0.999867,6.32664e-06
8030,0,12,1385.92,13,1426.42,3,2,0,5.51089,2.43402e-05,1.45211e-06,0.00777443,0.9922,8.38388e-06,0.000185652,0.999796,9.66379e-06
8031,0,12,1385.92,13,1426.42,3,2,0,5.50813,3.77784e-05,2.25255e-06,0.0120806,0.987879,1.26988e-05,0.000281376,0.999691,1.46379e-05
8032,0,12,1385.92,13,1421.5,2,2,13,5.50538,5.79948e-05,3.45601e-06,0.0185667,0.981372,1.90768e-05,0.000422958,0.999536,2.19903e-05
8033,0,12,1385.92,13,1421.5,2,2,0,5.50262,5.52757e-05,3.29212e-06,0.0627568,0.937185,7.7781e-06,0.000172558,0.999811,8.96629e-06
8034,0,12,1385.92,13,1421.5,2,2,0,5.49987,5.56813e-05,3.3144e-06,0.0540394,0.945902,1.18002e-05,0.000261951,0.999713,1.36032e-05
8035,0,12,1385.92,13,1422.61,3,2,9,5.49712,5.59761e-05,3.33007e-06,0.0471766,0.952764,1.77547e-05,0.000394379,0.999567,2.04681e-05
8036,0,12,1385.92,13,1422.61,3,2,9,5.49437,3.55724e-05,2.11504e-06,0.0300208,0.969942,1.07975e-05,0.000239989,0.999737,1.24479e-05
8037,0,12,1385.92,13,1416.24,3,2,13,5.49163,2.26623e-05,1.34668e-06,0.0191513,0.980825,6.63005e-06,0.000147454,0.999838,7.64374e-06
8038,0,12,1385.92,13,1416.24,3,2,0,5.48888,9.77096e-06,5.80299e-07,0.00826832,0.991721,2.75687e-06,6.13515e-05,0.999933,3.17846e-06
8039,0,12,1385.92,13,1416.24,3,2,0,5.48614,1.54399e-05,9.16459e-07,0.0130831,0.986901,4.27031e-06,9.50907e-05,0.999896,4.92349e-06
8040,0,12,1385.92,13,1415,3,2,13,5.48339,2.41128e-05,1.43045e-06,0.0204596,0.979515,6.55762e-06,0.000146115,0.99984,7.56088e-06
8041,0,12,1385.92,13,1415,3,2,0,5.48065,1.03847e-05,6.15706e-07,0.00882331,0.991166,2.72552e-06,6.07669e-05,0.999933,3.14259e-06
8042,0,12,1385.92,13,1415,3,2,0,5.47791,1.6387e-05,9.71027e-07,0.0139419,0.986041,4.22318e-06,9.42164e-05,0.999897,4.86956e-06
8043,0,12,1385.92,13,1421.46,3,2,9,5.47517,2.55529e-05,1.51331e-06,0.0217695,0.978203,6.48739e-06,0.00014482,0.999841,7.48054e-06
8044,0,12,1385.92,13,1421.46,3,2,0,5.47243,1.6322e-05,9.66084e-07,0.0139241,0.986059,4.01972e-06,8.97889e-05,0.999902,4.63523e-06
8045,0,12,1385.92,13,1420.54,3,2,13,5.4697,2.54561e-05,1.50588e-06,0.0217457,0.978227,6.18136e-06,0.00013816,0.999849,7.12807e-06
8046,0,12,1385.92,13,1420.54,3,2,0,5.46696,1.0948e-05,6.47268e-07,0.00936486,0.990624,2.56927e-06,5.74613e-05,0.999937,2.96285e-06
8047,0,12,1385.92,13,1420.54,3,2,0,5.46423,1.72563e-05,1.01965e-06,0.0147809,0.985201,3.98646e-06,8.92122e-05,0.999902,4.59727e-06
8048,0,12,1385.92,13,1420.54,3,2,0,5.4615,2.68744e-05,1.58708e-06,0.0230505,0.976921,6.13191e-06,0.00013731,0.999849,7.07164e-06
8049,0,12,1385.92,13,1420.9,3,2,9,5.45877,4.13018e-05,2.43772e-06,0.035473,0.964483,9.35199e-06,0.000209547,0.99977,1.07855e-05
8050,0,12,1385.92,13,1420.9,3,2,0,5.45604,2.62428e-05,1.54802e-06,0.0225696,0.977403,5.74808e-06,0.000128875,0.999859,6.62937e-06
8051,0,12,1385.92,13,1420.13,3,2,13,5.45331,4.03642e-05,2.37968e-06,0.0347614,0.965196,8.77853e-06,0.000196942,0.999784,1.01247e-05
8052,0,12,1385.92,13,1420.13,3,2,0,5.45058,1.73092e-05,1.01989e-06,0.0149268,0.985055,3.6188e-06,8.12365e-05,0.999911,4.17387e-06
8053,0,12,1385.92,13,1420.13,3,2,0,5.44786,2.69591e-05,1.58758e-06,0.02328,0.976691,5.5781e-06,0.000125298,0.999863,6.43389e-06
8054,0,12,1385.92,13,1420.13,3,2,0,5.44513,4.14335e-05,2.43857e-06,0.0358274,0.964129,8.52496e-06,0.000191611,0.99979,9.83313e-06
8055,0,12,1385.92,13,1420.13,3,2,9,5.44241,6.27214e-05,3.68938e-06,0.0543084,0.945625,1.29196e-05,0.000290569,0.999682,1.49026e-05
8056,0,12,1385.92,13,1420.13,3,2,0,5.43969,3.9773e-05,2.33819e-06,0.0344847,0.965473,7.88372e-06,0.000177419,0.999806,9.094e-06
8057,0,12,1385.92,13,1420.13,3,2,0,5.43697,6.03043e-05,3.54319e-06,0.052357,0.947579,1.19673e-05,0.000269486,0.999705,1.38049e-05
8058,0,12,1385.92,13,1420.13,3,2,0,5.43425,8.98522e-05,5.27628e-06,0.0781166,0.921788,1.80164e-05,0.000405954,0.999555,2.07834e-05
8059,0,12,1385.92,13,1420.13,3,2,9,5.43153,0.000131131,7.69586e-06,0.114158,0.885703,2.69031e-05,0.000606573,0.999335,3.10359e-05
8060,0,12,1385.92,13,1420.13,3,2,0,5.42882,8.38355e-05,4.91739e-06,0.0730833,0.926828,1.61727e-05,0.000364867,0.9996,1.86577e-05
8061,0,12,1385.92,13,1420.13,3,2,0,5.4261,0.000122832,7.20064e-06,0.107223,0.892647,2.42041e-05,0.000546401,0.999401,2.79239e-05
8062,0,12,1385.92,13,1420.13,3,2,0,5.42339,0.000175687,1.02933e-05,0.15357,0.846244,3.59337e-05,0.000811698,0.999111,4.14572e-05
8063,0,12,1385.92,13,1420.13,3,2,0,5.42068,0.000244207,1.42997e-05,0.213754,0.785988,5.29264e-05,0.00119629,0.99869,6.10638e-05
8064,0,12,1385.92,13,1420.13,2,2,0,5.41797,0.000328377,1.92173e-05,0.287817,0.711835,7.73473e-05,0.00174936,0.998084,8.92418e-05
8065,0,12,1385.92,13,1420.13,3,2,0,5.41526,0.000354189,2.07162e-05,0.230655,0.76897,0.000112164,0.00253839,0.99722,0.000129416
8066,0,12,1385.92,13,1420.13,2,2,0,5.41255,0.000470214,2.74868e-05,0.30661,0.692892,0.000161404,0.00365503,0.995997,0.000186236
8067,0,12,1385.92,13,1414.41,3,2,13,5.40985,0.000510061,2.97991e-05,0.246754,0.752706,0.000230482,0.00522257,0.994281,0.000265949
8068,0,12,1385.92,13,1414.41,3,2,0,5.40714,0.000237563,1.38712e-05,0.115069,0.884679,8.90319e-05,0.00201867,0.99779,0.000102735
8069,0,12,1385.92,13,1414.76,3,2,9,5.40444,0.000334854,1.95408e-05,0.162395,0.837251,0.000128751,0.00292106,0.996802,0.000148572
8070,0,12,1385.92,13,1414.76,3,2,0,5.40174,0.000214315,1.24995e-05,0.104065,0.895708,7.50043e-05,0.00170273,0.998136,8.65534e-05
8071,0,12,1385.92,13,1414.76,3,2,9,5.39903,0.000304257,1.77351e-05,0.147922,0.851756,0.000108859,0.00247284,0.997293,0.000125625
8072,0,12,1385.92,13,1414.76,3,2,0,5.39633,0.000193873,1.12944e-05,0.0943729,0.905422,6.35962e-05,0.00144555,0.998417,7.33928e-05
8073,0,12,1385.92,13,1414.76,2,2,9,5.39364,0.00027705,1.61309e-05,0.135028,0.864679,9.26221e-05,0.00210664,0.997694,0.000106893
8074,0,12,1385.92,13,1410.91,3,2,13,5.39094,0.00024367,1.41793e-05,0.238016,0.761726,5.42594e-05,0.00123487,0.998648,6.26214e-05
8075,0,12,1385.92,13,1410.91,3,2,0,5.38824,0.000114115,6.63667e-06,0.111621,0.888258,2.14785e-05,0.000489128,0.999465,2.47893e-05
8076,0,12,1385.92,13,1410.91,3,2,0,5.38555,0.00016315,9.48302e-06,0.159804,0.840023,3.19803e-05,0.000728739,0.999202,3.6911e-05
8077,0,12,1385.92,13,1410.91,2,2,0,5.38286,0.000226476,1.31563e-05,0.222137,0.777623,4.72389e-05,0.00107711,0.998821,5.45236e-05
8078,0,12,1385.92,13,1410.91,3,2,0,5.38017,0.000238812,1.3865e-05,0.178434,0.821313,6.9231e-05,0.00157955,0.998271,7.99094e-05
8079,0,12,1385.92,13,1410.66,3,2,13,5.37748,0.000326702,1.8957e-05,0.244427,0.755227,0.000100675,0.0022984,0.997485,0.000116207
8080,0,12,1385.92,13,1410.66,3,2,0,5.37479,0.000152742,8.85784e-06,0.114428,0.885411,3.93504e-05,0.000898929,0.999016,4.54226e-05
8081,0,12,1385.92,13,1410.66,2,2,0,5.3721,0.000217055,1.25803e-05,0.162824,0.836947,5.78907e-05,0.0013233,0.998552,6.68258e-05
8082,0,12,1385.92,13,1410.66,3,2,0,5.36941,0.000224434,1.30006e-05,0.132933,0.866829,8.4503e-05,0.00193282,0.997885,9.75483e-05
8083,0,12,1385.92,13,1410.66,3,2,0,5.36673,0.000314095,1.8184e-05,0.186278,0.81339,0.000122397,0.00280131,0.996935,0.000141296
8084,0,12,1385.92,13,1410.66,3,2,0,5.36405,0.000426455,2.46747e-05,0.253237,0.746312,0.00017592,0.00402884,0.995592,0.00020309
8085,0,12,1385.92,13,1410.66,2,2,9,5.36136,0.000559457,3.23518e-05,0.332641,0.666767,0.000250906,0.00574972,0.99371,0.000289665
8086,0,12,1385.92,13,1410.66,3,2,0,5.35868,0.000438997,2.53715e-05,0.475592,0.523944,0.000144101,0.00330426,0.996385,0.000166366
8087,0,12,1385.92,13,1410.66,2,2,0,5.356,0.000524979,3.03235e-05,0.569536,0.429908,0.000206422,0.00473626,0.994819,0.000238323
8088,0,12,1385.92,13,1410.66,2,2,0,5.35333,0.00063824,3.68446e-05,0.475965,0.52336,0.000293415,0.00673651,0.992631,0.00033877
8089,0,12,1385.92,13,1410.66,2,2,0,5.35065,0.000744866,4.29754e-05,0.387598,0.611614,0.00041382,0.00950682,0.989602,0.0004778
8090,0,12,1385.92,13,1410.66,3,2,0,5.34797,0.000833569,4.80657e-05,0.313751,0.685368,0.000578989,0.0133097,0.985443,0.000668525
8091,0,12,1385.92,13,1405.89,3,2,13,5.3453,0.00105695,6.09116e-05,0.398302,0.60058,0.000803436,0.0184808,0.979788,0.000927707
8092,0,12,1385.92,13,1405.89,3,2,0,5.34263,0.000541374,3.11813e-05,0.204254,0.795173,0.000303848,0.00699354,0.992352,0.000350855
8093,0,12,1385.92,13,1408.36,2,2,9,5.33996,0.000723496,4.16472e-05,0.273291,0.725944,0.000428251,0.00986306,0.989214,0.000494519
8094,0,12,1385.92,13,1408.36,3,2,0,5.33729,0.000582449,3.35089e-05,0.414155,0.585229,0.000243548,0.00561267,0.993863,0.000281242
8095,0,12,1385.92,13,1408.36,2,2,9,5.33462,0.00071197,4.09369e-05,0.506918,0.49233,0.000345007,0.00795586,0.991301,0.000398417
8096,0,12,1385.92,13,1408.36,3,2,0,5.33195,0.000521425,2.99638e-05,0.63841,0.361039,0.000196817,0.00454144,0.995034,0.000227292
8097,0,12,1385.92,13,1408.36,2,2,0,5.32928,0.000578179,3.32063e-05,0.708905,0.290483,0.000280145,0.00646824,0.992928,0.000323532
8098,0,12,1385.92,13,1408.36,3,2,0,5.32662,0.000743783,4.26929e-05,0.625064,0.374149,0.000395644,0.00914074,0.990007,0.000456932
8099,0,12,1385.92,13,1408.07,2,2,13,5.32396,0.000827682,4.74815e-05,0.696509,0.302615,0.000554323,0.0128148,0.985991,0.000640211
8100,0,12,1385.92,13,1408.07,2,2,0,5.32129,0.000395375,2.26685e-05,0.854855,0.144727,0.000209997,0.00485775,0.99469,0.000242541
8101,0,12,1385.92,13,1411.93,3,2,9,5.31863,0.000545633,3.12655e-05,0.799458,0.199965,0.000298522,0.00690991,0.992447,0.000344796
8102,0,12,1385.92,13,1411.93,2,2,0,5.31597,0.000458211,2.62411e-05,0.672348,0.327168,0.000170557,0.00395037,0.995682,0.000197
8103,0,12,1385.92,13,1409.47,2,2,13,5.31332,0.000582096,3.33167e-05,0.583215,0.41617,0.000243577,0.00564517,0.99383,0.000281349
8104,0,12,1385.92,13,1409.47,2,2,0,5.31066,0.000304456,1.74158e-05,0.781721,0.217957,9.32565e-05,0.00216268,0.997636,0.000107721
8105,0,12,1385.92,13,1410.25,3,2,9,5.308,0.000407896,2.33195e-05,0.707176,0.292393,0.000134907,0.00313056,0.996579,0.000155837
8106,0,12,1385.92,13,1410.25,2,2,0,5.30535,0.000326594,1.86608e-05,0.567066,0.432588,7.81188e-05,0.00181391,0.998018,9.02408e-05
8107,0,12,1385.92,13,1410.25,3,2,0,5.3027,0.000398578,2.27607e-05,0.470884,0.528694,0.000113433,0.00263557,0.99712,0.000131039
8108,0,12,1385.92,13,1410.25,3,2,0,5.30005,0.000478134,2.72881e-05,0.565673,0.433822,0.000163441,0.00379987,0.995848,0.000188814
8109,0,12,1385.92,13,1409.6,3,2,13,5.2974,0.000548089,3.12627e-05,0.649354,0.350067,0.00023368,0.00543629,0.99406,0.000269965
8110,0,12,1385.92,13,1412.92,3,2,9,5.29475,0.000341893,1.94902e-05,0.405636,0.594003,8.94075e-05,0.00208127,0.997726,0.000103293
8111,0,12,1385.92,13,1410.81,3,2,13,5.2921,0.000242104,1.37937e-05,0.287649,0.712095,5.21331e-05,0.00121434,0.998673,6.02315e-05
8112,0,12,1385.92,13,1410.33,3,2,13,5.28945,0.000116522,6.63494e-06,0.138638,0.861238,2.04816e-05,0.00047738,0.999478,2.36639e-05
8113,0,12,1385.92,13,1406.82,3,2,13,5.28681,5.14557e-05,2.92829e-06,0.061309,0.938637,8.1911e-06,0.000191037,0.999791,9.46406e-06
8114,0,12,1385.92,13,1406.82,3,2,0,5.28417,2.20137e-05,1.25206e-06,0.0262663,0.97371,3.33447e-06,7.7817e-05,0.999915,3.85278e-06
8115,0,12,1385.92,13,1406.82,3,2,0,5.28152,3.39994e-05,1.93265e-06,0.040625,0.959339,5.16005e-06,0.000120497,0.999868,5.96231e-06
8116,0,12,1385.92,13,1406.82,3,2,0,5.27888,5.16599e-05,2.93485e-06,0.0618146,0.938131,7.91647e-06,0.000184981,0.999798,9.14754e-06
8117,0,12,1385.92,13,1406.82,3,2,0,5.27624,7.69904e-05,4.37139e-06,0.0922549,0.907664,1.20428e-05,0.000281577,0.999692,1.3916e-05
8118,0,12,1385.92,13,1409.66,3,2,9,5.27361,0.000112107,6.36161e-06,0.134525,0.865357,1.81681e-05,0.000425063,0.999536,2.09946e-05
8119,0,12,1385.92,13,1409.66,3,2,9,5.27097,7.19225e-05,4.07897e-06,0.0864271,0.913497,1.09128e-05,0.000255477,0.999721,1.26109e-05
8120,0,12,1385.92,13,1409.66,3,2,0,5.26833,4.56602e-05,2.58805e-06,0.0549463,0.945005,6.61989e-06,0.000155075,0.999831,7.65021e-06
8121,0,12,1385.92,13,1409.66,3,2,0,5.2657,6.84696e-05,3.87868e-06,0.0825115,0.917416,1.01078e-05,0.000236932,0.999741,1.16814e-05
8122,0,12,1385.92,13,1409.66,3,2,0,5.26307,0.000100433,5.6861e-06,0.121202,0.878692,1.53046e-05,0.000358972,0.999608,1.76877e-05
8123,0,12,1385.92,13,1408.82,3,2,13,5.26043,0.000143461,8.11749e-06,0.173374,0.826474,2.29829e-05,0.000539409,0.999411,2.65623e-05
8124,0,12,1385.92,13,1408.82,3,2,0,5.2578,6.43756e-05,3.64049e-06,0.0779091,0.922023,9.14808e-06,0.000214841,0.999765,1.05731e-05
8125,0,12,1385.92,13,1408.82,3,2,9,5.25518,9.47736e-05,5.35643e-06,0.11486,0.885039,1.38805e-05,0.000326188,0.999644,1.60432e-05
8126,0,12,1385.92,13,1408.82,3,2,0,5.25255,6.04699e-05,3.41569e-06,0.0733904,0.926546,8.3731e-06,0.000196889,0.999785,9.67798e-06
8127,0,12,1385.92,13,1408.82,3,2,0,5.24992,8.93451e-05,5.04382e-06,0.108589,0.891316,1.2728e-05,0.000299482,0.999673,1.4712e-05
8128,0,12,1385.92,13,1408.82,3,2,0,5.2473,0.000128725,7.26274e-06,0.156673,0.843191,1.91878e-05,0.000451761,0.999507,2.21793e-05
8129,0,12,1385.92,13,1408.82,3,2,0,5.24467,0.000179964,1.01479e-05,0.219349,0.78046,2.86906e-05,0.000675925,0.999262,3.31647e-05
8130,0,12,1385.92,13,1408.82,3,2,0,5.24205,0.000242938,1.3691e-05,0.296527,0.703216,4.25559e-05,0.00100321,0.998905,4.91935e-05
8131,0,12,1385.92,13,1408.82,2,2,0,5.23943,0.000315371,1.77628e-05,0.385485,0.614182,6.26227e-05,0.0014772,0.998388,7.23924e-05
8132,0,12,1385.92,13,1408.82,3,2,0,5.23681,0.00035464,1.99631e-05,0.307919,0.691706,9.14314e-05,0.00215813,0.997645,0.000105699
8133,0,12,1385.92,13,1407.58,3,2,13,5.23419,0.000456013,2.56547e-05,0.396474,0.603044,0.000132457,0.00312848,0.996586,0.000153131
8134,0,12,1385.92,13,1407.58,3,2,9,5.23157,0.000234523,1.31864e-05,0.204179,0.795573,5.08964e-05,0.00120287,0.998687,5.88418e-05
8135,0,12,1385.92,13,1407.58,3,2,0,5.22896,0.000152472,8.56803e-06,0.132924,0.866915,2.98943e-05,0.000706961,0.999229,3.45622e-05
8136,0,12,1385.92,13,1407.58,2,2,0,5.22634,0.000215162,1.20839e-05,0.187831,0.811942,4.43145e-05,0.00104864,0.998856,5.12354e-05
8137,0,12,1385.92,13,1403.64,3,2,13,5.22373,0.000224371,1.25938e-05,0.151673,0.84809,6.51716e-05,0.00154317,0.998316,7.5352e-05
8138,0,12,1385.92,13,1405.75,3,2,9,5.22112,9.82057e-05,5.50905e-06,0.0664728,0.933423,2.53467e-05,0.000600555,0.999345,2.9307e-05
8139,0,12,1385.92,13,1404.99,3,2,13,5.21851,6.13642e-05,3.44036e-06,0.04159,0.958345,1.50818e-05,0.000357568,0.99961,1.74387e-05
8140,0,12,1385.92,13,1404.99,3,2,0,5.2159,2.57205e-05,1.44118e-06,0.017455,0.982518,6.03076e-06,0.000143071,0.999844,6.97343e-06
8141,0,12,1385.92,13,1404.99,3,2,0,5.21329,3.98574e-05,2.23202e-06,0.0270842,0.972874,9.2323e-06,0.000219162,0.999761,1.06757e-05
8142,0,12,1385.92,13,1404.99,3,2,0,5.21068,6.09146e-05,3.40926e-06,0.0414471,0.958489,1.40147e-05,0.000332901,0.999637,1.62063e-05
8143,0,12,1385.92,13,1404.99,3,2,0,5.20808,9.16268e-05,5.12519e-06,0.0624255,0.937478,2.10987e-05,0.00050149,0.999453,2.43988e-05
8144,0,12,1385.92,13,1404.99,3,2,0,5.20548,0.000135267,7.56186e-06,0.092278,0.907579,3.15055e-05,0.000749322,0.999183,3.64344e-05
8145,0,12,1385.92,13,1404.99,3,2,0,5.20287,0.000195282,1.09106e-05,0.133394,0.8664,4.66691e-05,0.00111067,0.998789,5.39719e-05
8146,0,12,1385.92,13,1405.97,3,2,9,5.20027,0.000274519,1.53288e-05,0.187764,0.811946,6.85851e-05,0.00163329,0.998219,7.93195e-05
8147,0,12,1385.92,13,1406.62,3,2,9,5.19767,0.000176529,9.85146e-06,0.120899,0.878915,3.99843e-05,0.00095279,0.998961,4.62437e-05
8148,0,12,1385.92,13,1406.62,3,2,9,5.19507,0.000111319,6.20874e-06,0.0763385,0.923544,2.35503e-05,0.000561538,0.999388,2.72378e-05
8149,0,12,1385.92,13,1406.62,3,2,0,5.19247,6.95659e-05,3.87776e-06,0.0477682,0.952158,1.40125e-05,0.00033433,0.999635,1.62071e-05
8150,0,12,1385.92,13,1406.62,3,2,0,5.18988,0.000104057,5.797e-06,0.071545,0.928345,2.11011e-05,0.000503778,0.999451,2.44065e-05
8151,0,12,1385.92,13,1406.62,3,2,0,5.18728,0.00015258,8.4953e-06,0.105045,0.894794,3.15173e-05,0.000752938,0.999179,3.64555e-05
8152,0,12,1385.92,13,1406.62,3,2,0,5.18469,0.000218469,1.21569e-05,0.150604,0.849166,4.66984e-05,0.00111632,0.998783,5.40167e-05
8153,0,12,1385.92,13,1405.47,3,2,13,5.1821,0.000304095,1.69118e-05,0.209905,0.789774,6.86451e-05,0.00164199,0.99821,7.94051e-05
8154,0,12,1385.92,13,1405.47,3,2,0,5.17951,0.000137088,7.61955e-06,0.0947502,0.905105,2.6575e-05,0.000636079,0.999307,3.07415e-05
8155,0,12,1385.92,13,1405.47,3,2,0,5.17692,0.000197699,1.0982e-05,0.136821,0.862971,3.95157e-05,0.000946417,0.998968,4.57123e-05
8156,0,12,1385.92,13,1405.47,2,2,0,5.17433,0.000277503,1.54062e-05,0.192302,0.807405,5.82907e-05,0.00139698,0.998477,6.74336e-05
8157,0,12,1385.92,13,1405.47,3,2,0,5.17174,0.000289642,1.60708e-05,0.155624,0.84407,8.53108e-05,0.00204583,0.99777,9.86947e-05
8158,0,12,1385.92,13,1404.34,3,2,13,5.16916,0.000400499,2.22088e-05,0.215458,0.78412,0.000123883,0.00297271,0.99676,0.000143322
8159,0,12,1385.92,13,1404.34,3,2,0,5.16657,0.00018017,9.98518e-06,0.0970486,0.902761,4.73897e-05,0.00113789,0.99876,5.48275e-05
8160,0,12,1385.92,13,1404.34,3,2,0,5.16399,0.000258368,1.43107e-05,0.139345,0.860382,6.96586e-05,0.00167366,0.998176,8.05939e-05
8161,0,12,1385.92,13,1403.35,3,2,13,5.16141,0.000360737,1.99693e-05,0.194801,0.804819,0.00010159,0.00244243,0.997338,0.000117542
8162,0,12,1385.92,13,1403.35,3,2,0,5.15882,0.000160245,8.8655e-06,0.0866423,0.913189,3.89746e-05,0.000937622,0.998978,4.50957e-05
8163,0,12,1385.92,13,1399.86,3,2,13,5.15625,0.000231502,1.28004e-05,0.125328,0.874428,5.75238e-05,0.00138474,0.998491,6.656e-05
8164,0,12,1385.92,13,1399.86,3,2,0,5.15367,9.90566e-05,5.47394e-06,0.0536937,0.946202,2.2293e-05,0.00053699,0.999415,2.57956e-05
8165,0,12,1385.92,13,1399.86,2,2,0,5.15109,0.000146842,8.10988e-06,0.079696,0.920149,3.32783e-05,0.000802113,0.999126,3.85081e-05
8166,0,12,1385.92,13,1399.86,3,2,0,5.14851,0.000148443,8.19357e-06,0.0680316,0.931812,4.92793e-05,0.00118855,0.998705,5.70254e-05
8167,0,12,1385.92,13,1399.86,3,2,0,5.14594,0.000216835,1.19616e-05,0.0994975,0.900274,7.23973e-05,0.00174723,0.998097,8.37797e-05
8168,0,12,1385.92,13,1399.86,3,2,9,5.14337,0.000309687,1.70739e-05,0.142278,0.857395,0.000105528,0.00254843,0.997224,0.000122123
8169,0,12,1385.92,13,1399.86,3,2,0,5.1408,0.00019449,1.07165e-05,0.0894632,0.910332,6.0828e-05,0.00146989,0.998399,7.03955e-05
8170,0,12,1385.92,13,1400.88,3,2,9,5.13823,0.000279715,1.54036e-05,0.128824,0.870881,8.89894e-05,0.00215177,0.997656,0.000102989
8171,0,12,1385.92,13,1400.88,2,2,0,5.13566,0.000174977,9.63018e-06,0.0806852,0.91913,5.1444e-05,0.00124471,0.998644,5.9539e-05
8172,0,12,1385.92,13,1400.88,3,2,0,5.13309,0.000176896,9.73016e-06,0.0690088,0.930805,7.55253e-05,0.00182854,0.998009,8.74123e-05
8173,0,12,1385.92,13,1400.88,3,2,0,5.13052,0.000257525,1.41569e-05,0.100583,0.899145,0.000110012,0.00266518,0.997097,0.00012733
8174,0,12,1385.92,13,1400.88,3,2,0,5.12796,0.000366618,2.01424e-05,0.143363,0.85625,0.000158998,0.0038544,0.995803,0.000184033
8175,0,12,1385.92,13,1400.88,3,2,0,5.12539,0.000508317,2.79114e-05,0.199011,0.800453,0.000228007,0.00553084,0.993977,0.000263917
8176,0,12,1385.92,13,1400.88,3,2,0,5.12283,0.000683511,3.75094e-05,0.267921,0.731358,0.000324405,0.00787419,0.991426,0.000375507
8177,0,12,1385.92,13,1400.88,3,2,0,5.12027,0.000888016,4.87038e-05,0.348498,0.650565,0.00045788,0.0111211,0.987891,0.000530023
8178,0,12,1385.92,13,1400.88,2,2,0,5.11771,0.00111195,6.09503e-05,0.436902,0.561925,0.00064099,0.0155785,0.983039,0.000742006
8179,0,12,1385.92,13,1400.88,2,2,0,5.11515,0.00127065,6.96086e-05,0.355737,0.642922,0.000889705,0.021637,0.976443,0.00102995
8180,0,12,1385.92,13,1400.88,2,2,0,5.11259,0.00140051,7.66782e-05,0.289009,0.709514,0.00122389,0.0297831,0.967576,0.00141685
8181,0,12,1385.92,13,1400.79,3,2,13,5.11004,0.0015035,8.22692e-05,0.235774,0.76264,0.00166753,0.040605,0.955797,0.00193049
8182,0,12,1385.92,13,1405.39,3,2,9,5.10748,0.000667518,3.65043e-05,0.104784,0.894512,0.000618474,0.0150697,0.983596,0.000716025
8183,0,12,1385.92,13,1405.39,3,2,0,5.10493,0.000406354,2.22092e-05,0.0638521,0.935719,0.000345547,0.00842495,0.990829,0.000400062
8184,0,12,1385.92,13,1405.39,3,2,0,5.10237,0.000584559,3.19304e-05,0.0919471,0.907436,0.000487121,0.0118843,0.987065,0.000563987
8185,0,12,1385.92,13,1404.74,3,2,13,5.09982,0.0008243,4.49996e-05,0.129788,0.869343,0.000681042,0.016626,0.981904,0.000788532
8186,0,12,1385.92,13,1404.74,3,2,0,5.09727,0.000343975,1.87671e-05,0.0542146,0.945423,0.000252644,0.00617165,0.993283,0.000292528
8187,0,12,1385.92,13,1404.74,3,2,9,5.09472,0.000498765,2.71966e-05,0.0786909,0.920783,0.000358772,0.00876977,0.990456,0.000415421
8188,0,12,1385.92,13,1404.74,3,2,0,5.09218,0.000301804,1.64471e-05,0.0476642,0.952018,0.00020187,0.00493763,0.994627,0.000233751
8189,0,12,1385.92,13,1404.74,3,2,0,5.08963,0.000440153,2.39727e-05,0.0695844,0.929951,0.000288129,0.00705199,0.992326,0.000333643
8190,0,12,1385.92,13,1404.74,3,2,0,5.08709,0.000630664,3.43287e-05,0.0998036,0.899531,0.000407983,0.00999184,0.989128,0.000472444
8191,0,12,1385.92,13,1404.74,3,2,0,5.08454,0.000885082,4.81493e-05,0.140208,0.858859,0.000573004,0.0140423,0.984721,0.000663559
8192,0,12,1385.92,13,1404.74,2,2,9,5.082,0.00121238,6.59162e-05,0.19225,0.806472,0.000798013,0.019569,0.978709,0.000924153
8193,0,12,1385.92,13,1404.74,3,2,0,5.07946,0.00101383,5.50889e-05,0.323659,0.675272,0.000443924,0.0108929,0.988149,0.000514109
8194,0,12,1385.92,13,1404.74,2,2,0,5.07692,0.00128102,6.95669e-05,0.40943,0.589219,0.000622266,0.0152789,0.983378,0.000720669
8195,0,12,1385.92,13,1404.74,3,2,9,5.07438,0.0014448,7.84157e-05,0.333107,0.665369,0.000864846,0.0212487,0.976885,0.00100164
8196,0,12,1385.92,13,1404.74,3,2,9,5.07184,0.000960084,5.20776e-05,0.221594,0.777394,0.000480516,0.0118135,0.987149,0.000556536
8197,0,12,1385.92,13,1404.74,3,2,9,5.06931,0.000609699,3.30525e-05,0.140876,0.858481,0.000268843,0.00661377,0.992806,0.000311385
8198,0,12,1385.92,13,1404.74,3,2,0,5.06677,0.000376718,2.04104e-05,0.0871386,0.912464,0.00015176,0.00373581,0.995937,0.000175779
8199,0,12,1385.92,13,1404.74,3,2,0,5.06424,0.000536869,2.90703e-05,0.124318,0.875116,0.000218038,0.00537079,0.994159,0.000252555
8200,0,12,1385.92,13,1404.74,3,2,9,5.06171,0.000747147,4.04329e-05,0.173199,0.826013,0.000310799,0.00766061,0.991669,0.000360011
8201,0,12,1385.92,13,1404.74,3,2,0,5.05918,0.000466235,2.52162e-05,0.108198,0.891311,0.000174948,0.00431492,0.995307,0.000202656
8202,0,12,1385.92,13,1404.74,3,2,0,5.05665,0.000655409,3.54269e-05,0.152265,0.847045,0.000250608,0.00618494,0.993274,0.000290306
8203,0,12,1385.92,13,1404.74,3,2,9,5.05412,0.000897594,4.84895e-05,0.208756,0.790297,0.000356149,0.00879533,0.990436,0.000412579
8204,0,12,1385.92,13,1404.74,3,2,0,5.05159,0.000566932,3.06088e-05,0.131997,0.867405,0.000199955,0.00494118,0.994627,0.000231643
8205,0,12,1385.92,13,1404.74,3,2,9,5.04907,0.000785613,4.23906e-05,0.183111,0.816061,0.000285622,0.00706266,0.992321,0.000330896
8206,0,12,1385.92,13,1404.74,3,2,9,5.04654,0.000491629,2.65122e-05,0.114714,0.884767,0.000160882,0.00398073,0.995672,0.000186389
8207,0,12,1385.92,13,1404.74,3,2,0,5.04402,0.000301271,1.62372e-05,0.070374,0.929309,9.1511e-05,0.00226573,0.997537,0.000106023
8208,0,12,1385.92,13,1421.12,3,2,9,5.0415,0.000434792,2.34197e-05,0.101674,0.897868,0.000132939,0.00329355,0.996419,0.000154024
8209,0,12,1385.92,13,1421.12,3,2,9,5.03898,0.000265534,1.42944e-05,0.0621616,0.937559,7.58565e-05,0.00188055,0.997956,8.78909e-05
8210,0,12,1385.92,13,1421.12,3,2,9,5.03646,0.000161044,8.66435e-06,0.0377415,0.962089,4.37336e-05,0.00108489,0.998821,5.06734e-05
8211,0,12,1385.92,13,1421.12,3,2,0,5.03394,9.76533e-05,5.2508e-06,0.0229106,0.976986,2.54775e-05,0.000632421,0.999313,2.95211e-05
8212,0,12,1385.92,13,1422.18,3,2,9,5.03142,0.000147532,7.92815e-06,0.0346507,0.965194,3.79973e-05,0.000943804,0.998974,4.40294e-05
8213,0,12,1385.92,13,1422.18,3,2,0,5.02891,8.94805e-05,4.80572e-06,0.0210391,0.978867,2.21895e-05,0.000551512,0.999401,2.57128e-05
8214,0,12,1385.92,13,1422.18,3,2,0,5.02639,0.000135563,7.27643e-06,0.0319091,0.967948,3.31882e-05,0.000825412,0.999103,3.84591e-05
8215,0,12,1385.92,13,1422.18,3,2,0,5.02388,0.000202576,1.0867e-05,0.0477347,0.952052,4.92393e-05,0.0012254,0.998668,5.70611e-05
8216,0,12,1385.92,13,1416.09,3,2,13,5.02137,0.00029798,1.59755e-05,0.0702925,0.929394,7.24729e-05,0.00180477,0.998039,8.39878e-05
8217,0,12,1385.92,13,1411.46,3,2,13,5.01886,0.000121251,6.49681e-06,0.028634,0.971238,2.76277e-05,0.000688445,0.999252,3.20183e-05
8218,0,12,1385.92,13,1411.46,3,2,0,5.01635,4.8941e-05,2.62079e-06,0.0115703,0.988378,1.07248e-05,0.00026742,0.999709,1.24296e-05
8219,0,12,1385.92,13,1411.46,3,2,0,5.01384,7.54319e-05,4.03701e-06,0.0178526,0.982068,1.6279e-05,0.000406174,0.999559,1.88672e-05
8220,0,12,1385.92,13,1411.46,3,2,0,5.01133,0.00011489,6.14516e-06,0.0272209,0.972658,2.45054e-05,0.000611823,0.999335,2.84024e-05
8221,0,12,1385.92,13,1411.46,3,2,0,5.00883,0.000172704,9.23207e-06,0.0409636,0.958854,3.65887e-05,0.000914092,0.999007,4.24084e-05
8222,0,12,1385.92,13,1411.46,3,2,9,5.00632,0.000255762,1.3664e-05,0.0607305,0.939,5.41917e-05,0.00135474,0.998528,6.28132e-05
8223,0,12,1385.92,13,1411.46,2,2,0,5.00382,0.000154872,8.26912e-06,0.0368144,0.963022,3.13841e-05,0.000785077,0.999147,3.63782e-05
8224,0,12,1385.92,13,1411.46,3,2,0,5.00132,0.000155102,8.27659e-06,0.0336925,0.966144,4.66313e-05,0.00116724,0.998732,5.40531e-05
8225,0,12,1385.92,13,1411.46,3,2,0,4.99882,0.000231072,1.23233e-05,0.0502494,0.949507,6.87339e-05,0.0017216,0.99813,7.96759e-05
8226,0,12,1385.92,13,1411.46,3,2,0,4.99632,0.000338787,1.80572e-05,0.0737525,0.925891,0.000100513,0.00251921,0.997264,0.000116518
8227,0,12,1385.92,13,1411.46,2,2,0,4.99382,0.000487493,2.59679e-05,0.10624,0.893247,0.000145833,0.00365743,0.996028,0.000169059
8228,0,12,1385.92,13,1412.44,3,2,9,4.99132,0.000495472,2.63775e-05,0.0902456,0.909233,0.000209926,0.00526827,0.994278,0.000243367
8229,0,12,1385.92,13,1410.56,3,2,13,4.98882,0.000299666,1.5944e-05,0.0546383,0.945046,0.000118465,0.0029749,0.996769,0.000137341
8230,0,12,1385.92,13,1409.58,3,2,13,4.98633,0.00012042,6.40328e-06,0.0219791,0.977894,4.46238e-05,0.00112131,0.998782,5.17353e-05
8231,0,12,1385.92,13,1409.58,3,2,9,4.98384,4.82832e-05,2.56593e-06,0.00882186,0.991127,1.71122e-05,0.000430275,0.999533,1.98399e-05
8232,0,12,1385.92,13,1409.58,3,2,0,4.98135,2.95615e-05,1.57008e-06,0.00540684,0.994562,1.01214e-05,0.00025466,0.999723,1.17351e-05
8233,0,12,1385.92,13,1406.2,3,2,13,4.97885,4.62096e-05,2.45286e-06,0.00846061,0.991491,1.53891e-05,0.000387448,0.999579,1.78431e-05
8234,0,12,1385.92,13,1406.2,3,2,0,4.97637,1.87185e-05,9.93016e-07,0.00343078,0.99655,6.02002e-06,0.000151663,0.999835,6.98023e-06
8235,0,12,1385.92,13,1406.2,3,2,0,4.97388,2.95621e-05,1.56735e-06,0.00542387,0.994545,9.24906e-06,0.000233163,0.999747,1.07246e-05
8236,0,12,1385.92,13,1406.2,3,2,0,4.97139,4.62167e-05,2.44891e-06,0.00848841,0.991463,1.40897e-05,0.000355421,0.999614,1.6338e-05
8237,0,12,1385.92,13,1407.07,3,2,9,4.9689,7.14999e-05,3.78638e-06,0.0131458,0.986779,2.12848e-05,0.000537271,0.999417,2.4682e-05
8238,0,12,1385.92,13,1407.07,3,2,0,4.96642,4.34741e-05,2.30088e-06,0.00800135,0.991953,1.25245e-05,0.000316347,0.999657,1.45239e-05
8239,0,12,1385.92,13,1407.07,3,2,0,4.96394,6.73628e-05,3.56311e-06,0.012411,0.987518,1.89665e-05,0.000479369,0.99948,2.19949e-05
8240,0,12,1385.92,13,1407.07,3,2,0,4.96145,0.000103236,5.45737e-06,0.0190401,0.980851,2.84853e-05,0.000720419,0.999218,3.30347e-05
8241,0,12,1385.92,13,1407.07,3,2,0,4.95897,0.000156342,8.25988e-06,0.0288648,0.970971,4.24345e-05,0.0010739,0.998834,4.92131e-05
8242,0,12,1385.92,13,1407.07,3,2,0,4.95649,0.000233665,1.23377e-05,0.0431856,0.956568,6.27084e-05,0.001588,0.998277,7.27278e-05
8243,0,12,1385.92,13,1416.73,3,2,9,4.95402,0.000344026,1.81543e-05,0.0636489,0.935989,9.19345e-05,0.00232962,0.997472,0.000106627
8244,0,12,1385.92,13,1409.76,3,2,13,4.95154,0.000206818,1.09073e-05,0.0383037,0.961479,5.25469e-05,0.0013324,0.998554,6.09464e-05
8245,0,12,1385.92,13,1409.76,3,2,0,4.94906,8.26082e-05,4.3541e-06,0.0153154,0.984598,2.00231e-05,0.000508043,0.999449,2.32244e-05
8246,0,12,1385.92,13,1409.76,3,2,0,4.94659,0.000125931,6.63366e-06,0.0233719,0.976496,3.00465e-05,0.000762856,0.999172,3.48514e-05
8247,0,12,1385.92,13,1409.76,3,2,9,4.94412,0.000189593,9.98129e-06,0.0352238,0.964577,4.47221e-05,0.00113619,0.998767,5.18754e-05
8248,0,12,1385.92,13,1409.76,3,2,0,4.94164,0.00011392,5.99391e-06,0.021187,0.978693,2.58998e-05,0.000658426,0.999286,3.00433e-05
8249,0,12,1385.92,13,1408.04,3,2,13,4.93917,0.00017206,9.0476e-06,0.0320334,0.967786,3.86687e-05,0.000983675,0.998933,4.48564e-05
8250,0,12,1385.92,13,1408.04,3,2,9,4.9367,6.8636e-05,3.60702e-06,0.0127917,0.987136,1.4804e-05,0.000376835,0.999591,1.71734e-05
8251,0,12,1385.92,13,1408.04,3,2,0,4.93423,4.16862e-05,2.18944e-06,0.00777718,0.992179,8.75629e-06,0.000223036,0.999758,1.01581e-05
8252,0,12,1385.92,13,1408.04,3,2,9,4.93177,6.46944e-05,3.39588e-06,0.0120824,0.98785,1.33617e-05,0.000340564,0.999631,1.55012e-05
8253,0,12,1385.92,13,1407.64,3,2,13,4.9293,3.93165e-05,2.06255e-06,0.00735045,0.992608,7.91681e-06,0.000201914,0.999781,9.18474e-06
8254,0,12,1385.92,13,1409.28,3,2,9,4.92684,1.58964e-05,8.33433e-07,0.00297503,0.997008,3.12309e-06,7.97045e-05,0.999914,3.62338e-06
8255,0,12,1385.92,13,1409.28,3,2,0,4.92437,9.89556e-06,5.1851e-07,0.00185391,0.998136,1.90369e-06,4.86156e-05,0.999947,2.20871e-06
8256,0,12,1385.92,13,1409.28,3,2,9,4.92191,1.58573e-05,8.30405e-07,0.00297394,0.997009,2.99484e-06,7.65306e-05,0.999917,3.47479e-06
8257,0,12,1385.92,13,1409.28,3,2,0,4.91945,9.86899e-06,5.16508e-07,0.00185281,0.998137,1.82648e-06,4.67045e-05,0.999949,2.11926e-06
8258,0,12,1385.92,13,1411.05,3,2,9,4.91699,1.58171e-05,8.27324e-07,0.00297262,0.997011,2.87596e-06,7.35882e-05,0.99992,3.33707e-06
8259,0,12,1385.92,13,1411.05,3,2,0,4.91453,9.84174e-06,5.14474e-07,0.00185156,0.998138,1.75486e-06,4.49314e-05,0.999951,2.03628e-06
8260,0,12,1385.92,13,1411.05,3,2,0,4.91208,1.57759e-05,8.24192e-07,0.00297108,0.997012,2.7656e-06,7.08561e-05,0.999923,3.2092e-06
8261,0,12,1385.92,13,1411.05,3,2,9,4.90962,2.50375e-05,1.30728e-06,0.00472028,0.995253,4.3195e-06,0.00011074,0.99988,5.01248e-06
8262,0,12,1385.92,13,1411.05,3,2,0,4.90716,1.54415e-05,8.05772e-07,0.00291422,0.99707,2.61341e-06,6.70438e-05,0.999927,3.03277e-06
8263,0,12,1385.92,13,1411.05,3,2,0,4.90471,2.45205e-05,1.27878e-06,0.0046325,0.995342,4.08669e-06,0.000104907,0.999886,4.74261e-06
8264,0,12,1385.92,13,1411.05,3,2,0,4.90226,3.85462e-05,2.00905e-06,0.00728995,0.992669,6.3343e-06,0.00016271,0.999824,7.35118e-06
8265,0,12,1385.92,13,1411.05,3,2,0,4.89981,5.99679e-05,3.12372e-06,0.0113532,0.988584,9.73325e-06,0.000250182,0.999729,1.12961e-05
8266,0,12,1385.92,13,1411.05,3,2,9,4.89736,9.22812e-05,4.80407e-06,0.0174891,0.982414,1.48292e-05,0.000381415,0.999587,1.72109e-05
8267,0,12,1385.92,13,1409.88,3,2,13,4.89491,5.56998e-05,2.89796e-06,0.0105673,0.989374,8.75002e-06,0.000225201,0.999756,1.01556e-05
8268,0,12,1385.92,13,1409.88,3,2,0,4.89246,2.23389e-05,1.16157e-06,0.00424254,0.995734,3.43378e-06,8.84335e-05,0.999904,3.98551e-06
8269,0,12,1385.92,13,1409.88,3,2,0,4.89002,3.5198e-05,1.82912e-06,0.00669174,0.993271,5.34176e-06,0.000137661,0.999851,6.20023e-06
8270,0,12,1385.92,13,1409.88,3,2,9,4.88757,5.48891e-05,2.85072e-06,0.0104463,0.989496,8.23759e-06,0.000212426,0.99977,9.56173e-06
8271,0,12,1385.92,13,1409.88,3,2,0,4.88513,3.33618e-05,1.73165e-06,0.00635598,0.993609,4.91423e-06,0.000126808,0.999863,5.70433e-06
8272,0,12,1385.92,13,1409.88,3,2,0,4.88268,5.20957e-05,2.70244e-06,0.00993551,0.99001,7.59145e-06,0.000196019,0.999788,8.81225e-06
8273,0,12,1385.92,13,1409.88,3,2,0,4.88024,8.04795e-05,4.17237e-06,0.0153649,0.98455,1.16266e-05,0.000300406,0.999674,1.34967e-05
8274,0,12,1385.92,13,1409.88,3,2,9,4.8778,0.000122909,6.36832e-06,0.0234901,0.976381,1.76566e-05,0.000456504,0.999505,2.04972e-05
8275,0,12,1385.92,13,1409.88,3,2,0,4.87536,7.38622e-05,3.82477e-06,0.0141312,0.985791,1.03703e-05,0.000268294,0.999709,1.2039e-05
8276,0,12,1385.92,13,1410.53,3,2,9,4.87293,0.00011308,5.85209e-06,0.0216571,0.978224,1.57859e-05,0.000408669,0.999557,1.83266e-05
8277,0,12,1385.92,13,1410.53,3,2,0,4.87049,6.79988e-05,3.51698e-06,0.0130368,0.986892,9.28916e-06,0.000240637,0.999739,1.07846e-05
8278,0,12,1385.92,13,1410.26,3,2,13,4.86805,0.000104345,5.39364e-06,0.0200262,0.979864,1.41723e-05,0.000367376,0.999602,1.64544e-05
8279,0,12,1385.92,13,1410.26,3,2,0,4.86562,4.14658e-05,2.14212e-06,0.00796661,0.99199,5.49519e-06,0.000142539,0.999846,6.38022e-06
8280,0,12,1385.92,13,1410.26,3,2,9,4.86319,6.44393e-05,3.32696e-06,0.0123934,0.987539,8.47268e-06,0.000219915,0.999762,9.83755e-06
8281,0,12,1385.92,13,1411.38,3,2,9,4.86076,3.9018e-05,2.01328e-06,0.00751211,0.992447,5.04411e-06,0.000131009,0.999858,5.85685e-06
8282,0,12,1385.92,13,1416.05,3,2,9,4.85833,2.38126e-05,1.22797e-06,0.00458945,0.995386,3.03339e-06,7.88366e-05,0.999915,3.52225e-06
8283,0,12,1385.92,13,1416.05,3,2,9,4.8559,1.46571e-05,7.55391e-07,0.00282787,0.997157,1.84234e-06,4.7913e-05,0.999948,2.13932e-06
8284,0,12,1385.92,13,1416.05,3,2,0,4.85347,9.10153e-06,4.68792e-07,0.00175785,0.998233,1.12987e-06,2.94033e-05,0.999968,1.31204e-06
8285,0,12,1385.92,13,1416.05,3,2,0,4.85104,1.46306e-05,7.53133e-07,0.00282871,0.997156,1.79798e-06,4.68204e-05,0.999949,2.08793e-06
8286,0,12,1385.92,13,1416.05,3,2,0,4.84862,2.32849e-05,1.19791e-06,0.00450669,0.995469,2.83503e-06,7.38738e-05,0.99992,3.29232e-06
8287,0,12,1385.92,13,1412.81,3,2,13,4.84619,3.6685e-05,1.88618e-06,0.00710771,0.992854,4.4302e-06,0.000115515,0.999875,5.14494e-06
8288,0,12,1385.92,13,1412.81,3,2,0,4.84377,1.47388e-05,7.57351e-07,0.00285864,0.997126,1.7538e-06,4.57593e-05,0.99995,2.03681e-06
8289,0,12,1385.92,13,1416.75,3,2,9,4.84135,2.34567e-05,1.2046e-06,0.0045543,0.995421,2.76705e-06,7.22437e-05,0.999922,3.21366e-06
8290,0,12,1385.92,13,1416.75,3,2,0,4.83893,1.44281e-05,7.40504e-07,0.00280428,0.997181,1.68187e-06,4.39398e-05,0.999952,1.95339e-06
8291,0,12,1385.92,13,1416.75,3,2,0,4.83651,2.29748e-05,1.17846e-06,0.00447016,0.995506,2.65597e-06,6.94341e-05,0.999925,3.08484e-06
8292,0,12,1385.92,13,1416.31,3,2,13,4.83409,3.62157e-05,1.85652e-06,0.00705384,0.992908,4.15657e-06,0.000108735,0.999882,4.82789e-06
8293,0,12,1385.92,13,1416.31,3,2,9,4.83167,1.45372e-05,7.44778e-07,0.00283445,0.99715,1.64562e-06,4.30771e-05,0.999953,1.91146e-06
8294,0,12,1385.92,13,1416.31,3,2,0,4.82926,9.01599e-06,4.61637e-07,0.00175978,0.998231,1.00997e-06,2.6455e-05,0.999971,1.17316e-06
8295,0,12,1385.92,13,1416.31,2,2,0,4.82684,1.45029e-05,7.42138e-07,0.00283374,0.997151,1.61138e-06,4.22359e-05,0.999954,1.8718e-06
8296,0,12,1385.92,13,1416.31,3,2,0,4.82443,1.44656e-05,7.39789e-07,0.00318117,0.996804,2.54731e-06,6.68112e-05,0.999928,2.95907e-06
8297,0,12,1385.92,13,1414.73,3,2,13,4.82201,2.30349e-05,1.17733e-06,0.00507111,0.994905,3.99059e-06,0.000104734,0.999887,4.6358e-06
8298,0,12,1385.92,13,1414.73,3,2,0,4.8196,9.30816e-06,4.75464e-07,0.0020514,0.997939,1.57933e-06,4.1477e-05,0.999955,1.83473e-06
8299,0,12,1385.92,13,1410.93,3,2,13,4.81719,1.49637e-05,7.63895e-07,0.00330136,0.996683,2.49793e-06,6.56446e-05,0.999929,2.90197e-06
8300,0,12,1385.92,13,1410.93,3,2,0,4.81479,6.08949e-06,3.10683e-07,0.00134495,0.998649,9.97308e-07,2.6226e-05,0.999972,1.15866e-06
8301,0,12,1385.92,13,1410.93,3,2,0,4.81238,9.8772e-06,5.03631e-07,0.00218387,0.997806,1.59195e-06,4.18905e-05,0.999955,1.84956e-06
8302,0,12,1385.92,13,1410.93,3,2,0,4.80997,1.58609e-05,8.08253e-07,0.00351066,0.996473,2.51778e-06,6.62963e-05,0.999928,2.9253e-06
8303,0,12,1385.92,13,1407.34,3,2,13,4.80757,2.52132e-05,1.28407e-06,0.00558674,0.994387,3.94617e-06,0.000103976,0.999887,4.58501e-06
8304,0,12,1385.92,13,1407.34,3,2,0,4.80516,1.01596e-05,5.17107e-07,0.00225361,0.997736,1.55989e-06,4.11277e-05,0.999955,1.81248e-06
8305,0,12,1385.92,13,1407.34,3,2,0,4.80276,1.6307e-05,8.29504e-07,0.00362113,0.996362,2.46837e-06,6.51229e-05,0.99993,2.86815e-06
8306,0,12,1385.92,13,1407.34,3,2,0,4.80036,2.59103e-05,1.31722e-06,0.00575985,0.994213,3.87069e-06,0.000102187,0.999889,4.49773e-06
8307,0,12,1385.92,13,1409.4,3,2,9,4.79796,4.07449e-05,2.07014e-06,0.00906738,0.99089,6.01597e-06,0.000158927,0.999828,6.99073e-06
8308,0,12,1385.92,13,1407.76,3,2,13,4.79556,2.477e-05,1.25775e-06,0.00551828,0.994456,3.5912e-06,9.49329e-05,0.999897,4.17321e-06
8309,0,12,1385.92,13,1404.42,3,2,13,4.79316,9.97296e-06,5.06096e-07,0.00222419,0.997765,1.42055e-06,3.75766e-05,0.999959,1.65082e-06
8310,0,12,1385.92,13,1404.42,3,2,0,4.79077,4.07952e-06,2.06899e-07,0.000910807,0.999085,5.72179e-07,1.51453e-05,0.999984,6.64949e-07
8311,0,12,1385.92,13,1404.42,3,2,0,4.78837,6.6748e-06,3.38321e-07,0.00149185,0.998501,9.23807e-07,2.44688e-05,0.999974,1.07362e-06
8312,0,12,1385.92,13,1404.42,3,2,0,4.78598,1.08118e-05,5.47684e-07,0.00241911,0.99757,1.47749e-06,3.91598e-05,0.999958,1.71715e-06
8313,0,12,1385.92,13,1402.34,3,2,13,4.78358,1.73375e-05,8.77729e-07,0.00388343,0.996098,2.34122e-06,6.20931e-05,0.999933,2.72106e-06
8314,0,12,1385.92,13,1402.34,3,2,0,4.78119,7.01534e-06,3.54946e-07,0.00157306,0.99842,9.32866e-07,2.47573e-05,0.999973,1.08425e-06
8315,0,12,1385.92,13,1402.34,3,2,0,4.7788,1.13533e-05,5.74087e-07,0.00254854,0.99744,1.49187e-06,3.96186e-05,0.999957,1.73401e-06
8316,0,12,1385.92,13,1402.34,3,2,0,4.77641,1.81896e-05,9.19217e-07,0.00408753,0.995893,2.36382e-06,6.28159e-05,0.999932,2.74758e-06
8317,0,12,1385.92,13,1402.34,3,2,0,4.77402,2.88468e-05,1.45691e-06,0.00648941,0.99348,3.71152e-06,9.86942e-05,0.999893,4.3142e-06
8318,0,12,1385.92,13,1402.34,3,2,0,4.77164,4.52719e-05,2.2851e-06,0.0101955,0.989757,5.77586e-06,0.000153688,0.999834,6.71394e-06
8319,0,12,1385.92,13,1402.34,3,2,0,4.76925,7.02759e-05,3.54506e-06,0.0158437,0.984082,8.91006e-06,0.000237241,0.999743,1.03575e-05
8320,0,12,1385.92,13,1402.34,3,2,0,4.76687,0.000107818,5.43561e-06,0.0243339,0.975553,1.36274e-05,0.000363084,0.999607,1.58416e-05
8321,0,12,1385.92,13,1402.34,3,2,0,4.76448,0.000163293,8.22744e-06,0.0368942,0.962934,2.0667e-05,0.000551006,0.999404,2.40257e-05
8322,0,12,1385.92,13,1402.34,3,2,0,4.7621,0.000243723,1.22725e-05,0.0551262,0.944618,3.10836e-05,0.000829271,0.999104,3.61364e-05
8323,0,12,1385.92,13,1402.34,3,2,0,4.75972,0.000357657,1.79989e-05,0.0809842,0.91864,4.63691e-05,0.00123788,0.998662,5.39082e-05
8324,0,12,1385.92,13,1412.6,3,2,9,4.75734,0.00051448,2.58754e-05,0.11662,0.88284,6.86139e-05,0.00183294,0.998019,7.97722e-05
8325,0,12,1385.92,13,1413.49,3,2,9,4.75496,0.000310495,1.56068e-05,0.0704579,0.929216,3.89603e-05,0.00104146,0.998874,4.52975e-05
8326,0,12,1385.92,13,1413.49,3,2,0,4.75258,0.000185493,9.31807e-06,0.0421379,0.957667,2.23603e-05,0.000598115,0.999354,2.59982e-05
8327,0,12,1385.92,13,1413.49,3,2,0,4.75021,0.000275494,1.3831e-05,0.0626514,0.937059,3.35837e-05,0.00089892,0.999028,3.90488e-05
8328,0,12,1385.92,13,1421.66,3,2,9,4.74783,0.000401916,2.01658e-05,0.0915006,0.908077,5.003e-05,0.00134001,0.998552,5.81731e-05
8329,0,12,1385.92,13,1421.66,3,2,0,4.74546,0.000240957,1.20825e-05,0.0549161,0.944831,2.85625e-05,0.000765526,0.999173,3.32125e-05
8330,0,12,1385.92,13,1421.66,3,2,0,4.74308,0.000353823,1.77315e-05,0.080727,0.918901,4.26928e-05,0.00114499,0.998763,4.96447e-05
8331,0,12,1385.92,13,1421.66,3,2,0,4.74071,0.000509283,2.55069e-05,0.116322,0.883143,6.32976e-05,0.00169872,0.998164,7.36068e-05
8332,0,12,1385.92,13,1421.66,3,2,0,4.73834,0.000715913,3.58344e-05,0.163695,0.835553,9.30953e-05,0.00250005,0.997299,0.000108261
8333,0,12,1385.92,13,1421.66,3,2,0,4.73597,0.000978845,4.89658e-05,0.224059,0.774913,0.00013583,0.00365007,0.996056,0.000157962
8334,0,12,1385.92,13,1421.66,3,2,0,4.73361,0.0012965,6.48176e-05,0.297094,0.701545,0.000196603,0.00528667,0.994288,0.000228644
8335,0,12,1385.92,13,1422.47,3,2,9,4.73124,0.00165816,8.28487e-05,0.380381,0.617878,0.000282284,0.00759564,0.991794,0.000328299
8336,0,12,1385.92,13,1422.47,3,2,0,4.72887,0.00110919,5.53866e-05,0.254724,0.744111,0.000156022,0.00420096,0.995462,0.00018146
8337,0,12,1385.92,13,1422.47,3,2,9,4.72651,0.00144734,7.22285e-05,0.332741,0.665739,0.000225177,0.00606701,0.993446,0.000261899
8338,0,12,1385.92,13,1422.47,3,2,9,4.72415,0.000946881,4.72251e-05,0.217924,0.781082,0.000124888,0.0033671,0.996363,0.000145259
8339,0,12,1385.92,13,1422.47,3,2,0,4.72178,0.000590323,2.94244e-05,0.13601,0.86337,6.99788e-05,0.00188794,0.997961,8.13959e-05
8340,0,12,1385.92,13,1421.66,3,2,13,4.71942,0.000820357,4.08658e-05,0.189216,0.809923,0.00010274,0.00277362,0.997004,0.000119505
8341,0,12,1385.92,13,1421.66,3,2,0,4.71706,0.000344979,1.71747e-05,0.0796563,0.919982,3.78097e-05,0.00102141,0.998897,4.39811e-05
8342,0,12,1385.92,13,1421.66,2,2,9,4.7147,0.000497281,2.47422e-05,0.114948,0.88453,5.62205e-05,0.00151977,0.998359,6.53989e-05
8343,0,12,1385.92,13,1421.66,3,2,0,4.71235,0.000439067,2.18326e-05,0.217387,0.782152,3.19574e-05,0.00086445,0.999066,3.71758e-05
8344,0,12,1385.92,13,1426.98,2,2,9,4.70999,0.000590188,2.93295e-05,0.292572,0.706809,4.76847e-05,0.00129072,0.998606,5.54728e-05
8345,0,12,1385.92,13,1426.98,3,2,0,4.70764,0.000464273,2.30583e-05,0.442711,0.556802,2.71828e-05,0.000736268,0.999205,3.16235e-05
8346,0,12,1385.92,13,1426.98,2,2,9,4.70528,0.000565469,2.80673e-05,0.539948,0.459459,4.06965e-05,0.00110302,0.998809,4.73461e-05
8347,0,12,1385.92,13,1422.75,2,2,13,4.70293,0.000399258,1.98055e-05,0.674738,0.324843,2.3263e-05,0.00063093,0.999319,2.7065e-05
8348,0,12,1385.92,13,1422.75,2,2,0,4.70058,0.000187286,9.28487e-06,0.84722,0.152584,8.78956e-06,0.000238544,0.999742,1.02264e-05
8349,0,12,1385.92,13,1422.75,2,2,0,4.69823,0.000263042,1.30327e-05,0.785134,0.21459,1.34619e-05,0.000365591,0.999605,1.5663e-05
8350,0,12,1385.92,13,1422.75,3,2,0,4.69588,0.000356686,1.76618e-05,0.70825,0.291376,2.04441e-05,0.000555575,0.9994,2.37875e-05
8351,0,12,1385.92,13,1422.75,2,2,9,4.69353,0.000386352,1.91193e-05,0.768324,0.231271,3.07898e-05,0.000837275,0.999096,3.58262e-05
8352,0,12,1385.92,13,1420.71,2,2,13,4.69118,0.000245595,1.21464e-05,0.852541,0.147202,1.76821e-05,0.000481152,0.999481,2.0575e-05
8353,0,12,1385.92,13,1420.71,2,2,9,4.68884,0.000102334,5.05805e-06,0.938479,0.0614139,6.70866e-06,0.000182672,0.999803,7.80649e-06
8354,0,12,1385.92,13,1423.32,2,2,9,4.68649,6.19687e-05,3.06109e-06,0.962698,0.0372372,3.96835e-06,0.000108127,0.999883,4.61789e-06
8355,0,12,1385.92,13,1421.95,2,2,13,4.68415,3.75239e-05,1.85247e-06,0.977384,0.0225771,2.37148e-06,6.46592e-05,0.99993,2.75973e-06
8356,0,12,1385.92,13,1421.95,2,2,0,4.68181,1.49771e-05,7.38939e-07,0.990961,0.00902285,9.35351e-07,2.55195e-05,0.999972,1.08851e-06
8357,0,12,1385.92,13,1421.95,2,2,9,4.67947,2.38174e-05,1.1744e-06,0.985608,0.014367,1.49822e-06,4.09034e-05,0.999956,1.7436e-06
8358,0,12,1385.92,13,1421.95,2,2,0,4.67713,1.45596e-05,7.17478e-07,0.991191,0.00879385,9.1233e-07,2.49243e-05,0.999973,1.06179e-06
8359,0,12,1385.92,13,1421.03,2,2,13,4.67479,2.31719e-05,1.14119e-06,0.985962,0.0140135,1.46218e-06,3.99724e-05,0.999957,1.70177e-06
8360,0,12,1385.92,13,1421.03,2,2,0,4.67245,9.2812e-06,4.56814e-07,0.99437,0.00562012,5.81695e-07,1.59126e-05,0.999983,6.77029e-07
8361,0,12,1385.92,13,1421.03,2,2,9,4.67012,1.49331e-05,7.34555e-07,0.99093,0.00905417,9.407e-07,2.57505e-05,0.999972,1.09491e-06
8362,0,12,1385.92,13,1421.03,2,2,9,4.66778,9.1895e-06,4.51756e-07,0.994411,0.00557887,5.77782e-07,1.58265e-05,0.999983,6.72516e-07
8363,0,12,1385.92,13,1421.03,2,2,9,4.66545,5.70135e-06,2.80109e-07,0.996528,0.00346568,3.58262e-07,9.81996e-06,0.999989,4.17016e-07
8364,0,12,1385.92,13,1421.03,2,2,0,4.66311,3.56752e-06,1.75168e-07,0.997825,0.00217137,2.24224e-07,6.15004e-06,0.999993,2.61003e-07
8365,0,12,1385.92,13,1421.03,2,2,0,4.66078,5.86336e-06,2.87722e-07,0.996421,0.00357332,3.69579e-07,1.01436e-05,0.999989,4.30215e-07
8366,0,12,1385.92,13,1417.53,2,2,13,4.65845,9.5344e-06,4.67582e-07,0.994172,0.00581803,6.03187e-07,1.65662e-05,0.999982,7.02172e-07
8367,0,12,1385.92,13,1417.53,2,2,9,4.65612,3.86169e-06,1.89269e-07,0.997636,0.00235948,2.43799e-07,6.70027e-06,0.999993,2.83816e-07
8368,0,12,1385.92,13,1417.53,2,2,9,4.65379,2.43274e-06,1.19162e-07,0.998509,0.00148831,1.53659e-07,4.22576e-06,0.999995,1.78886e-07
8369,0,12,1385.92,13,1417.53,2,2,0,4.65147,1.54593e-06,7.56778e-08,0.999051,0.000946987,9.77207e-08,2.68919e-06,0.999997,1.13767e-07
8370,0,12,1385.92,13,1418.45,2,2,9,4.64914,2.58592e-06,1.26512e-07,0.998411,0.00158609,1.63773e-07,4.50989e-06,0.999995,1.90672e-07
8371,0,12,1385.92,13,1418.45,2,2,9,4.64682,1.64088e-06,8.02288e-08,0.998991,0.00100773,1.0399e-07,2.86551e-06,0.999997,1.21073e-07
8372,0,12,1385.92,13,1418.45,2,2,9,4.64449,1.05026e-06,5.13204e-08,0.999353,0.00064584,6.66159e-08,1.83687e-06,0.999998,7.75619e-08
8373,0,12,1385.92,13,1418.45,2,2,0,4.64217,6.78017e-07,3.31109e-08,0.999582,0.00041747,4.30457e-08,1.18773e-06,0.999999,5.01203e-08
8374,0,12,1385.92,13,1418.45,2,2,0,4.63985,1.15344e-06,5.62943e-08,0.999288,0.000711114,7.33341e-08,2.0248e-06,0.999998,8.53892e-08
8375,0,12,1385.92,13,1418.45,2,2,0,4.63753,1.94141e-06,9.4694e-08,0.9988,0.00119845,1.23628e-07,3.41571e-06,0.999996,1.43955e-07
8376,0,12,1385.92,13,1418.45,2,2,0,4.63521,3.23326e-06,1.5761e-07,0.997998,0.00199848,2.06278e-07,5.70302e-06,0.999994,2.40202e-07
8377,0,12,1385.92,13,1418.45,2,2,0,4.63289,5.32813e-06,2.5957e-07,0.996697,0.00329756,3.40723e-07,9.42633e-06,0.99999,3.9677e-07
8378,0,12,1385.92,13,1418.45,2,2,0,4.63058,8.68716e-06,4.22957e-07,0.994608,0.00538337,5.57251e-07,1.5427e-05,0.999983,6.48934e-07
8379,0,12,1385.92,13,1418.45,2,2,0,4.62826,1.40101e-05,6.81706e-07,0.991292,0.00869313,9.02576e-07,2.50036e-05,0.999973,1.05111e-06
8380,0,12,1385.92,13,1418.45,2,2,0,4.62595,2.23386e-05,1.0863e-06,0.986098,0.0138787,1.44805e-06,4.01412e-05,0.999957,1.6864e-06
8381,0,12,1385.92,13,1418.45,2,2,9,4.62364,3.51859e-05,1.71001e-06,0.978074,0.0218887,2.30161e-06,6.38449e-05,0.999931,2.68053e-06
8382,0,12,1385.92,13,1417.53,2,2,13,4.62132,2.13342e-05,1.0362e-06,0.986689,0.0132889,1.38461e-06,3.84337e-05,0.999959,1.61262e-06
8383,0,12,1385.92,13,1417.53,2,2,0,4.61901,8.51101e-06,4.13129e-07,0.994683,0.00530824,5.48418e-07,1.5233e-05,0.999984,6.38746e-07
8384,0,12,1385.92,13,1417.53,2,2,0,4.6167,1.37356e-05,6.66331e-07,0.991408,0.00857783,8.88727e-07,2.47019e-05,0.999973,1.03514e-06
8385,0,12,1385.92,13,1417.53,2,2,0,4.6144,2.19164e-05,1.06255e-06,0.986273,0.0137043,1.42655e-06,3.96769e-05,0.999957,1.66161e-06
8386,0,12,1385.92,13,1417.53,2,2,9,4.61209,3.45458e-05,1.67383e-06,0.978334,0.0216293,2.26855e-06,6.31376e-05,0.999932,2.64244e-06
8387,0,12,1385.92,13,1417.53,2,2,0,4.60978,2.09368e-05,1.01383e-06,0.986852,0.0131255,1.36407e-06,3.79897e-05,0.999959,1.58894e-06
8388,0,12,1385.92,13,1417.53,2,2,0,4.60748,3.30458e-05,1.59921e-06,0.979222,0.0207435,2.1713e-06,6.05113e-05,0.999935,2.52931e-06
8389,0,12,1385.92,13,1417.53,2,2,9,4.60517,5.14679e-05,2.48922e-06,0.967597,0.0323491,3.42463e-06,9.55037e-05,0.999897,3.98942e-06
8390,0,12,1385.92,13,1417.53,2,2,0,4.60287,3.10666e-05,1.50161e-06,0.980416,0.0195515,2.04158e-06,5.69721e-05,0.999939,2.37835e-06
8391,0,12,1385.92,13,1417.53,2,2,0,4.60057,4.84817e-05,2.34195e-06,0.969398,0.0305508,3.22424e-06,9.0035e-05,0.999903,3.7562e-06
8392,0,12,1385.92,13,1417.53,2,2,9,4.59827,7.45428e-05,3.59868e-06,0.952888,0.047034,5.0462e-06,0.000141006,0.999848,5.87896e-06
8393,0,12,1385.92,13,1417.53,2,2,0,4.59597,4.49137e-05,2.16697e-06,0.971577,0.0283756,2.98395e-06,8.34364e-05,0.99991,3.47649e-06
8394,0,12,1385.92,13,1417.53,2,2,9,4.59367,6.92506e-05,3.33913e-06,0.95612,0.0438076,4.6777e-06,0.000130883,0.999859,5.44997e-06
8395,0,12,1385.92,13,1417.53,2,2,0,4.59138,4.17193e-05,2.01041e-06,0.973531,0.0264255,2.76934e-06,7.75388e-05,0.999916,3.22665e-06
8396,0,12,1385.92,13,1417.53,2,2,9,4.58908,6.44946e-05,3.10604e-06,0.959028,0.0409044,4.34805e-06,0.000121822,0.999869,5.06621e-06
8397,0,12,1385.92,13,1417.53,2,2,0,4.58679,3.88521e-05,1.86997e-06,0.975286,0.024673,2.57711e-06,7.22527e-05,0.999922,3.00286e-06
8398,0,12,1385.92,13,1417.53,2,2,0,4.58449,6.02111e-05,2.89623e-06,0.961651,0.0382864,4.05233e-06,0.000113688,0.999878,4.72194e-06
8399,0,12,1385.92,13,1417.53,2,2,0,4.5822,9.18249e-05,4.41422e-06,0.94144,0.0584641,6.31526e-06,0.000177293,0.999809,7.35902e-06
8400,0,12,1385.92,13,1417.53,2,2,9,4.57991,0.000137406,6.60136e-06,0.912258,0.087598,9.75579e-06,0.000274064,0.999705,1.13685e-05
8401,0,12,1385.92,13,1417.53,2,2,0,4.57762,8.30967e-05,3.98978e-06,0.946869,0.0530438,5.68738e-06,0.000159879,0.999828,6.62776e-06
8402,0,12,1385.92,13,1417.53,3,2,0,4.57533,0.000124955,5.99591e-06,0.920002,0.0798667,8.80486e-06,0.000247681,0.999733,1.0261e-05
8403,0,12,1385.92,13,1417.53,2,2,9,4.57304,0.000126446,6.06379e-06,0.932642,0.0672253,1.35135e-05,0.00038039,0.99959,1.57489e-05
8404,0,12,1385.92,13,1417.53,2,2,9,4.57076,7.59215e-05,3.63864e-06,0.959506,0.0404144,7.82414e-06,0.000220387,0.999763,9.11867e-06
8405,0,12,1385.92,13,1417.53,2,2,0,4.56847,4.55325e-05,2.18088e-06,0.975684,0.0242683,4.57833e-06,0.000129046,0.999861,5.33599e-06
8406,0,12,1385.92,13,1417.53,2,2,0,4.56619,7.03947e-05,3.36966e-06,0.96236,0.0375666,7.11966e-06,0.000200812,0.999784,8.29814e-06
8407,0,12,1385.92,13,1417.53,2,2,9,4.5639,0.000107127,5.12484e-06,0.942647,0.0572409,1.09752e-05,0.000309766,0.999666,1.27923e-05
8408,0,12,1385.92,13,1417.53,2,2,0,4.56162,6.42285e-05,3.07076e-06,0.96557,0.0343623,6.37661e-06,0.000180094,0.999806,7.43255e-06
8409,0,12,1385.92,13,1413.42,2,2,13,4.55934,9.80982e-05,4.68722e-06,0.947349,0.0525486,9.85217e-06,0.00027844,0.9997,1.1484e-05
8410,0,12,1385.92,13,1413.42,2,2,0,4.55706,3.86617e-05,1.84616e-06,0.979223,0.0207361,3.72992e-06,0.000105485,0.999886,4.34785e-06
8411,0,12,1385.92,13,1413.42,2,2,9,4.55478,6.00981e-05,2.86805e-06,0.967663,0.032274,5.82516e-06,0.00016485,0.999823,6.7904e-06
8412,0,12,1385.92,13,1412.93,2,2,13,4.5525,3.60546e-05,1.71958e-06,0.980576,0.0193865,3.42481e-06,9.69857e-05,0.999896,3.99244e-06
8413,0,12,1385.92,13,1412.93,2,2,0,4.55023,1.41905e-05,6.76384e-07,0.992345,0.00763978,1.32291e-06,3.74878e-05,0.99996,1.54221e-06
8414,0,12,1385.92,13,1412.93,2,2,0,4.54795,2.26736e-05,1.08007e-06,0.987754,0.0122223,2.10922e-06,5.98099e-05,0.999936,2.45895e-06
8415,0,12,1385.92,13,1412.93,2,2,0,4.54568,3.57991e-05,1.70427e-06,0.980641,0.0193218,3.33206e-06,9.45486e-05,0.999898,3.88467e-06
8416,0,12,1385.92,13,1412.93,2,2,9,4.54341,5.57907e-05,2.65439e-06,0.969792,0.0301498,5.2165e-06,0.00014812,0.999841,6.08183e-06
8417,0,12,1385.92,13,1412.93,2,2,0,4.54113,3.34674e-05,1.59133e-06,0.981856,0.0181089,3.07128e-06,8.72658e-05,0.999906,3.58087e-06
8418,0,12,1385.92,13,1412.93,2,2,0,4.53886,5.22672e-05,2.48372e-06,0.971628,0.0283169,4.81641e-06,0.000136943,0.999853,5.61572e-06
8419,0,12,1385.92,13,1412.93,2,2,0,4.53659,8.04569e-05,3.82096e-06,0.956272,0.0436442,7.48622e-06,0.000212994,0.999771,8.72885e-06
8420,0,12,1385.92,13,1412.93,2,2,0,4.53433,0.000121794,5.78058e-06,0.933721,0.0661512,1.15347e-05,0.0003284,0.999647,1.34498e-05
8421,0,12,1385.92,13,1413.75,2,2,9,4.53206,0.000180743,8.57319e-06,0.901518,0.0982925,1.76206e-05,0.000502005,0.99946,2.05467e-05
8422,0,12,1385.92,13,1413.75,2,2,0,4.52979,0.000108924,5.16343e-06,0.940576,0.05931,1.0121e-05,0.000288538,0.99969,1.18021e-05
8423,0,12,1385.92,13,1413.75,2,2,0,4.52753,0.000162586,7.70254e-06,0.911188,0.0886412,1.55027e-05,0.00044226,0.999524,1.80783e-05
8424,0,12,1385.92,13,1413.75,2,2,0,4.52526,0.00023723,1.1232e-05,0.870252,0.1295,2.35453e-05,0.000672148,0.999277,2.74578e-05
8425,0,12,1385.92,13,1413.75,3,2,0,4.523,0.000336823,1.59376e-05,0.815549,0.184098,3.54625e-05,0.00101303,0.99891,4.13566e-05
8426,0,12,1385.92,13,1413.75,2,2,0,4.52074,0.000351111,1.66035e-05,0.851469,0.148163,5.29726e-05,0.00151424,0.998371,6.17788e-05
8427,0,12,1385.92,13,1414.23,2,2,9,4.51848,0.000490868,2.31982e-05,0.792097,0.207389,7.84849e-05,0.00224502,0.997585,9.15351e-05
8428,0,12,1385.92,13,1413.52,3,2,13,4.51622,0.000304571,1.43851e-05,0.870846,0.128835,4.37612e-05,0.00125261,0.998653,5.10392e-05
8429,0,12,1385.92,13,1413.04,2,2,13,4.51396,0.000235505,1.11163e-05,0.67444,0.325313,1.60225e-05,0.000458931,0.999506,1.86878e-05
8430,0,12,1385.92,13,1413.42,2,2,9,4.51171,0.000109724,5.17601e-06,0.848099,0.151786,5.9797e-06,0.000171391,0.999816,6.97462e-06
8431,0,12,1385.92,13,1413.75,3,2,9,4.50945,6.81688e-05,3.21377e-06,0.905491,0.0944375,3.50357e-06,0.000100487,0.999892,4.08664e-06
8432,0,12,1385.92,13,1413.75,2,2,9,4.50719,6.14955e-05,2.89739e-06,0.818402,0.181534,2.07425e-06,5.95323e-05,0.999936,2.41952e-06
8433,0,12,1385.92,13,1413.75,2,2,9,4.50494,3.90777e-05,1.84004e-06,0.884418,0.115542,1.24064e-06,3.56309e-05,0.999962,1.44719e-06
8434,0,12,1385.92,13,1413.75,2,2,0,4.50269,2.43582e-05,1.14625e-06,0.927839,0.0721353,7.49508e-07,2.15403e-05,0.999977,8.74322e-07
8435,0,12,1385.92,13,1413.75,2,2,0,4.50044,3.7094e-05,1.7445e-06,0.889934,0.110028,1.20955e-06,3.47848e-05,0.999963,1.41101e-06
8436,0,12,1385.92,13,1413.75,2,2,0,4.49819,5.48827e-05,2.57951e-06,0.83689,0.163053,1.9336e-06,5.56448e-05,0.99994,2.25574e-06
8437,0,12,1385.92,13,1413.75,2,2,9,4.49594,7.8397e-05,3.68244e-06,0.766633,0.233285,3.06257e-06,8.81936e-05,0.999905,3.57291e-06
8438,0,12,1385.92,13,1413.75,2,2,9,4.49369,5.06962e-05,2.37983e-06,0.84885,0.151097,1.8163e-06,5.23396e-05,0.999944,2.11903e-06
8439,0,12,1385.92,13,1413.75,2,2,9,4.49144,3.18915e-05,1.49617e-06,0.904763,0.0952032,1.0882e-06,3.13793e-05,0.999966,1.26961e-06
8440,0,12,1385.92,13,1413.75,2,2,0,4.4892,1.97756e-05,9.27188e-07,0.94085,0.059129,6.58513e-07,1.90016e-05,0.99998,7.68316e-07
8441,0,12,1385.92,13,1412.93,2,2,13,4.48695,3.0469e-05,1.42768e-06,0.90872,0.0912482,1.06568e-06,3.07714e-05,0.999967,1.24342e-06
8442,0,12,1385.92,13,1412.93,2,2,0,4.48471,1.24907e-05,5.84918e-07,0.96252,0.0374671,4.18321e-07,1.2087e-05,0.999987,4.88104e-07
8443,0,12,1385.92,13,1411.29,3,2,13,4.48247,1.96666e-05,9.20386e-07,0.940893,0.0590863,6.83145e-07,1.97522e-05,0.999979,7.97129e-07
8444,0,12,1385.92,13,1411.29,2,2,0,4.48023,1.72151e-05,8.05163e-07,0.825383,0.174599,2.70399e-07,7.82349e-06,0.999992,3.15526e-07
8445,0,12,1385.92,13,1411.29,2,2,0,4.47799,2.48712e-05,1.16254e-06,0.747259,0.252715,4.45449e-07,1.28969e-05,0.999986,5.19805e-07
8446,0,12,1385.92,13,1411.29,3,2,0,4.47575,3.42669e-05,1.60073e-06,0.651137,0.348827,7.26628e-07,2.10519e-05,0.999977,8.47946e-07
8447,0,12,1385.92,13,1411.29,2,2,0,4.47351,3.85289e-05,1.79872e-06,0.733567,0.266392,1.17391e-06,3.40334e-05,0.999963,1.36994e-06
8448,0,12,1385.92,13,1411.29,2,2,9,4.47127,5.24196e-05,2.44571e-06,0.63687,0.363075,1.87863e-06,5.45013e-05,0.999941,2.19243e-06
8449,0,12,1385.92,13,1411.29,2,2,0,4.46904,3.61191e-05,1.68415e-06,0.749347,0.250616,1.12305e-06,3.2603e-05,0.999965,1.31068e-06
8450,0,12,1385.92,13,1411.29,2,2,0,4.4668,4.95862e-05,2.31067e-06,0.65528,0.344668,1.79898e-06,5.22607e-05,0.999944,2.09959e-06
8451,0,12,1385.92,13,1411.78,2,2,9,4.46457,6.4696e-05,3.01293e-06,0.549442,0.450491,2.85503e-06,8.29952e-05,0.999911,3.33222e-06
8452,0,12,1385.92,13,1411.78,2,2,9,4.46234,4.63214e-05,2.15589e-06,0.676835,0.323116,1.69189e-06,4.92161e-05,0.999947,1.97473e-06
8453,0,12,1385.92,13,1411.89,3,2,9,4.46011,3.1384e-05,1.45978e-06,0.780659,0.219308,1.01288e-06,2.94841e-05,0.999968,1.18225e-06
8454,0,12,1385.92,13,1411.4,2,2,13,4.45788,2.61167e-05,1.21403e-06,0.650956,0.349016,6.12476e-07,1.78406e-05,0.999981,7.14911e-07
8455,0,12,1385.92,13,1411.4,2,2,0,4.45565,1.27855e-05,5.93971e-07,0.828799,0.171187,2.42306e-07,7.06283e-06,0.999992,2.8284e-07
8456,0,12,1385.92,13,1411.4,2,2,0,4.45342,1.85968e-05,8.6341e-07,0.750512,0.249469,4.00213e-07,1.16734e-05,0.999987,4.67177e-07
8457,0,12,1385.92,13,1411.4,2,2,0,4.45119,2.57719e-05,1.1958e-06,0.653595,0.346378,6.54513e-07,1.91037e-05,0.999979,7.64051e-07
8458,0,12,1385.92,13,1411.4,2,2,0,4.44897,3.38407e-05,1.56922e-06,0.544275,0.455689,1.06006e-06,3.09616e-05,0.999967,1.23751e-06
8459,0,12,1385.92,13,1411.4,2,2,0,4.44674,4.20448e-05,1.94846e-06,0.432716,0.56724,1.70062e-06,4.97044e-05,0.999947,1.98536e-06
8460,0,12,1385.92,13,1411.4,2,2,0,4.44452,4.92431e-05,2.28064e-06,0.334328,0.665621,2.70292e-06,7.90521e-05,0.999915,3.15557e-06
8461,0,12,1385.92,13,1411.4,3,2,9,4.4423,5.49058e-05,2.54134e-06,0.256365,0.743577,4.25681e-06,0.000124582,0.999866,4.96983e-06
8462,0,12,1385.92,13,1411.4,3,2,0,4.44007,3.59743e-05,1.66406e-06,0.168255,0.831708,2.49886e-06,7.31828e-05,0.999921,2.91752e-06
8463,0,12,1385.92,13,1411.4,2,2,0,4.43785,5.16229e-05,2.38645e-06,0.241853,0.758093,3.94189e-06,0.000115522,0.999876,4.60244e-06
8464,0,12,1385.92,13,1411.29,3,2,13,4.43564,5.53105e-05,2.55536e-06,0.186135,0.813807,6.16242e-06,0.000180719,0.999806,7.19531e-06
8465,0,12,1385.92,13,1411.29,3,2,0,4.43342,2.37367e-05,1.09597e-06,0.0800104,0.919965,2.32361e-06,6.81884e-05,0.999927,2.71316e-06
8466,0,12,1385.92,13,1411.29,3,2,0,4.4312,3.60479e-05,1.66337e-06,0.121706,0.878257,3.67117e-06,0.000107806,0.999884,4.28676e-06
8467,0,12,1385.92,13,1411.29,3,2,0,4.42899,5.30813e-05,2.44785e-06,0.179506,0.820439,5.74802e-06,0.000168909,0.999819,6.71206e-06
8468,0,12,1385.92,13,1410.82,3,2,13,4.42677,7.52901e-05,3.46987e-06,0.255024,0.744898,8.92025e-06,0.000262304,0.999718,1.04167e-05
8469,0,12,1385.92,13,1410.82,3,2,9,4.42456,3.36871e-05,1.55157e-06,0.114291,0.885674,3.33588e-06,9.81593e-05,0.999895,3.89561e-06
8470,0,12,1385.92,13,1410.82,3,2,0,4.42235,2.09434e-05,9.64022e-07,0.0711708,0.928807,1.96526e-06,5.78675e-05,0.999938,2.29508e-06
8471,0,12,1385.92,13,1411.31,3,2,9,4.42013,3.20492e-05,1.47431e-06,0.109088,0.890878,3.11595e-06,9.1812e-05,0.999901,3.63901e-06
8472,0,12,1385.92,13,1411.31,2,2,0,4.41792,1.98961e-05,9.14689e-07,0.0678323,0.932147,1.8376e-06,5.41818e-05,0.999942,2.14613e-06
8473,0,12,1385.92,13,1411.31,2,2,9,4.41572,2.01105e-05,9.23978e-07,0.0557567,0.944222,2.91766e-06,8.60858e-05,0.999908,3.40764e-06
8474,0,12,1385.92,13,1411.31,2,2,0,4.41351,1.88007e-05,8.63266e-07,0.115355,0.884625,1.72236e-06,5.08528e-05,0.999945,2.01167e-06
8475,0,12,1385.92,13,1411.31,3,2,0,4.4113,1.92821e-05,8.84822e-07,0.0907514,0.909228,2.73843e-06,8.0907e-05,0.999913,3.19851e-06
8476,0,12,1385.92,13,1411.31,3,2,0,4.4091,2.9216e-05,1.33985e-06,0.137738,0.862231,4.3142e-06,0.000127549,0.999863,5.03917e-06
8477,0,12,1385.92,13,1411.31,3,2,9,4.40689,4.27979e-05,1.96151e-06,0.202112,0.797843,6.73588e-06,0.000199282,0.999786,7.86806e-06
8478,0,12,1385.92,13,1411.31,2,2,0,4.40469,2.74507e-05,1.25734e-06,0.129855,0.870117,3.90875e-06,0.000115719,0.999876,4.56588e-06
8479,0,12,1385.92,13,1411.31,3,2,9,4.40248,2.82712e-05,1.29412e-06,0.101987,0.897984,6.11532e-06,0.000181168,0.999806,7.14364e-06
8480,0,12,1385.92,13,1411.31,3,2,9,4.40028,1.75222e-05,8.0159e-07,0.0633142,0.936667,3.55431e-06,0.000105369,0.999887,4.15211e-06
8481,0,12,1385.92,13,1411.31,3,2,9,4.39808,1.07905e-05,4.93327e-07,0.0390538,0.960935,2.08774e-06,6.19336e-05,0.999934,2.43895e-06
8482,0,12,1385.92,13,1416.13,3,2,9,4.39588,6.6439e-06,3.03564e-07,0.0240857,0.975907,1.23907e-06,3.67825e-05,0.999961,1.44756e-06
8483,0,12,1385.92,13,1416.21,3,2,9,4.39369,4.10581e-06,1.87481e-07,0.0149089,0.985087,7.42903e-07,2.20684e-05,0.999976,8.67933e-07
8484,0,12,1385.92,13,1416.21,3,2,0,4.39149,2.55234e-06,1.16474e-07,0.00928323,0.990714,4.4988e-07,1.33731e-05,0.999986,5.25611e-07
8485,0,12,1385.92,13,1415.72,3,2,13,4.38929,4.22761e-06,1.92805e-07,0.0154016,0.984594,7.34861e-07,2.18592e-05,0.999977,8.58591e-07
8486,0,12,1385.92,13,1415.72,3,2,0,4.3871,1.70267e-06,7.76041e-08,0.00621319,0.993785,2.87505e-07,8.55794e-06,0.999991,3.35923e-07
8487,0,12,1385.92,13,1415.72,3,2,0,4.38491,2.84898e-06,1.2977e-07,0.0104133,0.989584,4.7385e-07,1.41143e-05,0.999985,5.53668e-07
8488,0,12,1385.92,13,1415.72,3,2,0,4.38271,4.70592e-06,2.14222e-07,0.0172288,0.982766,7.73313e-07,2.30499e-05,0.999975,9.03602e-07
8489,0,12,1385.92,13,1415.72,3,2,0,4.38052,7.66331e-06,3.48631e-07,0.0281021,0.97189,1.24989e-06,3.72804e-05,0.99996,1.46052e-06
8490,0,12,1385.92,13,1415.72,3,2,0,4.37833,1.2277e-05,5.58177e-07,0.0450948,0.954892,2.00112e-06,5.97278e-05,0.999936,2.33842e-06
8491,0,12,1385.92,13,1415.72,3,2,0,4.37614,1.92891e-05,8.76445e-07,0.0709677,0.929012,3.17422e-06,9.4806e-05,0.999898,3.70936e-06
8492,0,12,1385.92,13,1418.01,3,2,9,4.37395,2.95924e-05,1.34377e-06,0.109054,0.890915,4.98933e-06,0.00014912,0.99984,5.83066e-06
8493,0,12,1385.92,13,1422.43,3,2,9,4.37177,1.83455e-05,8.32539e-07,0.0677181,0.932263,2.90562e-06,8.69016e-05,0.999907,3.39569e-06
8494,0,12,1385.92,13,1422.43,2,2,0,4.36958,1.12865e-05,5.11878e-07,0.04173,0.958258,1.71004e-06,5.11789e-05,0.999945,1.99852e-06
8495,0,12,1385.92,13,1422.43,3,2,0,4.3674,1.13351e-05,5.13765e-07,0.0354142,0.964574,2.72142e-06,8.15031e-05,0.999913,3.18062e-06
8496,0,12,1385.92,13,1422.43,3,2,9,4.36521,1.7948e-05,8.12992e-07,0.0561651,0.943816,4.29138e-06,0.000128609,0.999862,5.01565e-06
8497,0,12,1385.92,13,1422.43,3,2,0,4.36303,1.09923e-05,4.97609e-07,0.0344538,0.965535,2.50504e-06,7.5125e-05,0.999919,2.92791e-06
8498,0,12,1385.92,13,1422.43,3,2,0,4.36085,1.74274e-05,7.88431e-07,0.0547117,0.94527,3.957e-06,0.000118749,0.999873,4.62512e-06
8499,0,12,1385.92,13,1422.43,3,2,0,4.35867,2.70569e-05,1.22332e-06,0.0850797,0.914892,6.19428e-06,0.000186017,0.999801,7.24038e-06
8500,0,12,1385.92,13,1425.49,3,2,9,4.35649,4.0938e-05,1.84978e-06,0.128936,0.871021,9.61085e-06,0.000288814,0.99969,1.12343e-05
8501,0,12,1385.92,13,1425.49,3,2,0,4.35431,2.54072e-05,1.14731e-06,0.0801502,0.919823,5.51827e-06,0.000165942,0.999822,6.45061e-06
8502,0,12,1385.92,13,1432.85,3,2,9,4.35213,3.85984e-05,1.74191e-06,0.12196,0.878,8.5824e-06,0.000258259,0.999723,1.00327e-05
8503,0,12,1385.92,13,1432.85,3,2,0,4.34996,2.39056e-05,1.07817e-06,0.0756567,0.924318,4.93721e-06,0.00014867,0.999841,5.77173e-06
8504,0,12,1385.92,13,1432.85,3,2,0,4.34778,3.64553e-05,1.64315e-06,0.11556,0.884402,7.69632e-06,0.000231911,0.999751,8.99749e-06
8505,0,12,1385.92,13,1432.85,3,2,0,4.34561,5.39435e-05,2.42989e-06,0.171272,0.828671,1.18922e-05,0.00035859,0.999616,1.39032e-05
8506,0,12,1385.92,13,1424.29,3,2,13,4.34344,7.69436e-05,3.46379e-06,0.244693,0.755227,1.82174e-05,0.00054969,0.999411,2.12987e-05
8507,0,12,1385.92,13,1423.82,3,2,13,4.34126,3.38923e-05,1.52479e-06,0.107957,0.892008,6.65639e-06,0.000200986,0.999785,7.78248e-06
8508,0,12,1385.92,13,1423.82,3,2,0,4.33909,1.38095e-05,6.20892e-07,0.0440581,0.955927,2.47995e-06,7.49319e-05,0.99992,2.89959e-06
8509,0,12,1385.92,13,1423.82,3,2,9,4.33692,2.16825e-05,9.74271e-07,0.0692883,0.930689,3.91989e-06,0.00011852,0.999873,4.58332e-06
8510,0,12,1385.92,13,1423.82,3,2,0,4.33476,1.32758e-05,5.96159e-07,0.0424926,0.957494,2.28762e-06,6.92147e-05,0.999926,2.67487e-06
8511,0,12,1385.92,13,1433.04,3,2,9,4.33259,2.0882e-05,9.37139e-07,0.0669462,0.933032,3.62197e-06,0.000109662,0.999882,4.23524e-06
8512,0,12,1385.92,13,1428.18,3,2,13,4.33042,1.27794e-05,5.73156e-07,0.0410361,0.958951,2.11639e-06,6.41214e-05,0.999931,2.47481e-06
8513,0,12,1385.92,13,1428.18,3,2,0,4.32826,5.0825e-06,2.27808e-07,0.0163468,0.983648,8.05536e-07,2.44224e-05,0.999974,9.41988e-07
8514,0,12,1385.92,13,1428.18,3,2,0,4.32609,8.27943e-06,3.70871e-07,0.0266721,0.973319,1.30223e-06,3.95084e-05,0.999958,1.52287e-06
8515,0,12,1385.92,13,1428.18,3,2,0,4.32393,1.32731e-05,5.94187e-07,0.0428282,0.957158,2.08533e-06,6.33099e-05,0.999932,2.43872e-06
8516,0,12,1385.92,13,1423.37,3,2,13,4.32177,2.08784e-05,9.34073e-07,0.0674775,0.932501,3.30843e-06,0.000100511,0.999892,3.86922e-06
8517,0,12,1385.92,13,1422.69,3,2,13,4.31961,8.35208e-06,3.73428e-07,0.027037,0.972954,1.24696e-06,3.79091e-05,0.999959,1.45837e-06
8518,0,12,1385.92,13,1422.69,3,2,9,4.31745,3.31742e-06,1.48233e-07,0.0107564,0.98924,4.79019e-07,1.45727e-05,0.999984,5.6025e-07
8519,0,12,1385.92,13,1422.69,3,2,0,4.31529,2.05735e-06,9.18712e-08,0.00668151,0.993316,2.9101e-07,8.85913e-06,0.999991,3.40369e-07
8520,0,12,1385.92,13,1419.87,3,2,13,4.31313,3.43434e-06,1.53266e-07,0.0111716,0.988825,4.80152e-07,1.46271e-05,0.999984,5.61609e-07
8521,0,12,1385.92,13,1419.87,3,2,9,4.31097,1.3742e-06,6.12888e-08,0.00447735,0.995521,1.87828e-07,5.72581e-06,0.999994,2.197e-07
8522,0,12,1385.92,13,1419.87,3,2,0,4.30882,8.64837e-07,3.85475e-08,0.00282234,0.997177,1.16188e-07,3.54433e-06,0.999996,1.35907e-07
8523,0,12,1385.92,13,1419.87,3,2,0,4.30666,1.47274e-06,6.56019e-08,0.00481396,0.995184,1.95246e-07,5.96009e-06,0.999994,2.28391e-07
8524,0,12,1385.92,13,1419.87,3,2,0,4.30451,2.47838e-06,1.10329e-07,0.00811425,0.991883,3.24756e-07,9.92029e-06,0.999989,3.79898e-07
8525,0,12,1385.92,13,1419.44,3,2,13,4.30236,4.11909e-06,1.83253e-07,0.0135078,0.986488,5.34776e-07,1.63469e-05,0.999982,6.25598e-07
8526,0,12,1385.92,13,1419.44,3,2,9,4.30021,1.64263e-06,7.30333e-08,0.00539545,0.994603,2.08494e-07,6.37758e-06,0.999993,2.43911e-07
8527,0,12,1385.92,13,1419.44,3,2,0,4.29806,1.02972e-06,4.57541e-08,0.00338774,0.996611,1.28604e-07,3.93653e-06,0.999996,1.50455e-07
8528,0,12,1385.92,13,1419.44,3,2,0,4.29591,1.74723e-06,7.75872e-08,0.00575765,0.994241,2.1572e-07,6.60766e-06,0.999993,2.52381e-07
8529,0,12,1385.92,13,1419.44,3,2,0,4.29376,2.92926e-06,1.29995e-07,0.00966843,0.990329,3.58176e-07,1.09787e-05,0.999988,4.19058e-07
8530,0,12,1385.92,13,1412.83,3,2,13,4.29161,4.84866e-06,2.15041e-07,0.0160297,0.983965,5.88784e-07,1.80596e-05,0.999981,6.88887e-07
8531,0,12,1385.92,13,1412.83,3,2,0,4.28947,1.928e-06,8.54544e-08,0.00638429,0.993614,2.28833e-07,7.02371e-06,0.999992,2.67746e-07
8532,0,12,1385.92,13,1412.83,3,2,0,4.28732,3.22516e-06,1.42859e-07,0.010697,0.9893,3.79549e-07,1.16577e-05,0.999988,4.44107e-07
8533,0,12,1385.92,13,1412.83,3,2,9,4.28518,5.32553e-06,2.35749e-07,0.017692,0.982302,6.23279e-07,1.91569e-05,0.999979,7.29316e-07
8534,0,12,1385.92,13,1412.83,3,2,0,4.28304,3.27336e-06,1.44814e-07,0.0108921,0.989104,3.75792e-07,1.15582e-05,0.999988,4.39738e-07
8535,0,12,1385.92,13,1414.94,3,2,9,4.2809,5.4034e-06,2.38898e-07,0.0180091,0.981985,6.17281e-07,1.89986e-05,0.99998,7.22342e-07
8536,0,12,1385.92,13,1414.94,3,2,0,4.27875,3.31971e-06,1.46681e-07,0.0110823,0.988914,3.72129e-07,1.14612e-05,0.999988,4.35479e-07
8537,0,12,1385.92,13,1417.76,3,2,9,4.27662,5.47825e-06,2.41905e-07,0.0183179,0.981676,6.11433e-07,1.88444e-05,0.99998,7.15544e-07
8538,0,12,1385.92,13,1418.69,3,2,9,4.27448,3.3642e-06,1.48461e-07,0.0112673,0.988729,3.68557e-07,1.13667e-05,0.999988,4.31326e-07
8539,0,12,1385.92,13,1418.63,3,2,13,4.27234,2.0801e-06,9.1737e-08,0.00697794,0.99302,2.24359e-07,6.92426e-06,0.999993,2.62578e-07
8540,0,12,1385.92,13,1418.63,3,2,9,4.2702,8.34817e-07,3.67943e-08,0.00280505,0.997194,8.86826e-08,2.73884e-06,0.999997,1.03793e-07
8541,0,12,1385.92,13,1418.63,3,2,0,4.26807,5.28802e-07,2.32922e-08,0.0017797,0.99822,5.55126e-08,1.7156e-06,0.999998,6.49731e-08
8542,0,12,1385.92,13,1420.05,3,2,9,4.26593,9.10869e-07,4.00962e-08,0.00307054,0.996929,9.47331e-08,2.92972e-06,0.999997,1.10881e-07
8543,0,12,1385.92,13,1420.05,3,2,0,4.2638,5.75866e-07,2.53336e-08,0.0019444,0.998055,5.92038e-08,1.83219e-06,0.999998,6.92978e-08
8544,0,12,1385.92,13,1420.05,3,2,0,4.26167,9.9025e-07,4.3536e-08,0.00334901,0.99665,1.00912e-07,3.12508e-06,0.999997,1.1812e-07
8545,0,12,1385.92,13,1417.94,3,2,13,4.25954,1.68307e-06,7.39494e-08,0.00570136,0.994297,1.70202e-07,5.27452e-06,0.999994,1.99233e-07
8546,0,12,1385.92,13,1417.94,3,2,9,4.25741,6.76849e-07,2.97203e-08,0.00229654,0.997703,6.75449e-08,2.09464e-06,0.999998,7.90685e-08
8547,0,12,1385.92,13,1417.94,3,2,9,4.25528,4.30066e-07,1.88723e-08,0.00146159,0.998538,4.24693e-08,1.31792e-06,0.999999,4.97164e-08
8548,0,12,1385.92,13,1417.94,3,2,0,4.25315,2.75605e-07,1.20866e-08,0.000938172,0.999062,2.69451e-08,8.36745e-07,0.999999,3.15441e-08
8549,0,12,1385.92,13,1417.94,3,2,0,4.25103,4.81366e-07,2.10971e-08,0.00164126,0.998358,4.66585e-08,1.44992e-06,0.999998,5.46239e-08
8550,0,12,1385.92,13,1417.94,3,2,9,4.2489,8.3113e-07,3.64036e-08,0.00283843,0.997161,7.9924e-08,2.48535e-06,0.999997,9.35713e-08
8551,0,12,1385.92,13,1410.35,3,2,13,4.24678,5.25746e-07,2.30133e-08,0.00179842,0.998201,5.00538e-08,1.55757e-06,0.999998,5.86025e-08
8552,0,12,1385.92,13,1410.35,3,2,9,4.24465,2.1556e-07,9.42974e-09,0.00073857,0.999261,2.03211e-08,6.32785e-07,0.999999,2.37925e-08
8553,0,12,1385.92,13,1410.35,3,2,0,4.24253,1.39905e-07,6.11634e-09,0.000480133,0.99952,1.30722e-08,4.07338e-07,1,1.53058e-08
8554,0,12,1385.92,13,1410.71,3,2,9,4.24041,2.47807e-07,1.08268e-08,0.000851824,0.999148,2.29673e-08,7.16168e-07,0.999999,2.68924e-08
8555,0,12,1385.92,13,1410.71,3,2,0,4.23829,1.60349e-07,7.00135e-09,0.000552091,0.999448,1.47339e-08,4.59752e-07,1,1.72525e-08
8556,0,12,1385.92,13,1410.71,3,2,0,4.23617,2.83267e-07,1.23606e-08,0.000976894,0.999023,2.58277e-08,8.06472e-07,0.999999,3.02436e-08
8557,0,12,1385.92,13,1410.71,3,2,0,4.23405,4.9467e-07,2.15718e-08,0.00170874,0.998291,4.47758e-08,1.39909e-06,0.999999,5.24331e-08
8558,0,12,1385.92,13,1410.71,3,2,0,4.23193,8.53952e-07,3.72162e-08,0.00295462,0.997044,7.67868e-08,2.40097e-06,0.999997,8.99211e-08
8559,0,12,1385.92,13,1410.71,3,2,0,4.22982,1.45712e-06,6.34633e-08,0.00504976,0.994949,1.30289e-07,4.07669e-06,0.999996,1.5258e-07
8560,0,12,1385.92,13,1410.71,3,2,0,4.2277,2.45674e-06,1.06933e-07,0.00852791,0.99147,2.18775e-07,6.85011e-06,0.999993,2.56213e-07
8561,0,12,1385.92,13,1410.71,3,2,0,4.22559,4.09017e-06,1.7792e-07,0.0142211,0.985775,3.63621e-07,1.13932e-05,0.999988,4.25858e-07
8562,0,12,1385.92,13,1410.71,3,2,0,4.22348,6.71668e-06,2.91988e-07,0.0233913,0.976602,5.98336e-07,1.87604e-05,0.99998,7.00769e-07
8563,0,12,1385.92,13,1410.71,3,2,0,4.22137,1.08595e-05,4.71789e-07,0.0378808,0.962108,9.74931e-07,3.05894e-05,0.999967,1.14187e-06
8564,0,12,1385.92,13,1410.71,2,2,0,4.21925,1.72389e-05,7.48471e-07,0.060232,0.93975,1.57332e-06,4.93986e-05,0.999947,1.84279e-06
8565,0,12,1385.92,13,1410.71,3,2,0,4.21715,1.73947e-05,7.54761e-07,0.0496685,0.950313,2.51512e-06,7.90232e-05,0.999916,2.94598e-06
8566,0,12,1385.92,13,1411.06,3,2,9,4.21504,2.71767e-05,1.17846e-06,0.0777234,0.922248,3.98359e-06,0.000125248,0.999866,4.66616e-06
8567,0,12,1385.92,13,1407.55,3,2,13,4.21293,1.64925e-05,7.14716e-07,0.0472425,0.95274,2.30323e-06,7.24655e-05,0.999923,2.69796e-06
8568,0,12,1385.92,13,1407.21,3,2,13,4.21082,6.46883e-06,2.80156e-07,0.0185594,0.981434,8.63409e-07,2.71839e-05,0.999971,1.01141e-06
8569,0,12,1385.92,13,1407.21,3,2,9,4.20872,2.53886e-06,1.09886e-07,0.00729573,0.992702,3.29925e-07,1.03946e-05,0.999989,3.86493e-07
8570,0,12,1385.92,13,1407.21,3,2,0,4.20661,1.56909e-06,6.78697e-08,0.00451615,0.995482,2.00297e-07,6.31492e-06,0.999993,2.34646e-07
8571,0,12,1385.92,13,1407.21,3,2,0,4.20451,2.64417e-06,1.143e-07,0.00762261,0.992375,3.33627e-07,1.05258e-05,0.999989,3.90854e-07
8572,0,12,1385.92,13,1407.21,3,2,0,4.20241,4.40115e-06,1.9013e-07,0.0127079,0.987288,5.50144e-07,1.73688e-05,0.999981,6.4453e-07
8573,0,12,1385.92,13,1407.21,3,2,0,4.20031,7.22851e-06,3.12075e-07,0.0209049,0.979088,8.98267e-07,2.83791e-05,0.99997,1.05241e-06
8574,0,12,1385.92,13,1407.21,3,2,0,4.19821,1.16961e-05,5.04637e-07,0.0338791,0.966109,1.45255e-06,4.59225e-05,0.999951,1.70187e-06
8575,0,12,1385.92,13,1407.21,3,2,0,4.19611,1.85983e-05,8.01934e-07,0.0539582,0.946022,2.32669e-06,7.36092e-05,0.999921,2.72614e-06
8576,0,12,1385.92,13,1407.21,3,2,0,4.19401,2.89595e-05,1.24791e-06,0.0841526,0.915817,3.69236e-06,0.000116895,0.999875,4.32639e-06
8577,0,12,1385.92,13,1407.21,3,2,0,4.19191,4.39415e-05,1.89231e-06,0.127892,0.872062,5.80634e-06,0.000183949,0.999803,6.8036e-06
8578,0,12,1385.92,13,1407.21,3,2,0,4.18982,6.45764e-05,2.7792e-06,0.18825,0.811682,9.04917e-06,0.000286882,0.999693,1.06037e-05
8579,0,12,1385.92,13,1407.21,2,2,0,4.18772,9.12952e-05,3.92663e-06,0.266565,0.73334,1.39795e-05,0.000443491,0.999526,1.63815e-05
8580,0,12,1385.92,13,1407.21,2,2,0,4.18563,9.87099e-05,4.24286e-06,0.20557,0.794327,2.14097e-05,0.000679682,0.999274,2.50893e-05
8581,0,12,1385.92,13,1407.21,3,2,0,4.18353,0.000104176,4.47501e-06,0.160067,0.839824,3.25107e-05,0.00103281,0.998897,3.80994e-05
8582,0,12,1385.92,13,1407.21,3,2,0,4.18144,0.000148448,6.37272e-06,0.228425,0.77142,4.89537e-05,0.00155626,0.998337,5.73707e-05
8583,0,12,1385.92,13,1407.21,3,2,0,4.17935,0.000203214,8.71832e-06,0.313158,0.686631,7.31008e-05,0.00232551,0.997516,8.56724e-05
8584,0,12,1385.92,13,1407.21,3,2,0,4.17726,0.00026596,1.1403e-05,0.410451,0.589271,0.000108257,0.0034463,0.996319,0.000126879
8585,0,12,1385.92,13,1407.21,2,2,0,4.17517,0.00033205,1.42277e-05,0.513201,0.486453,0.000158997,0.00506508,0.99459,0.000186353
8586,0,12,1385.92,13,1407.21,3,2,9,4.17309,0.000400421,1.71464e-05,0.41211,0.587472,0.000231575,0.00738225,0.992115,0.000271426
8587,0,12,1385.92,13,1407.21,2,2,0,4.171,0.000270464,1.15742e-05,0.278746,0.720972,0.000123578,0.00394222,0.995789,0.000144849
8588,0,12,1385.92,13,1407.21,3,2,9,4.16891,0.000292625,1.25147e-05,0.218417,0.781278,0.000181002,0.00577807,0.993829,0.000212164
8589,0,12,1385.92,13,1407.21,3,2,0,4.16683,0.000180385,7.70968e-06,0.134819,0.864993,9.69558e-05,0.00309724,0.996692,0.000113652
8590,0,12,1385.92,13,1407.21,3,2,0,4.16475,0.00025832,1.10337e-05,0.193323,0.806408,0.000142764,0.00456373,0.995126,0.000167353
8591,0,12,1385.92,13,1407.21,3,2,0,4.16266,0.000357153,1.52455e-05,0.267642,0.731986,0.000208468,0.00666872,0.992878,0.000244382
8592,0,12,1385.92,13,1407.21,3,2,9,4.16058,0.000474348,2.02354e-05,0.355936,0.643569,0.000301846,0.00966249,0.989682,0.000353858
8593,0,12,1385.92,13,1407.21,3,2,0,4.1585,0.000310218,1.32253e-05,0.233086,0.76659,0.000160263,0.00513377,0.994518,0.000187884
8594,0,12,1385.92,13,1407.21,3,2,9,4.15642,0.000419632,1.78786e-05,0.315714,0.683848,0.000233449,0.00748339,0.992009,0.000273693
8595,0,12,1385.92,13,1407.21,3,2,0,4.15434,0.000269346,1.14684e-05,0.202914,0.796806,0.000124407,0.00399071,0.995739,0.000145857
8596,0,12,1385.92,13,1407.21,3,2,9,4.15227,0.000370485,1.57648e-05,0.279478,0.720136,0.000182246,0.00585015,0.993754,0.000213677
8597,0,12,1385.92,13,1407.21,2,2,0,4.15019,0.00023399,9.95041e-06,0.176746,0.82301,9.74882e-05,0.00313157,0.996657,0.000114305
8598,0,12,1385.92,13,1407.21,3,2,0,4.14812,0.00024386,1.03636e-05,0.140619,0.859126,0.000143577,0.00461525,0.995073,0.000168349
8599,0,12,1385.92,13,1407.21,3,2,0,4.14604,0.000346634,1.4722e-05,0.200137,0.799501,0.000209695,0.0067453,0.992799,0.000245883
8600,0,12,1385.92,13,1407.21,3,2,0,4.14397,0.000475783,2.01943e-05,0.275054,0.72445,0.000303675,0.00977515,0.989565,0.000356093
8601,0,12,1385.92,13,1407.21,2,2,0,4.1419,0.000627616,2.66219e-05,0.363292,0.636054,0.000435962,0.0140431,0.98501,0.000511229
8602,0,12,1385.92,13,1407.21,3,2,0,4.13983,0.000700974,2.97148e-05,0.287887,0.711382,0.000620227,0.0199925,0.97866,0.000727331
8603,0,12,1385.92,13,1407.21,2,2,0,4.13776,0.000914852,3.87567e-05,0.376179,0.622868,0.000873961,0.028191,0.96991,0.00102491
8604,0,12,1385.92,13,1407.21,3,2,0,4.13569,0.00102547,4.34156e-05,0.299836,0.699095,0.00121888,0.0393443,0.958007,0.00142945
8605,0,12,1385.92,13,1407.21,3,2,0,4.13362,0.00132505,5.60633e-05,0.387868,0.610751,0.00168093,0.0542966,0.942051,0.00197139
8606,0,12,1385.92,13,1407.21,3,2,0,4.13155,0.00164435,6.95291e-05,0.481881,0.516405,0.00228948,0.0740051,0.92102,0.00268518
8607,0,12,1385.92,13,1407.21,2,2,0,4.12949,0.0019607,8.28529e-05,0.575241,0.422716,0.0030753,0.099475,0.893843,0.00360693
8608,0,12,1385.92,13,1407.21,2,2,9,4.12742,0.00238926,0.000100899,0.481844,0.515666,0.0040669,0.131641,0.859522,0.00477011
8609,0,12,1385.92,13,1407.21,2,2,0,4.12536,0.0016624,7.0159e-05,0.639091,0.359176,0.00218355,0.0707284,0.924527,0.00256119
8610,0,12,1385.92,13,1407.21,2,2,0,4.1233,0.00208266,8.78399e-05,0.547368,0.450461,0.00293986,0.0952927,0.898319,0.00344841
8611,0,12,1385.92,13,1407.21,2,2,0,4.12123,0.00250883,0.000105747,0.454164,0.543221,0.00389785,0.126433,0.865097,0.00457227
8612,0,12,1385.92,13,1407.21,3,2,9,4.11917,0.00289673,0.00012202,0.369095,0.627886,0.00507993,0.16489,0.824071,0.00595906
8613,0,12,1385.92,13,1407.21,3,2,0,4.11711,0.00185459,7.80722e-05,0.236538,0.76153,0.00276579,0.0898376,0.904152,0.00324453
8614,0,12,1385.92,13,1407.21,3,2,0,4.11506,0.00244498,0.00010286,0.312139,0.685313,0.00367954,0.119601,0.872403,0.00431659
8615,0,12,1385.92,13,1407.21,2,2,0,4.113,0.00310939,0.000130729,0.397347,0.599413,0.0048135,0.156569,0.832971,0.00564706
8616,0,12,1385.92,13,1407.21,3,1,0,4.11094,0.00349325,0.000146775,0.32224,0.67412,0.00618005,0.201159,0.785411,0.00725049
8617,0,12,1385.92,13,1407.21,2,1,9,4.10889,0.00440402,0.000184925,0.406624,0.588787,0.00637196,0.175567,0.810585,0.00747588
8618,0,12,1385.92,13,1407.21,2,1,0,4.10683,0.00314229,0.000131861,0.576212,0.420514,0.00513988,0.334344,0.654485,0.00603054
8619,1,12,1385.92,13,1407.21,2,1,0,4.10478,0.00381459,0.000159972,0.485041,0.510984,0.0055242,0.283889,0.704105,0.00648167
8620,1,12,1385.92,13,1407.21,0,0,0,4.10273,0.454873,0.0760164,0.441187,0.0279242,0.62107,0.320532,0.0298729,0.0285253
8621,1,12,1385.92,13,1407.21,0,1,0,4.10067,0.288543,0.0991833,0.575846,0.0364271,0.440404,0.47339,0.044098,0.0421084
8622,1,12,1385.92,13,1407.21,2,1,0,4.09862,0.174437,0.115059,0.668254,0.0422494,0.581907,0.304241,0.0582401,0.0556119
8623,1,12,1385.92,13,1407.21,1,0,0,4.09657,0.265632,0.175197,0.494852,0.064319,0.681559,0.185154,0.0681823,0.0651049
8624,1,12,1385.92,13,1407.21,2,1,0,4.09453,0.288514,0.104102,0.537545,0.0698396,0.510427,0.284681,0.104812,0.10008
8625,1,12,1385.92,13,1407.21,0,0,0,4.09248,0.396583,0.143066,0.364378,0.0959724,0.59056,0.172457,0.121228,0.115754
8626,1,12,1385.92,13,1407.21,2,0,0,4.09043,0.247052,0.178501,0.454713,0.119733,0.416077,0.245961,0.172885,0.165077
8627,1,12,1385.92,13,1407.21,0,3,9,4.08839,0.319757,0.231017,0.294279,0.154947,0.263036,0.310438,0.218191,0.208335
8628,1,12,1385.92,13,1407.21,3,2,9,4.08634,0.395334,0.20535,0.261596,0.137721,0.240609,0.283979,0.19958,0.275832
8629,1,12,1385.92,13,1407.21,3,2,9,4.0843,0.368215,0.191239,0.243631,0.196915,0.221149,0.261019,0.264303,0.253529
8630,1,12,1385.92,13,1407.21,3,2,0,4.08226,0.336982,0.174994,0.222947,0.265078,0.200445,0.236591,0.333164,0.2298
8631,1,12,1385.92,13,1407.21,0,0,0,4.08022,0.386752,0.200813,0.255854,0.156581,0.240271,0.283608,0.200655,0.275466
8632,1,12,1385.92,13,1407.21,3,3,0,4.07818,0.240642,0.248657,0.316826,0.193876,0.13988,0.32109,0.227159,0.311871
8633,1,12,1385.92,13,1407.21,1,2,0,4.07614,0.264649,0.273465,0.348452,0.113434,0.165264,0.379421,0.268407,0.186909
8634,1,12,1385.92,13,1407.21,2,2,0,4.0741,0.304743,0.163395,0.401265,0.130597,0.189485,0.435102,0.161105,0.214308
8635,1,12,1385.92,13,1407.21,3,1,0,4.07206,0.380026,0.203735,0.253408,0.162831,0.203983,0.468469,0.0968386,0.23071
8636,1,12,1385.92,13,1407.21,0,0,0,4.07003,0.409801,0.21967,0.273241,0.0972876,0.265474,0.308249,0.126012,0.300265
8637,1,12,1385.92,13,1407.21,0,1,0,4.06799,0.261176,0.27499,0.342066,0.121768,0.158229,0.353266,0.144389,0.344115
8638,1,12,1385.92,13,1407.21,1,3,0,4.06596,0.157079,0.313737,0.390281,0.138902,0.191145,0.218665,0.174423,0.415766
8639,1,12,1385.92,13,1407.21,2,0,0,4.06392,0.18461,0.193379,0.458768,0.163243,0.239725,0.274246,0.218749,0.26728
8640,1,12,1385.92,13,1407.21,3,2,9,4.06189,0.237711,0.249005,0.303091,0.210193,0.142282,0.3094,0.246778,0.301539
8641,1,12,1385.92,13,1407.21,1,2,0,4.05986,0.215683,0.225932,0.275017,0.283368,0.127679,0.277688,0.324001,0.270632
8642,1,12,1385.92,13,1407.21,2,0,0,4.05783,0.241217,0.134259,0.307591,0.316933,0.151327,0.329171,0.198698,0.320804
8643,1,12,1385.92,13,1407.21,3,2,0,4.0558,0.282903,0.157443,0.187931,0.371723,0.0908961,0.352619,0.212831,0.343654
8644,1,12,1385.92,13,1407.21,0,1,0,4.05377,0.344462,0.19168,0.228805,0.235053,0.100603,0.390382,0.128559,0.380455
8645,1,12,1385.92,13,1407.21,0,3,0,4.05175,0.21529,0.229444,0.273893,0.281373,0.123852,0.249368,0.158277,0.468502
8646,1,12,1385.92,13,1407.21,3,0,0,4.04972,0.129091,0.254641,0.303983,0.312286,0.159866,0.321925,0.204311,0.313897
8647,1,12,1385.92,13,1407.21,1,1,0,4.0477,0.151502,0.298888,0.356817,0.192793,0.0968409,0.346084,0.219624,0.337452
8648,1,12,1385.92,13,1407.21,2,3,0,4.04567,0.175904,0.185883,0.414358,0.223856,0.115851,0.217574,0.262779,0.403796
8649,1,12,1385.92,13,1407.21,3,1,0,4.04365,0.218872,0.231291,0.271287,0.278551,0.143282,0.269124,0.325052,0.262542
8650,1,12,1385.92,13,1407.21,3,2,0,4.04163,0.251631,0.265912,0.311905,0.170553,0.163499,0.1659,0.370978,0.299623
8651,1,12,1385.92,13,1407.21,2,3,9,4.03961,0.271747,0.287173,0.336854,0.104227,0.198012,0.200921,0.238153,0.362914
8652,1,12,1385.92,13,1407.21,3,3,0,4.03759,0.23452,0.247835,0.427714,0.0899316,0.169158,0.171644,0.203457,0.455741
8653,1,12,1385.92,13,1407.21,0,2,0,4.03557,0.242858,0.25665,0.442974,0.0575187,0.215499,0.218666,0.259204,0.306631
8654,1,12,1385.92,13,1407.21,2,0,0,4.03355,0.152543,0.287252,0.495847,0.0643578,0.24439,0.247983,0.159863,0.347765
8655,1,12,1385.92,13,1407.21,1,0,0,4.03153,0.199079,0.374931,0.342013,0.0839769,0.151926,0.278325,0.179407,0.390342
8656,1,12,1385.92,13,1407.21,0,1,9,4.02952,0.241197,0.242661,0.414416,0.101726,0.0952179,0.296932,0.191384,0.416466
8657,1,12,1385.92,13,1407.21,2,3,0,4.0275,0.331698,0.213712,0.365015,0.0895745,0.0822799,0.392334,0.165402,0.359984
8658,1,12,1385.92,13,1407.21,2,3,0,4.02549,0.39953,0.257393,0.235213,0.107864,0.0986624,0.470597,0.198363,0.232378
8659,1,12,1385.92,13,1407.21,0,3,0,4.02348,0.445088,0.286718,0.148061,0.120132,0.10952,0.522551,0.220224,0.147705
8660,1,12,1385.92,13,1407.21,0,2,0,4.02147,0.300643,0.361378,0.186591,0.151388,0.116276,0.554958,0.233841,0.0949249
8661,1,12,1385.92,13,1407.21,3,1,9,4.01946,0.191393,0.417862,0.215726,0.175019,0.128862,0.615219,0.150723,0.105195
8662,1,12,1385.92,13,1407.21,3,1,0,4.01745,0.172327,0.376295,0.194241,0.257137,0.0996569,0.702425,0.116567,0.0813507
8663,1,12,1385.92,13,1407.21,1,3,0,4.01544,0.194217,0.42416,0.21892,0.162702,0.148882,0.555439,0.17415,0.121529
8664,1,12,1385.92,13,1407.21,3,1,9,4.01343,0.241244,0.28473,0.271935,0.202091,0.155991,0.582116,0.182472,0.079421
8665,1,12,1385.92,13,1407.21,1,1,0,4.01142,0.216423,0.255444,0.243962,0.284171,0.121706,0.673966,0.142371,0.0619568
8666,1,12,1385.92,13,1407.21,0,3,0,4.00942,0.244413,0.159126,0.27552,0.32094,0.177844,0.523584,0.208048,0.0905229
8667,1,12,1385.92,13,1407.21,1,1,0,4.00741,0.153534,0.178248,0.308662,0.359556,0.18379,0.541204,0.21501,0.0599967
8668,1,12,1385.92,13,1407.21,2,2,0,4.00541,0.165771,0.112641,0.333309,0.388279,0.24503,0.388337,0.286662,0.0799704
8669,1,12,1385.92,13,1407.21,3,1,9,4.00341,0.194703,0.13229,0.216884,0.456123,0.280249,0.444195,0.184112,0.0914443
8670,1,12,1385.92,13,1407.21,3,1,0,4.0014,0.157825,0.107225,0.175808,0.559141,0.228498,0.54686,0.150101,0.0745414
8671,1,12,1385.92,13,1407.21,3,2,0,3.9994,0.212308,0.14423,0.236505,0.406958,0.305259,0.394673,0.200508,0.0995602
8672,1,12,1385.92,13,1407.21,2,1,9,3.9974,0.260217,0.176762,0.28988,0.273141,0.332964,0.430515,0.127949,0.108572
8673,1,12,1385.92,13,1407.21,2,0,0,3.9954,0.225274,0.153015,0.385245,0.236466,0.272411,0.534122,0.10466,0.0888069
8674,1,12,1385.92,13,1407.21,3,0,0,3.99341,0.272684,0.185203,0.255879,0.286234,0.178369,0.603213,0.11816,0.100258
8675,1,12,1385.92,13,1407.21,1,2,0,3.99141,0.312598,0.212295,0.293329,0.181778,0.11731,0.648099,0.126911,0.10768
8676,1,12,1385.92,13,1407.21,3,1,0,3.98941,0.343506,0.134438,0.322327,0.19973,0.122931,0.679386,0.0848461,0.112838
8677,1,12,1385.92,13,1407.21,1,1,0,3.98742,0.374546,0.146559,0.351449,0.127447,0.178448,0.534604,0.123154,0.163794
8678,1,12,1385.92,13,1407.21,3,2,0,3.98543,0.397343,0.094647,0.372835,0.135175,0.235206,0.386592,0.162314,0.215888
8679,1,12,1385.92,13,1407.21,0,1,0,3.98343,0.419037,0.099786,0.393187,0.08799,0.251294,0.413075,0.10498,0.230651
8680,1,12,1385.92,13,1407.7,2,1,9,3.98144,0.285595,0.122684,0.483543,0.108178,0.307888,0.280921,0.1286,0.282591
8681,1,12,1385.92,13,1407.7,2,3,0,3.97945,0.226332,0.0972095,0.590745,0.0857138,0.265304,0.380401,0.110794,0.243501
8682,1,12,1385.92,13,1407.7,2,1,0,3.97746,0.308277,0.132383,0.442615,0.116725,0.295382,0.423559,0.123333,0.157725
8683,1,12,1385.92,13,1407.7,0,0,0,3.97547,0.383579,0.164691,0.306521,0.145208,0.363746,0.290199,0.151851,0.194204
8684,1,12,1385.92,13,1407.7,3,1,0,3.97348,0.258614,0.198068,0.368686,0.174632,0.242627,0.345461,0.180745,0.231168
8685,1,12,1385.92,13,1407.7,3,2,0,3.9715,0.277687,0.212664,0.395905,0.113745,0.285795,0.229021,0.21289,0.272294
8686,1,12,1385.92,13,1407.7,2,1,0,3.96951,0.289621,0.221792,0.41295,0.0756372,0.313598,0.25129,0.13633,0.298782
8687,1,12,1385.92,13,1407.7,1,1,0,3.96753,0.353431,0.270643,0.283649,0.0922769,0.35068,0.162786,0.152426,0.334109
8688,1,12,1385.92,13,1407.7,3,3,0,3.96554,0.398521,0.177634,0.319823,0.104022,0.374355,0.106294,0.162689,0.356661
8689,1,12,1385.92,13,1407.7,2,3,0,3.96356,0.413685,0.184363,0.331978,0.0699734,0.442337,0.125565,0.192201,0.239898
8690,1,12,1385.92,13,1407.7,0,3,0,3.96158,0.480884,0.214277,0.223528,0.081311,0.489049,0.13879,0.212462,0.159699
8691,1,12,1385.92,13,1407.7,0,1,0,3.9596,0.344243,0.270685,0.282375,0.102696,0.519507,0.147397,0.225657,0.107439
8692,1,12,1385.92,13,1407.7,2,2,0,3.95762,0.231254,0.317334,0.331041,0.120371,0.548472,0.0999351,0.238199,0.113394
8693,1,12,1385.92,13,1407.7,1,0,0,3.95564,0.269089,0.369277,0.221587,0.140047,0.603832,0.109984,0.161384,0.1248
8694,1,12,1385.92,13,1407.7,0,0,0,3.95366,0.3191,0.252088,0.262759,0.166053,0.463295,0.148994,0.218642,0.169069
8695,1,12,1385.92,13,1407.7,1,0,0,3.95169,0.213507,0.291187,0.303515,0.191792,0.330821,0.185763,0.272619,0.210797
8696,1,12,1385.92,13,1407.7,3,3,0,3.94971,0.24294,0.193452,0.345381,0.218227,0.222539,0.215814,0.316744,0.244903
8697,1,12,1385.92,13,1407.7,2,1,0,3.94773,0.26562,0.211503,0.377651,0.145225,0.246949,0.239485,0.351513,0.162052
8698,1,12,1385.92,13,1407.7,1,1,0,3.94576,0.315516,0.251221,0.260779,0.172484,0.272834,0.159759,0.388385,0.179023
8699,1,12,1385.92,13,1407.7,2,2,0,3.94379,0.350893,0.167298,0.290008,0.191801,0.289728,0.107716,0.412463,0.190092
8700,1,12,1385.92,13,1407.7,2,0,0,3.94182,0.397416,0.189451,0.195929,0.217205,0.350279,0.130202,0.289718,0.229801
8701,1,12,1385.92,13,1407.7,2,3,0,3.93984,0.428683,0.204326,0.132727,0.234265,0.239784,0.152328,0.339005,0.268883
8702,1,12,1385.92,13,1407.7,3,0,0,3.93788,0.449107,0.214029,0.0914664,0.245397,0.268601,0.17062,0.379774,0.181004
8703,1,12,1385.92,13,1407.7,0,3,9,3.93591,0.495131,0.235927,0.100808,0.168134,0.182479,0.190694,0.424524,0.202302
8704,1,12,1385.92,13,1407.7,0,3,0,3.93394,0.615653,0.179617,0.0767341,0.127996,0.15802,0.165135,0.367683,0.309161
8705,1,12,1385.92,13,1407.7,3,2,9,3.93197,0.481362,0.242389,0.103533,0.172716,0.180476,0.188604,0.420006,0.210913
8706,1,12,1385.92,13,1407.7,2,2,0,3.93001,0.422227,0.212583,0.0907864,0.274404,0.142277,0.148686,0.542761,0.166276
8707,1,12,1385.92,13,1407.7,0,1,0,3.92804,0.43478,0.218873,0.0638101,0.282538,0.184125,0.192421,0.408264,0.21519
8708,1,12,1385.92,13,1407.7,3,2,0,3.92608,0.310525,0.266989,0.0778187,0.344667,0.19809,0.131095,0.439297,0.231518
8709,1,12,1385.92,13,1407.7,1,3,0,3.92411,0.361577,0.310874,0.0905874,0.236962,0.241945,0.160105,0.315168,0.282783
8710,1,12,1385.92,13,1407.7,0,3,0,3.92215,0.412859,0.213187,0.103407,0.270547,0.2728,0.180508,0.35538,0.191312
8711,1,12,1385.92,13,1407.7,1,2,0,3.92019,0.293788,0.256422,0.12436,0.32543,0.293499,0.194188,0.382365,0.129947
8712,1,12,1385.92,13,1407.7,1,2,0,3.91823,0.326357,0.174005,0.138123,0.361515,0.34754,0.229925,0.268687,0.153849
8713,1,12,1385.92,13,1407.7,0,1,0,3.91627,0.348069,0.119071,0.147286,0.385574,0.388007,0.256675,0.183584,0.171734
8714,1,12,1385.92,13,1407.7,3,3,0,3.91431,0.2434,0.138167,0.170915,0.447517,0.42978,0.176709,0.203319,0.190192
8715,1,12,1385.92,13,1407.7,1,0,0,3.91236,0.297066,0.168612,0.208585,0.325737,0.460749,0.189409,0.217937,0.131905
8716,1,12,1385.92,13,1407.7,0,0,0,3.9104,0.316074,0.115424,0.221916,0.346586,0.337567,0.232677,0.26773,0.162026
8717,1,12,1385.92,13,1407.7,3,0,0,3.90844,0.219349,0.131728,0.253294,0.395628,0.2349,0.26874,0.309235,0.187125
8718,1,12,1385.92,13,1407.7,2,0,0,3.90649,0.260296,0.156303,0.300587,0.282814,0.160353,0.294927,0.339376,0.205344
8719,2,12,1385.92,13,1407.7,2,1,0,3.90454,0.295099,0.177183,0.207083,0.320634,0.110753,0.31235,0.359436,0.21746
8720,2,12,1385.92,13,1407.7,1,0,0,3.90258,0.25,0.25,0.25,0.25,0.25,0.25,0.25,0.25
8721,2,12,1385.92,13,1407.7,0,3,0,3.90063,0.301351,0.0959484,0.301351,0.301351,0.0959484,0.301351,0.301351,0.301351
8722,2,12,1385.92,13,1407.7,2,1,0,3.89868,0.12073,0.12073,0.37927,0.37927,0.12073,0.37927,0.37927,0.12073
8723,2,12,1385.92,13,1407.7,3,3,0,3.89673,0.162808,0.162808,0.162808,0.511575,0.162808,0.162808,0.511575,0.162808
8724,2,12,1385.92,13,1407.7,3,3,0,3.89479,0.25,0.25,0.25,0.25,0.181828,0.181828,0.571471,0.0648727
8725,2,12,1385.92,13,1407.7,3,0,0,3.89284,0.300709,0.300709,0.300709,0.097873,0.189226,0.189226,0.594857,0.0266914
8726,2,12,1385.92,13,1407.7,2,2,0,3.89089,0.32067,0.32067,0.32067,0.0379887,0.0768276,0.215425,0.677373,0.030375
8727,2,12,1385.92,13,1407.7,0,1,0,3.88895,0.409208,0.409208,0.133127,0.0484568,0.142766,0.4004,0.4004,0.0564344
8728,2,12,1385.92,13,1407.7,2,1,0,3.887,0.183877,0.565331,0.183877,0.0669157,0.195589,0.178454,0.548658,0.0773004
8729,2,12,1385.92,13,1407.7,0,2,0,3.88506,0.208208,0.640282,0.075755,0.075755,0.220612,0.0732346,0.61898,0.0871739
8730,2,12,1385.92,13,1407.7,3,0,0,3.88312,0.0872934,0.73812,0.0872934,0.0872934,0.378886,0.125748,0.34568,0.149687
8731,2,12,1385.92,13,1407.7,2,3,0,3.88117,0.0920671,0.778817,0.0920671,0.0370483,0.168351,0.168351,0.46289,0.200408
8732,2,12,1385.92,13,1407.7,1,2,0,3.87923,0.0973945,0.824235,0.039185,0.039185,0.193038,0.193038,0.530877,0.0830462
8733,2,12,1385.92,13,1407.7,1,2,0,3.87729,0.21953,0.603854,0.088308,0.088308,0.299033,0.299033,0.273311,0.128624
8734,2,12,1385.92,13,1407.7,0,0,0,3.87535,0.367872,0.336223,0.147953,0.147953,0.364605,0.364605,0.113987,0.156802
8735,2,12,1385.92,13,1407.7,3,2,0,3.87342,0.164758,0.444291,0.195475,0.195475,0.162829,0.48043,0.150163,0.206579
8736,2,12,1385.92,13,1407.7,2,1,0,3.87148,0.187939,0.506902,0.222986,0.0821734,0.179503,0.529742,0.0630116,0.227744
8737,2,12,1385.92,13,1407.7,1,1,0,3.86954,0.218721,0.590045,0.0956168,0.0956168,0.276261,0.276261,0.0969565,0.350522
8738,2,12,1385.92,13,1407.7,1,3,0,3.86761,0.358458,0.328186,0.156678,0.156678,0.336414,0.118678,0.118043,0.426865
8739,2,12,1385.92,13,1407.7,0,1,0,3.86568,0.455859,0.145703,0.199219,0.199219,0.467174,0.164772,0.163891,0.204163
8740,2,12,1385.92,13,1407.7,1,0,0,3.86374,0.224742,0.207579,0.283839,0.283839,0.519997,0.0704084,0.182384,0.227211
8741,2,12,1385.92,13,1407.7,1,2,0,3.86181,0.258989,0.0867971,0.327107,0.327107,0.272621,0.106675,0.27638,0.344325
8742,2,12,1385.92,13,1407.7,3,3,0,3.85988,0.273174,0.0367491,0.345039,0.345039,0.331272,0.1296,0.120706,0.418421
8743,2,12,1385.92,13,1407.7,2,2,0,3.85795,0.351911,0.0473223,0.44451,0.156257,0.454655,0.177837,0.16563,0.201878
8744,2,12,1385.92,13,1407.7,3,3,0,3.85602,0.494481,0.0664674,0.219526,0.219526,0.50574,0.197781,0.0719542,0.224525
8745,2,12,1385.92,13,1407.7,2,0,0,3.85409,0.572015,0.0768586,0.253907,0.0972195,0.587137,0.22957,0.0835025,0.0997896
8746,2,12,1385.92,13,1407.7,0,1,0,3.85217,0.678376,0.0911131,0.115256,0.115256,0.334253,0.370216,0.134633,0.160898
8747,2,12,1385.92,13,1407.7,2,0,0,3.85024,0.426793,0.162379,0.205414,0.205414,0.438159,0.174504,0.176452,0.210884
8748,2,12,1385.92,13,1407.7,0,1,0,3.84832,0.488252,0.185725,0.0910631,0.23496,0.219348,0.242461,0.245169,0.293021
8749,2,12,1385.92,13,1407.7,2,3,0,3.84639,0.255782,0.270095,0.132412,0.341711,0.258705,0.106512,0.289166,0.345617
8750,2,12,1385.92,13,1407.7,1,0,0,3.84447,0.277782,0.29333,0.0577628,0.371125,0.331391,0.136414,0.370418,0.161777
8751,2,12,1385.92,13,1407.7,0,0,0,3.84255,0.340259,0.134388,0.0707321,0.454621,0.155235,0.172333,0.468049,0.204383
8752,2,12,1385.92,13,1407.7,3,3,0,3.84062,0.162423,0.170586,0.0897728,0.577218,0.0699483,0.18971,0.515344,0.224998
8753,2,12,1385.92,13,1407.7,3,2,0,3.8387,0.256345,0.269231,0.141667,0.332757,0.0808791,0.219399,0.596115,0.103607
8754,2,12,1385.92,13,1407.7,0,0,0,3.83678,0.323996,0.340286,0.179033,0.156685,0.129938,0.352552,0.351049,0.166461
8755,2,12,1385.92,13,1407.7,3,1,0,3.83487,0.15266,0.426563,0.224397,0.196381,0.0580824,0.381679,0.380052,0.180186
8756,2,12,1385.92,13,1407.7,0,2,0,3.83295,0.172869,0.483132,0.254123,0.089876,0.0763062,0.187436,0.499483,0.236775
8757,2,12,1385.92,13,1407.7,1,3,0,3.83103,0.0796916,0.537598,0.282735,0.0999746,0.111025,0.272766,0.271626,0.344583
8758,2,12,1385.92,13,1407.7,1,1,0,3.82912,0.120104,0.302993,0.426222,0.15068,0.141217,0.347006,0.345555,0.166222
8759,2,12,1385.92,13,1407.7,2,2,0,3.8272,0.147217,0.145511,0.52257,0.184703,0.179838,0.168338,0.440137,0.211687
8760,2,12,1385.92,13,1407.7,3,2,0,3.82529,0.218006,0.21548,0.292984,0.27353,0.247195,0.231385,0.230437,0.290983
8761,2,12,1385.92,13,1407.7,1,3,0,3.82338,0.261786,0.258752,0.351841,0.12762,0.287201,0.268829,0.105884,0.338087
8762,2,12,1385.92,13,1407.7,0,0,0,3.82146,0.310104,0.121939,0.416805,0.151153,0.362401,0.339214,0.133581,0.164804
8763,2,12,1385.92,13,1407.7,3,1,0,3.81955,0.151526,0.149943,0.512655,0.185876,0.180503,0.43602,0.171671,0.211806
8764,2,12,1385.92,13,1407.7,0,1,0,3.81764,0.16957,0.167799,0.573843,0.0887882,0.246199,0.230746,0.234151,0.288904
8765,2,12,1385.92,13,1407.7,2,0,0,3.81574,0.0816649,0.185532,0.634644,0.098159,0.285573,0.107712,0.271596,0.335119
8766,2,12,1385.92,13,1407.7,1,2,0,3.81383,0.133846,0.30413,0.40114,0.160885,0.137782,0.129971,0.327783,0.404464
8767,2,12,1385.92,13,1407.7,2,0,0,3.81192,0.163463,0.150033,0.490011,0.196492,0.171371,0.161654,0.1638,0.503175
8768,2,12,1385.92,15,1704.28,3,3,9,3.81001,0.232689,0.213568,0.274027,0.279716,0.0830522,0.178859,0.181234,0.556855
8769,2,12,1385.92,15,1704.28,1,1,0,3.80811,0.224432,0.205986,0.264312,0.30527,0.0781386,0.168303,0.170539,0.58302
8770,2,12,1385.92,15,1704.28,2,3,0,3.80621,0.255181,0.0971683,0.300535,0.347116,0.0861763,0.0824629,0.18811,0.643251
8771,2,12,1385.92,15,1704.28,1,3,0,3.8043,0.310792,0.118321,0.148099,0.422788,0.141464,0.135367,0.308844,0.414325
8772,0,12,1385.92,14,1669.09,0,2,13,3.8024,0.332305,0.0572856,0.158327,0.452082,0.188292,0.180175,0.411141,0.220392
8773,0,12,1385.92,14,1669.09,2,1,0,3.8005,0.00163767,6.21918e-05,0.742605,0.255695,0.00235101,0.646152,0.348725,0.00277232
8774,0,12,1385.92,14,1669.09,2,1,0,3.7986,0.0021569,8.18565e-05,0.660656,0.337105,0.00286255,0.568735,0.425027,0.00337564
8775,0,12,1385.92,14,1669.09,3,2,0,3.7967,0.00273233,0.000103627,0.569693,0.427471,0.0033858,0.489401,0.503221,0.00399281
8776,0,12,1385.92,14,1669.09,2,1,0,3.7948,0.00312316,0.000118372,0.651879,0.34488,0.00391211,0.566039,0.425435,0.00461362
8777,0,12,1385.92,14,1537.27,3,1,13,3.7929,0.00392593,0.0001487,0.561991,0.433934,0.00460938,0.488221,0.501733,0.00543611
8778,0,12,1385.92,14,1537.27,2,2,0,3.79101,0.00201105,7.61217e-05,0.288165,0.709748,0.0021587,0.760099,0.235196,0.00254596
8779,0,12,1385.92,14,1537.27,3,1,0,3.78911,0.00217025,8.20938e-05,0.230916,0.766832,0.00225838,0.796131,0.198947,0.00266361
8780,0,12,1385.92,14,1537.27,3,1,0,3.78722,0.00287923,0.000108841,0.306639,0.690373,0.00290807,0.737252,0.25641,0.00342999
8781,0,12,1385.92,14,1537.27,2,2,0,3.78532,0.00368193,0.000139094,0.392493,0.603686,0.00365047,0.669885,0.322158,0.00430578
8782,0,12,1385.92,14,1537.27,3,2,0,3.78343,0.00413516,0.000156113,0.31702,0.678689,0.00392098,0.720277,0.271177,0.00462501
8783,0,12,1385.92,14,1537.27,2,2,0,3.78154,0.00524023,0.000197703,0.402088,0.592474,0.00413897,0.761114,0.229865,0.0048823
8784,0,12,1385.92,14,1524.27,3,1,13,3.77965,0.00589779,0.000222365,0.326428,0.667452,0.00431319,0.793978,0.19662,0.00508797
8785,0,12,1385.92,14,1524.27,3,1,0,3.77776,0.00243411,9.17136e-05,0.13483,0.862644,0.00153172,0.926783,0.0698782,0.00180692
8786,0,12,1385.92,14,1524.27,3,1,0,3.77587,0.00336839,0.000126833,0.186732,0.809773,0.00209105,0.899974,0.0954684,0.00246684
8787,0,12,1385.92,14,1524.27,3,3,0,3.77398,0.00452808,0.000170388,0.251223,0.744079,0.00280839,0.865562,0.128317,0.00331319
8788,0,12,1385.92,14,1524.27,2,2,0,3.77209,0.00589173,0.000221555,0.327142,0.666745,0.00280295,0.864877,0.128166,0.00415436
8789,0,12,1385.92,14,1524.27,3,2,0,3.77021,0.0064239,0.000241408,0.265678,0.727657,0.00284678,0.879411,0.113523,0.00421967
8790,0,12,1385.92,14,1518.35,3,1,13,3.76832,0.00826428,0.000310365,0.342047,0.649379,0.00288178,0.891242,0.101605,0.00427187
8791,0,12,1385.92,14,1518.35,3,2,0,3.76644,0.00344025,0.000129114,0.142493,0.853937,0.000956503,0.963877,0.0337481,0.00141801
8792,0,12,1385.92,14,1518.35,2,1,0,3.76456,0.00471693,0.000176912,0.195518,0.799588,0.000955752,0.964454,0.0331734,0.00141701
8793,0,12,1385.92,14,1513.41,3,1,13,3.76267,0.00491276,0.000184136,0.161264,0.833639,0.00133767,0.950216,0.0464625,0.0019834
8794,0,12,1385.92,14,1513.41,3,1,0,3.76079,0.00177871,6.66244e-05,0.0584281,0.939727,0.000431818,0.983919,0.0150093,0.000640317
8795,0,12,1385.92,14,1513.41,3,1,9,3.75891,0.00256876,9.61536e-05,0.0844388,0.912896,0.000619029,0.976931,0.0215318,0.000917995
8796,0,12,1385.92,14,1513.41,3,1,0,3.75703,0.00139007,5.19988e-05,0.0457256,0.952832,0.000315487,0.988235,0.0109814,0.00046789
8797,0,12,1385.92,14,1502.66,2,1,13,3.75515,0.00202996,7.58856e-05,0.0668211,0.931073,0.000455982,0.982985,0.015883,0.000676309
8798,0,12,1385.92,14,1502.66,2,1,0,3.75328,0.00169174,6.32003e-05,0.221351,0.776894,0.000146867,0.994516,0.0051194,0.000217849
8799,0,12,1385.92,14,1502.66,3,1,0,3.7514,0.00178301,6.65662e-05,0.178338,0.819812,0.000216142,0.991924,0.00753949,0.000320631
8800,0,12,1385.92,14,1502.66,3,1,0,3.74952,0.00243187,9.07308e-05,0.243462,0.754015,0.000315305,0.988211,0.0110063,0.000467769
8801,0,12,1385.92,14,1502.66,2,1,0,3.74765,0.00320562,0.00011952,0.321221,0.675454,0.000455796,0.982946,0.0159218,0.000676247
8802,0,12,1385.92,14,1502.66,3,1,0,3.74578,0.00349804,0.000130337,0.258512,0.73786,0.00065262,0.975566,0.0228134,0.000968343
8803,0,12,1385.92,14,1502.66,3,1,0,3.7439,0.00455719,0.000169689,0.337075,0.658198,0.000924947,0.965347,0.032356,0.00137252
8804,0,12,1385.92,14,1500.78,3,1,13,3.74203,0.00572411,0.000213,0.423752,0.570311,0.00129644,0.951396,0.0453836,0.00192393
8805,0,12,1385.92,14,1500.78,3,1,0,3.74016,0.00256754,9.54779e-05,0.190237,0.8071,0.000417248,0.984347,0.0146167,0.00061925
8806,0,12,1385.92,14,1499.67,3,1,13,3.73829,0.00346376,0.00012872,0.256862,0.739546,0.000598935,0.977516,0.0209964,0.000888967
8807,0,12,1385.92,14,1499.67,3,1,9,3.73642,0.00135294,5.0245e-05,0.100416,0.89818,0.000192138,0.992782,0.00674042,0.000285203
8808,0,12,1385.92,14,1498.3,3,1,13,3.73455,0.000744943,2.76471e-05,0.0553379,0.94389,9.92528e-05,0.996269,0.00348438,0.000147339
8809,0,12,1385.92,14,1496.8,3,1,13,3.73269,0.000257701,9.55777e-06,0.0191597,0.980573,3.25638e-05,0.998775,0.001144,4.83441e-05
8810,0,12,1385.92,14,1496.8,3,1,0,3.73082,8.88176e-05,3.29196e-06,0.00660918,0.993299,1.09014e-05,0.99959,0.000383252,1.61855e-05
8811,0,12,1385.92,14,1497.26,3,1,9,3.72895,0.000139842,5.17973e-06,0.0104151,0.98944,1.69421e-05,0.999362,0.000596044,2.51562e-05
8812,0,12,1385.92,14,1497.26,3,1,0,3.72709,7.71045e-05,2.85405e-06,0.00574747,0.994173,9.14861e-06,0.999655,0.000322088,1.35852e-05
8813,0,12,1385.92,14,1497.26,3,1,0,3.72523,0.000121815,4.50604e-06,0.00908805,0.990786,1.42692e-05,0.999462,0.000502723,2.11907e-05
8814,0,12,1385.92,14,1497.26,2,1,0,3.72336,0.000190361,7.03699e-06,0.0142142,0.985588,2.20594e-05,0.999167,0.000777737,3.27623e-05
8815,0,12,1385.92,14,1497.26,3,1,0,3.7215,0.000190093,7.02244e-06,0.013918,0.985885,3.3806e-05,0.998723,0.00119273,5.02121e-05
8816,0,12,1385.92,14,1497.26,3,1,0,3.71964,0.000293694,1.08425e-05,0.0215218,0.978174,5.13617e-05,0.998059,0.00181341,7.62937e-05
8817,0,12,1385.92,14,1497.26,3,1,0,3.71778,0.000448037,1.65297e-05,0.0328602,0.966675,7.7368e-05,0.997074,0.00273356,0.000114933
8818,0,12,1385.92,14,1497.26,3,1,0,3.71592,0.000673796,2.48423e-05,0.0494605,0.949841,0.000115549,0.995627,0.00408549,0.000171667
8819,0,12,1385.92,14,1494.42,3,1,13,3.71406,0.00099672,3.6724e-05,0.0732279,0.925739,0.000171097,0.993521,0.0060538,0.000254211
8820,0,12,1385.92,14,1494.42,3,1,0,3.71221,0.00034618,1.27465e-05,0.0254553,0.974186,5.54755e-05,0.997898,0.00196425,8.24306e-05
8821,0,12,1385.92,14,1494.42,3,1,0,3.71035,0.000525398,1.93327e-05,0.0386668,0.960788,8.3445e-05,0.996836,0.0029567,0.000124
8822,0,12,1385.92,14,1494.42,3,1,0,3.7085,0.000785452,2.88826e-05,0.0578553,0.94133,0.000124446,0.995278,0.00441262,0.000184942
8823,0,12,1385.92,14,1494.42,3,1,9,3.70664,0.00115375,4.23974e-05,0.0850564,0.913748,0.000184001,0.993014,0.00652898,0.00027347
8824,0,12,1385.92,14,1494.42,3,1,0,3.70479,0.000630966,2.31712e-05,0.046556,0.95279,9.48672e-05,0.996396,0.00336862,0.000141007
8825,0,12,1385.92,14,1494.42,3,1,9,3.70294,0.000936228,3.43587e-05,0.0691394,0.92989,0.00014111,0.994635,0.00501422,0.000209757
8826,0,12,1385.92,14,1494.42,3,1,0,3.70108,0.00050999,1.87038e-05,0.0376946,0.961777,7.30561e-05,0.99722,0.00259784,0.000108605
8827,0,12,1385.92,14,1494.42,3,1,0,3.69923,0.000763442,2.79806e-05,0.0564765,0.942732,0.000109283,0.995839,0.00388885,0.000162473
8828,0,12,1385.92,14,1494.42,3,1,0,3.69738,0.00112309,4.11347e-05,0.0831535,0.915682,0.000162076,0.993825,0.00577159,0.00024098
8829,0,12,1385.92,14,1494.42,3,1,0,3.69554,0.00161843,5.9238e-05,0.119932,0.878391,0.000238287,0.990916,0.00849156,0.000354321
8830,0,12,1385.92,14,1494.42,3,1,0,3.69369,0.00227584,8.32453e-05,0.168793,0.828848,0.000347221,0.986754,0.0123824,0.000516342
8831,0,12,1385.92,14,1490.73,3,1,13,3.69184,0.00310967,0.00011367,0.230835,0.765942,0.000501284,0.980864,0.0178893,0.000745503
8832,0,12,1385.92,14,1490.73,3,1,0,3.68999,0.00118513,4.32922e-05,0.0880496,0.910722,0.000159974,0.993889,0.00571305,0.00023793
8833,0,12,1385.92,14,1490.73,3,1,0,3.68815,0.00170233,6.21443e-05,0.126585,0.871651,0.000235304,0.991005,0.00840929,0.000349997
8834,0,12,1385.92,14,1489.54,3,1,13,3.68631,0.00238453,8.69906e-05,0.177466,0.820063,0.000343032,0.986879,0.012268,0.000510275
8835,0,12,1385.92,14,1489.54,3,1,0,3.68446,0.000875496,3.1918e-05,0.0652137,0.933879,0.000109762,0.995799,0.0039283,0.000163289
8836,0,12,1385.92,14,1489.54,3,1,0,3.68262,0.0012794,4.66122e-05,0.0953818,0.903292,0.000162825,0.993763,0.00583153,0.000242247
8837,0,12,1385.92,14,1489.54,3,1,9,3.68078,0.00182891,6.65882e-05,0.136466,0.861638,0.000239441,0.990823,0.00858165,0.000356263
8838,0,12,1385.92,14,1489.54,3,1,9,3.67894,0.00101496,3.6929e-05,0.075798,0.92315,0.000122651,0.995296,0.00439902,0.000182507
8839,0,12,1385.92,14,1489.54,3,1,0,3.6771,0.000552707,2.00967e-05,0.0413122,0.958115,6.35182e-05,0.997562,0.00227978,9.45235e-05
8840,0,12,1385.92,14,1492.61,3,1,9,3.67526,0.000825084,2.99806e-05,0.0617243,0.937421,9.53488e-05,0.996338,0.00342469,0.000141903
8841,0,12,1385.92,14,1482.57,3,1,13,3.67342,0.000447937,1.62657e-05,0.033539,0.965997,4.95846e-05,0.998094,0.00178223,7.38002e-05
8842,0,12,1385.92,14,1482.57,3,1,0,3.67159,0.000152969,5.55097e-06,0.0114633,0.988378,1.63324e-05,0.999372,0.00058746,2.43106e-05
8843,0,12,1385.92,14,1482.57,3,1,0,3.66975,0.000238024,8.63175e-06,0.0178527,0.981901,2.52119e-05,0.99903,0.000907495,3.75306e-05
8844,0,12,1385.92,14,1482.57,3,1,0,3.66792,0.00036587,1.32592e-05,0.0274653,0.972156,3.85803e-05,0.998514,0.00138969,5.74355e-05
8845,0,12,1385.92,14,1482.57,3,1,0,3.66608,0.000554778,2.00919e-05,0.0416823,0.957743,5.85291e-05,0.997745,0.00210976,8.71406e-05
8846,0,12,1385.92,14,1482.57,3,1,0,3.66425,0.000828208,2.99746e-05,0.0622799,0.936862,8.80326e-05,0.996605,0.00317553,0.000131077
8847,0,12,1385.92,14,1482.57,3,1,0,3.66242,0.00121403,4.39092e-05,0.0913721,0.90737,0.000131275,0.994934,0.00473877,0.000195479
8848,0,12,1385.92,14,1482.57,2,1,0,3.66059,0.00174146,6.29434e-05,0.131181,0.867014,0.000194068,0.992506,0.00701051,0.000289006
8849,0,12,1385.92,14,1482.57,3,1,0,3.65875,0.00178382,6.44316e-05,0.108945,0.889207,0.000284375,0.989012,0.0102801,0.000423525
8850,0,12,1385.92,14,1482.57,3,1,9,3.65693,0.00251982,9.09556e-05,0.154022,0.843367,0.000412925,0.984034,0.014938,0.000615026
8851,0,12,1385.92,14,1482.57,3,1,0,3.6551,0.00140041,5.05157e-05,0.0856693,0.91288,0.000209484,0.991895,0.00758372,0.000312038
8852,0,12,1385.92,14,1482.57,3,1,0,3.65327,0.00200977,7.24483e-05,0.123048,0.87487,0.000306454,0.988135,0.0111022,0.000456516
8853,0,12,1385.92,14,1482.57,2,1,0,3.65144,0.00281434,0.000101384,0.172449,0.824635,0.000444208,0.98279,0.0161043,0.000661778
8854,0,12,1385.92,14,1482.57,3,1,0,3.64962,0.00291565,0.000104964,0.141686,0.855293,0.000637692,0.975277,0.0231354,0.000950104
8855,0,12,1385.92,14,1482.57,3,1,9,3.64779,0.0040217,0.000144686,0.195586,0.800247,0.00090603,0.96485,0.0328944,0.00135001
8856,0,12,1385.92,14,1482.57,3,1,9,3.64597,0.00226463,8.14188e-05,0.110221,0.887433,0.000456507,0.982277,0.0165859,0.000680264
8857,0,12,1385.92,14,1479.38,3,1,13,3.64415,0.00123259,4.4285e-05,0.0600375,0.938686,0.000231102,0.991022,0.00840248,0.000344404
8858,0,12,1385.92,14,1479.38,3,1,0,3.64232,0.000418694,1.5033e-05,0.0204098,0.979157,7.38754e-05,0.997128,0.00268791,0.000110103
8859,0,12,1385.92,14,1479.22,3,1,13,3.6405,0.000636169,2.28262e-05,0.031035,0.968306,0.000110632,0.995696,0.00402817,0.000164898
8860,0,12,1385.92,14,1479.22,3,1,0,3.63868,0.000214474,7.69036e-06,0.0104711,0.989307,3.5754e-05,0.998608,0.00130276,5.32958e-05
8861,0,12,1385.92,14,1479.22,3,1,0,3.63686,0.000332043,1.18981e-05,0.0162237,0.983432,5.43633e-05,0.997882,0.00198225,8.10418e-05
8862,0,12,1385.92,14,1479.22,3,1,0,3.63504,0.000508054,1.81929e-05,0.0248429,0.974631,8.19488e-05,0.996806,0.00299025,0.000122174
8863,0,12,1385.92,14,1479.22,3,1,0,3.63323,0.000767354,2.74599e-05,0.0375514,0.961654,0.000122472,0.995223,0.00447213,0.000182604
8864,0,12,1385.92,14,1479.22,3,1,0,3.63141,0.0011421,4.08432e-05,0.0559337,0.942883,0.000181453,0.992917,0.00663063,0.000270565
8865,0,12,1385.92,14,1479.22,3,1,0,3.62959,0.00167116,5.97232e-05,0.0819076,0.916361,0.000266477,0.989592,0.00974457,0.000397376
8866,0,12,1385.92,14,1460.96,3,1,13,3.62778,0.00239674,8.55966e-05,0.117562,0.879956,0.0003878,0.984843,0.0141913,0.000578342
8867,0,12,1385.92,14,1460.96,3,1,0,3.62597,0.000835729,2.98271e-05,0.041025,0.958109,0.000122926,0.995192,0.00450165,0.000183339
8868,0,12,1385.92,14,1460.96,3,1,0,3.62415,0.00123983,4.42201e-05,0.0609094,0.937807,0.000182141,0.992871,0.00667496,0.000271678
8869,0,12,1385.92,14,1460.96,3,1,0,3.62234,0.00180715,6.44113e-05,0.0888494,0.909279,0.000267507,0.989523,0.00981046,0.00039904
8870,0,12,1385.92,14,1460.49,3,1,13,3.62053,0.00257976,9.18875e-05,0.126934,0.870395,0.000389324,0.984742,0.0142882,0.0005808
8871,0,12,1385.92,14,1460.49,3,1,0,3.61872,0.000903642,3.2165e-05,0.0444972,0.954567,0.000123279,0.995165,0.00452759,0.000183924
8872,0,12,1385.92,14,1460.49,3,1,0,3.61691,0.00133644,4.75388e-05,0.0658605,0.932756,0.000182682,0.992831,0.00671412,0.000272572
8873,0,12,1385.92,14,1460.49,3,1,0,3.6151,0.00194076,6.89891e-05,0.0957163,0.902274,0.000268328,0.989462,0.00986896,0.000400392
8874,0,12,1385.92,14,1460.49,3,1,0,3.61329,0.00275818,9.79806e-05,0.136136,0.861007,0.00039055,0.984652,0.0143746,0.000582816
8875,0,12,1385.92,14,1460.49,3,1,9,3.61149,0.00382138,0.000135659,0.188761,0.807282,0.000563049,0.977858,0.0207386,0.000840303
8876,0,12,1385.92,14,1460.49,3,1,0,3.60968,0.00213987,7.59148e-05,0.105784,0.892001,0.000283576,0.988841,0.0104524,0.000423247
8877,0,12,1385.92,14,1460.49,3,1,0,3.60788,0.00302149,0.00010712,0.149482,0.847389,0.00041223,0.983767,0.0152054,0.000615316
8878,0,12,1385.92,14,1460.49,2,1,9,3.60607,0.00415433,0.000147184,0.205688,0.790011,0.000593513,0.976613,0.021908,0.00088598
8879,0,12,1385.92,14,1460.49,2,1,0,3.60427,0.00329567,0.000116684,0.369207,0.627381,0.000298642,0.988224,0.0110316,0.000445841
8880,0,12,1385.92,14,1444.72,3,1,13,3.60247,0.00367244,0.000129937,0.296359,0.699838,0.000433621,0.98289,0.0160291,0.000647402
8881,0,12,1385.92,14,1446.57,3,1,9,3.60067,0.00145612,5.14853e-05,0.117609,0.880883,0.000136826,0.994597,0.00506154,0.0002043
8882,0,12,1385.92,14,1446.57,3,1,0,3.59887,0.000798683,2.82209e-05,0.0645657,0.934607,7.02201e-05,0.997225,0.00259949,0.000104856
8883,0,12,1385.92,14,1438.42,3,1,13,3.59707,0.00117225,4.1393e-05,0.0948483,0.903938,0.000105378,0.995833,0.00390382,0.000157368
8884,0,12,1385.92,14,1438.42,3,1,0,3.59527,0.000405696,1.43158e-05,0.0328542,0.966726,3.38714e-05,0.99866,0.0012557,5.05866e-05
8885,0,12,1385.92,14,1438.42,3,1,9,3.59347,0.000613423,2.16315e-05,0.0497202,0.949645,5.16111e-05,0.997957,0.00191475,7.70869e-05
8886,0,12,1385.92,14,1438.42,3,1,0,3.59167,0.000330757,1.16559e-05,0.0268326,0.972825,2.69422e-05,0.998933,0.00100027,4.02444e-05
8887,0,12,1385.92,14,1438.42,3,1,0,3.58988,0.000503802,1.7742e-05,0.0409068,0.958572,4.12488e-05,0.998365,0.00153252,6.16195e-05
8888,0,12,1385.92,14,1440.3,3,1,9,3.58808,0.000755432,2.65857e-05,0.0613922,0.937826,6.26062e-05,0.997516,0.0023277,9.35318e-05
8889,0,12,1385.92,14,1440.3,3,1,0,3.58629,0.000407762,1.43407e-05,0.033167,0.966411,3.25474e-05,0.998708,0.00121099,4.86287e-05
8890,0,12,1385.92,14,1440.3,3,1,0,3.5845,0.000616544,2.16688e-05,0.0501933,0.949168,4.96448e-05,0.998028,0.00184847,7.41799e-05
8891,0,12,1385.92,14,1440.3,3,1,0,3.5827,0.000916547,3.21911e-05,0.0746825,0.924369,7.50705e-05,0.997016,0.00279719,0.00011218
8892,0,12,1385.92,14,1440.3,2,1,0,3.58091,0.00133546,4.68728e-05,0.108912,0.889705,0.00011254,0.995523,0.00419638,0.000168186
8893,0,12,1385.92,14,1432.69,3,1,13,3.57912,0.00136036,4.77146e-05,0.091121,0.907471,0.000167251,0.993342,0.00624094,0.000249969
8894,0,12,1385.92,14,1432.69,2,1,9,3.57733,0.000467152,1.63744e-05,0.0313177,0.968199,5.32181e-05,0.99788,0.00198726,7.95446e-05
8895,0,12,1385.92,14,1432.69,3,1,0,3.57554,0.000443385,1.5531e-05,0.0791942,0.920347,2.7723e-05,0.998895,0.00103598,4.14406e-05
8896,0,12,1385.92,14,1432.69,3,1,0,3.57376,0.00065306,2.28601e-05,0.116766,0.882558,4.24359e-05,0.998307,0.00158693,6.34388e-05
8897,0,12,1385.92,14,1432.69,3,1,9,3.57197,0.000936915,3.27744e-05,0.167692,0.831338,6.43951e-05,0.997429,0.00240986,9.62741e-05
8898,0,12,1385.92,14,1432.69,2,1,9,3.57018,0.000529689,1.85167e-05,0.094904,0.904548,3.34091e-05,0.998665,0.00125118,4.99524e-05
8899,0,12,1385.92,14,1428.86,2,1,13,3.5684,0.000467808,1.63425e-05,0.199453,0.800063,1.75467e-05,0.999299,0.000657604,2.62375e-05
8900,0,12,1385.92,14,1428.86,3,1,9,3.56661,0.000311561,1.08769e-05,0.46604,0.533638,5.80583e-06,0.999768,0.000217745,8.68211e-06
8901,0,12,1385.92,14,1428.86,3,1,9,3.56483,0.000210335,7.33806e-06,0.315085,0.684697,3.15412e-06,0.999874,0.00011838,4.71709e-06
8902,0,12,1385.92,14,1428.86,3,1,9,3.56305,0.000131391,4.58083e-06,0.197114,0.80275,1.73399e-06,0.999931,6.51268e-05,2.59345e-06
8903,0,12,1385.92,14,1426.98,3,1,13,3.56127,7.79427e-05,2.71557e-06,0.117101,0.882818,9.6444e-07,0.999961,3.62496e-05,1.44258e-06
8904,0,12,1385.92,14,1426.98,3,1,9,3.55949,2.86855e-05,9.98751e-07,0.0431603,0.95681,3.3748e-07,0.999986,1.26938e-05,5.04834e-07
8905,0,12,1385.92,14,1424.42,3,1,13,3.55771,1.63081e-05,5.67423e-07,0.0245732,0.97541,1.93818e-07,0.999992,7.29548e-06,2.89955e-07
8906,0,12,1385.92,14,1424.42,3,1,0,3.55593,5.81317e-06,2.02127e-07,0.00877214,0.991222,6.99729e-08,0.999997,2.63575e-06,1.04689e-07
8907,0,12,1385.92,14,1424.42,3,1,0,3.55415,9.69153e-06,3.36753e-07,0.0146461,0.985344,1.20711e-07,0.999995,4.55025e-06,1.80614e-07
8908,0,12,1385.92,14,1424.42,3,1,0,3.55237,1.59344e-05,5.53301e-07,0.0241156,0.975868,2.06011e-07,0.999992,7.77132e-06,3.0827e-07
8909,0,12,1385.92,14,1424.42,3,1,0,3.5506,2.57881e-05,8.94859e-07,0.0390859,0.960887,3.47901e-07,0.999986,1.31333e-05,5.20633e-07
8910,0,12,1385.92,14,1424.42,3,1,0,3.54882,4.0964e-05,1.42051e-06,0.0621783,0.937779,5.81475e-07,0.999977,2.19668e-05,8.70246e-07
8911,0,12,1385.92,14,1424.42,3,1,9,3.54705,6.36058e-05,2.20418e-06,0.0966873,0.903247,9.62067e-07,0.999961,3.63711e-05,1.43996e-06
8912,0,12,1385.92,14,1424.42,3,1,0,3.54527,3.64291e-05,1.26156e-06,0.0554573,0.944505,5.40543e-07,0.999978,2.04502e-05,8.09118e-07
8913,0,12,1385.92,14,1424.91,3,1,9,3.5435,5.69242e-05,1.96999e-06,0.0867848,0.913156,8.95718e-07,0.999964,3.3912e-05,1.34087e-06
8914,0,12,1385.92,14,1424.91,3,1,9,3.54173,3.25153e-05,1.12451e-06,0.0496445,0.950322,5.03805e-07,0.99998,1.9088e-05,7.54248e-07
8915,0,12,1385.92,14,1424.91,3,1,0,3.53996,1.84641e-05,6.38131e-07,0.0282324,0.971749,2.86567e-07,0.999988,1.08653e-05,4.29055e-07
8916,0,12,1385.92,14,1424.91,3,1,0,3.53819,2.97299e-05,1.02679e-06,0.0455251,0.954444,4.80934e-07,0.999981,1.8248e-05,7.20123e-07
8917,0,12,1385.92,14,1424.91,3,1,9,3.53642,4.69275e-05,1.61966e-06,0.071965,0.927986,7.98928e-07,0.999968,3.03356e-05,1.19637e-06
8918,0,12,1385.92,13,1475.46,3,1,13,3.53465,2.67099e-05,9.21249e-07,0.0410207,0.958952,4.50076e-07,0.999982,1.7102e-05,6.74027e-07
8919,0,12,1385.92,13,1475.46,3,1,0,3.53288,9.49912e-06,3.27413e-07,0.0146101,0.98538,1.5925e-07,0.999994,6.05559e-06,2.3851e-07
8920,0,12,1385.92,13,1475.46,3,1,0,3.53112,1.56347e-05,5.38528e-07,0.0240821,0.975902,2.70439e-07,0.999989,1.02911e-05,4.05071e-07
8921,0,12,1385.92,13,1475.46,3,1,0,3.52935,2.53291e-05,8.7186e-07,0.0390718,0.960902,4.54487e-07,0.999982,1.73074e-05,6.80798e-07
8922,0,12,1385.92,13,1475.46,3,1,0,3.52759,4.02739e-05,1.38535e-06,0.0622164,0.937742,7.56008e-07,0.999969,2.88106e-05,1.13255e-06
8923,0,12,1385.92,13,1475.46,2,1,0,3.52582,6.25896e-05,2.15152e-06,0.0968327,0.903103,1.245e-06,0.999949,4.74801e-05,1.86525e-06
8924,0,12,1385.92,13,1475.46,3,1,0,3.52406,6.38281e-05,2.19261e-06,0.0771959,0.922738,2.03019e-06,0.999917,7.74809e-05,3.04186e-06
8925,0,12,1385.92,13,1475.46,3,1,0,3.5223,9.75157e-05,3.34758e-06,0.118106,0.881793,3.27875e-06,0.999867,0.000125223,4.91298e-06
8926,0,12,1385.92,13,1475.46,3,1,9,3.52054,0.000144457,4.95565e-06,0.175208,0.824643,5.24521e-06,0.999786,0.000200472,7.86023e-06
8927,0,12,1385.92,13,1460.7,3,1,13,3.51878,8.4365e-05,2.89223e-06,0.10247,0.897443,2.84266e-06,0.999884,0.000108726,4.26022e-06
8928,0,12,1385.92,13,1460.7,3,1,0,3.51702,3.05117e-05,1.04531e-06,0.0371122,0.962856,9.67507e-07,0.999961,3.70321e-05,1.4501e-06
8929,0,12,1385.92,13,1460.7,3,1,0,3.51526,4.84245e-05,1.65786e-06,0.0589837,0.940966,1.58595e-06,0.999935,6.07476e-05,2.3772e-06
8930,0,12,1385.92,13,1460.7,3,1,9,3.5135,7.51829e-05,2.57223e-06,0.0917072,0.908215,2.57445e-06,0.999895,9.86828e-05,3.8592e-06
8931,0,12,1385.92,13,1460.7,3,1,0,3.51174,4.27068e-05,1.46014e-06,0.0521673,0.947789,1.414e-06,0.999942,5.42405e-05,2.11981e-06
8932,0,12,1385.92,13,1459.85,3,1,13,3.50999,6.67415e-05,2.28034e-06,0.0816423,0.918289,2.30076e-06,0.999906,8.83208e-05,3.44949e-06
8933,0,12,1385.92,13,1459.85,3,1,9,3.50823,2.3874e-05,8.15148e-07,0.0292457,0.97073,7.85301e-07,0.999968,3.01678e-05,1.17748e-06
8934,0,12,1385.92,13,1459.85,3,1,0,3.50648,1.34793e-05,4.59921e-07,0.0165356,0.98345,4.41343e-07,0.999982,1.69669e-05,6.61805e-07
8935,0,12,1385.92,13,1459.85,3,1,0,3.50473,2.20257e-05,7.51025e-07,0.0270584,0.972919,7.34991e-07,0.99997,2.82764e-05,1.10223e-06
8936,0,12,1385.92,13,1459.85,3,1,0,3.50297,3.54113e-05,1.20662e-06,0.0435644,0.956399,1.21176e-06,0.99995,4.66526e-05,1.81736e-06
8937,0,12,1385.92,13,1459.85,3,1,0,3.50122,5.58421e-05,1.90151e-06,0.0687971,0.931145,1.97818e-06,0.999919,7.62151e-05,2.96704e-06
8938,0,12,1385.92,13,1459.85,3,1,0,3.49947,8.60015e-05,2.92651e-06,0.106104,0.893807,3.19822e-06,0.999869,0.000123311,4.79737e-06
8939,0,12,1385.92,13,1459.85,3,1,0,3.49772,0.000128621,4.37383e-06,0.158912,0.840955,5.12185e-06,0.99979,0.000197623,7.68345e-06
8940,0,12,1385.92,13,1459.85,2,1,0,3.49597,0.000185555,6.30563e-06,0.229581,0.770227,8.12631e-06,0.999666,0.000313777,1.21915e-05
8941,0,12,1385.92,13,1459.85,3,1,0,3.49422,0.000197893,6.72036e-06,0.176985,0.822811,1.27755e-05,0.999474,0.000493656,1.91681e-05
8942,0,12,1385.92,13,1459.85,3,1,0,3.49248,0.000280917,9.53337e-06,0.251579,0.748131,1.99042e-05,0.999181,0.000769677,2.98663e-05
8943,0,12,1385.92,13,1460.73,3,1,9,3.49073,0.000381878,1.29509e-05,0.342461,0.657144,3.07361e-05,0.998734,0.00118941,4.61233e-05
8944,0,12,1385.92,13,1460.73,3,1,0,3.48899,0.00023857,8.08529e-06,0.214236,0.785517,1.60455e-05,0.999339,0.000621371,2.40801e-05
8945,0,12,1385.92,13,1460.73,3,1,9,3.48724,0.000331275,1.12195e-05,0.297891,0.701767,2.48877e-05,0.998973,0.000964497,3.73531e-05
8946,0,12,1385.92,13,1460.73,3,1,0,3.4855,0.000202453,6.852e-06,0.182299,0.817492,1.30409e-05,0.999462,0.000505755,1.95742e-05
8947,0,12,1385.92,13,1460.73,3,1,0,3.48375,0.000286546,9.69154e-06,0.258371,0.741332,2.03137e-05,0.999161,0.000788389,3.04931e-05
8948,0,12,1385.92,13,1460.73,3,1,0,3.48201,0.000388181,1.31202e-05,0.35049,0.649108,3.13624e-05,0.998703,0.00121809,4.70821e-05
8949,0,12,1385.92,13,1436.63,3,1,13,3.48027,0.00050118,1.69279e-05,0.453134,0.546348,4.79963e-05,0.998014,0.0018655,7.20593e-05
8950,0,12,1385.92,13,1436.63,3,1,0,3.47853,0.000232097,7.83401e-06,0.210132,0.789628,1.53751e-05,0.999364,0.000598028,2.30852e-05
8951,0,12,1385.92,13,1436.63,3,1,9,3.47679,0.000323171,1.09007e-05,0.292987,0.706679,2.38746e-05,0.999011,0.000929309,3.58501e-05
8952,0,12,1385.92,13,1436.63,3,1,0,3.47505,0.000196913,6.63743e-06,0.178764,0.821032,1.25072e-05,0.999482,0.000487195,1.87823e-05
8953,0,12,1385.92,13,1436.63,3,1,0,3.47332,0.000279411,9.41187e-06,0.254005,0.745706,1.9504e-05,0.999191,0.000760296,2.92919e-05
8954,0,12,1385.92,13,1436.63,2,1,0,3.47158,0.00037955,1.27763e-05,0.345509,0.654099,3.0145e-05,0.998749,0.00117596,4.52766e-05
8955,0,12,1385.92,13,1436.45,3,1,13,3.46984,0.000423935,1.42607e-05,0.267883,0.731679,4.61827e-05,0.998082,0.00180291,6.93703e-05
8956,0,12,1385.92,13,1436.45,3,1,0,3.46811,0.000167236,5.62185e-06,0.105813,0.894015,1.4781e-05,0.999386,0.000577454,2.22041e-05
8957,0,12,1385.92,13,1436.45,3,1,9,3.46637,0.0002476,8.31772e-06,0.156862,0.842882,2.29764e-05,0.999044,0.000898288,3.45182e-05
8958,0,12,1385.92,13,1436.45,3,1,9,3.46464,0.000141324,4.74434e-06,0.0896487,0.910205,1.20333e-05,0.999499,0.000470798,1.80794e-05
8959,0,12,1385.92,13,1436.45,3,1,0,3.46291,7.89246e-05,2.64774e-06,0.0501303,0.949788,6.38088e-06,0.999734,0.000249833,9.58774e-06
8960,0,12,1385.92,13,1436.45,3,1,0,3.46118,0.000122296,4.09996e-06,0.0777785,0.922095,1.00885e-05,0.999579,0.000395289,1.516e-05
8961,0,12,1385.92,13,1436.45,3,1,0,3.45945,0.000184994,6.19773e-06,0.117806,0.882003,1.58057e-05,0.999341,0.000619757,2.37531e-05
8962,0,12,1385.92,13,1436.45,3,1,9,3.45772,0.000271681,9.09576e-06,0.173233,0.826486,2.45416e-05,0.998976,0.000963005,3.68846e-05
8963,0,12,1385.92,13,1436.45,3,1,9,3.45599,0.000155947,5.21749e-06,0.0995656,0.900273,1.28256e-05,0.999464,0.000503642,1.92777e-05
8964,0,12,1385.92,13,1436.45,3,1,9,3.45426,8.72672e-05,2.91769e-06,0.0557883,0.944121,6.78672e-06,0.999716,0.0002667,1.02017e-05
8965,0,12,1385.92,13,1436.45,3,1,0,3.45253,4.83827e-05,1.61653e-06,0.0309702,0.96898,3.63573e-06,0.999848,0.00014298,5.46562e-06
8966,0,12,1385.92,13,1436.45,2,1,0,3.45081,7.65706e-05,2.55658e-06,0.0490769,0.950844,5.8146e-06,0.999757,0.000228834,8.74185e-06
8967,0,12,1385.92,13,1436.45,3,1,9,3.44908,7.7032e-05,2.57024e-06,0.0415419,0.958379,9.2131e-06,0.999614,0.000362849,1.38524e-05
8968,0,12,1385.92,13,1436.45,3,1,0,3.44736,4.2518e-05,1.41769e-06,0.022958,0.976998,4.90348e-06,0.999794,0.000193261,7.37325e-06
8969,0,12,1385.92,13,1436.45,3,1,9,3.44563,6.7805e-05,2.2593e-06,0.0366581,0.963272,7.79658e-06,0.999673,0.000307513,1.17245e-05
8970,0,12,1385.92,13,1436.45,3,1,0,3.44391,3.74244e-05,1.24615e-06,0.0202586,0.979703,4.16177e-06,0.999825,0.000164269,6.25897e-06
8971,0,12,1385.92,13,1436.45,3,1,0,3.44219,5.99368e-05,1.99441e-06,0.0324859,0.967452,6.63948e-06,0.999721,0.00026226,9.98608e-06
8972,0,12,1385.92,13,1436.45,3,1,9,3.44047,9.4416e-05,3.13958e-06,0.0512383,0.948664,1.04946e-05,0.999559,0.000414842,1.57856e-05
8973,0,12,1385.92,13,1436.45,3,1,9,3.43875,5.20953e-05,1.73112e-06,0.028307,0.971639,5.5665e-06,0.999766,0.000220201,8.37364e-06
8974,0,12,1385.92,13,1436.45,3,1,0,3.43703,2.87765e-05,9.55589e-07,0.015656,0.984314,2.98907e-06,0.999874,0.000118329,4.4968e-06
8975,0,12,1385.92,13,1436.45,3,1,0,3.43531,4.64676e-05,1.54201e-06,0.0253128,0.974639,4.80097e-06,0.999798,0.000190197,7.22323e-06
8976,0,12,1385.92,13,1436.45,3,1,9,3.43359,7.38966e-05,2.45057e-06,0.0403053,0.959618,7.63917e-06,0.999678,0.000302859,1.14943e-05
8977,0,12,1385.92,13,1436.45,3,1,0,3.43188,4.07402e-05,1.35011e-06,0.0222489,0.977709,4.07446e-06,0.999828,0.000161653,6.13118e-06
8978,0,12,1385.92,13,1436.45,3,1,9,3.43016,6.50839e-05,2.15538e-06,0.0355882,0.964345,6.50496e-06,0.999725,0.000258273,9.78935e-06
8979,0,12,1385.92,13,1433.82,3,1,13,3.42844,3.58832e-05,1.18753e-06,0.0196459,0.980317,3.4793e-06,0.999853,0.000138244,5.23645e-06
8980,0,12,1385.92,13,1433.82,3,1,9,3.42673,1.23216e-05,4.07497e-07,0.00675452,0.993233,1.16319e-06,0.999951,4.62513e-05,1.75077e-06
8981,0,12,1385.92,13,1433.82,3,1,0,3.42502,6.92898e-06,2.28998e-07,0.00380317,0.99619,6.43441e-07,0.999973,2.56037e-05,9.68556e-07
8982,0,12,1385.92,13,1433.82,3,1,0,3.4233,1.16003e-05,3.83119e-07,0.00637517,0.993613,1.06579e-06,0.999955,4.24411e-05,1.60444e-06
8983,0,12,1385.92,13,1433.82,3,1,0,3.42159,1.91922e-05,6.33422e-07,0.0105608,0.989419,1.74788e-06,0.999926,6.96538e-05,2.63146e-06
8984,0,12,1385.92,13,1433.82,3,1,0,3.41988,3.13554e-05,1.03415e-06,0.0172756,0.982692,2.83861e-06,0.99988,0.000113203,4.27393e-06
8985,0,12,1385.92,13,1433.82,3,1,0,3.41817,5.05232e-05,1.6652e-06,0.0278714,0.972076,4.56601e-06,0.999806,0.000182226,6.87534e-06
8986,0,12,1385.92,13,1433.82,3,1,9,3.41646,8.01336e-05,2.63934e-06,0.0442621,0.955655,7.27579e-06,0.999691,0.000290586,1.09565e-05
8987,0,12,1385.92,13,1433.82,3,1,9,3.41475,4.41188e-05,1.45213e-06,0.0243999,0.975554,3.87768e-06,0.999835,0.000154984,5.83984e-06
8988,0,12,1385.92,13,1433.82,3,1,0,3.41305,2.43536e-05,8.01032e-07,0.0134858,0.986489,2.09205e-06,0.999911,8.36774e-05,3.15092e-06
8989,0,12,1385.92,13,1433.82,3,1,0,3.41134,3.9539e-05,1.29962e-06,0.0219224,0.978037,3.38621e-06,0.999856,0.000135541,5.10051e-06
8990,0,12,1385.92,13,1433.82,3,1,0,3.40963,6.32556e-05,2.07775e-06,0.0351165,0.964818,5.42898e-06,0.999769,0.000217468,8.17813e-06
8991,0,12,1385.92,13,1433.82,3,1,0,3.40793,9.94832e-05,3.26548e-06,0.0552981,0.944599,8.62304e-06,0.999633,0.000345667,1.29907e-05
8992,0,12,1385.92,13,1433.82,3,1,0,3.40623,0.000153284,5.02802e-06,0.0853114,0.91453,1.35709e-05,0.999422,0.00054441,2.04463e-05
8993,0,12,1385.92,13,1433.82,3,1,0,3.40452,0.000230328,7.55004e-06,0.128353,0.871409,2.11653e-05,0.999097,0.000849695,3.18909e-05
8994,0,12,1385.92,13,1433.82,2,1,9,3.40282,0.000335602,1.09934e-05,0.187255,0.812398,3.27161e-05,0.998604,0.00131438,4.92991e-05
8995,0,12,1385.92,13,1433.82,3,1,0,3.40112,0.000272978,8.93586e-06,0.337886,0.661832,1.691e-05,0.999278,0.000679867,2.54834e-05
8996,0,12,1385.92,13,1433.82,2,1,0,3.39942,0.000356455,1.16605e-05,0.441841,0.557791,2.62598e-05,0.998878,0.00105656,3.95768e-05
8997,0,12,1385.92,13,1433.82,3,1,0,3.39772,0.000417692,1.36543e-05,0.34499,0.654578,4.04185e-05,0.998271,0.00162743,6.09207e-05
8998,0,12,1385.92,13,1433.82,3,1,0,3.39602,0.000541061,1.76752e-05,0.447488,0.551954,6.16654e-05,0.997361,0.00248476,9.29527e-05
8999,0,12,1385.92,13,1433.82,2,1,0,3.39432,0.00066716,2.17796e-05,0.552521,0.446791,9.32581e-05,0.996006,0.00376055,0.000140586
9000,0,12,1385.92,13,1433.82,3,1,0,3.39263,0.000821366,2.67954e-05,0.448375,0.550777,0.000139798,0.994008,0.00564139,0.000210762
9001,0,12,1385.92,13,1433.82,2,1,0,3.39093,0.00100863,3.28821e-05,0.551297,0.447662,0.000207697,0.991092,0.00838759,0.000313154
9002,0,12,1385.92,13,1433.82,3,1,0,3.38923,0.00123668,4.02889e-05,0.449179,0.549544,0.000305756,0.986876,0.0123567,0.000461039
9003,0,12,1385.92,13,1433.82,3,1,9,3.38754,0.00151248,4.92402e-05,0.550001,0.448437,0.000445828,0.980851,0.0180309,0.000672304
9004,0,12,1385.92,13,1433.82,3,1,0,3.38584,0.0010331,3.36107e-05,0.376124,0.62281,0.000220405,0.990527,0.00892058,0.000332397
9005,0,12,1385.92,13,1433.82,3,1,9,3.38415,0.00130668,4.2482e-05,0.476286,0.522365,0.00032404,0.986062,0.0131247,0.00048873
9006,0,12,1385.92,13,1433.82,3,1,0,3.38246,0.0008612,2.79796e-05,0.314279,0.684832,0.000160735,0.993082,0.00651514,0.000242447
9007,0,12,1385.92,13,1433.82,2,1,0,3.38077,0.00112262,3.64481e-05,0.410164,0.588676,0.000238102,0.989744,0.00965824,0.000359173
9008,0,12,1385.92,13,1433.82,2,1,0,3.37908,0.00128552,4.17082e-05,0.323732,0.674941,0.000349441,0.984938,0.014185,0.00052717
9009,0,12,1385.92,13,1433.82,2,1,9,3.37739,0.00141467,4.58671e-05,0.254858,0.743682,0.000507865,0.978095,0.0206313,0.000766234
9010,0,12,1385.92,13,1433.82,3,1,0,3.3757,0.00108194,3.50549e-05,0.429406,0.569477,0.000250519,0.989187,0.0101846,0.000377998
9011,0,12,1385.92,13,1433.82,3,1,0,3.37401,0.00133645,4.32716e-05,0.531056,0.467565,0.000367248,0.984137,0.0149411,0.000554172
9012,0,12,1385.92,13,1433.82,3,1,9,3.37233,0.0015731,5.08987e-05,0.625838,0.372538,0.000533097,0.976958,0.0217046,0.000804501
9013,0,12,1385.92,13,1433.82,3,1,0,3.37064,0.00111599,3.60839e-05,0.444516,0.554332,0.00026273,0.988636,0.0107047,0.00039652
9014,0,12,1385.92,13,1433.82,3,1,0,3.36895,0.00136929,4.42436e-05,0.546062,0.452525,0.000384738,0.983347,0.0156875,0.000580707
9015,0,12,1385.92,13,1433.82,3,1,0,3.36727,0.00159921,5.16372e-05,0.638518,0.359832,0.000557845,0.975837,0.0227627,0.000842056
9016,0,12,1385.92,13,1433.82,2,1,0,3.36559,0.0017858,5.76224e-05,0.713871,0.284285,0.000800277,0.965312,0.0326793,0.0012081
9017,0,12,1385.92,13,1433.82,2,1,0,3.3639,0.00233945,7.5435e-05,0.624786,0.372799,0.00113478,0.950779,0.0463731,0.00171321
9018,0,12,1385.92,13,1433.82,3,1,0,3.36222,0.0029378,9.46639e-05,0.528343,0.468625,0.00158837,0.931056,0.0649573,0.0023982
9019,0,12,1385.92,13,1433.82,3,1,9,3.36054,0.00344089,0.000110799,0.619463,0.376985,0.00219096,0.904833,0.0896673,0.0033083
9020,0,12,1385.92,13,1433.82,3,1,0,3.35886,0.00241292,7.76441e-05,0.43485,0.56266,0.00108942,0.952647,0.0446188,0.00164514
9021,0,12,1385.92,13,1433.82,2,1,0,3.35718,0.00295107,9.48956e-05,0.532386,0.464568,0.00152748,0.933559,0.0626066,0.00230684
9022,0,12,1385.92,13,1433.82,3,2,9,3.3555,0.00355847,0.000114349,0.435573,0.560755,0.00211097,0.908114,0.0865865,0.00318831
9023,0,12,1385.92,13,1433.82,3,1,0,3.35382,0.00225364,7.23692e-05,0.276121,0.721553,0.00184161,0.793201,0.202176,0.00278171
9024,0,12,1385.92,13,1433.82,2,1,9,3.35215,0.00295481,9.48201e-05,0.362379,0.634572,0.00239441,0.730879,0.26311,0.003617
9025,0,12,1385.92,13,1433.82,3,1,9,3.35047,0.00209203,6.70872e-05,0.548076,0.449764,0.00131016,0.852609,0.144102,0.00197929
9026,0,12,1385.92,13,1433.82,3,1,0,3.3488,0.0014193,4.54828e-05,0.372247,0.626288,0.000675853,0.923897,0.0744059,0.00102111
9027,0,12,1385.92,13,1433.82,2,1,9,3.34712,0.00179322,5.74257e-05,0.470839,0.52731,0.000943868,0.89362,0.10401,0.00142616
9028,0,12,1385.92,13,1433.82,3,1,9,3.34545,0.0012066,3.86135e-05,0.64354,0.355215,0.000479027,0.945961,0.0528363,0.000723858
9029,0,12,1385.92,13,1433.82,3,1,0,3.34377,0.000865648,2.76832e-05,0.462272,0.536834,0.000239635,0.972942,0.0264564,0.000362142
9030,1,12,1385.92,13,1433.82,3,1,0,3.3421,0.00105692,3.37768e-05,0.565125,0.433784,0.000349086,0.960547,0.0385764,0.000527591
9031,1,12,1385.92,13,1433.82,2,0,0,3.34043,0.107179,0.0622726,0.713472,0.117077,0.0293288,0.807849,0.102679,0.0601431
9032,1,12,1385.92,13,1433.82,3,1,0,3.33876,0.154857,0.0899646,0.586017,0.169161,0.0231031,0.813092,0.103303,0.060502
9033,1,12,1385.92,13,1433.82,3,1,9,3.33709,0.164556,0.0955888,0.622886,0.116969,0.0358593,0.709827,0.160389,0.0939256
9034,1,12,1385.92,13,1433.82,2,1,0,3.33542,0.146791,0.0852599,0.555788,0.212161,0.0239208,0.806389,0.107023,0.0626673
9035,1,12,1385.92,13,1433.82,3,2,0,3.33376,0.19223,0.11164,0.418273,0.277857,0.0369432,0.700919,0.165336,0.0968018
9036,1,12,1385.92,13,1433.82,2,1,0,3.33209,0.215905,0.125376,0.469859,0.18886,0.039143,0.743094,0.115177,0.102586
9037,1,12,1385.92,14,1550.45,3,1,9,3.33042,0.268852,0.156106,0.339874,0.235168,0.0575741,0.62206,0.169447,0.150919
9038,0,12,1385.92,14,1550.21,3,1,13,3.32876,0.22516,0.130722,0.284652,0.359466,0.0396879,0.739427,0.116831,0.104054
9039,0,12,1385.92,14,1538.48,2,1,13,3.32709,0.000939254,2.98308e-05,0.507926,0.491105,0.000236129,0.973091,0.0263161,0.000357139
9040,0,12,1385.92,14,1538.48,2,1,0,3.32543,0.000439368,1.39447e-05,0.769528,0.230019,7.27669e-05,0.9917,0.00811736,0.000110067
9041,0,12,1385.92,14,1532.78,2,1,13,3.32377,0.0006024,1.91059e-05,0.683614,0.315765,0.000109564,0.987491,0.0122337,0.00016574
9042,0,12,1385.92,14,1532.78,2,1,0,3.32211,0.000240987,7.63796e-06,0.873273,0.126479,3.39233e-05,0.996123,0.00379139,5.13209e-05
9043,0,12,1385.92,14,1532.78,2,1,0,3.32044,0.000352035,1.11499e-05,0.814645,0.184992,5.19777e-05,0.994055,0.00581469,7.8641e-05
9044,0,12,1385.92,14,1532.78,2,1,0,3.31878,0.000495526,1.56837e-05,0.738767,0.260722,7.88895e-05,0.990968,0.00883363,0.000119368
9045,0,12,1385.92,14,1532.78,2,1,0,3.31712,0.000668139,2.11325e-05,0.647327,0.351984,0.00011857,0.986413,0.0132894,0.000179424
9046,0,12,1385.92,14,1532.78,2,1,0,3.31547,0.000859494,2.7166e-05,0.545754,0.453359,0.00017639,0.979768,0.0197885,0.00026694
9047,0,12,1385.92,14,1532.78,2,1,0,3.31381,0.00105397,3.32899e-05,0.442273,0.556639,0.000259532,0.970204,0.0291434,0.000392796
9048,0,12,1385.92,14,1532.78,2,1,0,3.31215,0.00122759,3.8747e-05,0.349585,0.649148,0.000377286,0.956645,0.0424063,0.000571062
9049,0,12,1385.92,14,1532.78,3,1,0,3.3105,0.00136727,4.31259e-05,0.274672,0.723917,0.00054111,0.937762,0.0608773,0.000819094
9050,0,12,1385.92,14,1532.78,3,1,0,3.30884,0.00180755,5.69736e-05,0.363506,0.634629,0.000764216,0.91202,0.0860591,0.00115691
9051,0,12,1385.92,14,1532.78,0,1,0,3.30719,0.00228802,7.20679e-05,0.460618,0.537022,0.00106034,0.877816,0.119519,0.00160533
9052,0,12,1385.92,14,1529.1,3,1,13,3.30553,0.00265461,7.19141e-05,0.460441,0.536832,0.0014414,0.833752,0.162624,0.00218243
9053,0,12,1385.92,14,1529.1,3,1,0,3.30388,0.00118658,3.21216e-05,0.206024,0.792757,0.000473648,0.94532,0.0534894,0.000717212
9054,0,12,1385.92,14,1529.1,3,1,0,3.30223,0.00162758,4.40278e-05,0.282885,0.715443,0.000673021,0.922231,0.0760766,0.00101919
9055,0,12,1385.92,14,1523.43,2,1,13,3.30058,0.00214306,5.79304e-05,0.372865,0.624934,0.000940333,0.891242,0.106393,0.00142412
9056,0,12,1385.92,14,1523.43,2,1,9,3.29893,0.00111822,3.02054e-05,0.672399,0.326452,0.000297897,0.965514,0.0337373,0.000451197
9057,0,12,1385.92,14,1523.43,2,1,0,3.29728,0.000672924,1.8164e-05,0.802632,0.196677,0.000148217,0.982826,0.0168017,0.000224509
9058,0,12,1385.92,14,1523.43,2,1,0,3.29563,0.000935223,2.52259e-05,0.72539,0.27365,0.000219256,0.974571,0.0248781,0.000332142
9059,0,12,1385.92,14,1523.43,2,1,0,3.29398,0.0012459,3.35814e-05,0.633752,0.364968,0.000320599,0.962782,0.0364116,0.000485703
9060,0,12,1385.92,14,1523.43,2,1,0,3.29233,0.00158561,4.27072e-05,0.53336,0.465012,0.000462779,0.946227,0.0526091,0.000701161
9061,0,12,1385.92,14,1523.43,2,1,0,3.29069,0.00192721,5.18704e-05,0.432185,0.565836,0.000658326,0.923434,0.07491,0.000997519
9062,0,12,1385.92,14,1523.43,3,1,0,3.28904,0.00222742,5.9907e-05,0.342992,0.654721,0.00092092,0.892794,0.10489,0.00139553
9063,0,12,1385.92,14,1523.43,2,1,0,3.2874,0.00284389,7.64318e-05,0.438361,0.558718,0.00126352,0.852775,0.144047,0.00191485
9064,0,12,1385.92,14,1523.43,2,1,0,3.28575,0.00328852,8.83177e-05,0.349868,0.646755,0.00169533,0.802276,0.193459,0.00256947
9065,0,12,1385.92,14,1508.79,3,1,13,3.28411,0.0036482,9.79064e-05,0.278003,0.718251,0.00221794,0.741086,0.253334,0.00336182
9066,0,12,1385.92,14,1508.79,3,1,0,3.28247,0.00136934,3.67222e-05,0.104438,0.894156,0.000777312,0.909175,0.0888694,0.0011783
9067,0,12,1385.92,14,1504.99,2,1,13,3.28083,0.00197292,5.28706e-05,0.150603,0.847371,0.00107751,0.873982,0.123307,0.0016335
9068,0,12,1385.92,14,1504.99,2,1,0,3.27919,0.00137472,3.68133e-05,0.407428,0.591161,0.000343823,0.959751,0.0393836,0.000521277
9069,0,12,1385.92,14,1504.99,3,1,0,3.27755,0.00157345,4.21046e-05,0.320944,0.677441,0.000495123,0.941986,0.0567681,0.000750727
9070,0,12,1385.92,14,1506.74,2,1,9,3.27591,0.00203789,5.44931e-05,0.416119,0.581789,0.000702344,0.917629,0.0806034,0.00106501
9071,0,12,1385.92,14,1506.74,2,1,0,3.27427,0.00140285,3.74849e-05,0.597614,0.400946,0.000351414,0.958748,0.0403678,0.000532918
9072,0,12,1385.92,14,1506.74,2,1,0,3.27263,0.00175544,4.68724e-05,0.49591,0.502287,0.000505669,0.940585,0.0581426,0.00076691
9073,0,12,1385.92,14,1506.74,3,1,0,3.271,0.00209849,5.59917e-05,0.39672,0.601126,0.000716652,0.915716,0.0824799,0.00108698
9074,0,12,1385.92,14,1506.74,3,1,0,3.26936,0.00261977,6.98497e-05,0.495787,0.501523,0.000998019,0.882516,0.114972,0.00151387
9075,0,12,1385.92,14,1507.3,2,2,9,3.26773,0.00313059,8.34089e-05,0.59308,0.403706,0.00136198,0.839523,0.157049,0.00206613
9076,0,12,1385.92,14,1507.3,2,1,0,3.26609,0.00193883,5.16192e-05,0.747744,0.250266,0.00110027,0.679073,0.318157,0.00166925
9077,0,12,1385.92,14,1504.48,3,1,13,3.26446,0.00258789,6.88497e-05,0.662972,0.334371,0.0013788,0.597379,0.39915,0.00209199
9078,0,12,1385.92,14,1496.11,3,1,13,3.26283,0.00139786,3.71625e-05,0.358504,0.640061,0.00055366,0.838144,0.160462,0.000840115
9079,0,12,1385.92,14,1490.02,3,1,13,3.2612,0.000569362,1.51257e-05,0.146185,0.853231,0.000183352,0.946339,0.0531996,0.000278239
9080,0,12,1385.92,14,1490.02,3,1,0,3.25957,0.000198018,5.25674e-06,0.050898,0.948899,5.72322e-05,0.983231,0.0166247,8.68577e-05
9081,0,12,1385.92,14,1490.02,3,1,0,3.25794,0.000304339,8.07335e-06,0.0783133,0.921374,8.6338e-05,0.974675,0.0251078,0.000131041
9082,0,12,1385.92,14,1490.02,3,1,0,3.25631,0.000456897,1.21115e-05,0.1177,0.881831,0.000128642,0.962223,0.0374527,0.000195265
9083,0,12,1385.92,14,1490.02,3,2,0,3.25468,0.000666537,1.76559e-05,0.171896,0.82742,0.000189026,0.944429,0.0550952,0.000286944
9084,0,12,1385.92,14,1490.02,3,1,0,3.25305,0.000939321,2.48636e-05,0.242515,0.756521,0.000189828,0.950052,0.04947,0.000288185
9085,0,12,1385.92,14,1490.02,3,1,0,3.25142,0.00127147,3.36311e-05,0.328634,0.67006,0.000275264,0.927492,0.0718151,0.000417926
9086,0,12,1385.92,14,1490.02,2,1,0,3.2498,0.00164608,4.35081e-05,0.425933,0.572378,0.000392171,0.896583,0.102429,0.000595471
9087,0,12,1385.92,14,1490.02,3,1,0,3.24817,0.00189955,5.01711e-05,0.336763,0.661287,0.000547318,0.855511,0.143111,0.000831115
9088,0,12,1385.92,14,1489.87,3,1,13,3.24655,0.00243864,6.43629e-05,0.432785,0.564712,0.000745702,0.802921,0.195201,0.00113246
9089,0,12,1385.92,14,1489.87,3,1,0,3.24493,0.00105388,2.77948e-05,0.187226,0.811692,0.000251847,0.933367,0.0659989,0.0003825
9090,0,12,1385.92,14,1489.87,3,1,0,3.2433,0.00146385,3.85793e-05,0.260329,0.738168,0.000360453,0.904527,0.0945654,0.000547494
9091,0,12,1385.92,14,1479.49,3,1,13,3.24168,0.00195326,5.144e-05,0.347725,0.650271,0.000505715,0.865903,0.132823,0.000768197
9092,0,12,1385.92,14,1479.49,2,1,0,3.24006,0.000781594,2.05686e-05,0.139286,0.859912,0.00016367,0.956553,0.0430349,0.000248641
9093,0,12,1385.92,14,1483.48,3,1,9,3.23844,0.000805355,2.11785e-05,0.111877,0.887297,0.000238837,0.936529,0.062869,0.000362861
9094,0,12,1385.92,14,1483.48,3,1,9,3.23682,0.000432435,1.13635e-05,0.0601316,0.939425,0.00012033,0.967987,0.0317099,0.000182831
9095,0,12,1385.92,14,1483.48,3,1,0,3.2352,0.000228979,6.01272e-06,0.0318717,0.967893,6.04622e-05,0.983897,0.015951,9.18747e-05
9096,0,12,1385.92,14,1483.48,3,1,0,3.23359,0.000355217,9.32081e-06,0.0494918,0.950144,9.12071e-05,0.975681,0.0240889,0.000138604
9097,0,12,1385.92,14,1483.48,3,1,0,3.23197,0.000541004,1.41855e-05,0.0754516,0.923993,0.000135916,0.96372,0.0359371,0.000206564
9098,0,12,1385.92,14,1483.48,3,1,0,3.23035,0.000805908,2.1116e-05,0.112508,0.886665,0.000199789,0.946612,0.0528846,0.000303664
9099,0,12,1385.92,14,1483.48,3,1,9,3.22874,0.0011687,3.05993e-05,0.163316,0.835485,0.000289117,0.922656,0.0766152,0.000439472
9100,0,12,1385.92,14,1478.11,3,1,13,3.22712,0.000639373,1.67282e-05,0.0894354,0.909909,0.000146017,0.960895,0.0387373,0.000221971
9101,0,12,1385.92,14,1478.11,3,1,0,3.22551,0.000211795,5.53723e-06,0.0296551,0.970128,4.50584e-05,0.987919,0.0119671,6.85024e-05
9102,0,12,1385.92,14,1475.18,3,1,13,3.2239,0.000329589,8.61061e-06,0.0461941,0.953468,6.85269e-05,0.981607,0.0182204,0.00010419
9103,0,12,1385.92,14,1475.88,3,1,9,3.22229,0.000107211,2.79888e-06,0.0150412,0.984849,2.11459e-05,0.994318,0.0056287,3.21536e-05
9104,0,12,1385.92,14,1475.88,3,1,0,3.22068,5.70194e-05,1.48748e-06,0.00800746,0.991934,1.08382e-05,0.997085,0.00288818,1.64815e-05
9105,0,12,1385.92,14,1475.88,3,1,0,3.21906,9.22494e-05,2.40477e-06,0.0129678,0.986938,1.70408e-05,0.995411,0.00454614,2.59159e-05
9106,0,12,1385.92,14,1475.88,3,1,0,3.21746,0.000147395,3.83952e-06,0.0207403,0.979108,2.65306e-05,0.992847,0.00708572,4.03515e-05
9107,0,12,1385.92,14,1475.88,3,1,0,3.21585,0.000232276,6.04617e-06,0.0327164,0.967045,4.08895e-05,0.988964,0.0109329,6.21957e-05
9108,0,12,1385.92,14,1470.43,3,1,13,3.21424,0.000360295,9.37169e-06,0.0507983,0.948832,6.23568e-05,0.983151,0.0166914,9.48569e-05
9109,0,12,1385.92,14,1470.43,3,1,0,3.21263,0.000117188,3.04597e-06,0.0165388,0.983341,1.92257e-05,0.9948,0.00515201,2.92486e-05
9110,0,12,1385.92,14,1470.43,3,1,0,3.21103,0.000186003,4.8311e-06,0.0262767,0.973532,2.98562e-05,0.991915,0.00800965,4.54247e-05
9111,0,12,1385.92,14,1470.43,3,1,0,3.20942,0.000290902,7.55016e-06,0.0411366,0.958565,4.58928e-05,0.987559,0.0123257,6.98295e-05
9112,0,12,1385.92,14,1470.43,3,1,0,3.20781,0.000447213,1.15986e-05,0.0633032,0.936238,6.97884e-05,0.98106,0.0187644,0.000106198
9113,0,12,1385.92,14,1470.43,3,1,0,3.20621,0.000673539,1.74557e-05,0.0954343,0.903875,0.000104905,0.971498,0.0282378,0.000159647
9114,0,12,1385.92,14,1470.43,3,1,0,3.20461,0.000989457,2.56244e-05,0.140336,0.858649,0.000155688,0.957653,0.0419545,0.000236951
9115,0,12,1385.92,14,1464.33,3,1,13,3.20301,0.00141044,3.65002e-05,0.200244,0.79831,0.000227739,0.937986,0.0614395,0.00034664
9116,0,12,1385.92,14,1464.33,3,1,0,3.2014,0.00049856,1.28926e-05,0.0708517,0.928637,7.05197e-05,0.980776,0.0190461,0.000107346
9117,0,12,1385.92,14,1464.33,3,1,0,3.1998,0.000746402,1.92876e-05,0.106179,0.893056,0.000105985,0.971076,0.0286568,0.000161346
9118,0,12,1385.92,14,1464.33,3,1,0,3.1982,0.00108848,2.81066e-05,0.154994,0.843889,0.000157254,0.957037,0.0425668,0.000239416
9119,0,12,1385.92,14,1464.33,3,1,0,3.1966,0.0015379,3.96825e-05,0.219207,0.779215,0.000229956,0.937104,0.0623161,0.000350132
9120,0,12,1385.92,14,1464.33,3,1,9,3.19501,0.00209376,5.39856e-05,0.298732,0.69912,0.000330668,0.909457,0.0897087,0.000503519
9121,0,12,1385.92,14,1464.33,3,1,0,3.19341,0.00121806,3.13835e-05,0.173962,0.824789,0.000167126,0.954187,0.0453913,0.000254509
9122,0,12,1385.92,14,1464.33,3,1,0,3.19181,0.00170177,4.38144e-05,0.243287,0.754967,0.000243797,0.933095,0.0662895,0.0003713
9123,0,12,1385.92,14,1462.45,3,1,13,3.19022,0.00228722,5.88445e-05,0.327308,0.670346,0.000349564,0.903963,0.0951546,0.000532427
9124,0,12,1385.92,14,1462.45,3,1,9,3.18862,0.000890082,2.28828e-05,0.1275,0.871587,0.000109798,0.969801,0.0299215,0.000167249
9125,0,12,1385.92,14,1462.45,3,1,0,3.18703,0.000478558,1.22941e-05,0.0686194,0.93089,5.49311e-05,0.984875,0.0149863,8.36804e-05
9126,0,12,1385.92,14,1462.45,3,1,9,3.18543,0.000718219,1.84374e-05,0.103086,0.896177,8.31724e-05,0.977074,0.0227166,0.000126713
9127,0,12,1385.92,14,1462.45,3,1,9,3.18384,0.000382802,9.81973e-06,0.0549982,0.944609,4.16728e-05,0.9885,0.0113947,6.34939e-05
9128,0,12,1385.92,14,1461.15,3,1,13,3.18225,0.000201606,5.16786e-06,0.0289941,0.970799,2.10443e-05,0.994186,0.00576068,3.20664e-05
9129,0,12,1385.92,14,1461.15,3,1,9,3.18066,6.49941e-05,1.6648e-06,0.00935647,0.990577,6.54336e-06,0.99819,0.0017932,9.97133e-06
9130,0,12,1385.92,14,1461.15,3,1,0,3.17907,3.46708e-05,8.87432e-07,0.00499613,0.994968,3.41053e-06,0.999056,0.000935698,5.19769e-06
9131,0,12,1385.92,14,1461.15,3,1,0,3.17748,5.68403e-05,1.45381e-06,0.00819894,0.991743,5.49933e-06,0.998476,0.00151047,8.38175e-06
9132,0,12,1385.92,14,1461.15,3,1,0,3.17589,9.20979e-05,2.35388e-06,0.0132979,0.986608,8.7813e-06,0.997563,0.00241462,1.33851e-05
9133,0,12,1385.92,14,1461.15,3,1,9,3.1743,0.000147356,3.76342e-06,0.0212977,0.978551,1.38859e-05,0.996142,0.00382253,2.11676e-05
9134,0,12,1385.92,14,1461.15,3,1,0,3.17271,7.77274e-05,1.98368e-06,0.0112453,0.988675,7.13239e-06,0.998016,0.00196563,1.08735e-05
9135,0,12,1385.92,14,1461.03,3,1,13,3.17113,0.000124951,3.18653e-06,0.0180955,0.981776,1.1329e-05,0.996846,0.00312568,1.72728e-05
9136,0,12,1385.92,14,1461.03,3,1,0,3.16954,4.02889e-05,1.0267e-06,0.00584046,0.994118,3.5527e-06,0.99901,0.000981299,5.41711e-06
9137,0,12,1385.92,14,1461.03,2,1,0,3.16796,6.58423e-05,1.67666e-06,0.0095543,0.990378,5.72536e-06,0.998402,0.00158319,8.73068e-06
9138,0,12,1385.92,14,1454.63,3,1,13,3.16637,6.57305e-05,1.67259e-06,0.00933111,0.990601,9.13705e-06,0.997447,0.00252944,1.39344e-05
9139,0,12,1385.92,14,1454.63,3,1,0,3.16479,2.13215e-05,5.42151e-07,0.0030298,0.996948,2.874e-06,0.999196,0.000796515,4.38334e-06
9140,0,12,1385.92,14,1454.63,3,1,9,3.16321,3.53566e-05,8.98368e-07,0.00502919,0.994935,4.65224e-06,0.998697,0.0012908,7.09606e-06
9141,0,12,1385.92,14,1454.63,3,1,0,3.16163,1.90171e-05,4.82847e-07,0.00270772,0.997273,2.43592e-06,0.999317,0.000676626,3.71583e-06
9142,0,12,1385.92,14,1454.63,3,1,0,3.16004,3.16173e-05,8.02177e-07,0.00450623,0.995461,3.95671e-06,0.99889,0.00110029,6.03618e-06
9143,0,12,1385.92,14,1454.63,3,1,0,3.15846,5.19817e-05,1.31788e-06,0.00741601,0.992531,6.36414e-06,0.998212,0.00177175,9.70968e-06
9144,0,12,1385.92,14,1449.65,3,1,13,3.15689,8.4475e-05,2.14011e-06,0.0120637,0.98785,1.01369e-05,0.997149,0.00282524,1.5467e-05
9145,0,12,1385.92,14,1449.65,3,1,0,3.15531,2.72731e-05,6.90433e-07,0.00389866,0.996073,3.17728e-06,0.999105,0.000886535,4.84834e-06
9146,0,12,1385.92,14,1449.65,3,1,0,3.15373,4.49963e-05,1.13827e-06,0.00643858,0.993515,5.13409e-06,0.998553,0.00143415,7.835e-06
9147,0,12,1385.92,14,1449.65,3,1,0,3.15215,7.33901e-05,1.85518e-06,0.0105119,0.989413,8.21526e-06,0.997682,0.00229742,1.25382e-05
9148,0,12,1385.92,14,1449.65,3,1,0,3.15058,0.000118255,2.98709e-06,0.0169549,0.982924,1.30177e-05,0.996323,0.00364455,1.98694e-05
9149,0,12,1385.92,14,1449.65,3,1,0,3.149,0.000188035,4.74622e-06,0.0269864,0.972821,2.04256e-05,0.994223,0.00572497,3.11789e-05
9150,0,12,1385.92,14,1449.65,3,1,0,3.14743,0.000294541,7.42909e-06,0.0423139,0.957384,3.17289e-05,0.991017,0.00890313,4.8437e-05
9151,0,12,1385.92,14,1444.1,3,1,13,3.14585,0.000453363,1.14266e-05,0.0651952,0.93434,4.87769e-05,0.986174,0.0137023,7.44686e-05
9152,0,12,1385.92,14,1444.1,3,1,0,3.14428,0.000146648,3.69342e-06,0.0211095,0.97874,1.49028e-05,0.995771,0.00419116,2.27542e-05
9153,0,12,1385.92,14,1444.1,3,1,9,3.14271,0.000231675,5.83056e-06,0.033382,0.96638,2.33178e-05,0.993376,0.00656516,3.56058e-05
9154,0,12,1385.92,14,1444.1,3,1,0,3.14114,0.000121424,3.05363e-06,0.0175134,0.982362,1.18284e-05,0.996636,0.00333406,1.80632e-05
9155,0,12,1385.92,14,1444.1,3,1,0,3.13957,0.000192975,4.84945e-06,0.0278611,0.971941,1.86031e-05,0.994703,0.00524956,2.84113e-05
9156,0,12,1385.92,14,1444.1,3,1,0,3.138,0.000302073,7.58549e-06,0.0436557,0.956035,2.89669e-05,0.991743,0.00818332,4.4243e-05
9157,0,12,1385.92,14,1441.72,3,1,13,3.13643,0.000464528,1.16564e-05,0.0672006,0.932323,4.46407e-05,0.987262,0.0126255,6.81884e-05
9158,0,12,1385.92,14,1441.72,3,1,0,3.13486,0.000150168,3.76538e-06,0.0217456,0.9781,1.363e-05,0.996106,0.00385927,2.08216e-05
9159,0,12,1385.92,14,1441.72,3,1,0,3.13329,0.000237116,5.94117e-06,0.0343706,0.965386,2.1374e-05,0.993887,0.00605878,3.26542e-05
9160,0,12,1385.92,14,1443.59,3,1,9,3.13173,0.000368367,9.22299e-06,0.0534489,0.946173,3.31813e-05,0.9905,0.00941635,5.06971e-05
9161,0,12,1385.92,14,1443.15,3,1,13,3.13016,0.000192977,4.82809e-06,0.0280282,0.971774,1.67173e-05,0.995208,0.00474948,2.55442e-05
9162,0,12,1385.92,14,1443.15,3,1,0,3.12859,6.16878e-05,1.54223e-06,0.00896855,0.990968,5.17048e-06,0.998516,0.00147063,7.90123e-06
9163,0,12,1385.92,14,1443.15,3,1,0,3.12703,9.9923e-05,2.49629e-06,0.0145419,0.985356,8.27824e-06,0.997622,0.00235722,1.26514e-05
9164,0,12,1385.92,14,1438.86,3,1,13,3.12547,0.000159784,3.98879e-06,0.0232766,0.97656,1.31247e-05,0.996225,0.00374147,2.00598e-05
9165,0,12,1385.92,14,1436.77,3,1,13,3.1239,5.10604e-05,1.27371e-06,0.00744569,0.992502,4.07261e-06,0.998827,0.0011623,6.22511e-06
9166,0,12,1385.92,14,1436.77,3,1,0,3.12234,1.65064e-05,4.11452e-07,0.00240938,0.997574,1.29074e-06,0.999628,0.000368785,1.9731e-06
9167,0,12,1385.92,14,1436.68,3,1,13,3.12078,2.7566e-05,6.86626e-07,0.00402773,0.995944,2.12595e-06,0.999387,0.000608107,3.25014e-06
9168,0,12,1385.92,14,1436.68,3,1,0,3.11922,8.99535e-06,2.23895e-07,0.00131564,0.998675,6.81875e-07,0.999803,0.000195264,1.04253e-06
9169,0,12,1385.92,14,1435.17,3,1,13,3.11766,1.52171e-05,3.78475e-07,0.00222784,0.997757,1.13762e-06,0.999671,0.000326143,1.73948e-06
9170,0,12,1385.92,14,1435.17,3,1,0,3.1161,5.01575e-06,1.24658e-07,0.000735058,0.99926,3.6915e-07,0.999893,0.000105951,5.64496e-07
9171,0,12,1385.92,14,1435.17,3,1,0,3.11454,8.58816e-06,2.13286e-07,0.00125985,0.998731,6.23505e-07,0.999819,0.000179157,9.53533e-07
9172,0,12,1385.92,14,1435.17,3,1,0,3.11299,1.45447e-05,3.60951e-07,0.00213579,0.997849,1.04224e-06,0.999698,0.000299815,1.59405e-06
9173,0,12,1385.92,14,1435.17,3,1,0,3.11143,2.4364e-05,6.04184e-07,0.00358125,0.996394,1.7245e-06,0.999499,0.000496638,2.63774e-06
9174,0,12,1385.92,14,1435.17,3,1,9,3.10987,4.03613e-05,1.00015e-06,0.00593861,0.99402,2.82483e-06,0.999178,0.000814443,4.32115e-06
9175,0,12,1385.92,14,1435.17,3,1,0,3.10832,2.15399e-05,5.33361e-07,0.00317246,0.996805,1.48439e-06,0.999568,0.000428459,2.27087e-06
9176,0,12,1385.92,14,1435.17,3,1,9,3.10676,3.57839e-05,8.8541e-07,0.00527563,0.994688,2.43908e-06,0.999289,0.000704821,3.7317e-06
9177,0,12,1385.92,14,1435.65,3,1,9,3.10521,1.91304e-05,4.72998e-07,0.00282321,0.997157,1.28489e-06,0.999625,0.000371717,1.966e-06
9178,0,12,1385.92,14,1435.65,3,1,0,3.10366,1.03415e-05,2.55505e-07,0.00152771,0.998462,6.85292e-07,0.9998,0.000198478,1.04865e-06
9179,0,12,1385.92,14,1432.66,3,1,13,3.10211,1.7454e-05,4.3091e-07,0.00258097,0.997401,1.14374e-06,0.999665,0.000331632,1.75032e-06
9180,0,12,1385.92,14,1432.66,3,1,0,3.10056,5.72352e-06,1.412e-07,0.000847199,0.999147,3.70059e-07,0.999892,0.000107422,5.66369e-07
9181,0,12,1385.92,14,1432.66,3,1,0,3.09901,9.77947e-06,2.41082e-07,0.00144901,0.998541,6.253e-07,0.999817,0.00018172,9.57091e-07
9182,0,12,1385.92,14,1432.66,3,1,9,3.09746,1.65274e-05,4.0713e-07,0.0024513,0.997532,1.04566e-06,0.999693,0.000304228,1.60064e-06
9183,0,12,1385.92,14,1432.66,3,1,9,3.09591,8.9514e-06,2.20342e-07,0.00132897,0.998662,5.5946e-07,0.999836,0.000162956,8.56461e-07
9184,0,12,1385.92,14,1432.66,3,1,9,3.09436,4.9041e-06,1.20627e-07,0.000728817,0.999266,3.02983e-07,0.999911,8.83512e-05,4.63868e-07
9185,0,12,1385.92,14,1432.66,3,1,0,3.09281,2.71778e-06,6.68001e-08,0.000404305,0.999593,1.66055e-07,0.999951,4.84772e-05,2.54252e-07
9186,0,12,1385.92,14,1417.6,3,1,13,3.09127,4.71562e-06,1.15819e-07,0.000702211,0.999293,2.85153e-07,0.999916,8.33409e-05,4.36645e-07
9187,0,12,1385.92,14,1417.6,3,1,9,3.08972,1.58202e-06,3.88268e-08,0.000235818,0.999763,9.4634e-08,0.999972,2.76898e-05,1.44922e-07
9188,0,12,1385.92,14,1417.6,3,1,0,3.08818,8.95962e-07,2.19728e-08,0.000133686,0.999865,5.30447e-08,0.999984,1.55385e-05,8.12393e-08
9189,0,12,1385.92,14,1417.6,3,1,0,3.08663,1.58973e-06,3.8958e-08,0.000237441,0.999761,9.31869e-08,0.999972,2.73284e-05,1.4273e-07
9190,0,12,1385.92,14,1417.6,3,1,0,3.08509,2.78878e-06,6.82915e-08,0.000416949,0.99958,1.61897e-07,0.999952,4.75326e-05,2.47991e-07
9191,0,12,1385.92,14,1417.6,3,1,0,3.08355,4.83774e-06,1.18378e-07,0.000724011,0.999271,2.78218e-07,0.999918,8.1777e-05,4.26206e-07
9192,0,12,1385.92,14,1417.6,3,1,0,3.082,8.29969e-06,2.02941e-07,0.00124337,0.998748,4.73025e-07,0.99986,0.000139195,7.24696e-07
9193,0,12,1385.92,14,1417.6,3,1,9,3.08046,1.40834e-05,3.44106e-07,0.00211194,0.997874,7.95831e-07,0.999764,0.000234453,1.21936e-06
9194,0,12,1385.92,14,1417.6,3,1,0,3.07892,7.63674e-06,1.86453e-07,0.00114635,0.998846,4.27241e-07,0.999873,0.000126009,6.54665e-07
9195,0,12,1385.92,14,1417.6,3,1,0,3.07738,1.29823e-05,3.16731e-07,0.00195072,0.998036,7.20328e-07,0.999785,0.000212693,1.10386e-06
9196,0,12,1385.92,14,1417.6,3,1,0,3.07584,2.18281e-05,5.32149e-07,0.00328319,0.996694,1.20196e-06,0.999642,0.000355309,1.84209e-06
9197,0,12,1385.92,14,1417.6,3,1,9,3.07431,3.62955e-05,8.84195e-07,0.00546472,0.994498,1.9853e-06,0.999407,0.000587538,3.04286e-06
9198,0,12,1385.92,14,1417.6,3,1,9,3.07277,1.93325e-05,4.7061e-07,0.00291366,0.997067,1.0461e-06,0.999687,0.00030994,1.6035e-06
9199,0,12,1385.92,14,1417.6,3,1,0,3.07123,1.04126e-05,2.53285e-07,0.00157089,0.998418,5.58081e-07,0.999833,0.000165538,8.55518e-07
9200,0,12,1385.92,14,1417.6,3,1,0,3.0697,1.7593e-05,4.27627e-07,0.00265681,0.997325,9.36151e-07,0.99972,0.000277997,1.43521e-06
9201,0,12,1385.92,14,1417.6,3,1,9,3.06816,2.93977e-05,7.14031e-07,0.00444398,0.995526,1.55429e-06,0.999534,0.000462085,2.38308e-06
9202,0,12,1385.92,14,1417.6,3,1,0,3.06663,1.57061e-05,3.81196e-07,0.00237663,0.997607,8.22333e-07,0.999753,0.000244755,1.26093e-06
9203,0,12,1385.92,14,1417.6,3,1,0,3.0651,2.63119e-05,6.3813e-07,0.00398549,0.995988,1.36899e-06,0.999589,0.000407923,2.09933e-06
9204,0,12,1385.92,14,1416.02,3,1,13,3.06356,4.35876e-05,1.05632e-06,0.0066089,0.993346,2.25602e-06,0.999321,0.000673001,3.45987e-06
9205,0,12,1385.92,14,1416.02,3,1,0,3.06203,1.39808e-05,3.38567e-07,0.00212195,0.997864,7.15317e-07,0.999785,0.000213632,1.09712e-06
9206,0,12,1385.92,14,1416.02,3,1,0,3.0605,2.34839e-05,5.68273e-07,0.00356786,0.996408,1.19432e-06,0.99964,0.000357094,1.83194e-06
9207,0,12,1385.92,14,1416.02,3,1,9,3.05897,3.9008e-05,9.43232e-07,0.00593238,0.994028,1.97383e-06,0.999404,0.000590839,3.02789e-06
9208,0,12,1385.92,14,1416.02,3,1,9,3.05744,2.07176e-05,5.00589e-07,0.00315393,0.996825,1.03831e-06,0.999686,0.000311157,1.59291e-06
9209,0,12,1385.92,14,1416.51,3,1,9,3.05591,1.1126e-05,2.68631e-07,0.00169546,0.998293,5.53008e-07,0.999833,0.000165913,8.48466e-07
9210,0,12,1385.92,14,1416.51,2,1,0,3.05438,6.044e-06,1.45821e-07,0.000921954,0.999072,2.98159e-07,0.99991,8.95555e-05,4.57496e-07
9211,0,12,1385.92,14,1416.51,3,1,0,3.05286,6.02854e-06,1.45339e-07,0.00107973,0.998914,5.06678e-07,0.999846,0.000152361,7.77517e-07
9212,0,12,1385.92,14,1416.51,3,1,0,3.05133,1.03073e-05,2.48309e-07,0.00184799,0.998141,8.52036e-07,0.999741,0.000256504,1.30759e-06
9213,0,12,1385.92,14,1416.51,3,1,0,3.0498,1.74286e-05,4.19552e-07,0.003128,0.996854,1.41809e-06,0.999569,0.000427401,2.17648e-06
9214,0,12,1385.92,14,1416.51,3,1,9,3.04828,2.91415e-05,7.00988e-07,0.00523561,0.994735,2.33636e-06,0.999289,0.000704965,3.58615e-06
9215,0,12,1385.92,14,1416.51,3,1,0,3.04676,1.55436e-05,3.73618e-07,0.0027955,0.997189,1.22343e-06,0.999627,0.000369575,1.87804e-06
9216,0,12,1385.92,14,1416.51,3,1,0,3.04523,2.60576e-05,6.25873e-07,0.00469129,0.995282,2.02181e-06,0.999383,0.000611451,3.10388e-06
9217,0,12,1385.92,14,1416.51,3,1,9,3.04371,4.31871e-05,1.03653e-06,0.0077833,0.992172,3.30778e-06,0.99899,0.0010015,5.07852e-06
9218,0,12,1385.92,14,1416.51,3,1,0,3.04219,2.28722e-05,5.48544e-07,0.00412637,0.99585,1.71953e-06,0.999474,0.000521223,2.64027e-06
9219,0,12,1385.92,14,1416.51,3,1,0,3.04067,3.80243e-05,9.11258e-07,0.0068671,0.993094,2.8227e-06,0.999136,0.00085659,4.3345e-06
9220,0,12,1385.92,14,1416.51,3,1,0,3.03915,6.24738e-05,1.49608e-06,0.0112944,0.988642,4.58758e-06,0.998595,0.00139376,7.04524e-06
9221,0,12,1385.92,14,1416.51,3,1,0,3.03763,0.000101362,2.42554e-06,0.0183439,0.981552,7.38249e-06,0.997736,0.00224546,1.13384e-05
9222,0,12,1385.92,14,1416.51,3,1,0,3.03611,0.000162197,3.87838e-06,0.0293839,0.97045,1.17633e-05,0.996388,0.00358203,1.80683e-05
9223,0,12,1385.92,14,1416.51,3,1,0,3.03459,0.00025547,6.10412e-06,0.0463296,0.953409,1.85581e-05,0.994295,0.00565756,2.85074e-05
9224,0,12,1385.92,14,1416.51,3,1,0,3.03307,0.00039493,9.42928e-06,0.0716952,0.9279,2.89817e-05,0.991081,0.00884539,4.45232e-05
9225,0,12,1385.92,14,1416.51,3,1,0,3.03156,0.000596848,1.42396e-05,0.108464,0.890925,4.47854e-05,0.986202,0.0136844,6.88075e-05
9226,0,12,1385.92,14,1416.51,3,1,9,3.03004,0.000877346,2.09161e-05,0.159604,0.839497,6.84377e-05,0.978891,0.0209354,0.000105155
9227,0,12,1385.92,14,1416.51,3,1,0,3.02852,0.0004723,1.12513e-05,0.0860089,0.913508,3.37855e-05,0.989567,0.010347,5.19163e-05
9228,0,12,1385.92,14,1416.51,3,1,0,3.02701,0.000705882,1.68032e-05,0.12868,0.870598,5.2015e-05,0.98392,0.0159481,7.99354e-05
9229,0,12,1385.92,14,1416.51,3,1,0,3.0255,0.00102358,2.43477e-05,0.18679,0.812162,7.91661e-05,0.975498,0.0243007,0.000121671
9230,0,12,1385.92,14,1416.51,3,1,0,3.02398,0.00143143,3.40237e-05,0.261489,0.737045,0.000118981,0.963134,0.036564,0.000182879
9231,0,12,1385.92,14,1416.51,3,1,0,3.02247,0.00191982,4.55981e-05,0.351072,0.646963,0.000176299,0.945312,0.0542406,0.000271003
9232,0,12,1385.92,14,1416.51,3,1,0,3.02096,0.00246014,5.83876e-05,0.450347,0.547134,0.00025699,0.920191,0.0791566,0.000395072
9233,0,12,1385.92,14,1416.51,3,1,9,3.01945,0.00300978,7.1379e-05,0.551537,0.445382,0.000367498,0.885743,0.113325,0.000565005
9234,0,12,1385.92,14,1416.51,3,1,9,3.01794,0.00199771,4.73417e-05,0.366459,0.631496,0.000184149,0.942682,0.0568507,0.000283141
9235,0,12,1385.92,14,1416.51,3,1,0,3.01643,0.00119235,2.82352e-05,0.218953,0.779827,9.07001e-05,0.971737,0.0280332,0.00013947
9236,0,12,1385.92,14,1416.51,3,1,0,3.01492,0.00163736,3.87439e-05,0.300983,0.697341,0.000135727,0.957657,0.0419981,0.000208726
9237,0,12,1385.92,14,1416.51,2,1,9,3.01342,0.00215181,5.0879e-05,0.395964,0.601834,0.000200103,0.937503,0.0619891,0.000307752
9238,0,12,1385.92,14,1416.51,2,1,0,3.01191,0.00147241,3.47887e-05,0.586215,0.412278,9.86134e-05,0.969166,0.0305841,0.000151677
9239,0,12,1385.92,14,1416.51,2,1,0,3.0104,0.00184122,4.34702e-05,0.481986,0.516129,0.000147154,0.953935,0.045691,0.000226357
9240,0,12,1385.92,14,1416.51,3,1,9,3.0089,0.00219224,5.17187e-05,0.382537,0.615219,0.000216239,0.932232,0.0672189,0.000332655
9241,0,12,1385.92,14,1416.51,3,1,0,3.00739,0.00131877,3.10886e-05,0.230357,0.768293,0.000106644,0.966541,0.0331888,0.000164071
9242,0,12,1385.92,14,1416.51,3,1,0,3.00589,0.0017986,4.23685e-05,0.314498,0.683661,0.000158704,0.95015,0.0494472,0.000244187
9243,0,12,1385.92,14,1416.51,2,1,0,3.00439,0.00234658,5.52354e-05,0.410739,0.586859,0.000232467,0.926897,0.0725127,0.000357711
9244,0,12,1385.92,14,1417.22,3,1,9,3.00288,0.0026902,6.32764e-05,0.323707,0.67354,0.000334269,0.894764,0.104387,0.000514405
9245,0,12,1385.92,14,1417.22,2,1,0,3.00138,0.00155582,3.65671e-05,0.187389,0.811019,0.000166665,0.94747,0.0521068,0.000256502
9246,0,12,1385.92,14,1417.22,3,1,0,2.99988,0.00162842,3.82447e-05,0.148409,0.849924,0.000243608,0.923131,0.0762502,0.000374952
9247,0,12,1385.92,14,1417.22,3,1,9,2.99838,0.00230725,5.41469e-05,0.210466,0.787173,0.000349395,0.889625,0.109488,0.000537821
9248,0,12,1385.92,14,1417.22,3,1,9,2.99688,0.00125206,2.93615e-05,0.114315,0.884403,0.000174455,0.944826,0.0547309,0.000268561
9249,0,12,1385.92,14,1417.22,3,1,0,2.99539,0.000651823,1.52741e-05,0.0595663,0.939767,8.57075e-05,0.972863,0.0269195,0.000131952
9250,0,12,1385.92,14,1417.22,3,1,0,2.99389,0.000984267,2.3047e-05,0.0900278,0.908965,0.000128552,0.959251,0.0404227,0.00019793
9251,0,12,1385.92,14,1417.22,3,1,9,2.99239,0.00145073,3.39438e-05,0.132813,0.865702,0.000189989,0.939707,0.0598104,0.000292551
9252,0,12,1385.92,14,1417.22,3,1,0,2.99089,0.000760254,1.77749e-05,0.0696638,0.929558,9.33844e-05,0.970331,0.0294321,0.000143808
9253,0,12,1385.92,14,1417.22,3,1,0,2.9894,0.00113852,2.65988e-05,0.104419,0.894416,0.000139669,0.955575,0.0440703,0.000215102
9254,0,12,1385.92,14,1417.22,2,1,0,2.9879,0.00166116,3.878e-05,0.152491,0.845809,0.000205737,0.934485,0.0649919,0.000316881
9255,1,12,1385.92,14,1417.22,3,2,0,2.98641,0.00171814,4.00801e-05,0.122328,0.875914,0.000297736,0.905081,0.0941624,0.000458619
9256,1,12,1385.92,14,1417.22,1,3,0,2.98492,0.174601,0.0989418,0.223054,0.503403,0.02717,0.814544,0.0839245,0.0743612
9257,1,12,1385.92,14,1417.22,2,1,0,2.98342,0.180591,0.0679083,0.230717,0.520784,0.0277734,0.8332,0.0858076,0.0532191
9258,1,12,1385.92,14,1417.22,3,1,0,2.98193,0.198335,0.0745662,0.155023,0.572076,0.0443565,0.733564,0.137073,0.0850065
9259,1,12,1385.92,14,1417.22,2,1,0,2.98044,0.264255,0.09933,0.206537,0.429878,0.0656529,0.60558,0.202931,0.125836
9260,1,12,1385.92,14,1417.22,1,1,0,2.97895,0.287163,0.10792,0.137729,0.467188,0.0891861,0.464117,0.275733,0.170964
9261,1,12,1385.92,14,1417.22,2,2,0,2.97746,0.298089,0.0739503,0.142949,0.485012,0.111376,0.330682,0.344414,0.213529
9262,1,12,1385.92,14,1417.22,0,3,0,2.97597,0.314055,0.0778893,0.0970173,0.511038,0.130385,0.387207,0.232401,0.250006
9263,1,12,1385.92,14,1417.22,3,0,0,2.97449,0.215097,0.0891005,0.110987,0.584816,0.144753,0.429968,0.25804,0.167239
9264,1,12,1385.92,14,1417.22,0,1,9,2.973,0.287336,0.119003,0.148241,0.44542,0.0981266,0.45344,0.272099,0.176335
9265,1,12,1385.92,14,1417.22,3,3,0,2.97151,0.433644,0.0945558,0.117792,0.354009,0.0715613,0.601352,0.198475,0.128612
9266,0,12,1385.92,13,1560.76,1,1,13,2.97003,0.508196,0.110778,0.138007,0.243019,0.0747629,0.628524,0.207397,0.0893159
9267,0,12,1385.92,13,1560.76,3,1,0,2.96854,0.0014722,3.40341e-05,0.105897,0.892596,0.00026977,0.836028,0.163286,0.000415974
9268,0,12,1385.92,13,1456.76,3,1,13,2.96706,0.00213829,4.93954e-05,0.153942,0.843871,0.000370761,0.774356,0.224702,0.000571748
9269,0,12,1385.92,13,1432.35,3,1,13,2.96557,0.000696496,1.60772e-05,0.0501857,0.949102,0.0001239,0.924499,0.0751864,0.000191081
9270,0,12,1385.92,13,1432.35,3,1,9,2.96409,0.000214338,4.94384e-06,0.0154572,0.984323,3.75775e-05,0.977072,0.0228325,5.7958e-05
9271,0,12,1385.92,13,1432.35,3,1,0,2.96261,0.000109418,2.5219e-06,0.00789757,0.99199,1.86386e-05,0.988613,0.0113395,2.87499e-05
9272,0,12,1385.92,13,1432.35,3,1,0,2.96113,0.000176513,4.06525e-06,0.0127513,0.987068,2.90725e-05,0.982216,0.0177101,4.48479e-05
9273,0,12,1385.92,13,1432.35,2,1,0,2.95965,0.000281254,6.47263e-06,0.0203351,0.979377,4.47942e-05,0.972564,0.0273224,6.91067e-05
9274,0,12,1385.92,13,1420.14,3,1,13,2.95817,0.000281231,6.46723e-06,0.0188152,0.980897,6.80814e-05,0.958247,0.0415798,0.000105042
9275,0,12,1385.92,13,1408.31,3,1,13,2.95669,8.60479e-05,1.97728e-06,0.00576169,0.99415,2.03594e-05,0.987498,0.0124502,3.1415e-05
9276,0,12,1385.92,13,1408.31,3,1,0,2.95521,2.67012e-05,6.13097e-07,0.00178939,0.998183,6.10644e-06,0.996245,0.00373901,9.42322e-06
9277,0,12,1385.92,13,1408.31,3,1,0,2.95373,4.44802e-05,1.02056e-06,0.00298337,0.996971,9.78256e-06,0.993978,0.00599761,1.50974e-05
9278,0,12,1385.92,13,1408.31,3,1,0,2.95225,7.32993e-05,1.68052e-06,0.00492046,0.995005,1.55062e-05,0.990442,0.00951898,2.39328e-05
9279,0,12,1385.92,13,1408.31,3,1,0,2.95078,0.000119461,2.73679e-06,0.00802595,0.991852,2.43076e-05,0.984997,0.0149411,3.75204e-05
9280,0,12,1385.92,13,1408.31,3,1,0,2.9493,0.000192458,4.4058e-06,0.0129412,0.986862,3.76547e-05,0.976729,0.0231749,5.81274e-05
9281,0,12,1385.92,13,1408.31,3,1,0,2.94783,0.000306253,7.00551e-06,0.0206102,0.979077,5.75719e-05,0.964375,0.0354787,8.88813e-05
9282,0,12,1385.92,13,1408.31,3,1,0,2.94635,0.000480723,1.09882e-05,0.0323789,0.967129,8.67275e-05,0.946265,0.0535146,0.000133904
9283,0,12,1385.92,13,1404.41,3,1,13,2.94488,0.000742914,1.69684e-05,0.0500809,0.949159,0.000128411,0.920336,0.0793372,0.00019828
9284,0,12,1385.92,13,1405.93,3,1,9,2.94341,0.000227472,5.19161e-06,0.0153471,0.98442,3.88861e-05,0.975845,0.0240561,6.00492e-05
9285,0,12,1385.92,13,1405.93,3,1,9,2.94194,0.000115709,2.63884e-06,0.00781325,0.992068,1.92376e-05,0.988035,0.0119163,2.971e-05
9286,0,12,1385.92,13,1405.93,3,1,0,2.94047,5.94204e-05,1.35411e-06,0.00401575,0.995923,9.59013e-06,0.994028,0.00594802,1.4812e-05
9287,0,12,1385.92,13,1405.93,3,1,9,2.939,9.73476e-05,2.21674e-06,0.0065845,0.993316,1.5214e-05,0.990513,0.00944824,2.35001e-05
9288,0,12,1385.92,13,1401.98,3,1,13,2.93753,5.01157e-05,1.14034e-06,0.00339263,0.996556,7.60751e-06,0.99525,0.00473051,1.17519e-05
9289,0,12,1385.92,13,1401.98,3,1,9,2.93606,1.56376e-05,3.5555e-07,0.00105949,0.998925,2.30568e-06,0.998559,0.00143557,3.56205e-06
9290,0,12,1385.92,13,1401.98,3,1,9,2.93459,8.32242e-06,1.89083e-07,0.000564346,0.999427,1.1917e-06,0.999254,0.000742933,1.84122e-06
9291,0,12,1385.92,13,1401.98,3,1,0,2.93312,4.48313e-06,1.01778e-07,0.000304259,0.999691,6.23718e-07,0.999609,0.000389342,9.63753e-07
9292,0,12,1385.92,13,1401.98,3,1,9,2.93166,7.75181e-06,1.75853e-07,0.00052654,0.999466,1.0483e-06,0.999342,0.000655219,1.61994e-06
9293,0,12,1385.92,13,1401.49,3,1,13,2.93019,4.18014e-06,9.47561e-08,0.000284175,0.999712,5.49835e-07,0.999654,0.000344107,8.49739e-07
9294,0,12,1385.92,13,1401.49,3,1,9,2.92873,1.36533e-06,3.09262e-08,9.28967e-05,0.999906,1.74768e-07,0.99989,0.000109517,2.70118e-07
9295,0,12,1385.92,13,1401.49,3,1,0,2.92726,7.61603e-07,1.7238e-08,5.18629e-05,0.999947,9.49181e-08,0.99994,5.95565e-05,1.46716e-07
9296,0,12,1385.92,13,1401.49,3,1,0,2.9258,1.36453e-06,3.08613e-08,9.29992e-05,0.999906,1.65661e-07,0.999896,0.000104078,2.56086e-07
9297,0,12,1385.92,13,1401.49,3,1,0,2.92433,2.41678e-06,5.46181e-08,0.000164854,0.999833,2.85961e-07,0.999819,0.00017989,4.42091e-07
9298,0,12,1385.92,13,1401.49,3,1,9,2.92287,4.23229e-06,9.55755e-08,0.000288938,0.999707,4.88311e-07,0.999691,0.000307578,7.54986e-07
9299,0,12,1385.92,13,1401.49,3,1,0,2.92141,2.30716e-06,5.20618e-08,0.000157642,0.99984,2.59696e-07,0.999836,0.000163789,4.01556e-07
9300,0,12,1385.92,13,1401.49,3,1,0,2.91995,4.04456e-06,9.11976e-08,0.000276588,0.999719,4.44355e-07,0.999718,0.000280614,6.87145e-07
9301,0,12,1385.92,13,1401.49,3,1,0,2.91849,7.01172e-06,1.57982e-07,0.000479904,0.999513,7.52246e-07,0.999522,0.000475663,1.16336e-06
9302,0,12,1385.92,13,1401.49,3,1,0,2.91703,1.20229e-05,2.70684e-07,0.000823579,0.999164,1.26016e-06,0.999199,0.000797858,1.94903e-06
9303,0,12,1385.92,13,1401.49,3,1,0,2.91557,2.03928e-05,4.58775e-07,0.00139811,0.998581,2.08921e-06,0.99867,0.00132447,3.23157e-06
9304,0,12,1385.92,13,1401.49,3,1,9,2.91411,3.4218e-05,7.69218e-07,0.00234794,0.997617,3.42819e-06,0.997815,0.00217614,5.30316e-06
9305,0,12,1385.92,13,1401.49,3,1,0,2.91266,1.7896e-05,4.01994e-07,0.00122901,0.998753,1.75379e-06,0.998881,0.0011147,2.71322e-06
9306,0,12,1385.92,13,1401.49,3,1,0,2.9112,3.01134e-05,6.75919e-07,0.00206979,0.997899,2.88845e-06,0.998154,0.00183826,4.469e-06
9307,0,12,1385.92,13,1401.49,3,1,0,2.90975,5.01268e-05,1.12428e-06,0.00344829,0.9965,4.7085e-06,0.996988,0.00300045,7.28561e-06
9308,0,12,1385.92,13,1401.49,3,1,9,2.90829,8.25338e-05,1.84972e-06,0.00568242,0.994233,7.59641e-06,0.995134,0.00484699,1.17552e-05
9309,0,12,1385.92,13,1401.49,3,1,9,2.90684,4.24581e-05,9.50835e-07,0.0029257,0.997031,3.82757e-06,0.997545,0.00244539,5.92355e-06
9310,0,12,1385.92,13,1401.49,3,1,0,2.90538,2.20981e-05,4.94503e-07,0.00152402,0.998453,1.95229e-06,0.998746,0.00124891,3.02163e-06
9311,0,12,1385.92,13,1401.49,3,1,0,2.90393,3.70331e-05,8.28086e-07,0.0025562,0.997406,3.20904e-06,0.997936,0.00205552,4.96718e-06
9312,0,12,1385.92,13,1401.49,3,1,0,2.90248,6.13923e-05,1.37173e-06,0.00424117,0.995696,5.22073e-06,0.996638,0.00334842,8.08173e-06
9313,0,12,1385.92,13,1401.49,3,1,0,2.90103,0.000100657,2.24733e-06,0.00695956,0.992938,8.40581e-06,0.99458,0.00539821,1.30134e-05
9314,0,12,1385.92,13,1401.49,3,1,0,2.89958,0.000163154,3.63993e-06,0.0112903,0.988543,1.33912e-05,0.991355,0.00861099,2.07334e-05
9315,0,12,1385.92,13,1401.49,3,1,0,2.89813,0.000261259,5.8242e-06,0.0180946,0.981638,2.10993e-05,0.986361,0.013585,3.26704e-05
9316,0,12,1385.92,13,1401.49,3,1,9,2.89668,0.000412817,9.19583e-06,0.0286155,0.970962,3.28551e-05,0.978735,0.0211816,5.08777e-05
9317,0,12,1385.92,13,1401.49,3,1,0,2.89523,0.000207788,4.62512e-06,0.0144156,0.985372,1.61898e-05,0.989508,0.010451,2.50729e-05
9318,0,12,1385.92,13,1401.49,3,1,0,2.89378,0.000330578,7.3527e-06,0.0229538,0.976708,2.53899e-05,0.983524,0.0164112,3.93243e-05
9319,0,12,1385.92,13,1401.49,3,1,9,2.89233,0.000518536,1.15245e-05,0.0360353,0.963435,3.93354e-05,0.974442,0.025458,6.09287e-05
9320,0,12,1385.92,13,1401.49,3,1,0,2.89089,0.000260679,5.78918e-06,0.0181311,0.981602,1.93457e-05,0.987414,0.0125369,2.99682e-05
9321,0,12,1385.92,13,1401.49,3,1,0,2.88944,0.00041203,9.14344e-06,0.0286824,0.970896,3.0201e-05,0.980326,0.0195969,4.67881e-05
9322,0,12,1385.92,13,1401.49,3,1,0,2.888,0.000641478,1.42243e-05,0.0446927,0.954652,4.65534e-05,0.969634,0.0302469,7.21281e-05
9323,0,12,1385.92,13,1401.49,3,1,0,2.88655,0.000981172,2.17402e-05,0.0684178,0.930579,7.07451e-05,0.953795,0.0460244,0.000109619
9324,0,12,1385.92,13,1401.49,3,1,0,2.88511,0.00146922,3.25293e-05,0.102537,0.895961,0.000105753,0.930841,0.0688889,0.000163879
9325,0,12,1385.92,13,1401.49,2,1,9,2.88367,0.00214413,4.74359e-05,0.149766,0.848043,0.000155045,0.898476,0.101129,0.000240283
9326,0,12,1385.92,13,1401.49,3,1,9,2.88223,0.00175211,3.87335e-05,0.304387,0.693822,7.71757e-05,0.9494,0.0504036,0.000119615
9327,0,12,1385.92,13,1401.49,3,1,0,2.88079,0.000996592,2.20147e-05,0.173312,0.825669,3.78936e-05,0.975123,0.0247805,5.87367e-05
9328,0,12,1385.92,13,1401.49,2,1,0,2.87935,0.00141023,3.11282e-05,0.2455,0.753059,5.80022e-05,0.961872,0.0379797,8.99137e-05
9329,0,12,1385.92,13,1401.49,3,1,9,2.87791,0.00150997,3.33042e-05,0.191126,0.807331,8.74278e-05,0.942455,0.0573218,0.00013554
9330,0,12,1385.92,13,1401.49,3,1,0,2.87647,0.000806264,1.77696e-05,0.102152,0.897023,4.29552e-05,0.97169,0.0282,6.65998e-05
9331,0,12,1385.92,13,1401.49,3,1,0,2.87503,0.00118958,2.61977e-05,0.150864,0.84792,6.54755e-05,0.956793,0.0430404,0.000101525
9332,0,12,1385.92,13,1401.49,3,1,9,2.87359,0.00169882,3.73838e-05,0.215655,0.782609,9.82105e-05,0.935107,0.0646426,0.000152297
9333,0,12,1385.92,13,1401.49,3,1,0,2.87215,0.00091741,2.0173e-05,0.116573,0.882489,4.83037e-05,0.968042,0.031835,7.49122e-05
9334,0,12,1385.92,13,1401.49,2,1,9,2.87072,0.00134019,2.94471e-05,0.17046,0.82817,7.33254e-05,0.951424,0.0483886,0.000113727
9335,0,12,1385.92,13,1401.49,2,1,0,2.86928,0.00107637,2.36323e-05,0.332901,0.665999,3.59493e-05,0.976154,0.0237543,5.57619e-05
9336,0,12,1385.92,13,1401.49,3,1,9,2.86785,0.00119714,2.62637e-05,0.257102,0.741674,5.51337e-05,0.963381,0.0364783,8.5527e-05
9337,0,12,1385.92,13,1401.17,3,1,13,2.86641,0.000665346,1.45857e-05,0.143046,0.856274,2.70047e-05,0.982041,0.0178904,4.18951e-05
9338,0,12,1385.92,13,1401.17,3,1,0,2.86498,0.000215523,4.72108e-06,0.0463861,0.953394,7.94312e-06,0.994711,0.0052691,1.23241e-05
9339,0,12,1385.92,13,1401.17,3,1,0,2.86355,0.000336385,7.36294e-06,0.0724764,0.92718,1.26842e-05,0.991543,0.00842506,1.96818e-05
9340,0,12,1385.92,13,1401.17,3,1,0,2.86212,0.000512769,1.12152e-05,0.110599,0.888878,2.00322e-05,0.986626,0.0133231,3.10862e-05
9341,0,12,1385.92,13,1401.17,3,1,0,2.86069,0.000759216,1.65927e-05,0.16393,0.835294,3.12663e-05,0.979099,0.0208217,4.85236e-05
9342,0,12,1385.92,13,1399.93,3,1,13,2.85926,0.00108492,2.36929e-05,0.234509,0.764382,4.81741e-05,0.967754,0.0321231,7.47702e-05
9343,0,12,1385.92,13,1399.93,3,1,0,2.85783,0.000374311,8.16808e-06,0.0809956,0.918622,1.41309e-05,0.990529,0.00943491,2.19342e-05
9344,0,12,1385.92,13,1399.45,3,1,13,2.8564,0.000566805,1.23591e-05,0.12278,0.87664,2.22605e-05,0.985061,0.0148823,3.45562e-05
9345,0,12,1385.92,13,1399.45,3,1,0,2.85497,0.000180997,3.9436e-06,0.0392494,0.960566,6.54563e-06,0.995602,0.00438178,1.01621e-05
9346,0,12,1385.92,13,1399.45,3,1,0,2.85354,0.000284772,6.19994e-06,0.0618198,0.937889,1.05017e-05,0.992934,0.00703924,1.63053e-05
9347,0,12,1385.92,13,1399.45,3,1,0,2.85211,0.000438313,9.53545e-06,0.0952536,0.904299,1.66665e-05,0.988772,0.011186,2.58791e-05
9348,0,12,1385.92,13,1399.45,3,1,0,2.85069,0.000656627,1.42739e-05,0.142851,0.856478,2.61479e-05,0.982361,0.0175724,4.06052e-05
9349,0,12,1385.92,13,1399.45,2,1,0,2.84926,0.000951542,2.0669e-05,0.207234,0.791794,4.05159e-05,0.972633,0.0272638,6.29228e-05
9350,0,12,1385.92,13,1399.45,3,2,0,2.84784,0.00100553,2.18251e-05,0.161126,0.837847,6.19124e-05,0.958126,0.0417161,9.61609e-05
9351,0,12,1385.92,13,1399.45,3,1,0,2.84641,0.00143336,3.10873e-05,0.229914,0.768621,6.20848e-05,0.962649,0.0371924,9.64371e-05
9352,0,12,1385.92,13,1398.7,3,1,13,2.84499,0.00196198,4.25194e-05,0.315025,0.682971,9.35996e-05,0.943618,0.0561435,0.000145402
9353,0,12,1385.92,13,1398.7,3,1,0,2.84357,0.000716975,1.55262e-05,0.115238,0.884029,2.74967e-05,0.983415,0.0165144,4.27185e-05
9354,0,12,1385.92,13,1398.7,2,1,9,2.84215,0.00105359,2.2798e-05,0.169513,0.82941,4.26005e-05,0.974273,0.0256184,6.61895e-05
9355,0,12,1385.92,13,1398.7,2,1,0,2.84073,0.000847262,1.83195e-05,0.331257,0.667877,2.07871e-05,0.98743,0.0125166,3.23003e-05
9356,0,12,1385.92,13,1398.7,3,1,0,2.83931,0.000943021,2.03743e-05,0.254682,0.744355,3.24595e-05,0.980347,0.01957,5.04419e-05
9357,0,12,1385.92,13,1398.7,3,1,0,2.83789,0.00128249,2.76875e-05,0.346752,0.651938,5.00472e-05,0.96966,0.0302124,7.77801e-05
9358,0,12,1385.92,13,1398.7,3,2,0,2.83647,0.00166136,3.58392e-05,0.44969,0.548613,7.6073e-05,0.953823,0.0459824,0.000118238
9359,0,12,1385.92,13,1398.7,3,1,0,2.83505,0.00204775,4.41406e-05,0.554898,0.44301,7.63446e-05,0.959038,0.0407672,0.000118671
9360,0,12,1385.92,13,1398.7,2,2,0,2.83363,0.00239338,5.15513e-05,0.649283,0.348272,0.000114471,0.938504,0.0612031,0.000177951
9361,0,12,1385.92,13,1398.7,2,1,0,2.83221,0.00307615,6.62069e-05,0.548786,0.448072,0.000115233,0.946453,0.0532524,0.00017915
9362,0,12,1385.92,13,1398.7,3,1,0,2.8308,0.00377194,8.11197e-05,0.446179,0.549968,0.000170342,0.920748,0.0788166,0.000264851
9363,0,12,1385.92,13,1398.7,3,1,9,2.82938,0.00461933,9.92675e-05,0.546939,0.448343,0.000246761,0.885054,0.114316,0.000383703
9364,0,12,1385.92,13,1398.7,3,1,0,2.82797,0.00300267,6.44767e-05,0.355863,0.64107,0.00012184,0.943175,0.0565137,0.000189473
9365,0,12,1385.92,13,1398.7,3,1,9,2.82655,0.00383607,8.2309e-05,0.455067,0.541014,0.000179641,0.916115,0.0834261,0.000279384
9366,0,12,1385.92,13,1398.7,0,1,9,2.82514,0.00236432,5.06913e-05,0.280744,0.716841,8.77061e-05,0.958995,0.0407811,0.000136415
9367,0,12,1385.92,13,1398.7,3,1,0,2.82373,0.00879099,5.02712e-05,0.278898,0.712261,4.24362e-05,0.980136,0.019756,6.60098e-05
9368,0,12,1385.92,13,1398.7,2,1,0,2.82232,0.0116443,6.65192e-05,0.369676,0.618613,6.51195e-05,0.96948,0.0303534,0.000101303
9369,0,12,1385.92,13,1398.7,3,1,9,2.82091,0.0131112,7.48216e-05,0.289717,0.697097,9.85322e-05,0.953764,0.0459842,0.000153295
9370,0,12,1385.92,13,1398.7,3,1,9,2.81949,0.00731613,4.17077e-05,0.161764,0.830878,4.767e-05,0.977604,0.0222746,7.41708e-05
9371,0,12,1385.92,13,1398.7,3,1,0,2.81809,0.00381482,2.1725e-05,0.0844002,0.911763,2.31025e-05,0.989133,0.0108083,3.59488e-05
9372,0,12,1385.92,13,1398.7,3,1,0,2.81668,0.00566585,3.22331e-05,0.12543,0.868871,3.60643e-05,0.983015,0.0168931,5.61231e-05
9373,0,12,1385.92,13,1398.7,3,2,0,2.81527,0.00816898,4.64255e-05,0.180957,0.810828,5.56193e-05,0.973773,0.0260851,8.65622e-05
9374,0,12,1385.92,13,1398.7,2,1,9,2.81386,0.011368,6.4539e-05,0.251976,0.736591,5.5615e-05,0.975602,0.0242559,8.65631e-05
9375,0,12,1385.92,13,1398.7,3,1,0,2.81245,0.00844666,4.79043e-05,0.443745,0.547761,2.68791e-05,0.988194,0.0117373,4.18403e-05
9376,0,12,1385.92,13,1398.7,2,1,0,2.81105,0.0103876,5.88512e-05,0.546144,0.44341,4.18214e-05,0.981609,0.0182844,6.51053e-05
9377,0,12,1385.92,13,1395.41,3,1,13,2.80964,0.0127431,7.21215e-05,0.442819,0.544366,6.42747e-05,0.9717,0.0281353,0.000100068
9378,0,12,1385.92,13,1395.41,2,1,0,2.80824,0.00525055,2.96857e-05,0.182585,0.812134,1.85075e-05,0.991841,0.00811121,2.88165e-05
9379,0,12,1385.92,13,1395.41,3,1,9,2.80683,0.00549613,3.1042e-05,0.143496,0.850977,2.90728e-05,0.987169,0.0127572,4.52709e-05
9380,0,12,1385.92,13,1395.41,3,1,0,2.80543,0.00284517,1.60528e-05,0.0743317,0.922807,1.41352e-05,0.993754,0.0062101,2.20127e-05
9381,0,12,1385.92,13,1395.9,3,1,9,2.80403,0.00427579,2.40995e-05,0.11178,0.88392,2.23498e-05,0.990112,0.00983104,3.48085e-05
9382,0,12,1385.92,13,1395.9,3,1,9,2.80262,0.00218394,1.22966e-05,0.0571312,0.940673,1.09029e-05,0.99517,0.0048017,1.69821e-05
9383,0,12,1385.92,13,1395.9,3,1,0,2.80122,0.00109673,6.16865e-06,0.0287087,0.970188,5.38018e-06,0.997614,0.00237235,8.38076e-06
9384,0,12,1385.92,13,1395.9,3,1,9,2.79982,0.00172464,9.69039e-06,0.045175,0.953091,8.69211e-06,0.99614,0.0038374,1.3541e-05
9385,0,12,1385.92,13,1395.9,3,1,9,2.79842,0.000864298,4.85128e-06,0.0226541,0.976477,4.30485e-06,0.998086,0.00190282,6.7069e-06
9386,0,12,1385.92,13,1395.9,3,1,0,2.79702,0.000433865,2.43274e-06,0.0113794,0.988184,2.15941e-06,0.999039,0.000955665,3.36464e-06
9387,0,12,1385.92,13,1395.9,3,1,9,2.79562,0.000702531,3.93511e-06,0.0184381,0.980855,3.556e-06,0.998415,0.00157566,5.54119e-06
9388,0,12,1385.92,13,1395.9,3,1,9,2.79423,0.000353221,1.97646e-06,0.00927644,0.990368,1.78958e-06,0.999201,0.000793926,2.78889e-06
9389,0,12,1385.92,13,1395.9,3,1,0,2.79283,0.000179157,1.00144e-06,0.00470818,0.995112,9.12433e-07,0.999592,0.000405283,1.42206e-06
9390,0,12,1385.92,13,1395.9,3,1,9,2.79143,0.000296573,1.65604e-06,0.00779891,0.991903,1.52917e-06,0.999316,0.000680053,2.38348e-06
9391,0,12,1385.92,13,1395.9,3,1,0,2.79004,0.000150783,8.4109e-07,0.00396771,0.995881,7.81754e-07,0.99965,0.000348087,1.21861e-06
9392,0,12,1385.92,13,1395.9,3,1,9,2.78864,0.000250615,1.39652e-06,0.006599,0.993149,1.31435e-06,0.999411,0.000585948,2.04902e-06
9393,0,12,1385.92,13,1395.9,3,1,0,2.78725,0.000127723,7.1098e-07,0.00336531,0.996506,6.7367e-07,0.999698,0.000300693,1.05031e-06
9394,0,12,1385.92,13,1395.41,3,1,13,2.78585,0.000213102,1.18502e-06,0.00561858,0.994167,1.13612e-06,0.999489,0.000507729,1.77148e-06
9395,0,12,1385.92,13,1395.41,3,1,0,2.78446,6.45515e-05,3.58585e-07,0.00170306,0.998232,3.45759e-07,0.999844,0.000154707,5.39166e-07
9396,0,12,1385.92,13,1395.41,3,1,0,2.78307,0.000109308,6.06579e-07,0.00288576,0.997004,5.90981e-07,0.999734,0.000264753,9.2164e-07
9397,0,12,1385.92,13,1395.41,3,1,9,2.78168,0.000183038,1.01467e-06,0.0048354,0.994981,9.99427e-07,0.999549,0.000448279,1.55876e-06
9398,0,12,1385.92,13,1395.41,3,1,0,2.78029,9.37038e-05,5.18906e-07,0.00247704,0.997429,5.14524e-07,0.999768,0.000231065,8.02549e-07
9399,0,12,1385.92,13,1395.41,3,1,0,2.7789,0.000157453,8.71026e-07,0.00416496,0.995677,8.72624e-07,0.999605,0.000392361,1.36123e-06
9400,0,12,1385.92,13,1395.41,3,1,0,2.77751,0.000261581,1.44556e-06,0.00692393,0.992813,1.46446e-06,0.999337,0.000659277,2.28466e-06
9401,0,12,1385.92,13,1395.41,3,1,0,2.77612,0.000429464,2.37085e-06,0.0113752,0.988193,2.43232e-06,0.998897,0.00109633,3.79492e-06
9402,0,12,1385.92,13,1395.41,3,1,0,2.77473,0.000696238,3.83958e-06,0.0184532,0.980847,3.99851e-06,0.998185,0.00180447,6.23905e-06
9403,0,12,1385.92,13,1395.41,3,1,0,2.77334,0.00111307,6.13192e-06,0.0295204,0.96936,6.50621e-06,0.997044,0.00293975,1.01528e-05
9404,0,12,1385.92,13,1395.41,3,1,0,2.77196,0.00175121,9.63744e-06,0.0464755,0.951764,1.04783e-05,0.995233,0.00474027,1.63526e-05
9405,0,12,1385.92,13,1395.41,3,1,0,2.77057,0.00270351,1.48627e-05,0.0717954,0.925486,1.66996e-05,0.992393,0.00756399,2.60641e-05
9406,0,12,1385.92,13,1395.41,3,1,0,2.76919,0.00407879,2.24001e-05,0.108389,0.88751,2.63282e-05,0.987993,0.0119398,4.10957e-05
9407,0,12,1385.92,13,1395.41,3,1,0,2.7678,0.00598301,3.28236e-05,0.159096,0.834888,4.10361e-05,0.981262,0.0186326,6.40589e-05
9408,0,12,1385.92,13,1395.41,3,1,9,2.76642,0.00848255,4.64879e-05,0.22571,0.765761,6.31701e-05,0.97112,0.0287178,9.86197e-05
9409,0,12,1385.92,13,1395.41,3,1,0,2.76503,0.00455154,2.49184e-05,0.12119,0.874233,3.03333e-05,0.986116,0.0138067,4.73598e-05
9410,0,12,1385.92,13,1395.41,3,1,0,2.76365,0.0066178,3.61928e-05,0.176323,0.817023,4.71037e-05,0.978413,0.0214663,7.35503e-05
9411,0,12,1385.92,13,1398.63,3,1,9,2.76227,0.00928388,5.07208e-05,0.247519,0.743146,7.22119e-05,0.966866,0.032949,0.000112766
9412,0,12,1385.92,13,1398.63,3,1,0,2.76089,0.00503806,2.74958e-05,0.134409,0.860526,3.46413e-05,0.984086,0.0158256,5.41005e-05
9413,0,12,1385.92,13,1398.63,3,1,9,2.75951,0.00726099,3.95865e-05,0.193841,0.798858,5.36e-05,0.975346,0.0245168,8.37164e-05
9414,0,12,1385.92,13,1398.63,3,1,0,2.75813,0.00383014,2.08599e-05,0.102317,0.893832,2.57408e-05,0.988146,0.0117883,4.02074e-05
9415,0,12,1385.92,13,1398.63,2,1,0,2.75675,0.00564622,3.07187e-05,0.150931,0.843392,4.01569e-05,0.981484,0.0184129,6.27312e-05
9416,0,12,1385.92,13,1398.63,3,1,0,2.75537,0.00584717,3.17788e-05,0.119838,0.874283,6.18737e-05,0.971436,0.0284054,9.66647e-05
9417,0,12,1385.92,13,1398.63,2,2,0,2.75399,0.00847079,4.599e-05,0.173714,0.817769,9.4021e-05,0.956542,0.0432167,0.000146901
9418,0,12,1385.92,13,1398.63,3,1,9,2.75262,0.0088322,4.79022e-05,0.137681,0.853439,9.43013e-05,0.961167,0.0385913,0.000147352
9419,0,12,1385.92,13,1398.63,3,1,0,2.75124,0.00449914,2.4376e-05,0.0701733,0.925303,4.50788e-05,0.981414,0.01847,7.0445e-05
9420,0,12,1385.92,13,1398.63,3,1,0,2.74986,0.0067324,3.64376e-05,0.105063,0.888168,6.93133e-05,0.971389,0.0284337,0.000108326
9421,0,12,1385.92,13,1398.63,2,1,0,2.74849,0.00980531,5.30136e-05,0.153102,0.83704,0.000105116,0.956558,0.0431728,0.000164296
9422,0,12,1385.92,13,1398.63,3,1,0,2.74711,0.0101501,5.48207e-05,0.122549,0.867246,0.00015691,0.935075,0.0645226,0.00024527
9423,0,12,1385.92,13,1398.63,3,1,0,2.74574,0.0145258,7.83716e-05,0.175466,0.80993,0.00022991,0.904756,0.094655,0.000359411
9424,0,12,1385.92,13,1398.63,3,1,0,2.74437,0.0200867,0.000108261,0.24276,0.737045,0.000329517,0.863328,0.135827,0.000515169
9425,0,12,1385.92,13,1398.63,3,1,0,2.743,0.026707,0.000143792,0.322932,0.650217,0.000460068,0.808952,0.189869,0.000719338
9426,0,12,1385.92,13,1398.63,2,1,0,2.74162,0.0340277,0.000183017,0.411657,0.554132,0.000623009,0.740979,0.257424,0.000974191
9427,0,12,1385.92,13,1398.63,3,2,0,2.74025,0.0389093,0.000209053,0.326901,0.63398,0.00081502,0.660742,0.337168,0.00127455
9428,0,12,1385.92,13,1398.63,2,2,0,2.73888,0.0490324,0.000263168,0.412128,0.538577,0.000894281,0.725972,0.271735,0.00139863
9429,0,12,1385.92,13,1395.41,2,1,13,2.73751,0.0559925,0.00030021,0.328385,0.615322,0.000956364,0.777412,0.220136,0.00149586
9430,0,12,1385.92,13,1395.41,2,1,9,2.73615,0.028123,0.000150627,0.662524,0.309203,0.000300017,0.930098,0.069133,0.0004693
9431,0,12,1385.92,13,1395.41,2,1,9,2.73478,0.0157055,8.40307e-05,0.811452,0.172759,0.000142279,0.966814,0.0328211,0.000222579
9432,0,12,1385.92,13,1395.41,2,1,9,2.73341,0.00809094,4.32446e-05,0.902823,0.0890423,6.711e-05,0.98433,0.0154979,0.000104995
9433,0,12,1385.92,13,1395.41,2,1,0,2.73204,0.00400966,2.14085e-05,0.951821,0.0441483,3.18264e-05,0.992561,0.00735777,4.97978e-05
9434,0,12,1385.92,13,1393.88,2,1,13,2.73068,0.00610813,3.25786e-05,0.926574,0.0672857,4.96192e-05,0.988389,0.0114837,7.76444e-05
9435,0,12,1385.92,13,1379.26,2,1,13,2.72931,0.00179825,9.58116e-06,0.978374,0.0198185,1.39578e-05,0.99673,0.00323386,2.18432e-05
9436,0,12,1385.92,13,1379.26,2,1,9,2.72795,0.000522142,2.77909e-06,0.993718,0.00575731,4.00131e-06,0.999062,0.000928068,6.2624e-06
9437,0,12,1385.92,13,1379.26,2,1,9,2.72658,0.000260268,1.38382e-06,0.996867,0.00287118,1.98995e-06,0.999533,0.000462054,3.11473e-06
9438,0,12,1385.92,13,1379.26,2,1,0,2.72522,0.000131309,6.97428e-07,0.998419,0.00144925,1.00302e-06,0.999764,0.000233148,1.57009e-06
9439,0,12,1385.92,13,1379.26,2,1,0,2.72386,0.000219922,1.16686e-06,0.99735,0.00242843,1.68202e-06,0.999604,0.000391408,2.63322e-06
9440,0,12,1385.92,13,1379.26,2,1,0,2.7225,0.000364363,1.93121e-06,0.995608,0.00402532,2.79181e-06,0.999342,0.000650363,4.37099e-06
9441,0,12,1385.92,13,1379.26,2,1,0,2.72113,0.000597041,3.16114e-06,0.992801,0.00659901,4.587e-06,0.998919,0.00106973,7.18228e-06
9442,0,12,1385.92,13,1379.26,2,1,0,2.71977,0.000967163,5.11544e-06,0.988333,0.010695,7.4612e-06,0.998239,0.00174191,1.16837e-05
9443,0,12,1385.92,13,1379.26,2,1,0,2.71841,0.00154776,8.17771e-06,0.98132,0.0171236,1.20156e-05,0.997161,0.00280826,1.88173e-05
9444,0,12,1385.92,13,1379.26,2,1,0,2.71705,0.00244402,1.28996e-05,0.970491,0.0270524,1.9157e-05,0.995469,0.00448221,3.00039e-05
9445,0,12,1385.92,13,1379.26,2,1,0,2.7157,0.00380124,2.0042e-05,0.954083,0.0420954,3.02339e-05,0.992841,0.00708162,4.73568e-05
9446,0,12,1385.92,13,1379.26,2,1,0,2.71434,0.0058082,3.05917e-05,0.929809,0.0643517,4.72187e-05,0.988807,0.011072,7.39677e-05
9447,0,12,1385.92,13,1379.26,2,1,0,2.71298,0.00868807,4.57119e-05,0.894961,0.0963054,7.2939e-05,0.982691,0.0171217,0.000114269
9448,0,12,1385.92,13,1379.26,2,1,0,2.71162,0.0126652,6.65677e-05,0.846809,0.140459,0.000111344,0.973549,0.0261655,0.000174451
9449,0,12,1385.92,13,1379.26,2,1,0,2.71027,0.0178993,9.39787e-05,0.783406,0.198601,0.000167764,0.960102,0.039467,0.000262872
9450,0,12,1385.92,13,1379.26,2,1,0,2.70891,0.0243927,0.000127937,0.704701,0.270779,0.000249048,0.940707,0.0586533,0.000390271
9451,0,12,1385.92,13,1379.26,3,1,0,2.70756,0.0319111,0.000167195,0.613512,0.354409,0.000363395,0.91339,0.0856768,0.00056951
9452,0,12,1385.92,13,1379.26,2,1,0,2.70621,0.0355719,0.00018618,0.684299,0.279943,0.000519582,0.876031,0.122635,0.000814359
9453,0,12,1385.92,13,1381.31,3,1,9,2.70485,0.0459096,0.000240034,0.592403,0.361447,0.000725294,0.826763,0.171375,0.00113688
9454,0,12,1385.92,13,1381.31,3,1,0,2.7035,0.0309169,0.000161476,0.399146,0.569776,0.000357301,0.914566,0.0845168,0.000560111
9455,0,12,1385.92,13,1381.31,2,1,0,2.70215,0.0380333,0.000198436,0.491271,0.470497,0.00051138,0.877592,0.121095,0.000801721
9456,0,12,1385.92,13,1383.42,2,1,9,2.7008,0.0452218,0.000235693,0.394837,0.559705,0.000714645,0.828751,0.169414,0.00112049
9457,0,12,1385.92,13,1383.42,3,2,0,2.69945,0.029798,0.000155142,0.601054,0.368993,0.000351553,0.915667,0.0834303,0.000551249
9458,0,12,1385.92,13,1383.42,2,1,0,2.6981,0.0334472,0.000173958,0.675066,0.291313,0.000355454,0.927287,0.0718002,0.000557417
9459,0,12,1385.92,13,1383.42,3,1,0,2.69675,0.0430321,0.000223574,0.581787,0.374957,0.000512082,0.895137,0.103548,0.00080311
9460,0,12,1385.92,13,1383.42,2,1,0,2.6954,0.048359,0.000250986,0.654147,0.297243,0.000721729,0.85205,0.146096,0.00113201
9461,0,12,1385.92,13,1383.42,2,1,0,2.69405,0.0614025,0.000318347,0.560726,0.377553,0.000991364,0.796563,0.20089,0.00155506
9462,0,12,1385.92,13,1383.42,2,1,9,2.6927,0.0748002,0.000387401,0.464712,0.4601,0.00132197,0.728436,0.268168,0.00207383
9463,0,12,1385.92,13,1383.42,2,1,9,2.69136,0.0471146,0.000243757,0.662732,0.28991,0.0006835,0.859445,0.138799,0.00107233
9464,0,12,1385.92,13,1383.42,2,1,9,2.69001,0.0259721,0.00013423,0.814022,0.159872,0.000330112,0.932044,0.0671076,0.000517956
9465,0,12,1385.92,13,1383.42,2,1,0,2.68867,0.0131734,6.80115e-05,0.90564,0.0811184,0.00015513,0.968032,0.0315694,0.000243425
9466,0,12,1385.92,13,1383.42,2,1,0,2.68732,0.0191972,9.90072e-05,0.862449,0.118255,0.000231771,0.952188,0.0472163,0.00036372
9467,0,12,1385.92,13,1383.42,2,1,0,2.68598,0.0271945,0.000140105,0.805086,0.167579,0.000340873,0.929608,0.0695164,0.000534984
9468,0,12,1385.92,13,1383.42,2,1,0,2.68464,0.0372597,0.000191757,0.732862,0.229687,0.000492202,0.89825,0.100485,0.000772558
9469,0,12,1385.92,13,1383.42,3,1,9,2.68329,0.0491518,0.000252694,0.647489,0.303106,0.000695472,0.856078,0.142134,0.00109171
9470,0,12,1385.92,13,1383.42,3,1,0,2.68195,0.0344333,0.000176838,0.453833,0.511557,0.000336087,0.930377,0.0687596,0.000527616
9471,0,12,1385.92,13,1383.42,3,1,0,2.68061,0.0413289,0.000212028,0.544999,0.41346,0.000485665,0.899285,0.0994673,0.000762503
9472,0,12,1385.92,13,1383.42,2,1,0,2.67927,0.0473045,0.000242429,0.624119,0.328334,0.000686818,0.85742,0.140815,0.00107842
9473,0,12,1385.92,13,1383.42,2,1,0,2.67793,0.0593374,0.000303775,0.528346,0.412012,0.000946934,0.803214,0.194352,0.00148697
9474,0,12,1385.92,13,1383.42,2,1,0,2.67659,0.0713923,0.000365104,0.432334,0.495909,0.00126781,0.736255,0.260486,0.00199102
9475,0,12,1385.92,13,1381.31,3,1,13,2.67525,0.0823066,0.000420476,0.345329,0.571943,0.00164253,0.657941,0.337836,0.00257973
9476,0,12,1385.92,13,1381.31,3,1,0,2.67392,0.0312535,0.000159495,0.131166,0.837421,0.000562139,0.88281,0.115745,0.000882969
9477,0,12,1385.92,13,1381.31,3,1,0,2.67258,0.0434229,0.000221365,0.182292,0.774064,0.000786974,0.835766,0.162211,0.00123623
9478,0,12,1385.92,13,1381.31,3,1,9,2.67124,0.0582775,0.000296779,0.244723,0.696703,0.00107224,0.775998,0.221245,0.0016845
9479,0,12,1385.92,13,1381.31,3,1,0,2.66991,0.0312523,0.000158985,0.131274,0.837314,0.000538577,0.887367,0.111248,0.000846188
9480,0,12,1385.92,13,1381.31,3,1,0,2.66857,0.043426,0.00022068,0.182462,0.773892,0.000756251,0.841678,0.156378,0.0011883
9481,0,12,1385.92,13,1381.31,2,2,0,2.66724,0.0582853,0.000295879,0.244966,0.696452,0.00103391,0.783321,0.21402,0.00162473
9482,0,12,1385.92,13,1381.31,3,1,0,2.66591,0.0620636,0.000314726,0.195655,0.741967,0.00108363,0.822082,0.175132,0.00170302
9483,0,12,1385.92,13,1381.31,3,1,9,2.66457,0.0817217,0.000413975,0.257686,0.660178,0.00146057,0.759953,0.236291,0.00229561
9484,0,12,1385.92,13,1381.31,3,1,9,2.66324,0.0446029,0.000225705,0.140675,0.814497,0.000736398,0.87885,0.119256,0.00115752
9485,0,12,1385.92,13,1381.31,3,1,0,2.66191,0.0223293,0.000112874,0.0704413,0.907117,0.000349898,0.942378,0.0567218,0.000550043
9486,0,12,1385.92,13,1381.31,3,1,0,2.66058,0.0323109,0.000163158,0.101953,0.865572,0.000508644,0.916152,0.08254,0.000799665
9487,0,12,1385.92,13,1381.31,3,1,0,2.65925,0.0455136,0.000229583,0.143646,0.810611,0.000725093,0.880351,0.117784,0.00114006
9488,0,12,1385.92,13,1381.31,3,1,9,2.65792,0.0621188,0.000313014,0.196099,0.741469,0.00101014,0.833148,0.164254,0.00158838
9489,0,12,1385.92,13,1381.31,3,1,0,2.65659,0.0323001,0.000162586,0.10199,0.865548,0.000489771,0.91902,0.0797204,0.000770202
9490,0,12,1385.92,13,1381.31,3,1,0,2.65526,0.0455056,0.000228816,0.14372,0.810545,0.000699715,0.88419,0.114009,0.00110046
9491,0,12,1385.92,13,1381.31,0,3,0,2.65393,0.0621157,0.000312006,0.196225,0.741348,0.000977232,0.838096,0.159389,0.00153705
9492,0,12,1385.92,13,1381.31,2,1,9,2.65261,0.0541612,0.000314181,0.197847,0.747677,0.000975544,0.83778,0.159276,0.00196829
9493,0,12,1385.92,13,1381.31,2,1,0,2.65128,0.041341,0.000239566,0.387421,0.570999,0.000471664,0.92149,0.0770867,0.000951778
9494,0,12,1385.92,13,1381.31,3,2,0,2.64995,0.0467229,0.000270474,0.307335,0.645671,0.000675223,0.887494,0.110468,0.00136274
9495,0,12,1385.92,13,1381.31,0,1,0,2.64863,0.0591129,0.000341846,0.388981,0.551564,0.000686883,0.904117,0.0938101,0.00138646
9496,0,12,1385.92,13,1381.31,2,1,9,2.6473,0.0506951,0.000344405,0.392445,0.556515,0.000968881,0.864621,0.132454,0.00195594
9497,0,12,1385.92,13,1381.31,0,1,0,2.64598,0.0331658,0.000225092,0.602351,0.364259,0.000460822,0.935549,0.0630602,0.000930424
9498,0,12,1385.92,13,1381.31,2,1,9,2.64466,0.0299227,0.0002255,0.604394,0.365458,0.00066467,0.906948,0.0910447,0.00134219
9499,0,12,1385.92,13,1381.8,2,1,9,2.64334,0.0170785,0.000128579,0.774102,0.208691,0.000310603,0.956475,0.0425875,0.000627299
9500,0,12,1385.92,13,1381.8,2,1,9,2.64201,0.00882238,6.63562e-05,0.883252,0.107859,0.000143266,0.979905,0.0196628,0.000289383
9501,0,12,1385.92,13,1381.8,2,1,0,2.64069,0.00432966,3.2533e-05,0.942679,0.0529593,6.6238e-05,0.9907,0.00909994,0.000133813
9502,0,12,1385.92,13,1381.8,2,1,0,2.63937,0.00653068,4.90235e-05,0.913499,0.0799216,0.000102026,0.985661,0.0140304,0.00020614
9503,0,12,1385.92,13,1381.8,2,1,9,2.63805,0.00962454,7.21773e-05,0.87246,0.117843,0.000155404,0.978139,0.0213919,0.000314034
9504,0,12,1385.92,13,1381.8,2,1,0,2.63673,0.00474181,3.55255e-05,0.937135,0.0580879,7.17619e-05,0.989895,0.009888,0.000145034
9505,0,12,1385.92,13,1381.8,2,1,9,2.63542,0.00711993,5.32901e-05,0.905563,0.0872639,0.000110328,0.98445,0.0152169,0.000223008
9506,0,12,1385.92,13,1381.8,2,1,0,2.6341,0.00346257,2.58908e-05,0.954052,0.0424596,5.11006e-05,0.992791,0.00705499,0.000103305
9507,0,12,1385.92,13,1381.8,2,1,9,2.63278,0.00527957,3.94384e-05,0.929908,0.0647729,7.92239e-05,0.988812,0.0109485,0.000160182
9508,0,12,1385.92,13,1381.8,2,1,0,2.63146,0.00254758,1.90118e-05,0.966163,0.0312709,3.6836e-05,0.994793,0.00509565,7.4489e-05
9509,0,12,1385.92,13,1381.8,2,1,9,2.63015,0.00393454,2.93334e-05,0.947716,0.0483197,5.75492e-05,0.991857,0.00796882,0.000116391
9510,0,12,1385.92,13,1381.8,2,1,0,2.62883,0.00189069,1.4082e-05,0.974864,0.023231,2.68745e-05,0.996194,0.00372498,5.43603e-05
9511,0,12,1385.92,13,1381.8,2,1,0,2.62752,0.00295201,2.19652e-05,0.960736,0.0362897,4.22865e-05,0.994005,0.00586697,8.55469e-05
9512,0,12,1385.92,13,1381.8,2,2,9,2.62621,0.00453317,3.36972e-05,0.939678,0.0557553,6.58651e-05,0.990654,0.00914736,0.000133266
9513,0,12,1385.92,13,1381.8,2,1,9,2.62489,0.00218058,1.61934e-05,0.97097,0.0268332,6.43046e-05,0.969045,0.0307605,0.000130127
9514,0,12,1385.92,13,1381.8,2,1,0,2.62358,0.00104644,7.76342e-06,0.986062,0.0128835,3.02989e-05,0.985397,0.0145116,6.13216e-05
9515,0,12,1385.92,13,1381.8,2,1,9,2.62227,0.00166422,1.23346e-05,0.977824,0.0204997,4.72686e-05,0.97719,0.0226671,9.56798e-05
9516,0,12,1385.92,13,1381.8,2,1,0,2.62096,0.000799779,5.92186e-06,0.989338,0.00985657,2.23028e-05,0.989224,0.0107083,4.51511e-05
9517,0,12,1385.92,13,1381.8,2,1,0,2.61965,0.00128138,9.47852e-06,0.982909,0.0157998,3.50848e-05,0.983028,0.0168661,7.10378e-05
9518,0,12,1385.92,13,1381.8,2,1,0,2.61834,0.00202637,1.49746e-05,0.97296,0.0249984,5.4512e-05,0.973597,0.0262377,0.000110389
9519,0,12,1385.92,13,1381.8,2,1,9,2.61703,0.00315775,2.33124e-05,0.957844,0.0389752,8.35339e-05,0.959491,0.0402562,0.000169183
9520,0,12,1385.92,13,1381.8,2,1,0,2.61572,0.00151322,1.11606e-05,0.979789,0.0186867,3.93128e-05,0.980912,0.0189688,7.96321e-05
9521,0,12,1385.92,13,1381.8,2,1,0,2.61441,0.00238131,1.75458e-05,0.96818,0.0294214,6.08812e-05,0.970404,0.0294122,0.000123339
9522,0,12,1385.92,13,1381.8,2,1,9,2.6131,0.00368983,2.71604e-05,0.950672,0.0456113,9.29438e-05,0.954761,0.0449573,0.00018832
9523,0,12,1385.92,13,1381.8,2,1,0,2.6118,0.00176862,1.30058e-05,0.976345,0.0218736,4.37361e-05,0.978686,0.0211815,8.86295e-05
9524,0,12,1385.92,13,1381.31,2,1,13,2.61049,0.00276972,2.03476e-05,0.962938,0.0342719,6.75156e-05,0.967057,0.0327385,0.000136837
9525,0,12,1385.92,13,1381.31,2,1,0,2.60919,0.000780293,5.72674e-06,0.989554,0.00966005,1.86654e-05,0.990881,0.00906208,3.78353e-05
9526,0,12,1385.92,13,1381.31,2,1,9,2.60788,0.00125168,9.17733e-06,0.983236,0.0155036,2.95073e-05,0.985567,0.0143436,5.98207e-05
9527,0,12,1385.92,13,1381.31,2,1,0,2.60658,0.000602086,4.41016e-06,0.991932,0.00746135,1.39618e-05,0.993162,0.00679529,2.8309e-05
9528,0,12,1385.92,13,1381.31,2,1,0,2.60527,0.000972311,7.11498e-06,0.986965,0.0120554,2.22305e-05,0.9891,0.0108331,4.50811e-05
9529,0,12,1385.92,13,1381.31,2,1,0,2.60397,0.00155084,1.13372e-05,0.9792,0.0192381,3.49912e-05,0.982821,0.0170726,7.09684e-05
9530,0,12,1385.92,13,1381.8,2,1,9,2.60267,0.00243991,1.78192e-05,0.96726,0.0302823,5.43943e-05,0.973263,0.0265725,0.000110337
9531,0,12,1385.92,13,1381.8,2,1,9,2.60137,0.00116715,8.51559e-06,0.984331,0.0144931,2.55739e-05,0.987414,0.0125088,5.18832e-05
9532,0,12,1385.92,13,1381.8,2,1,0,2.60007,0.0005614,4.09196e-06,0.99246,0.00697469,1.21117e-05,0.994032,0.00593145,2.45752e-05
9533,0,12,1385.92,13,1381.8,2,1,9,2.59877,0.000908458,6.6151e-06,0.987793,0.0112921,1.93537e-05,0.990452,0.00948982,3.92751e-05
9534,0,12,1385.92,13,1381.8,2,1,0,2.59747,0.000438207,3.18774e-06,0.994109,0.00544966,9.19848e-06,0.995456,0.00451593,1.86694e-05
9535,0,12,1385.92,13,1381.8,2,1,9,2.59617,0.000713413,5.18463e-06,0.990405,0.00887668,1.47929e-05,0.992684,0.00727148,3.00281e-05
9536,0,12,1385.92,13,1381.8,2,1,9,2.59487,0.000345193,2.50617e-06,0.995355,0.00429725,7.05744e-06,0.996505,0.00347341,1.4328e-05
9537,0,12,1385.92,13,1381.8,2,1,9,2.59357,0.00016899,1.22569e-06,0.997725,0.00210479,3.40936e-06,0.99831,0.00168004,6.92264e-06
9538,0,12,1385.92,13,1381.8,2,1,9,2.59228,8.37942e-05,6.07164e-07,0.998871,0.00104419,1.66908e-06,0.999171,0.000823499,3.38952e-06
9539,0,12,1385.92,13,1381.8,2,1,9,2.59098,4.20997e-05,3.0475e-07,0.999433,0.000524885,8.28238e-07,0.999588,0.000409147,1.6822e-06
9540,0,12,1385.92,13,1381.8,2,1,0,2.58969,2.14323e-05,1.54991e-07,0.999711,0.000267347,4.16569e-07,0.999793,0.000206039,8.46194e-07
9541,0,12,1385.92,13,1381.8,2,1,0,2.58839,3.71912e-05,2.68688e-07,0.999498,0.000464157,7.14421e-07,0.999644,0.000353799,1.45144e-06
9542,0,12,1385.92,13,1381.8,2,1,9,2.5871,6.38315e-05,4.60696e-07,0.999139,0.000797037,1.21216e-06,0.999395,0.000601036,2.46301e-06
9543,0,12,1385.92,13,1381.8,2,1,9,2.5858,3.22166e-05,2.3229e-07,0.999565,0.000402479,6.0479e-07,0.999698,0.000300251,1.22906e-06
9544,0,12,1385.92,13,1381.8,2,1,9,2.58451,1.64756e-05,1.18676e-07,0.999777,0.000205931,3.05832e-07,0.999847,0.00015202,6.21601e-07
9545,0,12,1385.92,13,1381.8,2,1,0,2.58322,8.53589e-06,6.14247e-08,0.999885,0.000106746,1.56714e-07,0.999922,7.79953e-05,3.18567e-07
9546,0,12,1385.92,13,1381.8,2,1,9,2.58193,1.50918e-05,1.08494e-07,0.999796,0.000188826,2.74115e-07,0.999863,0.000136594,5.57296e-07
9547,0,12,1385.92,13,1381.8,2,1,9,2.58064,7.82973e-06,5.6232e-08,0.999894,9.80139e-05,1.40712e-07,0.999929,7.02051e-05,2.86118e-07
9548,0,12,1385.92,13,1381.8,2,1,9,2.57934,4.11435e-06,2.95195e-08,0.999944,5.15302e-05,7.31755e-08,0.999963,3.65547e-05,1.48813e-07
9549,0,12,1385.92,13,1381.8,2,1,0,2.57806,2.18929e-06,1.56922e-08,0.99997,2.74337e-05,3.85419e-08,0.999981,1.92775e-05,7.83919e-08
9550,0,12,1385.92,13,1383.91,2,1,9,2.57677,3.97782e-06,2.84836e-08,0.999946,4.98706e-05,6.9331e-08,0.999965,3.47204e-05,1.41035e-07
9551,0,12,1385.92,13,1383.91,2,1,9,2.57548,2.11731e-06,1.51463e-08,0.999971,2.65586e-05,3.65419e-08,0.999982,1.83227e-05,7.43451e-08
9552,0,12,1385.92,13,1383.42,2,1,13,2.57419,1.14095e-06,8.15379e-09,0.999985,1.43188e-05,1.95019e-08,0.99999,9.7907e-06,3.96825e-08
9553,0,12,1385.92,13,1383.26,2,1,13,2.5729,3.62392e-07,2.58727e-09,0.999995,4.55027e-06,6.13571e-09,0.999997,3.0842e-06,1.24867e-08
9554,0,12,1385.92,13,1383.26,2,1,0,2.57162,1.17714e-07,8.39578e-10,0.999998,1.47879e-06,1.97454e-09,0.999999,9.93767e-07,4.01895e-09
9555,0,12,1385.92,13,1383.26,2,1,0,2.57033,2.26708e-07,1.61537e-09,0.999997,2.84948e-06,3.76818e-09,0.999998,1.89885e-06,7.67078e-09
9556,0,12,1385.92,13,1383.26,2,1,0,2.56905,4.31021e-07,3.06812e-09,0.999994,5.42021e-06,7.10002e-09,0.999996,3.58228e-06,1.44554e-08
9557,0,12,1385.92,13,1383.26,2,1,0,2.56776,8.09156e-07,5.75409e-09,0.999989,1.01805e-05,1.32117e-08,0.999993,6.67422e-06,2.69024e-08
9558,0,12,1385.92,13,1383.26,2,1,9,2.56648,1.50029e-06,1.06584e-08,0.99998,1.88858e-05,2.42851e-08,0.999988,1.22835e-05,4.94576e-08
9559,0,12,1385.92,13,1383.26,2,1,0,2.56519,8.12992e-07,5.76994e-09,0.999989,1.02392e-05,1.30482e-08,0.999993,6.60802e-06,2.65769e-08
9560,0,12,1385.92,13,1383.26,2,1,0,2.56391,1.50747e-06,1.06882e-08,0.999979,1.89953e-05,2.39927e-08,0.999988,1.21659e-05,4.88761e-08
9561,0,12,1385.92,13,1383.26,2,1,0,2.56263,2.76139e-06,1.95593e-08,0.999962,3.48133e-05,4.35904e-08,0.999978,2.21307e-05,8.88116e-08
9562,0,12,1385.92,13,1383.26,2,1,9,2.56135,4.9983e-06,3.53686e-08,0.999932,6.30465e-05,7.82682e-08,0.99996,3.9786e-05,1.59487e-07
9563,0,12,1385.92,13,1383.26,2,1,0,2.56007,2.64293e-06,1.86832e-08,0.999964,3.33538e-05,4.1058e-08,0.999979,2.0897e-05,8.36759e-08
9564,0,12,1385.92,13,1383.26,2,1,9,2.55879,4.78871e-06,3.38184e-08,0.999935,6.04641e-05,7.38161e-08,0.999962,3.76166e-05,1.50458e-07
9565,0,12,1385.92,13,1383.26,2,1,0,2.55751,2.53336e-06,1.78732e-08,0.999965,3.20035e-05,3.87524e-08,0.99998,1.97728e-05,7.89996e-08
9566,0,12,1385.92,13,1383.26,2,1,0,2.55623,4.59466e-06,3.23838e-08,0.999937,5.80729e-05,6.97577e-08,0.999964,3.56372e-05,1.42226e-07
9567,0,12,1385.92,13,1383.26,2,1,0,2.55495,8.23586e-06,5.799e-08,0.999888,0.000104148,1.24121e-07,0.999936,6.34892e-05,2.53102e-07
9568,0,12,1385.92,13,1383.26,2,1,9,2.55367,1.45935e-05,1.02653e-07,0.999801,0.000184637,2.18352e-07,0.999888,0.000111828,4.45317e-07
9569,0,12,1385.92,13,1383.26,2,1,9,2.5524,7.54701e-06,5.30344e-08,0.999897,9.55335e-05,1.12113e-07,0.999942,5.749e-05,2.2868e-07
9570,0,12,1385.92,13,1383.26,2,1,0,2.55112,3.95336e-06,2.77536e-08,0.999946,5.00689e-05,5.83165e-08,0.99997,2.99413e-05,1.18967e-07
9571,0,12,1385.92,13,1383.26,2,1,0,2.54985,7.10946e-06,4.98606e-08,0.999903,9.00862e-05,1.04154e-07,0.999946,5.35422e-05,2.12507e-07
9572,0,12,1385.92,13,1383.26,2,1,0,2.54857,1.26379e-05,8.8545e-08,0.999827,0.00016022,1.83901e-07,0.999905,9.46559e-05,3.7527e-07
9573,0,12,1385.92,13,1383.26,2,1,0,2.5473,2.2211e-05,1.55463e-07,0.999696,0.000281729,3.21079e-07,0.999834,0.00016547,6.5529e-07
9574,0,12,1385.92,13,1383.26,2,1,0,2.54602,3.86012e-05,2.69916e-07,0.999471,0.000489874,5.5443e-07,0.999712,0.000286085,1.1317e-06
9575,0,12,1385.92,13,1383.26,2,1,0,2.54475,6.63497e-05,4.63485e-07,0.999091,0.00084245,9.47037e-07,0.999508,0.000489281,1.93336e-06
9576,0,12,1385.92,13,1383.26,2,1,0,2.54348,0.000112806,7.87226e-07,0.998453,0.00143304,1.60046e-06,0.999167,0.000827899,3.26777e-06
9577,0,12,1385.92,13,1383.26,2,1,0,2.54221,0.000189717,1.32263e-06,0.997398,0.0024113,2.67627e-06,0.998606,0.00138614,5.46512e-06
9578,0,12,1385.92,13,1383.26,2,1,0,2.54093,0.000315597,2.19804e-06,0.995669,0.00401328,4.42851e-06,0.99769,0.00229655,9.04458e-06
9579,0,12,1385.92,13,1383.26,2,1,0,2.53966,0.000519193,3.61243e-06,0.992872,0.00660567,7.25139e-06,0.996213,0.00376517,1.4812e-05
9580,0,12,1385.92,13,1383.26,2,1,0,2.53839,0.000844328,5.86882e-06,0.988402,0.0107478,1.17481e-05,0.993857,0.00610765,2.40007e-05
9581,0,12,1385.92,13,1383.26,2,1,0,2.53712,0.0013563,9.41813e-06,0.981361,0.0172737,1.88265e-05,0.990143,0.00979983,3.84669e-05
9582,0,12,1385.92,13,1383.26,2,1,9,2.53586,0.00214952,1.49114e-05,0.970446,0.02739,2.98255e-05,0.984365,0.0155446,6.09492e-05
9583,0,12,1385.92,13,1383.26,2,1,9,2.53459,0.00101986,7.06784e-06,0.985971,0.0130021,1.39671e-05,0.992669,0.00728855,2.85461e-05
9584,0,12,1385.92,13,1383.26,2,1,0,2.53332,0.00048701,3.37171e-06,0.993298,0.006212,6.60952e-06,0.996526,0.00345342,1.35106e-05
9585,0,12,1385.92,13,1383.26,2,1,0,2.53205,0.000793473,5.48798e-06,0.989075,0.0101262,1.07326e-05,0.994353,0.00561473,2.19418e-05
9586,0,12,1385.92,13,1383.26,2,1,0,2.53079,0.00127712,8.82433e-06,0.982407,0.0163068,1.72393e-05,0.990918,0.00903,3.52492e-05
9587,0,12,1385.92,13,1383.26,2,1,9,2.52952,0.00202836,1.40011e-05,0.972046,0.0259121,2.73778e-05,0.985558,0.0143585,5.59873e-05
9588,0,12,1385.92,13,1383.26,2,1,0,2.52826,0.00096183,6.63257e-06,0.986738,0.0122935,1.28221e-05,0.993228,0.00673307,2.62247e-05
9589,0,12,1385.92,13,1383.26,2,1,9,2.52699,0.00154036,1.06114e-05,0.978751,0.0196979,2.05124e-05,0.989153,0.0107849,4.19595e-05
9590,0,12,1385.92,13,1383.26,2,1,0,2.52573,0.000731564,5.03467e-06,0.989903,0.00935995,9.63979e-06,0.994896,0.00507471,1.97217e-05
9591,0,12,1385.92,13,1383.26,2,1,0,2.52447,0.00118036,8.11526e-06,0.983702,0.0151098,1.55259e-05,0.991769,0.00818358,3.17683e-05
9592,0,12,1385.92,13,1383.26,2,1,0,2.52321,0.00187967,1.29103e-05,0.974034,0.0240738,2.47262e-05,0.986875,0.0130494,5.0601e-05
9593,0,12,1385.92,13,1383.26,2,1,0,2.52194,0.00294938,2.02372e-05,0.959237,0.0377934,3.89088e-05,0.979321,0.0205601,7.96364e-05
9594,0,12,1385.92,13,1383.26,3,1,0,2.52068,0.00454895,3.11817e-05,0.9371,0.0583201,6.04246e-05,0.967846,0.0319695,0.000123691
9595,0,12,1385.92,13,1383.26,2,1,9,2.51942,0.00458629,3.14063e-05,0.9458,0.0495821,9.24464e-05,0.950745,0.048973,0.000189268
9596,0,12,1385.92,13,1383.26,2,1,0,2.51816,0.0021675,1.4828e-05,0.974374,0.0234439,4.30018e-05,0.97706,0.0228086,8.80514e-05
9597,0,12,1385.92,13,1383.26,2,1,0,2.5169,0.00339341,2.31913e-05,0.959862,0.0367209,6.65748e-05,0.964441,0.0353563,0.00013634
9598,0,12,1385.92,13,1383.26,2,1,0,2.51564,0.00522344,3.56626e-05,0.93819,0.0565511,0.000101489,0.945725,0.0539661,0.000207871
9599,0,12,1385.92,13,1383.26,3,1,9,2.51439,0.00787955,5.37433e-05,0.906719,0.0853479,0.000151932,0.918646,0.0808904,0.000311234
9600,0,12,1385.92,13,1383.26,2,1,0,2.51313,0.00682828,4.65265e-05,0.786492,0.206633,7.11922e-05,0.961832,0.0379511,0.000145858
9601,0,12,1385.92,13,1383.26,2,1,0,2.51187,0.00945853,6.43843e-05,0.704054,0.286423,0.000108248,0.941893,0.0577774,0.00022181
9602,0,12,1385.92,13,1383.26,3,1,0,2.51062,0.012527,8.5186e-05,0.607787,0.3796,0.000161546,0.913174,0.0863335,0.00033107
9603,0,12,1385.92,13,1383.26,3,1,0,2.50936,0.0141966,9.64434e-05,0.689329,0.296378,0.000235753,0.873131,0.12615,0.000483218
9604,1,12,1385.92,13,1383.26,2,1,0,2.50811,0.0154971,0.000105173,0.753062,0.231336,0.000334937,0.819531,0.179448,0.000686613
9605,1,12,1385.92,13,1383.26,1,1,0,2.50685,0.46668,0.205754,0.115657,0.211909,0.0484315,0.748661,0.144322,0.0585855
9606,1,12,1385.92,13,1383.26,2,2,0,2.5056,0.508677,0.134351,0.12603,0.230943,0.073633,0.617824,0.219469,0.089074
9607,1,12,1385.92,13,1383.26,3,1,0,2.50435,0.533283,0.140812,0.0838286,0.242076,0.0805187,0.675887,0.146187,0.0974074
9608,1,12,1385.92,13,1383.26,0,1,0,2.50309,0.590949,0.155997,0.0928589,0.160194,0.11579,0.533877,0.21025,0.140083
9609,1,12,1385.92,13,1383.26,2,1,0,2.50184,0.44366,0.212173,0.126285,0.217882,0.151783,0.388945,0.275638,0.183634
9610,1,12,1385.92,13,1383.26,1,3,0,2.50059,0.465253,0.222466,0.0838275,0.228454,0.182924,0.263531,0.332228,0.221317
9611,1,12,1385.92,13,1383.26,3,2,9,2.49934,0.51061,0.146732,0.0919683,0.25069,0.201194,0.289874,0.365455,0.143477
9612,1,12,1385.92,13,1383.26,3,2,0,2.49809,0.404041,0.116078,0.0727486,0.407132,0.14983,0.215886,0.527445,0.10684
9613,1,12,1385.92,13,1383.26,3,2,0,2.49684,0.492713,0.141518,0.0886839,0.277085,0.195309,0.281436,0.383994,0.139261
9614,1,12,1385.92,13,1383.26,2,1,0,2.4956,0.555708,0.159572,0.0999882,0.184732,0.234481,0.337907,0.260432,0.167181
9615,1,12,1385.92,13,1383.26,0,1,0,2.49435,0.575178,0.165122,0.0685381,0.191162,0.274525,0.224843,0.304914,0.195718
9616,1,12,1385.92,13,1383.26,0,2,0,2.4931,0.430417,0.221391,0.0918783,0.256313,0.302491,0.145886,0.335982,0.215641
9617,1,12,1385.92,13,1383.26,3,0,0,2.49185,0.29904,0.27246,0.113052,0.315447,0.353427,0.170427,0.22421,0.251936
9618,1,12,1385.92,13,1383.26,3,0,0,2.49061,0.345942,0.315187,0.130758,0.208113,0.238295,0.200764,0.264135,0.296805
9619,1,12,1385.92,13,1383.26,1,1,0,2.48936,0.377322,0.343771,0.142591,0.136316,0.155569,0.222558,0.292824,0.32905
9620,1,12,1385.92,13,1383.26,3,2,0,2.48812,0.441715,0.231845,0.166893,0.159547,0.170794,0.146373,0.321524,0.361309
9621,1,12,1385.92,13,1383.26,0,2,0,2.48687,0.469317,0.246301,0.177287,0.107095,0.197242,0.169034,0.216403,0.417321
9622,1,12,1385.92,13,1383.26,3,1,0,2.48563,0.335437,0.308454,0.222011,0.134098,0.215155,0.184379,0.145179,0.455288
9623,1,12,1385.92,13,1383.26,1,1,0,2.48439,0.352842,0.324454,0.233511,0.0891925,0.230879,0.12471,0.155776,0.488635
9624,1,12,1385.92,13,1383.26,0,0,0,2.48315,0.408254,0.218414,0.270161,0.103171,0.241087,0.0859442,0.162651,0.510317
9625,1,12,1385.92,13,1383.26,0,3,0,2.4819,0.284722,0.264011,0.326576,0.124692,0.164665,0.0945736,0.179005,0.561756
9626,1,12,1385.92,13,1383.26,0,2,0,2.48066,0.190098,0.298939,0.369796,0.141167,0.216182,0.124149,0.235014,0.424655
9627,1,12,1385.92,13,1383.26,2,0,0,2.47942,0.127309,0.322117,0.398485,0.152089,0.237525,0.13639,0.159442,0.466643
9628,1,12,1385.92,13,1383.26,2,3,0,2.47818,0.152768,0.386607,0.278115,0.182511,0.162435,0.149799,0.175122,0.512644
9629,1,12,1385.92,13,1383.26,1,0,0,2.47694,0.171686,0.434561,0.188636,0.205118,0.206737,0.19065,0.222886,0.379726
9630,1,12,1385.92,13,1383.26,2,3,0,2.4757,0.209574,0.309762,0.230269,0.250394,0.140064,0.206659,0.241609,0.411668
9631,1,12,1385.92,13,1383.26,3,1,0,2.47447,0.230368,0.340523,0.153862,0.275247,0.168647,0.248851,0.290946,0.291556
9632,1,12,1385.92,13,1383.26,3,0,9,2.47323,0.258645,0.382351,0.172734,0.186269,0.187079,0.166684,0.32278,0.323457
9633,1,12,1385.92,13,1383.26,1,2,0,2.47199,0.211966,0.313371,0.141549,0.333113,0.332083,0.136938,0.265211,0.265767
9634,1,12,1385.92,13,1383.26,2,0,0,2.47076,0.242961,0.212947,0.162234,0.381858,0.370963,0.152943,0.179223,0.29687
9635,1,12,1385.92,13,1383.9,3,3,9,2.46952,0.257947,0.226075,0.110532,0.405446,0.258622,0.180245,0.211223,0.349911
9636,0,12,1385.92,13,1383.26,3,2,13,2.46829,0.181992,0.159501,0.0779721,0.580535,0.189306,0.131926,0.154604,0.524164
9637,0,12,1385.92,13,1383.26,2,1,0,2.46705,0.0122163,8.0211e-05,0.802049,0.185655,0.000225252,0.873501,0.12581,0.00046396
9638,0,12,1385.92,13,1383.26,2,1,0,2.46582,0.0169472,0.000111162,0.72525,0.257692,0.000320765,0.819634,0.179384,0.000660789
9639,0,12,1385.92,13,1382.74,3,1,13,2.46459,0.0225477,0.000147749,0.634266,0.343038,0.000442358,0.750949,0.247697,0.000911408
9640,0,12,1385.92,13,1382.74,3,1,9,2.46335,0.0107246,7.02047e-05,0.301884,0.687321,0.00013587,0.923408,0.0761763,0.000279979
9641,0,12,1385.92,13,1382.74,3,2,0,2.46212,0.00577043,3.77361e-05,0.162539,0.831653,6.31415e-05,0.964361,0.0354455,0.00013013
9642,0,12,1385.92,13,1382.74,2,1,0,2.46089,0.00821973,5.36994e-05,0.231685,0.760042,6.32669e-05,0.96814,0.0316659,0.000130408
9643,0,12,1385.92,13,1382.74,3,1,0,2.45966,0.00876466,5.72018e-05,0.180015,0.811163,9.69508e-05,0.951118,0.0485855,0.000199867
9644,0,12,1385.92,13,1382.74,3,1,9,2.45843,0.0122775,8.00476e-05,0.252318,0.735325,0.000145997,0.926297,0.0732555,0.000301021
9645,0,12,1385.92,13,1382.74,3,1,0,2.4572,0.00638841,4.16095e-05,0.131369,0.862201,6.75941e-05,0.965835,0.0339582,0.000139388
9646,0,12,1385.92,13,1382.74,3,1,9,2.45597,0.00923701,6.01028e-05,0.190061,0.800642,0.000103332,0.947707,0.051977,0.000213115
9647,0,12,1385.92,13,1382.74,3,1,0,2.45475,0.00463901,3.01544e-05,0.0955103,0.89982,4.75744e-05,0.975894,0.0239602,9.8133e-05
9648,0,12,1385.92,13,1382.74,3,1,9,2.45352,0.00688369,4.47002e-05,0.141811,0.851261,7.36451e-05,0.962638,0.0371365,0.000151931
9649,0,12,1385.92,13,1382.74,3,1,0,2.45229,0.00337253,2.18779e-05,0.0695195,0.927086,3.38405e-05,0.982811,0.0170857,6.98238e-05
9650,0,12,1385.92,13,1382.74,3,1,0,2.45107,0.00511093,3.31217e-05,0.105418,0.889438,5.29487e-05,0.973071,0.0267666,0.000109266
9651,0,12,1385.92,13,1382.74,3,1,0,2.44984,0.00752953,4.87464e-05,0.155398,0.837024,8.16756e-05,0.95841,0.0413401,0.000168572
9652,0,12,1385.92,13,1382.74,0,1,0,2.44861,0.0107185,6.93223e-05,0.221348,0.767864,0.000123933,0.936813,0.062807,0.000255826
9653,0,12,1385.92,13,1382.74,3,1,0,2.44739,0.010664,6.9201e-05,0.221317,0.76795,0.000184428,0.905854,0.0935811,0.000380755
9654,0,12,1385.92,13,1383.03,3,1,9,2.44617,0.0145818,9.45287e-05,0.302808,0.682515,0.000268109,0.862967,0.136211,0.000553596
9655,0,12,1385.92,13,1383.03,3,1,0,2.44494,0.00781399,5.06044e-05,0.162365,0.82977,0.000127013,0.935002,0.0646087,0.000262296
9656,0,12,1385.92,13,1383.03,3,1,0,2.44372,0.0110767,7.16618e-05,0.2303,0.758551,0.000188768,0.903279,0.0961422,0.000389885
9657,0,12,1385.92,13,1383.03,3,2,9,2.4425,0.0150701,9.73995e-05,0.31352,0.671313,0.000273977,0.859446,0.139715,0.00056596
9658,0,12,1385.92,13,1383.03,3,1,0,2.44128,0.00812749,5.24757e-05,0.169187,0.822633,0.000220033,0.691339,0.307986,0.000454592
9659,0,12,1385.92,13,1383.03,3,1,0,2.44006,0.0114734,7.4004e-05,0.238983,0.749469,0.000287225,0.596499,0.40262,0.000593499
9660,0,12,1385.92,13,1383.03,3,1,9,2.43884,0.0155352,0.000100102,0.323783,0.660581,0.000358324,0.495891,0.503011,0.000740518
9661,0,12,1385.92,13,1383.03,3,1,0,2.43762,0.00843036,5.42667e-05,0.175812,0.815703,0.000215756,0.696024,0.303315,0.000445949
9662,0,12,1385.92,13,1384.67,0,1,9,2.4364,0.0118537,7.62261e-05,0.247356,0.740714,0.000282344,0.601632,0.397502,0.000583666
9663,0,12,1385.92,13,1384.67,2,2,0,2.43518,0.0393061,7.39765e-05,0.240444,0.720176,0.000157874,0.776927,0.222588,0.000326408
9664,0,12,1385.92,13,1384.67,3,1,9,2.43396,0.0420537,7.90484e-05,0.186901,0.770966,0.000167258,0.824509,0.174978,0.00034586
9665,0,12,1385.92,13,1384.67,3,1,0,2.43275,0.0213378,4.00583e-05,0.0948605,0.883762,8.16172e-05,0.914247,0.085503,0.000168794
9666,0,12,1385.92,13,1384.67,3,2,0,2.43153,0.0312667,5.86246e-05,0.139043,0.829632,0.000120927,0.872769,0.12686,0.000250127
9667,0,12,1385.92,13,1384.67,3,2,0,2.43031,0.044251,8.28659e-05,0.196843,0.758823,0.000124073,0.897068,0.102551,0.000256672
9668,0,12,1385.92,13,1384.67,3,1,0,2.4291,0.060135,0.000112469,0.267579,0.672173,0.000126373,0.915326,0.084286,0.000261469
9669,0,12,1385.92,13,1384.38,3,1,13,2.42788,0.078123,0.000145928,0.347723,0.574008,0.000185962,0.875238,0.124191,0.000384816
9670,0,12,1385.92,13,1384.38,2,1,0,2.42667,0.0286708,5.34878e-05,0.127651,0.843625,5.17901e-05,0.965209,0.034632,0.000107186
9671,0,12,1385.92,13,1384.38,3,1,0,2.42546,0.0294877,5.49427e-05,0.102208,0.868249,7.96359e-05,0.946434,0.0533218,0.00016484
9672,0,12,1385.92,13,1384.38,2,1,0,2.42424,0.0426408,7.93504e-05,0.147836,0.809444,0.000120199,0.919045,0.0805864,0.000248839
9673,0,12,1385.92,13,1384.38,3,1,0,2.42303,0.0441162,8.19927e-05,0.117858,0.837944,0.000177417,0.880352,0.119103,0.000367347
9674,0,12,1385.92,13,1384.38,3,1,0,2.42182,0.0624052,0.000115838,0.166751,0.770728,0.000254906,0.827872,0.171345,0.000527867
9675,0,12,1385.92,13,1384.38,3,1,0,2.42061,0.0849393,0.000157468,0.227008,0.687895,0.000354653,0.760206,0.238705,0.000734532
9676,0,12,1385.92,13,1384.38,3,1,9,2.4194,0.110745,0.00020505,0.296034,0.593016,0.00047543,0.678127,0.320413,0.000984821
9677,0,12,1385.92,13,1384.38,3,2,0,2.41819,0.0621211,0.000114876,0.16609,0.771674,0.00024953,0.830845,0.168388,0.00051696
9678,0,12,1385.92,13,1384.38,3,1,0,2.41698,0.0846099,0.000156266,0.226261,0.688973,0.000259061,0.863981,0.135223,0.000536784
9679,0,12,1385.92,13,1383.26,2,1,13,2.41577,0.110389,0.000203622,0.295258,0.594148,0.000366942,0.807099,0.191774,0.000760427
9680,0,12,1385.92,13,1383.26,2,1,0,2.41456,0.0556304,0.000102486,0.644747,0.29952,0.000106432,0.943979,0.0556942,0.000220596
9681,0,12,1385.92,13,1383.26,0,1,0,2.41336,0.0714598,0.000131482,0.543532,0.384877,0.00015965,0.915862,0.0836471,0.000330946
9682,0,12,1385.92,13,1383.26,3,1,0,2.41215,0.0586772,0.000133074,0.55103,0.390159,0.000234185,0.876428,0.122853,0.000485523
9683,0,12,1385.92,13,1383.26,2,1,9,2.41094,0.0668834,0.0001515,0.628375,0.30459,0.000334401,0.823327,0.175645,0.000693396
9684,0,12,1385.92,13,1383.26,2,1,0,2.40974,0.0367261,8.30884e-05,0.795888,0.167303,0.000160705,0.914989,0.0845169,0.000333279
9685,0,12,1385.92,13,1383.26,3,1,9,2.40853,0.0508621,0.000114929,0.717254,0.231769,0.000235628,0.875201,0.124075,0.000488729
9686,0,12,1385.92,13,1383.26,2,1,0,2.40733,0.0373315,8.42524e-05,0.526725,0.435859,0.000110456,0.941425,0.0582358,0.000229136
9687,0,12,1385.92,13,1383.26,3,1,0,2.40613,0.0455752,0.000102732,0.421954,0.532368,0.000165388,0.912184,0.0873074,0.000343141
9688,0,12,1385.92,13,1383.26,2,1,0,2.40492,0.0556856,0.000125369,0.515791,0.428398,0.000242047,0.871321,0.127935,0.000502261
9689,0,12,1385.92,13,1383.26,0,2,0,2.40372,0.0674469,0.000151663,0.41331,0.519091,0.000344633,0.816554,0.182386,0.000715239
9690,0,12,1385.92,13,1383.74,3,1,9,2.40252,0.0555776,0.000153347,0.41856,0.525709,0.000359197,0.852383,0.146512,0.000745572
9691,0,12,1385.92,13,1383.74,2,1,0,2.40132,0.0328199,9.04482e-05,0.24727,0.71982,0.000169184,0.930388,0.0690913,0.000351221
9692,0,12,1385.92,13,1383.74,3,1,0,2.40012,0.0351845,9.68504e-05,0.192561,0.772157,0.000249957,0.897031,0.1022,0.000518979
9693,0,12,1385.92,13,1383.74,3,1,9,2.39892,0.0480646,0.000132149,0.263142,0.688661,0.000360469,0.851328,0.147563,0.000748542
9694,0,12,1385.92,13,1383.74,3,1,0,2.39772,0.0253508,6.96173e-05,0.138837,0.835743,0.000169786,0.92989,0.0695876,0.000352624
9695,0,12,1385.92,13,1383.74,2,1,0,2.39652,0.0359343,9.8565e-05,0.196866,0.767101,0.000250798,0.896314,0.102915,0.000520952
9696,0,12,1385.92,13,1383.74,3,1,9,2.39532,0.037791,0.000103536,0.154874,0.807231,0.000361575,0.850336,0.148551,0.000751168
9697,0,12,1385.92,13,1383.74,3,1,0,2.39412,0.0185565,5.07792e-05,0.0760696,0.905323,0.000170304,0.929423,0.0700524,0.000353855
9698,0,12,1385.92,13,1383.74,3,1,0,2.39293,0.0274397,7.4999e-05,0.112517,0.859969,0.000251521,0.895641,0.103585,0.000522684
9699,0,12,1385.92,13,1383.74,3,1,0,2.39173,0.0393504,0.000107427,0.161402,0.79914,0.000362523,0.849405,0.149479,0.000753467
9700,0,12,1385.92,13,1383.74,3,1,0,2.39053,0.0544136,0.000148374,0.223249,0.722189,0.000507523,0.788918,0.209519,0.00105499
9701,0,12,1385.92,13,1383.74,3,1,9,2.38934,0.0721848,0.0001966,0.296244,0.631374,0.000686795,0.714016,0.283869,0.00142785
9702,0,12,1385.92,13,1383.74,3,2,9,2.38814,0.0392778,0.000106849,0.161241,0.799375,0.000348283,0.8548,0.144128,0.000724189
9703,0,12,1385.92,13,1383.74,3,1,0,2.38695,0.0193473,5.25692e-05,0.0794458,0.901154,0.000277108,0.681176,0.31797,0.000576279
9704,0,12,1385.92,13,1383.74,3,1,0,2.38576,0.0285344,7.74403e-05,0.117204,0.854184,0.00035957,0.585719,0.413174,0.000747877
9705,0,12,1385.92,13,1383.74,3,1,9,2.38456,0.0407859,0.000110559,0.167574,0.79153,0.00044603,0.48538,0.513246,0.000927843
9706,0,12,1385.92,13,1384.39,3,2,9,2.38337,0.020164,5.45944e-05,0.0828696,0.896912,0.00026769,0.69071,0.308466,0.000556938
9707,0,12,1385.92,13,1384.39,3,1,9,2.38218,0.0094858,2.56526e-05,0.0389955,0.951493,0.000182283,0.471076,0.528362,0.000379301
9708,0,12,1385.92,13,1384.39,3,1,0,2.38099,0.00439097,1.18605e-05,0.0180561,0.977541,0.000111598,0.675663,0.323993,0.000232252
9709,0,12,1385.92,13,1384.39,3,2,0,2.3798,0.00695506,1.87642e-05,0.028608,0.964418,0.000145964,0.575109,0.424441,0.000303816
9710,0,12,1385.92,13,1384.39,3,2,0,2.37861,0.0108351,2.91977e-05,0.0445802,0.944556,0.000169008,0.667009,0.33247,0.000351833
9711,0,12,1385.92,13,1384.39,3,1,9,2.37742,0.0165492,4.45429e-05,0.0681097,0.915297,0.000187263,0.740276,0.259147,0.000389891
9712,0,12,1385.92,13,1384.39,3,1,0,2.37623,0.00772706,2.07731e-05,0.0318104,0.960442,9.52753e-05,0.867667,0.132039,0.000198398
9713,0,12,1385.92,13,1384.39,3,1,0,2.37504,0.0119882,3.21905e-05,0.0493665,0.938613,0.000137578,0.808634,0.190942,0.000286529
9714,0,12,1385.92,13,1383.26,3,1,13,2.37385,0.0182183,4.88615e-05,0.0750428,0.90669,0.000191598,0.733109,0.2663,0.000399093
9715,0,12,1385.92,13,1383.26,3,1,0,2.37267,0.00497151,1.33178e-05,0.0204839,0.974531,5.94444e-05,0.917076,0.0827409,0.000123839
9716,0,12,1385.92,13,1383.26,3,1,0,2.37148,0.00784533,2.09914e-05,0.0323339,0.9598,8.88967e-05,0.875811,0.123915,0.000185224
9717,0,12,1385.92,13,1383.26,3,2,0,2.37029,0.012167,3.25161e-05,0.0501595,0.937641,0.000129093,0.819395,0.180207,0.000269016
9718,0,12,1385.92,13,1383.26,3,1,0,2.36911,0.0184797,4.93282e-05,0.0762057,0.905265,0.00013483,0.857308,0.142276,0.000281012
9719,0,12,1385.92,13,1383.26,3,2,0,2.36793,0.0273633,7.2955e-05,0.112872,0.859692,0.00019262,0.795865,0.203541,0.000401518
9720,0,12,1385.92,13,1384.24,3,2,9,2.36674,0.0392852,0.000104616,0.162094,0.798516,0.000202625,0.838597,0.160778,0.000422434
9721,0,12,1385.92,13,1384.24,3,2,0,2.36556,0.0193053,5.1349e-05,0.079678,0.900965,0.000158575,0.657383,0.342128,0.000330647
9722,0,12,1385.92,13,1384.24,3,1,0,2.36437,0.0285026,7.57227e-05,0.117671,0.85375,0.000176539,0.733074,0.266382,0.000368158
9723,0,12,1385.92,13,1384.24,3,2,0,2.36319,0.0407745,0.000108197,0.168383,0.790734,0.000236137,0.64244,0.356832,0.000492517
9724,0,12,1385.92,13,1384.24,3,1,9,2.36201,0.0561903,0.000148926,0.23211,0.711551,0.000264082,0.719605,0.27958,0.000550884
9725,0,12,1385.92,13,1382.6,3,1,13,2.36083,0.0289818,7.67221e-05,0.119751,0.85119,0.000135069,0.856388,0.143195,0.0002818
9726,0,12,1385.92,13,1382.6,3,1,9,2.35965,0.0081697,2.16016e-05,0.0337664,0.958042,3.77908e-05,0.959763,0.0401202,7.88561e-05
9727,0,12,1385.92,13,1382.6,3,2,0,2.35847,0.00376676,9.9479e-06,0.0155729,0.98065,1.73531e-05,0.981498,0.0184484,3.62151e-05
9728,0,12,1385.92,13,1382.6,3,1,0,2.35729,0.00600354,1.58364e-05,0.0248275,0.969153,1.73398e-05,0.982898,0.0170489,3.61927e-05
9729,0,12,1385.92,13,1382.6,3,1,0,2.35611,0.00941786,2.48133e-05,0.0389583,0.951599,2.75924e-05,0.972748,0.027167,5.76011e-05
9730,0,12,1385.92,13,1382.6,3,1,0,2.35493,0.0144992,3.81558e-05,0.0599952,0.925467,4.32508e-05,0.957224,0.0426427,9.03025e-05
9731,0,12,1385.92,13,1383.09,3,1,9,2.35376,0.0218207,5.73546e-05,0.0903157,0.887806,6.66117e-05,0.934029,0.0657657,0.000139098
9732,0,12,1385.92,13,1383.09,3,1,0,2.35258,0.01026,2.69359e-05,0.0424782,0.947235,3.06551e-05,0.969598,0.0303076,6.4023e-05
9733,0,12,1385.92,13,1383.09,3,1,0,2.3514,0.0157341,4.12581e-05,0.0651603,0.919064,4.78721e-05,0.952457,0.0473947,9.99953e-05
9734,0,12,1385.92,13,1383.09,3,1,9,2.35023,0.0235648,6.17184e-05,0.0976177,0.878756,7.33975e-05,0.927007,0.0727658,0.000153335
9735,0,12,1385.92,13,1383.09,3,1,0,2.34905,0.0111165,2.90806e-05,0.0460635,0.942791,3.3828e-05,0.966312,0.0335832,7.06807e-05
9736,0,12,1385.92,13,1383.09,3,1,0,2.34788,0.0169823,4.43726e-05,0.0703897,0.912584,5.26332e-05,0.947513,0.0523245,0.000109989
9737,0,12,1385.92,13,1383.09,3,2,0,2.3467,0.0253137,6.60629e-05,0.104952,0.869668,8.03385e-05,0.919774,0.0799777,0.00016791
9738,0,12,1385.92,13,1383.09,3,1,0,2.34553,0.0366192,9.5454e-05,0.151869,0.811417,8.13777e-05,0.933415,0.0663335,0.000170107
9739,0,12,1385.92,13,1383.09,3,1,0,2.34436,0.0511093,0.000133066,0.212023,0.736735,0.000122271,0.899821,0.0998006,0.000255626
9740,0,12,1385.92,13,1383.09,0,1,9,2.34319,0.0684499,0.000178002,0.28404,0.647332,0.000179098,0.853066,0.146381,0.000374487
9741,0,12,1385.92,13,1382.6,2,1,13,2.34201,0.176976,0.000157014,0.250921,0.571947,8.4619e-05,0.930485,0.0692537,0.000176961
9742,0,12,1385.92,13,1382.6,2,1,0,2.34084,0.0948122,8.4e-05,0.59862,0.306484,2.24169e-05,0.98156,0.018371,4.68866e-05
9743,0,12,1385.92,13,1382.6,2,1,0,2.33967,0.1197,0.000105901,0.493168,0.387026,3.54912e-05,0.970766,0.0291247,7.42434e-05
9744,0,12,1385.92,13,1381.62,2,1,13,2.3385,0.143966,0.00012719,0.390312,0.465595,5.534e-05,0.954355,0.0454739,0.000115782
9745,0,12,1385.92,13,1381.62,2,1,0,2.33733,0.0642565,5.66892e-05,0.727829,0.207858,1.4503e-05,0.988022,0.0119334,3.03475e-05
9746,0,12,1385.92,13,1381.62,0,1,0,2.33617,0.0866472,7.63355e-05,0.632923,0.280353,2.32528e-05,0.980769,0.0191586,4.86636e-05
9747,0,12,1385.92,13,1381.62,2,1,0,2.335,0.0699667,7.75933e-05,0.644515,0.285441,3.67782e-05,0.969543,0.0303433,7.69812e-05
9748,0,12,1385.92,13,1381.62,3,1,0,2.33383,0.0903049,0.000100012,0.541077,0.368518,5.72777e-05,0.952503,0.0473197,0.000119907
9749,0,12,1385.92,13,1381.62,0,1,0,2.33266,0.102288,0.000113129,0.613093,0.284507,8.75949e-05,0.927266,0.0724634,0.000183401
9750,0,12,1385.92,13,1381.62,0,1,0,2.3315,0.0820079,0.000115491,0.626973,0.290903,0.000131057,0.891031,0.108564,0.00027444
9751,0,12,1385.92,13,1381.62,2,2,0,2.33033,0.0669523,0.000117189,0.637287,0.295643,0.000190936,0.841031,0.158378,0.000399889
9752,0,12,1385.92,13,1381.62,3,1,0,2.32917,0.0857524,0.000149906,0.535326,0.378772,0.000197801,0.872733,0.126654,0.000414328
9753,0,12,1385.92,13,1381.62,2,1,0,2.328,0.0973677,0.000169995,0.60806,0.294402,0.000283522,0.817345,0.181777,0.000593973
9754,0,12,1385.92,13,1381.62,3,2,0,2.32684,0.122617,0.000213806,0.506341,0.370828,0.000393006,0.746486,0.252298,0.000823461
9755,0,12,1385.92,13,1381.62,2,1,0,2.32567,0.138656,0.000241465,0.572734,0.288369,0.000420057,0.799073,0.199627,0.000880271
9756,0,12,1385.92,13,1381.62,2,1,0,2.32451,0.171374,0.000298065,0.47186,0.356468,0.00057388,0.725158,0.273065,0.0012028
9757,0,12,1385.92,13,1381.62,3,1,9,2.32335,0.202753,0.000352193,0.375095,0.4218,0.00075435,0.638285,0.35938,0.00158128
9758,0,12,1385.92,13,1381.62,0,1,0,2.32219,0.127488,0.000221173,0.235884,0.636407,0.000398656,0.808608,0.190158,0.000835793
9759,0,12,1385.92,13,1381.62,3,2,0,2.32103,0.102229,0.000227226,0.242678,0.654866,0.000547618,0.736769,0.261535,0.00114827
9760,0,12,1385.92,13,1381.62,3,1,0,2.31986,0.131071,0.000290978,0.311199,0.557438,0.000586653,0.790426,0.207757,0.0012303
9761,0,12,1385.92,13,1381.62,0,2,0,2.3187,0.160687,0.00035629,0.381582,0.457374,0.000794575,0.715818,0.281721,0.00166659
9762,0,12,1385.92,13,1381.62,2,2,0,2.31755,0.125364,0.000370761,0.397634,0.476631,0.000856554,0.772704,0.224642,0.00179685
9763,0,12,1385.92,13,1381.62,2,1,0,2.31639,0.143173,0.000422937,0.311918,0.544486,0.000903858,0.816488,0.180711,0.00189637
9764,0,12,1385.92,13,1381.62,0,1,9,2.31523,0.157221,0.000463896,0.244242,0.598073,0.0012316,0.749685,0.246499,0.00258438
9765,0,12,1385.92,13,1381.62,3,1,0,2.31407,0.338372,0.000363682,0.19172,0.469545,0.000597282,0.878479,0.11967,0.00125352
9766,0,12,1385.92,13,1381.62,3,1,9,2.31291,0.399483,0.000428778,0.226319,0.373769,0.000843789,0.828146,0.169239,0.00177113
9767,0,12,1385.92,13,1381.62,0,1,9,2.31176,0.260228,0.000278929,0.14741,0.592083,0.000391548,0.92017,0.0786162,0.000821987
9768,0,12,1385.92,13,1381.62,0,1,9,2.3106,0.47578,0.000197364,0.104435,0.419588,0.000174339,0.964418,0.0350414,0.000366048
9769,0,12,1385.92,13,1381.62,0,1,0,2.30945,0.682762,0.000119261,0.063186,0.253932,7.68672e-05,0.984295,0.0154664,0.000161417
9770,0,12,1385.92,13,1381.62,3,1,0,2.30829,0.584807,0.000155855,0.0826779,0.332359,0.000119201,0.975621,0.0240098,0.000250353
9771,0,12,1385.92,13,1381.62,0,1,0,2.30714,0.650056,0.00017296,0.0918667,0.257904,0.0001824,0.962656,0.0367785,0.000383144
9772,0,12,1385.92,13,1381.62,3,1,0,2.30598,0.550733,0.000221738,0.117923,0.331122,0.000274898,0.943659,0.0554885,0.000577529
9773,0,12,1385.92,13,1381.62,0,2,0,2.30483,0.611531,0.000245832,0.1309,0.257323,0.000407017,0.916494,0.0822442,0.000855223
9774,0,12,1385.92,13,1381.62,3,1,0,2.30368,0.511556,0.000308682,0.164574,0.323561,0.000411806,0.92871,0.0700126,0.000865415
9775,0,12,1385.92,13,1381.62,0,1,0,2.30253,0.566185,0.00034114,0.182107,0.251367,0.00060067,0.89591,0.102227,0.0012625
9776,0,12,1385.92,13,1381.62,3,1,0,2.30138,0.466737,0.000418801,0.223845,0.308999,0.000856193,0.85148,0.145864,0.00179983
9777,0,12,1385.92,13,1381.62,0,2,0,2.30022,0.513704,0.000460298,0.246334,0.239502,0.00118758,0.793787,0.202528,0.00249683
9778,0,12,1385.92,13,1379.08,0,1,13,2.29907,0.416557,0.00055156,0.295545,0.287346,0.00124258,0.831633,0.164511,0.00261286
9779,0,12,1385.92,13,1379.08,0,1,0,2.29793,0.753516,0.000232723,0.124858,0.121393,0.000334947,0.954572,0.0443885,0.000704418
9780,0,12,1385.92,13,1379.08,0,2,9,2.29678,0.669186,0.000311954,0.167577,0.162926,0.000497169,0.932506,0.0659512,0.00104574
9781,0,12,1385.92,13,1379.08,0,1,0,2.29563,0.828202,0.0001618,0.0870259,0.0846101,0.000436448,0.81985,0.178795,0.000918154
9782,0,12,1385.92,13,1379.08,0,2,0,2.29448,0.759661,0.000226069,0.121747,0.118367,0.000602534,0.750998,0.247132,0.00126774
9783,0,12,1385.92,13,1379.08,2,1,0,2.29333,0.676336,0.000304065,0.163956,0.159403,0.000641921,0.801231,0.196776,0.00135081
9784,0,12,1385.92,13,1379.08,2,1,9,2.29219,0.703167,0.000315641,0.130838,0.165679,0.000873489,0.72922,0.268068,0.00183838
9785,0,12,1385.92,13,1379.08,0,1,0,2.29104,0.568063,0.000254602,0.297874,0.133808,0.000430464,0.866405,0.132258,0.000906104
9786,0,12,1385.92,13,1379.08,0,1,0,2.28989,0.46704,0.000313721,0.367561,0.165085,0.000608241,0.811018,0.187093,0.00128051
9787,0,12,1385.92,13,1379.08,2,2,0,2.28875,0.370504,0.000370041,0.43416,0.194966,0.00083224,0.741127,0.256289,0.00175234
9788,0,12,1385.92,13,1379.08,2,1,0,2.28761,0.431433,0.0004303,0.341137,0.226999,0.00088863,0.792419,0.204821,0.00187136
9789,0,12,1385.92,13,1378.61,0,1,13,2.28646,0.481938,0.000480007,0.264043,0.253539,0.00119889,0.719643,0.276633,0.00252511
9790,0,12,1385.92,13,1378.61,0,1,0,2.28532,0.798983,0.000186017,0.102454,0.0983773,0.000356563,0.916529,0.0823633,0.000751106
9791,0,12,1385.92,13,1378.61,3,1,0,2.28418,0.723291,0.000255739,0.141033,0.13542,0.000518526,0.878483,0.119906,0.00109245
9792,0,12,1385.92,13,1378.61,0,1,0,2.28303,0.745172,0.000263057,0.145252,0.109313,0.000735051,0.827555,0.170161,0.00154886
9793,0,12,1385.92,13,1378.61,3,1,0,2.28189,0.659729,0.000350825,0.193959,0.145961,0.00101106,0.762546,0.234312,0.00213078
9794,0,12,1385.92,13,1380.72,0,2,9,2.28075,0.681979,0.000362111,0.200452,0.117207,0.00134347,0.68414,0.311685,0.00283172
9795,0,12,1385.92,13,1380.72,2,2,0,2.27961,0.837098,0.00018526,0.102683,0.0600337,0.000888755,0.45315,0.544088,0.00187357
9796,0,12,1385.92,13,1380.72,0,1,0,2.27847,0.853827,0.000188645,0.0847836,0.0612011,0.00107685,0.54974,0.446913,0.00227044
9797,0,12,1385.92,13,1380.72,0,2,0,2.27733,0.793238,0.000266519,0.11993,0.0865657,0.00130559,0.453446,0.542495,0.00275311
9798,0,12,1385.92,13,1380.72,0,2,9,2.27619,0.717568,0.000363625,0.163826,0.118243,0.00157565,0.547885,0.447217,0.0033231
9799,0,12,1385.92,13,1380.72,0,2,0,2.27505,0.858909,0.000181434,0.0818426,0.0590666,0.000940048,0.327256,0.669821,0.00198289
9800,0,12,1385.92,13,1380.72,0,1,9,2.27392,0.799767,0.00025718,0.116153,0.083823,0.00120028,0.418338,0.577929,0.00253218
9801,0,12,1385.92,13,1380.72,0,2,9,2.27278,0.904657,0.000122313,0.0553088,0.0399117,0.000732385,0.644646,0.353076,0.00154532
9802,0,12,1385.92,13,1380.72,0,2,0,2.27164,0.956825,5.5322e-05,0.0250467,0.0180729,0.00047131,0.41541,0.583124,0.000994601
9803,0,12,1385.92,13,1380.72,0,1,9,2.27051,0.93408,8.43649e-05,0.0382425,0.0275928,0.000583926,0.515368,0.482815,0.00123244
9804,0,12,1385.92,13,1380.72,0,1,0,2.26937,0.970454,3.77678e-05,0.017141,0.0123668,0.000337291,0.719689,0.279262,0.000711994
9805,0,12,1385.92,13,1380.72,0,1,0,2.26824,0.954203,5.84719e-05,0.0265702,0.0191684,0.000445892,0.628937,0.369676,0.000941385
9806,0,12,1385.92,13,1380.72,0,2,0,2.2671,0.930243,8.89571e-05,0.0404724,0.029196,0.000563906,0.530099,0.468146,0.00119072
9807,0,12,1385.92,13,1380.72,0,1,0,2.26597,0.895944,0.000132537,0.0603737,0.0435496,0.000662633,0.623761,0.374177,0.0013994
9808,0,12,1385.92,13,1380.72,0,1,9,2.26484,0.848652,0.000192543,0.0878153,0.06334,0.000832743,0.526578,0.470831,0.00175891
9809,0,12,1385.92,13,1380.72,0,2,0,2.2637,0.929827,8.91664e-05,0.040717,0.0293667,0.000474011,0.73018,0.268345,0.00100135
9810,0,12,1385.92,13,1380.72,0,1,0,2.26257,0.895338,0.000132831,0.0607305,0.0437983,0.000509702,0.786313,0.2121,0.00107691
9811,0,12,1385.92,13,1380.72,0,1,0,2.26144,0.847806,0.000192927,0.0883142,0.0636873,0.000691663,0.709681,0.288166,0.00146158
9812,0,12,1385.92,13,1380.72,0,1,0,2.26031,0.785319,0.000271811,0.124577,0.0898322,0.000902387,0.620777,0.376414,0.00190715
9813,0,12,1385.92,13,1380.72,0,1,0,2.25918,0.707781,0.00036954,0.169576,0.122273,0.00112915,0.52491,0.471574,0.00238677
9814,0,12,1385.92,13,1380.72,2,2,0,2.25805,0.617847,0.000482693,0.221772,0.159898,0.00135534,0.429059,0.56672,0.0028653
9815,0,12,1385.92,13,1380.72,3,2,0,2.25692,0.654898,0.000510907,0.175151,0.169441,0.00165186,0.523531,0.471324,0.00349269
9816,0,12,1385.92,13,1380.72,0,2,0,2.25579,0.681514,0.00053091,0.182221,0.135734,0.0019296,0.612262,0.381728,0.00408055
9817,0,12,1385.92,13,1380.72,0,1,0,2.25467,0.590094,0.000682526,0.234533,0.174691,0.00215957,0.686023,0.307249,0.00456757
9818,0,12,1385.92,13,1380.72,3,1,0,2.25354,0.493937,0.000841674,0.289558,0.215663,0.00275143,0.599585,0.391843,0.00582024
9819,0,12,1385.92,13,1380.72,3,2,9,2.25241,0.523057,0.000890158,0.306596,0.169457,0.00337526,0.508322,0.481162,0.00714092
9820,0,12,1385.92,13,1380.72,3,2,0,2.25129,0.403002,0.000684971,0.236199,0.360113,0.00194581,0.293338,0.700599,0.0041173
9821,0,12,1385.92,13,1380.72,3,2,0,2.25016,0.453528,0.000769865,0.265784,0.279918,0.00249771,0.376917,0.6153,0.00528591
9822,0,12,1385.92,13,1380.72,0,2,0,2.24903,0.492616,0.000835149,0.28866,0.21789,0.00308659,0.466249,0.524131,0.00653314
9823,0,12,1385.92,13,1380.72,2,1,0,2.24791,0.398713,0.000988581,0.342091,0.258207,0.00367328,0.55543,0.433121,0.0077761
9824,0,12,1385.92,13,1380.72,2,2,0,2.24679,0.444549,0.00110091,0.266484,0.287866,0.00441751,0.464859,0.521371,0.00935299
9825,0,12,1385.92,13,1380.72,3,2,0,2.24566,0.479845,0.00118689,0.208274,0.310694,0.00523606,0.551509,0.432167,0.0110877
9826,0,12,1385.92,13,1380.72,0,1,0,2.24454,0.525861,0.00129915,0.228209,0.244631,0.00595886,0.628226,0.353194,0.0126202
9827,0,12,1385.92,13,1380.72,0,2,9,2.24342,0.43281,0.0015525,0.272994,0.292643,0.00733549,0.541981,0.435145,0.0155381
9828,0,12,1385.92,13,1384.95,0,2,9,2.2423,0.656631,0.000938885,0.165267,0.177164,0.00431421,0.319028,0.667518,0.00913976
9829,0,12,1385.92,13,1384.95,0,2,0,2.24118,0.824772,0.000478635,0.0843385,0.0904113,0.00214457,0.158724,0.834588,0.004544
9830,0,12,1385.92,13,1384.95,3,2,9,2.24005,0.758824,0.000658085,0.116079,0.124439,0.00291613,0.216015,0.77489,0.00617975
9831,0,12,1385.92,13,1384.95,3,2,0,2.23893,0.612558,0.000530488,0.0936691,0.293242,0.00135362,0.100357,0.89542,0.00286897
9832,0,12,1385.92,13,1385.39,0,2,9,2.23782,0.666346,0.000576256,0.101856,0.231222,0.00190754,0.141546,0.852503,0.0040436
9833,0,12,1385.92,13,1385.39,0,2,9,2.2367,0.829652,0.000293871,0.0519968,0.118057,0.000848183,0.0629924,0.934361,0.00179825
9834,0,12,1385.92,13,1385.39,0,2,0,2.23558,0.921083,0.000135986,0.0240858,0.054695,0.000364262,0.0270761,0.971787,0.000772394
9835,0,12,1385.92,13,1385.39,0,2,0,2.23446,0.883594,0.000200355,0.0355238,0.080682,0.000546287,0.0406414,0.957654,0.00115854
9836,0,12,1385.92,13,1385.39,0,2,0,2.23334,0.832732,0.000287567,0.0510396,0.115941,0.000807073,0.0600944,0.937387,0.00171186
9837,0,12,1385.92,13,1385.39,0,2,0,2.23223,0.767027,0.000400068,0.0710808,0.161492,0.00117174,0.0873227,0.90902,0.00248572
9838,0,12,1385.92,13,1385.39,3,2,0,2.23111,0.687014,0.000536851,0.0954823,0.216967,0.00166662,0.12431,0.870487,0.00353608
9839,0,12,1385.92,13,1385.39,0,2,0,2.22999,0.725819,0.000566363,0.100836,0.172779,0.00231389,0.172738,0.820038,0.00491015
9840,1,12,1385.92,13,1385.39,3,2,0,2.22888,0.640154,0.000742499,0.132332,0.226772,0.00312356,0.233383,0.756864,0.0066293
9841,1,12,1385.92,13,1385.39,3,1,0,2.22776,0.101353,0.0883384,0.0419098,0.768399,0.150139,0.103062,0.312976,0.433823
9842,1,12,1385.92,13,1385.39,3,2,0,2.22665,0.15336,0.133664,0.0634038,0.649572,0.155552,0.0705827,0.324307,0.449558
9843,1,12,1385.92,13,1385.39,3,0,0,2.22554,0.213747,0.18629,0.0883537,0.51161,0.179283,0.081338,0.221126,0.518253
9844,1,12,1385.92,13,1385.39,0,3,0,2.22442,0.273777,0.238601,0.113147,0.374474,0.122063,0.0869838,0.236522,0.554431
9845,1,12,1385.92,13,1385.39,2,2,9,2.22331,0.183493,0.268258,0.127192,0.421057,0.159972,0.113991,0.31002,0.416018
9846,1,12,1385.92,13,1385.39,1,2,0,2.2222,0.156333,0.22857,0.256302,0.358795,0.117511,0.0837284,0.493108,0.305653
9847,1,12,1385.92,13,1385.39,1,3,0,2.22109,0.171863,0.151845,0.28179,0.394502,0.148813,0.106025,0.358015,0.387147
9848,1,12,1385.92,13,1385.39,1,0,0,2.21998,0.181918,0.102126,0.298305,0.417651,0.177803,0.126671,0.427834,0.267691
9849,1,12,1385.92,13,1385.39,3,2,0,2.21887,0.188347,0.0702886,0.308879,0.432485,0.120334,0.135501,0.45777,0.286395
9850,1,12,1385.92,13,1385.39,0,2,0,2.21776,0.230452,0.0859844,0.377966,0.305598,0.149006,0.167791,0.328506,0.354697
9851,1,12,1385.92,13,1385.39,2,3,0,2.21665,0.154609,0.0944353,0.415237,0.335718,0.172227,0.193944,0.223785,0.410044
9852,1,12,1385.92,13,1385.39,3,3,0,2.21554,0.187137,0.114292,0.292161,0.406411,0.207559,0.233738,0.269708,0.288995
9853,1,12,1385.92,13,1385.39,2,3,0,2.21444,0.225243,0.137551,0.351683,0.285523,0.235376,0.265069,0.30587,0.193686
9854,1,12,1385.92,13,1385.39,3,2,0,2.21333,0.263468,0.160878,0.24166,0.333994,0.254103,0.286166,0.330224,0.129506
9855,1,12,1385.92,13,1385.39,3,1,9,2.21222,0.305298,0.186403,0.280024,0.228275,0.293709,0.330777,0.225843,0.149671
9856,1,12,1385.92,13,1385.39,3,1,0,2.21112,0.238733,0.145746,0.218965,0.396556,0.212228,0.516457,0.163181,0.108135
9857,1,12,1385.92,13,1385.39,1,1,0,2.21001,0.285556,0.174314,0.261907,0.278222,0.270263,0.384258,0.207792,0.137686
9858,1,12,1385.92,13,1385.39,2,0,0,2.2089,0.305682,0.116128,0.280361,0.29783,0.32075,0.269268,0.246597,0.163385
9859,1,12,1385.92,13,1385.39,0,3,0,2.2078,0.344575,0.130878,0.188826,0.335722,0.219211,0.30953,0.283463,0.187796
9860,1,12,1385.92,13,1385.39,0,3,0,2.2067,0.237461,0.152249,0.219675,0.390615,0.23571,0.332849,0.304813,0.126629
9861,1,12,1385.92,13,1385.39,3,2,0,2.20559,0.162433,0.167209,0.241279,0.429079,0.246404,0.347975,0.31866,0.0869607
9862,1,12,1385.92,13,1385.39,1,0,0,2.20449,0.196838,0.202627,0.292408,0.308126,0.282221,0.398583,0.219615,0.0995803
9863,1,12,1385.92,13,1385.39,0,3,0,2.20339,0.213047,0.136913,0.316511,0.333529,0.195312,0.446878,0.246195,0.111615
9864,1,12,1385.92,13,1385.39,0,2,0,2.20229,0.144914,0.148746,0.343923,0.362418,0.202412,0.463199,0.255157,0.0792317
9865,0,12,1385.92,13,1384.95,3,2,13,2.20118,0.100037,0.15653,0.361982,0.381451,0.223316,0.51112,0.178166,0.0873978
9866,0,12,1385.92,13,1384.95,3,2,0,2.20008,0.562046,0.000629329,0.115235,0.32209,0.00228345,0.174493,0.818358,0.00486533
9867,0,12,1385.92,13,1384.95,0,2,0,2.19898,0.619024,0.000692185,0.126876,0.253408,0.00308409,0.23588,0.754464,0.00657224
9868,0,12,1385.92,13,1384.95,3,1,0,2.19788,0.523381,0.000864977,0.158714,0.31704,0.00403353,0.308764,0.678606,0.00859682
9869,0,12,1385.92,13,1384.95,3,2,0,2.19679,0.575217,0.000949428,0.174392,0.249442,0.00436839,0.250622,0.735698,0.00931194
9870,0,12,1385.92,13,1384.95,0,1,9,2.19569,0.61512,0.00101399,0.186445,0.197422,0.00564266,0.323991,0.658336,0.0120301
9871,0,12,1385.92,13,1384.95,0,1,9,2.19459,0.799167,0.000528552,0.0972876,0.103017,0.00360826,0.567317,0.421381,0.00769392
9872,0,12,1385.92,13,1384.95,0,2,0,2.19349,0.906822,0.00024497,0.0451373,0.0477959,0.00192729,0.768675,0.225288,0.0041102
9873,0,12,1385.92,13,1384.95,0,1,0,2.1924,0.86475,0.000355207,0.0655176,0.0693774,0.0020308,0.810927,0.18271,0.0043316
9874,0,12,1385.92,13,1384.95,0,1,0,2.1913,0.808987,0.000501132,0.0925297,0.0979818,0.00273922,0.744749,0.246669,0.00584351
9875,0,12,1385.92,13,1384.95,0,1,9,2.1902,0.738784,0.000684597,0.126537,0.133995,0.00357412,0.666658,0.322142,0.00762574
9876,0,12,1385.92,13,1383.31,0,1,13,2.18911,0.874517,0.000328522,0.0607856,0.0643687,0.001769,0.834869,0.159587,0.00377491
9877,0,12,1385.92,13,1383.31,0,1,9,2.18801,0.967784,8.42549e-05,0.0156057,0.0165259,0.000458461,0.957167,0.0413964,0.000978469
9878,0,12,1385.92,13,1383.31,0,1,9,2.18692,0.986047,3.64546e-05,0.0067592,0.00715781,0.000194879,0.981777,0.0176124,0.000415984
9879,0,12,1385.92,13,1383.8,0,1,9,2.18583,0.99392,1.58679e-05,0.00294522,0.00311894,8.30403e-05,0.992228,0.0075116,0.000177282
9880,0,12,1385.92,13,1383.8,0,1,0,2.18473,0.997319,6.98955e-06,0.00129867,0.00137529,3.5767e-05,0.99665,0.0032383,7.63705e-05
9881,0,12,1385.92,13,1383.8,0,1,0,2.18364,0.995619,1.14103e-05,0.00212227,0.0022475,5.70451e-05,0.994652,0.00516945,0.000121822
9882,0,12,1385.92,13,1383.8,0,1,0,2.18255,0.992917,1.84287e-05,0.00343126,0.00363377,9.00451e-05,0.99155,0.00816728,0.000192324
9883,0,12,1385.92,13,1383.8,0,1,0,2.18146,0.988673,2.94368e-05,0.0054866,0.00581049,0.000140618,0.986793,0.0127658,0.000300386
9884,0,12,1385.92,13,1383.8,0,1,9,2.18037,0.982099,4.64736e-05,0.00867108,0.00918306,0.000217107,0.979591,0.0197277,0.000463853
9885,0,12,1385.92,13,1382.84,0,1,13,2.17928,0.99223,2.01517e-05,0.00376385,0.00398613,9.23165e-05,0.991314,0.00839599,0.000197266
9886,0,12,1385.92,13,1382.84,0,1,0,2.17819,0.998084,4.96265e-06,0.000927875,0.000982683,2.22831e-05,0.997902,0.00202843,4.76228e-05
9887,0,12,1385.92,13,1382.84,0,1,9,2.1771,0.996846,8.16296e-06,0.00152784,0.00161811,3.59123e-05,0.996615,0.00327204,7.67621e-05
9888,0,12,1385.92,13,1382.84,0,1,0,2.17601,0.998595,3.63139e-06,0.000680389,0.000720595,1.56626e-05,0.998523,0.00142835,3.34838e-05
9889,0,12,1385.92,13,1382.84,0,1,0,2.17492,0.997672,6.01284e-06,0.00112777,0.00119442,2.54316e-05,0.997599,0.00232131,5.43763e-05
9890,0,12,1385.92,13,1382.84,0,1,0,2.17383,0.996181,9.85181e-06,0.00184974,0.00195909,4.08783e-05,0.996137,0.00373462,8.74169e-05
9891,0,12,1385.92,13,1382.84,0,1,9,2.17275,0.993803,1.59708e-05,0.00300176,0.00317925,6.50398e-05,0.993848,0.00594736,0.000139107
9892,0,12,1385.92,13,1382.84,0,1,9,2.17166,0.997274,7.01686e-06,0.00132022,0.0013983,2.80547e-05,0.997344,0.00256769,6.00121e-05
9893,0,12,1385.92,13,1382.84,0,1,0,2.17058,0.998784,3.1269e-06,0.000588943,0.000623781,1.2278e-05,0.998837,0.00112475,2.6268e-05
9894,0,12,1385.92,13,1382.84,0,1,9,2.16949,0.997978,5.19484e-06,0.000979459,0.00103741,2.00415e-05,0.998099,0.0018376,4.2884e-05
9895,0,12,1385.92,13,1382.84,0,1,9,2.16841,0.999093,2.32693e-06,0.000439189,0.00046518,8.82234e-06,0.999163,0.000809652,1.88806e-05
9896,0,12,1385.92,13,1382.84,0,1,9,2.16732,0.999587,1.05815e-06,0.000199928,0.000211761,3.94415e-06,0.999625,0.000362294,8.44213e-06
9897,0,12,1385.92,13,1382.84,0,1,9,2.16624,0.999809,4.88525e-07,9.23989e-05,9.78692e-05,1.79081e-06,0.99983,0.000164645,3.83366e-06
9898,0,12,1385.92,13,1382.84,0,1,0,2.16515,0.999911,2.28945e-07,4.33478e-05,4.59146e-05,8.25653e-07,0.999921,7.59785e-05,1.76778e-06
9899,0,12,1385.92,13,1382.84,0,1,9,2.16407,0.999843,4.00975e-07,7.59991e-05,8.05003e-05,1.42311e-06,0.999864,0.000131076,3.04744e-06
9900,0,12,1385.92,13,1382.84,0,1,0,2.16299,0.999926,1.8857e-07,3.57782e-05,3.78976e-05,6.58833e-07,0.999937,6.07371e-05,1.41104e-06
9901,0,12,1385.92,13,1382.84,0,1,9,2.16191,0.99987,3.31571e-07,6.29764e-05,6.67079e-05,1.1408e-06,0.999891,0.000105264,2.44364e-06
9902,0,12,1385.92,13,1382.84,0,1,9,2.16083,0.999939,1.5645e-07,2.97464e-05,3.15093e-05,5.30226e-07,0.999949,4.89695e-05,1.13594e-06
9903,0,12,1385.92,13,1382.84,0,1,0,2.15975,0.999971,7.49086e-08,1.42576e-05,1.51027e-05,2.5015e-07,0.999976,2.31238e-05,5.35997e-07
9904,0,12,1385.92,13,1382.84,0,1,0,2.15867,0.999947,1.34171e-07,2.55639e-05,2.70796e-05,4.41616e-07,0.999958,4.08597e-05,9.46395e-07
9905,0,12,1385.92,13,1382.84,0,1,0,2.15759,0.999906,2.37567e-07,4.53118e-05,4.79989e-05,7.70934e-07,0.999926,7.13939e-05,1.65238e-06
9906,0,12,1385.92,13,1382.84,0,1,9,2.15651,0.999836,4.1592e-07,7.9413e-05,8.41232e-05,1.3311e-06,0.999872,0.000123381,2.85346e-06
9907,0,12,1385.92,13,1382.84,0,1,0,2.15543,0.999923,1.9517e-07,3.73037e-05,3.95167e-05,6.16156e-07,0.999941,5.71639e-05,1.32104e-06
9908,0,12,1385.92,13,1382.84,0,1,9,2.15435,0.999864,3.43066e-07,6.56406e-05,6.95355e-05,1.06872e-06,0.999897,9.92402e-05,2.29169e-06
9909,0,12,1385.92,13,1382.84,0,1,0,2.15328,0.999936,1.61529e-07,3.09386e-05,3.27748e-05,4.96644e-07,0.999952,4.61597e-05,1.06513e-06
9910,0,12,1385.92,13,1382.84,0,1,9,2.1522,0.999887,2.8503e-07,5.4651e-05,5.78952e-05,8.65211e-07,0.999917,8.04885e-05,1.85587e-06
9911,0,12,1385.92,13,1382.84,0,1,0,2.15112,0.999947,1.34639e-07,2.58424e-05,2.73768e-05,4.03586e-07,0.999961,3.75787e-05,8.65819e-07
9912,0,12,1385.92,13,1382.84,0,1,0,2.15005,0.999905,2.38465e-07,4.5819e-05,4.854e-05,7.06068e-07,0.999932,6.58031e-05,1.51497e-06
9913,0,12,1385.92,13,1382.84,0,1,0,2.14897,0.999834,4.17611e-07,8.03248e-05,8.5096e-05,1.22169e-06,0.999882,0.000113961,2.62171e-06
9914,0,12,1385.92,13,1382.84,0,1,9,2.1479,0.999712,7.2327e-07,0.000139263,0.000147536,2.09106e-06,0.999798,0.000195234,4.48805e-06
9915,0,12,1385.92,13,1382.84,0,1,9,2.14682,0.999867,3.35155e-07,6.46007e-05,6.84394e-05,9.57762e-07,0.999907,8.95034e-05,2.05596e-06
9916,0,12,1385.92,13,1382.84,0,1,0,2.14575,0.999937,1.57645e-07,3.04179e-05,3.22257e-05,4.45398e-07,0.999957,4.16605e-05,9.5625e-07
9917,0,12,1385.92,13,1382.84,0,1,9,2.14468,0.999889,2.78412e-07,5.37766e-05,5.69734e-05,7.77904e-07,0.999925,7.28277e-05,1.67038e-06
9918,0,12,1385.92,13,1382.84,0,1,9,2.14361,0.999948,1.3138e-07,2.54035e-05,2.69139e-05,3.63095e-07,0.999965,3.4024e-05,7.79788e-07
9919,0,12,1385.92,13,1382.84,0,1,0,2.14253,0.999975,6.29111e-08,1.21772e-05,1.29014e-05,1.72016e-07,0.999983,1.61335e-05,3.69481e-07
9920,0,12,1385.92,13,1382.84,0,1,0,2.14146,0.999955,1.13166e-07,2.19277e-05,2.32321e-05,3.06202e-07,0.99997,2.8745e-05,6.57805e-07
9921,0,12,1385.92,13,1382.84,0,1,0,2.14039,0.999919,2.01219e-07,3.90306e-05,4.13527e-05,5.38898e-07,0.999948,5.06355e-05,1.15788e-06
9922,0,12,1385.92,13,1382.84,0,1,0,2.13932,0.999858,3.5374e-07,6.86875e-05,7.2775e-05,9.37905e-07,0.999909,8.82068e-05,2.01549e-06
9923,0,12,1385.92,13,1382.84,0,1,0,2.13825,0.999753,6.14965e-07,0.000119537,0.000126652,1.61457e-06,0.999843,0.000151983,3.47013e-06
9924,0,12,1385.92,13,1382.84,0,1,0,2.13718,0.999575,1.05742e-06,0.000205759,0.000218008,2.74971e-06,0.999732,0.000259071,5.91073e-06
9925,0,12,1385.92,13,1382.84,0,1,0,2.13611,0.999277,1.79869e-06,0.000350366,0.000371229,4.63369e-06,0.999548,0.000436973,9.96204e-06
9926,0,12,1385.92,13,1382.84,0,1,0,2.13505,0.998781,3.0271e-06,0.000590271,0.000625426,7.72769e-06,0.999246,0.000729411,1.66164e-05
9927,0,12,1385.92,13,1382.84,0,1,0,2.13398,0.997968,5.04082e-06,0.000983975,0.00104259,1.27559e-05,0.998755,0.00120512,2.74326e-05
9928,0,12,1385.92,13,1382.84,0,1,0,2.13291,0.996649,8.30585e-06,0.00162302,0.00171973,2.08426e-05,0.997963,0.0019709,4.48304e-05
9929,0,12,1385.92,13,1382.84,0,1,9,2.13185,0.994531,1.35405e-05,0.0026487,0.00280655,3.37118e-05,0.996703,0.00319072,7.25218e-05
9930,0,12,1385.92,13,1382.84,0,1,0,2.13078,0.997607,5.91891e-06,0.00115904,0.00122813,1.45929e-05,0.998572,0.00138244,3.13976e-05
9931,0,12,1385.92,13,1382.84,0,1,0,2.12971,0.996066,9.72099e-06,0.00190558,0.00201919,2.37818e-05,0.99767,0.00225499,5.1176e-05
9932,0,12,1385.92,13,1383.33,0,1,9,2.12865,0.9936,1.57949e-05,0.0030995,0.00328433,3.83648e-05,0.996238,0.00364105,8.25695e-05
9933,0,12,1385.92,13,1383.33,0,1,9,2.12758,0.997208,6.88258e-06,0.00135202,0.00143266,1.65586e-05,0.998375,0.00157294,3.56431e-05
9934,0,12,1385.92,13,1383.33,0,1,9,2.12652,0.998765,3.04209e-06,0.000598225,0.000633912,7.25659e-06,0.999287,0.000689951,1.56226e-05
9935,0,12,1385.92,13,1383.33,0,1,9,2.12546,0.999445,1.36507e-06,0.000268724,0.000284759,3.23021e-06,0.999682,0.000307406,6.95533e-06
9936,1,12,1385.92,13,1383.33,0,1,0,2.12439,0.999747,6.21988e-07,0.000122572,0.000129887,1.46052e-06,0.999856,0.000139118,3.14529e-06
9937,1,12,1385.92,13,1383.33,3,1,0,2.12333,0.0638147,0.100502,0.235259,0.600424,0.174578,0.404399,0.353622,0.0674002
9938,1,12,1385.92,13,1383.33,1,1,0,2.12227,0.0850612,0.133976,0.313669,0.467294,0.209084,0.286632,0.423577,0.0807068
9939,1,12,1385.92,13,1383.33,2,3,0,2.12121,0.0889928,0.0936948,0.328253,0.48906,0.234863,0.198628,0.475869,0.0906402
9940,1,12,1385.92,13,1383.33,3,1,0,2.12015,0.101886,0.107271,0.230736,0.560107,0.241412,0.20416,0.489206,0.0652226
9941,1,12,1385.92,13,1383.33,3,2,0,2.11909,0.132257,0.139248,0.299563,0.428932,0.260131,0.142393,0.527214,0.0702616
9942,1,12,1385.92,13,1383.33,0,0,0,2.11803,0.159963,0.16842,0.362375,0.309242,0.331182,0.181264,0.398124,0.0894293
9943,1,12,1385.92,13,1383.33,3,3,0,2.11697,0.110331,0.17835,0.383802,0.327517,0.232098,0.208103,0.457144,0.102656
9944,1,12,1385.92,13,1383.33,1,2,0,2.11591,0.126479,0.204472,0.440082,0.228967,0.23957,0.214798,0.471926,0.0737054
9945,1,12,1385.92,13,1383.33,3,0,0,2.11485,0.13627,0.142741,0.474268,0.246721,0.295466,0.264909,0.348744,0.0908808
9946,1,12,1385.92,13,1383.33,1,2,0,2.1138,0.149509,0.15661,0.520475,0.173406,0.205126,0.298877,0.393484,0.102512
9947,1,12,1385.92,13,1383.33,3,0,0,2.11274,0.157465,0.111587,0.548309,0.182639,0.242847,0.353865,0.281941,0.121347
9948,1,12,1385.92,13,1383.33,2,1,9,2.11168,0.167554,0.118728,0.583584,0.130134,0.168488,0.388637,0.309632,0.133242
9949,1,12,1385.92,13,1383.33,1,0,0,2.11063,0.0972517,0.0689077,0.758312,0.0755284,0.112793,0.590707,0.207306,0.0891937
9950,1,12,1385.92,13,1385.44,2,2,9,2.10957,0.0989247,0.0525772,0.771674,0.0768239,0.0823654,0.611019,0.21439,0.0922259
9951,1,12,1385.92,13,1385.44,2,2,0,2.10852,0.0512807,0.0272516,0.881646,0.039822,0.0625035,0.463862,0.403647,0.0699878
9952,1,12,1385.92,13,1385.44,2,1,0,2.10746,0.0813087,0.0432036,0.812351,0.0631371,0.0742753,0.551446,0.291108,0.083171
9953,1,12,1385.92,13,1385.44,2,2,0,2.10641,0.122311,0.064982,0.717736,0.094971,0.0953889,0.423835,0.373961,0.106816
9954,1,12,1385.92,13,1385.44,2,3,0,2.10536,0.172699,0.0917407,0.601472,0.134089,0.111556,0.495815,0.267708,0.124922
9955,1,12,1385.92,13,1385.44,0,1,0,2.1043,0.227486,0.12083,0.475065,0.176619,0.115971,0.515595,0.278353,0.0900802
9956,1,12,1385.92,13,1385.44,3,2,0,2.10325,0.161034,0.131199,0.515976,0.191791,0.145679,0.391454,0.349718,0.113149
9957,1,12,1385.92,13,1385.44,2,1,0,2.1022,0.171945,0.140083,0.551065,0.136907,0.168174,0.45199,0.249221,0.130615
9958,1,12,1385.92,13,1385.44,1,0,0,2.10115,0.219699,0.17898,0.426401,0.174921,0.204121,0.334836,0.302516,0.158526
9959,1,12,1385.92,13,1385.44,2,3,0,2.1001,0.233613,0.126928,0.453467,0.185991,0.142407,0.360814,0.32598,0.1708
9960,1,12,1385.92,13,1385.44,0,2,0,2.09905,0.283576,0.154056,0.33661,0.225759,0.151056,0.3828,0.345836,0.120307
9961,1,12,1385.92,13,1385.44,2,1,0,2.098,0.199117,0.1722,0.376315,0.252368,0.173726,0.44033,0.247589,0.138355
9962,1,12,1385.92,13,1385.44,2,2,0,2.09695,0.232601,0.201153,0.271425,0.294821,0.209058,0.326491,0.297964,0.166487
9963,1,12,1385.92,13,1385.44,3,0,0,2.0959,0.258766,0.223773,0.189461,0.328,0.235134,0.367248,0.210374,0.187244
9964,1,12,1385.92,13,1385.44,2,0,0,2.09485,0.295371,0.25542,0.216248,0.232961,0.1666,0.40018,0.229213,0.204007
9965,1,12,1385.92,13,1385.44,0,2,0,2.09381,0.319948,0.276666,0.151053,0.252333,0.119475,0.422835,0.242162,0.215528
9966,1,12,1385.92,13,1385.44,3,1,0,2.09276,0.227253,0.314388,0.171627,0.286733,0.13026,0.461122,0.173607,0.235012
9967,1,12,1385.92,13,1385.44,3,2,0,2.09171,0.254006,0.351422,0.191822,0.20275,0.157759,0.347313,0.210269,0.284659
9968,1,12,1385.92,13,1385.44,0,2,0,2.09067,0.272681,0.377283,0.205913,0.144122,0.169891,0.374081,0.149442,0.306586
9969,1,12,1385.92,13,1385.44,0,3,0,2.08962,0.195306,0.417451,0.227808,0.159436,0.178186,0.392407,0.107815,0.321593
9970,1,12,1385.92,13,1385.44,1,1,0,2.08858,0.140952,0.44568,0.243184,0.170184,0.20149,0.443798,0.121904,0.232809
9971,1,12,1385.92,13,1385.44,2,0,0,2.08753,0.169075,0.335041,0.291736,0.204148,0.241392,0.333657,0.14603,0.278921
9972,1,12,1385.92,13,1385.44,1,3,0,2.08649,0.188826,0.374231,0.208939,0.228004,0.172277,0.364072,0.159315,0.304336
9973,1,12,1385.92,13,1385.44,2,2,0,2.08545,0.21894,0.274417,0.242266,0.264377,0.193151,0.408245,0.178615,0.219989
9974,1,12,1385.92,13,1385.44,1,1,0,2.0844,0.239465,0.300156,0.171206,0.289173,0.204546,0.432396,0.130083,0.232975
9975,1,12,1385.92,13,1385.44,0,0,0,2.08336,0.26865,0.214863,0.192059,0.324428,0.243106,0.3254,0.154592,0.276901
9976,1,12,1385.92,13,1385.44,2,0,0,2.08232,0.192897,0.237111,0.211941,0.35805,0.174414,0.354947,0.168604,0.302035
9977,1,12,1385.92,13,1385.44,1,0,0,2.08128,0.207259,0.254775,0.153209,0.384756,0.126543,0.375544,0.178361,0.319551
9978,1,12,1385.92,13,1385.44,0,1,0,2.08024,0.226574,0.185283,0.167477,0.420665,0.0935098,0.389763,0.185087,0.33164
9979,1,12,1385.92,13,1385.44,1,1,0,2.0792,0.165913,0.199798,0.180594,0.453695,0.108815,0.289759,0.21541,0.386017
9980,1,12,1385.92,13,1385.44,3,1,0,2.07816,0.176744,0.14746,0.192386,0.483409,0.12071,0.211974,0.238991,0.428324
9981,1,12,1385.92,13,1385.44,0,3,0,2.07712,0.214196,0.178701,0.233157,0.373946,0.129257,0.156029,0.255947,0.458767
9982,1,12,1385.92,13,1385.44,2,3,0,2.07608,0.156516,0.191801,0.250263,0.401419,0.154757,0.186818,0.306484,0.35194
9983,1,12,1385.92,13,1385.44,2,2,9,2.07504,0.170356,0.20877,0.183876,0.436998,0.176747,0.213371,0.350081,0.259801
9984,1,12,1385.92,13,1385.44,2,3,0,2.074,0.130807,0.160309,0.373275,0.335609,0.117487,0.141837,0.567967,0.172708
9985,1,12,1385.92,13,1385.44,3,0,0,2.07297,0.15094,0.184991,0.276731,0.387338,0.123501,0.149103,0.597226,0.13017
9986,1,12,1385.92,13,1385.44,3,1,0,2.07193,0.175093,0.2146,0.32105,0.289257,0.0949886,0.153925,0.616711,0.134376
9987,1,12,1385.92,13,1385.44,2,0,0,2.07089,0.194505,0.238403,0.356688,0.210404,0.0990638,0.117376,0.64341,0.14015
9988,1,12,1385.92,13,1385.44,2,3,0,2.06986,0.222433,0.272644,0.264305,0.240618,0.0777792,0.120119,0.658671,0.143431
9989,1,12,1385.92,13,1385.44,3,2,0,2.06882,0.244737,0.299996,0.190516,0.264751,0.0807541,0.124724,0.684157,0.110365
9990,1,12,1385.92,13,1388.14,3,2,9,2.06779,0.268849,0.329566,0.209275,0.192311,0.107487,0.166027,0.579576,0.146909
9991,1,12,1385.92,13,1388.14,3,2,9,2.06676,0.205592,0.252033,0.160027,0.382347,0.0589087,0.0909999,0.769572,0.0805192
9992,1,12,1385.92,13,1388.14,3,2,0,2.06572,0.13246,0.162388,0.103098,0.602053,0.0285563,0.0441165,0.888293,0.0390345
9993,1,12,1385.92,13,1388.14,3,1,0,2.06469,0.169616,0.207947,0.132011,0.490426,0.0431002,0.0665912,0.83139,0.0589188
9994,1,12,1385.92,13,1388.14,1,0,0,2.06366,0.20576,0.252269,0.160133,0.381838,0.0436443,0.0543064,0.842383,0.0596663
9995,1,12,1385.92,13,1388.14,2,1,0,2.06263,0.22414,0.185431,0.174429,0.415999,0.0369454,0.0546603,0.848338,0.0600563
9996,1,12,1385.92,13,1388.14,3,1,0,2.06159,0.236243,0.195436,0.129804,0.438516,0.0372863,0.0453956,0.856702,0.0606162
9997,1,12,1385.92,13,1388.14,1,2,0,2.06056,0.279472,0.23119,0.153539,0.335799,0.0375401,0.0383487,0.863076,0.0610349
9998,1,12,1385.92,13,1388.14,0,2,0,2.05953,0.30198,0.169281,0.165884,0.362856,0.0554511,0.0566457,0.797739,0.0901644
9999,1,12,1385.92,13,1388.14,1,2,0,2.0585,0.223393,0.188324,0.184545,0.403738,0.0785353,0.0802276,0.713525,0.127712
10000,1,12,1385.92,13,1388.14,0,2,9,2.05747,0.23655,0.140475,0.195407,0.427568,0.105959,0.108243,0.613472,0.172325
10001,1,12,1385.92,13,1388.14,1,2,0,2.05645,0.448027,0.101549,0.141268,0.309156,0.0564016,0.0576174,0.794244,0.0917366
10002,1,12,1385.92,13,1388.14,0,2,0,2.05542,0.459665,0.078269,0.144904,0.317163,0.0797259,0.0814448,0.709143,0.129686
10003,1,12,1385.92,13,1388.14,3,2,0,2.05439,0.355301,0.0933679,0.172879,0.378453,0.107324,0.109638,0.608442,0.174595
10004,1,12,1385.92,13,1388.14,0,3,9,2.05336,0.409125,0.107483,0.199039,0.284352,0.1371,0.140057,0.499787,0.223056
10005,1,12,1385.92,13,1388.14,3,3,0,2.05234,0.631442,0.0670337,0.124149,0.177375,0.100003,0.102161,0.36465,0.433186
10006,1,12,1385.92,13,1388.14,2,3,0,2.05131,0.66348,0.0704032,0.130406,0.135711,0.118082,0.12063,0.430682,0.330607
10007,1,12,1385.92,13,1388.14,0,2,0,2.05028,0.685474,0.0727045,0.101656,0.140166,0.13273,0.135594,0.484233,0.247443
10008,1,12,1385.92,13,1388.14,2,2,0,2.04926,0.583039,0.0963752,0.134761,0.185825,0.159954,0.163407,0.378406,0.298233
10009,1,12,1385.92,13,1388.14,3,2,0,2.04823,0.603507,0.0997227,0.104466,0.192304,0.184045,0.188019,0.284743,0.343194
10010,1,12,1385.92,13,1388.14,0,1,9,2.04721,0.637225,0.105256,0.110264,0.147255,0.203162,0.20755,0.210399,0.378889
10011,1,12,1385.92,13,1388.14,0,1,0,2.04619,0.811742,0.05462,0.0572193,0.0764191,0.151416,0.409353,0.156811,0.28242
10012,1,12,1385.92,13,1388.14,3,3,0,2.04516,0.732688,0.0775539,0.0812453,0.108513,0.176554,0.311253,0.182845,0.329348
10013,1,12,1385.92,13,1388.14,0,2,0,2.04414,0.751018,0.0794584,0.0832412,0.0862828,0.199041,0.350937,0.206135,0.243887
10014,1,12,1385.92,13,1388.14,0,3,0,2.04312,0.659217,0.108754,0.113933,0.118097,0.212458,0.374636,0.152569,0.260337
10015,1,12,1385.92,13,1388.14,2,1,0,2.0421,0.555837,0.141744,0.148495,0.153923,0.231639,0.408505,0.166332,0.193524
10016,1,12,1385.92,13,1388.14,0,0,0,2.04108,0.577834,0.147314,0.114879,0.159974,0.269336,0.312266,0.193388,0.22501
10017,1,12,1385.92,13,1388.14,0,0,0,2.04006,0.47174,0.184336,0.143743,0.200181,0.198703,0.342468,0.212072,0.246757
10018,1,12,1385.92,13,1388.14,0,0,0,2.03904,0.37009,0.219808,0.171395,0.238707,0.147877,0.364207,0.225513,0.262403
10019,1,12,1385.92,13,1388.14,0,2,0,2.03802,0.280438,0.251094,0.19578,0.272687,0.111776,0.379654,0.235055,0.273515
10020,1,12,1385.92,13,1388.14,3,3,0,2.037,0.206738,0.276814,0.215823,0.300624,0.12038,0.408979,0.17602,0.294622
10021,1,12,1385.92,13,1388.14,2,3,0,2.03598,0.229574,0.307409,0.239665,0.223352,0.132685,0.450895,0.194028,0.222392
10022,1,12,1385.92,13,1388.14,1,1,0,2.03496,0.248191,0.332356,0.177991,0.241462,0.141774,0.4819,0.207335,0.168992
10023,1,12,1385.92,13,1388.14,1,1,0,2.03394,0.278764,0.250126,0.199903,0.271206,0.16929,0.381318,0.247594,0.201797
10024,1,12,1385.92,13,1388.14,2,3,0,2.03293,0.302923,0.185155,0.217214,0.294708,0.19382,0.291645,0.283491,0.231045
10025,1,12,1385.92,13,1388.14,1,2,0,2.03191,0.324304,0.198204,0.161984,0.315507,0.208805,0.314219,0.305432,0.171543
10026,1,12,1385.92,13,1388.14,0,0,0,2.03089,0.344256,0.148902,0.171926,0.334916,0.231796,0.348845,0.228935,0.190424
10027,1,12,1385.92,13,1388.14,1,0,0,2.02988,0.261295,0.167725,0.193665,0.377315,0.174642,0.37482,0.24596,0.204578
10028,1,12,1385.92,13,1388.14,3,1,9,2.02886,0.273641,0.128384,0.202803,0.395172,0.13324,0.393643,0.258291,0.214826
10029,1,12,1385.92,13,1388.14,3,0,0,2.02785,0.16891,0.0792355,0.125177,0.626677,0.0824248,0.624863,0.159804,0.132908
10030,1,12,1385.92,13,1388.14,3,1,0,2.02683,0.214394,0.100556,0.158874,0.526176,0.067712,0.634941,0.162337,0.13501
10031,1,12,1385.92,13,1389.13,3,2,9,2.02582,0.259966,0.121912,0.192634,0.425488,0.0863001,0.534666,0.206938,0.172096
10032,1,12,1385.92,13,1389.13,1,1,0,2.02481,0.156087,0.0731867,0.115653,0.655074,0.062931,0.390026,0.421531,0.125512
10033,1,12,1385.92,13,1389.13,3,2,0,2.0238,0.158129,0.0608782,0.117159,0.663834,0.0722063,0.299919,0.483844,0.14403
10034,1,12,1385.92,13,1389.13,3,2,0,2.02278,0.204283,0.0786322,0.151346,0.565739,0.0861651,0.358001,0.383936,0.171898
10035,1,12,1385.92,13,1389.13,3,1,0,2.02177,0.252045,0.0969981,0.18672,0.464237,0.0986385,0.409943,0.29461,0.196809
10036,2,12,1385.92,13,1389.13,3,1,0,2.02076,0.297584,0.114502,0.220443,0.367472,0.113994,0.31798,0.340548,0.227479
10037,2,12,1385.92,13,1389.13,3,1,0,2.01975,0.0691665,0.0489696,0.181365,0.700499,0.289379,0.273414,0.0827885,0.354418
10038,2,12,1385.92,13,1389.13,2,0,0,2.01874,0.134584,0.095278,0.352966,0.417172,0.355194,0.108172,0.101592,0.435042
10039,2,12,1385.92,13,1389.13,2,3,0,2.01773,0.177189,0.125432,0.148019,0.549361,0.150036,0.142562,0.133889,0.573513
10040,2,12,1385.92,13,1389.13,1,1,0,2.01672,0.195802,0.138599,0.0583909,0.607208,0.247351,0.235027,0.220726,0.296896
10041,2,12,1385.92,13,1389.13,0,3,0,2.01571,0.214739,0.0551553,0.0640225,0.666083,0.293676,0.0917509,0.262059,0.352514
10042,2,12,1385.92,13,1389.13,3,2,0,2.01471,0.0874487,0.0640687,0.0743711,0.774112,0.386077,0.120591,0.344504,0.148829
10043,2,12,1385.92,13,1389.13,0,3,0,2.0137,0.186776,0.136832,0.158839,0.517553,0.502885,0.157039,0.146254,0.193821
10044,2,12,1385.92,13,1389.13,1,0,0,2.01269,0.0752883,0.155563,0.180589,0.588559,0.574868,0.179476,0.167148,0.078508
10045,2,12,1385.92,13,1389.13,3,1,0,2.01169,0.0835049,0.0631018,0.200333,0.653061,0.303455,0.294068,0.273864,0.128613
10046,2,12,1385.92,13,1389.13,0,2,0,2.01068,0.150174,0.113475,0.360338,0.376013,0.377866,0.120999,0.341013,0.160123
10047,2,12,1385.92,13,1389.13,2,3,0,2.00968,0.0596158,0.125541,0.398747,0.416096,0.489214,0.156618,0.146896,0.207271
10048,2,12,1385.92,13,1389.13,3,0,0,2.00867,0.0813831,0.171405,0.178968,0.568244,0.564253,0.180601,0.169388,0.0857586
10049,2,12,1385.92,13,1389.13,1,2,0,2.00767,0.13173,0.277484,0.28973,0.301056,0.298922,0.29058,0.272536,0.137962
10050,2,12,1385.92,13,1389.13,2,0,0,2.00666,0.161393,0.114669,0.355028,0.368909,0.364538,0.354364,0.112878,0.16822
10051,2,12,1385.92,13,1389.13,3,1,0,2.00566,0.211183,0.150035,0.155984,0.482798,0.161787,0.467465,0.148871,0.221877
10052,2,12,1385.92,13,1389.13,0,2,0,2.00466,0.311187,0.221068,0.229835,0.23791,0.234506,0.228088,0.21578,0.321625
10053,2,12,1385.92,13,1389.13,2,3,0,2.00365,0.133111,0.278218,0.289253,0.299418,0.272386,0.264929,0.0890848,0.3736
10054,2,12,1385.92,13,1389.13,0,3,0,2.00265,0.164333,0.343526,0.122433,0.369709,0.361276,0.351383,0.11813,0.169211
10055,2,12,1385.92,13,1389.13,2,1,0,2.00165,0.0678851,0.383182,0.136538,0.412394,0.404353,0.393279,0.132186,0.0701814
10056,2,12,1385.92,14,1818.14,1,0,9,2.00065,0.0741246,0.418546,0.0568688,0.45046,0.544859,0.182527,0.178079,0.0945352
10057,2,12,1385.92,14,1818.14,2,0,0,1.99965,0.0653312,0.487383,0.0501198,0.397166,0.612272,0.155497,0.151707,0.0805251
10058,2,12,1385.92,14,1818.14,3,1,0,1.99865,0.0672403,0.501827,0.0220136,0.408919,0.350368,0.260539,0.254188,0.134905
10059,2,12,1385.92,14,1818.14,1,2,0,1.99765,0.0917106,0.68473,0.0300182,0.193542,0.420601,0.11236,0.305122,0.161916
10060,2,12,1385.92,14,1818.14,1,3,0,1.99665,0.167341,0.424697,0.0547608,0.353201,0.522694,0.139597,0.136529,0.20118
10061,2,12,1385.92,16,1937.95,3,0,9,1.99565,0.23152,0.204001,0.0757458,0.488734,0.596753,0.159333,0.155831,0.0880826
10062,2,12,1385.92,16,1937.95,3,0,0,1.99466,0.198558,0.174953,0.0649472,0.561542,0.664897,0.132412,0.129501,0.0731911
10063,2,12,1385.92,16,1937.95,0,0,0,1.99366,0.313726,0.276422,0.102595,0.307257,0.40746,0.234141,0.228992,0.129407
10064,0,12,1385.92,16,1881.94,3,1,13,1.99266,0.139101,0.346766,0.128678,0.385455,0.195704,0.317824,0.310835,0.175637
10065,0,12,1385.92,16,1881.94,0,1,0,1.99166,0.99964,7.71334e-07,0.000174514,0.000185209,1.88489e-06,0.999792,0.00020225,4.14141e-06
10066,0,12,1385.92,16,1881.94,0,1,0,1.99067,0.999378,1.33014e-06,0.000301269,0.000319736,3.22498e-06,0.999643,0.000346365,7.08691e-06
10067,0,12,1385.92,16,1842.35,0,1,13,1.98967,0.998937,2.26885e-06,0.000514441,0.000545982,5.45918e-06,0.999396,0.000586868,1.19985e-05
10068,0,12,1385.92,16,1842.35,0,1,0,1.98868,0.999744,5.46693e-07,0.000124092,0.000131702,1.30493e-06,0.999855,0.000140413,2.8685e-06
10069,0,12,1385.92,16,1825.06,0,1,13,1.98768,0.999554,9.49423e-07,0.00021574,0.000228973,2.24948e-06,0.999751,0.000242275,4.94557e-06
10070,0,12,1385.92,16,1825.06,0,1,0,1.98669,0.999891,2.32487e-07,5.2886e-05,5.61306e-05,5.46717e-07,0.999939,5.8938e-05,1.20217e-06
10071,0,12,1385.92,16,1825.06,0,1,0,1.9857,0.999807,4.10735e-07,9.35355e-05,9.92751e-05,9.58988e-07,0.999893,0.000103479,2.10904e-06
10072,0,12,1385.92,15,1660.25,0,1,13,1.9847,0.999662,7.17508e-07,0.000163573,0.000173613,1.66357e-06,0.999815,0.000179674,3.65915e-06
10073,0,12,1385.92,15,1660.25,0,1,0,1.98371,0.999917,1.76482e-07,4.02772e-05,4.27497e-05,4.06312e-07,0.999955,4.39251e-05,8.93857e-07
10074,0,12,1385.92,15,1660.25,0,1,0,1.98272,0.999852,3.13555e-07,7.16379e-05,7.60365e-05,7.17034e-07,0.99992,7.75889e-05,1.57767e-06
10075,0,12,1385.92,15,1656.72,0,1,13,1.98173,0.99974,5.50788e-07,0.000125975,0.000133712,1.25126e-06,0.99986,0.000135524,2.75356e-06
10076,0,12,1385.92,15,1656.72,0,1,0,1.98074,0.999936,1.36041e-07,3.11489e-05,3.30622e-05,3.0702e-07,0.999966,3.32844e-05,6.75742e-07
10077,0,12,1385.92,15,1640.7,0,1,13,1.97975,0.999885,2.42994e-07,5.56982e-05,5.91202e-05,5.4492e-07,0.999939,5.91308e-05,1.19954e-06
10078,0,12,1385.92,15,1640.7,0,1,0,1.97876,0.999971,6.09509e-08,1.39861e-05,1.48456e-05,1.35826e-07,0.999985,1.47527e-05,2.99044e-07
10079,0,12,1385.92,15,1623.77,0,1,13,1.97777,0.999948,1.10629e-07,2.54133e-05,2.69753e-05,2.4503e-07,0.999973,2.66388e-05,5.39559e-07
10080,0,12,1385.92,15,1623.77,0,1,0,1.97678,0.999987,2.8165e-08,6.47697e-06,6.87515e-06,6.20073e-08,0.999993,6.74754e-06,1.36563e-07
10081,0,12,1385.92,15,1566.97,0,1,13,1.97579,0.999975,5.19149e-08,1.19516e-05,1.26865e-05,1.13625e-07,0.999987,1.23761e-05,2.50282e-07
10082,0,12,1385.92,15,1566.97,0,1,0,1.9748,0.999994,1.34071e-08,3.08989e-06,3.27992e-06,2.9175e-08,0.999997,3.18074e-06,6.42742e-08
10083,0,12,1385.92,15,1566.97,0,1,0,1.97382,0.999988,2.50814e-08,5.7867e-06,6.14267e-06,5.42718e-08,0.999994,5.92243e-06,1.19583e-07
10084,0,12,1385.92,15,1566.97,0,1,0,1.97283,0.999978,4.63448e-08,1.07042e-05,1.13628e-05,9.97294e-08,0.999989,1.08932e-05,2.19779e-07
10085,0,12,1385.92,15,1566.97,0,1,0,1.97184,0.99996,8.46037e-08,1.95621e-05,2.07659e-05,1.81076e-07,0.99998,1.97971e-05,3.9911e-07
10086,0,12,1385.92,15,1566.97,0,1,0,1.97086,0.999927,1.52622e-07,3.53278e-05,3.75023e-05,3.2493e-07,0.999963,3.55581e-05,7.16292e-07
10087,0,12,1385.92,14,1535.93,0,1,13,1.96987,0.99987,2.72135e-07,6.30603e-05,6.69426e-05,5.76379e-07,0.999935,6.31342e-05,1.2708e-06
10088,0,12,1385.92,14,1535.93,0,1,0,1.96889,0.999967,6.78789e-08,1.57463e-05,1.67159e-05,1.43028e-07,0.999984,1.56814e-05,3.15398e-07
10089,0,12,1385.92,14,1535.93,0,1,0,1.9679,0.999941,1.23007e-07,2.85659e-05,3.03253e-05,2.57901e-07,0.999971,2.83025e-05,5.688e-07
10090,0,12,1385.92,14,1535.93,0,1,0,1.96692,0.999894,2.20306e-07,5.12174e-05,5.43726e-05,4.59656e-07,0.999948,5.0491e-05,1.01393e-06
10091,0,12,1385.92,14,1531.64,0,1,13,1.96593,0.999812,3.90049e-07,9.07784e-05,9.63718e-05,8.09953e-07,0.999908,8.9053e-05,1.78691e-06
10092,0,12,1385.92,14,1526.8,0,1,13,1.96495,0.999954,9.64727e-08,2.24772e-05,2.38624e-05,1.99376e-07,0.999977,2.19417e-05,4.39932e-07
10093,0,12,1385.92,14,1515.89,0,1,13,1.96397,0.999988,2.45196e-08,5.71905e-06,6.07159e-06,5.04398e-08,0.999994,5.55622e-06,1.11315e-07
10094,0,12,1385.92,14,1515.89,0,1,0,1.96299,0.999997,6.40097e-09,1.49462e-06,1.58677e-06,1.31082e-08,0.999999,1.4453e-06,2.89331e-08
10095,0,12,1385.92,14,1515.89,0,1,0,1.96201,0.999994,1.21591e-08,2.84223e-06,3.0175e-06,2.47902e-08,0.999997,2.73591e-06,5.47266e-08
10096,0,12,1385.92,14,1515.89,0,1,0,1.96102,0.999989,2.28065e-08,5.33692e-06,5.6661e-06,4.62975e-08,0.999995,5.11433e-06,1.02222e-07
10097,0,12,1385.92,14,1515.89,0,1,0,1.96004,0.99998,4.22502e-08,9.89771e-06,1.05083e-05,8.54057e-08,0.99999,9.44336e-06,1.88601e-07
10098,0,12,1385.92,14,1513.66,0,1,13,1.95906,0.999963,7.73242e-08,1.81341e-05,1.92531e-05,1.55658e-07,0.999982,1.72274e-05,3.43793e-07
10099,0,12,1385.92,14,1510.36,0,1,13,1.95808,0.99999,1.9699e-08,4.62485e-06,4.91029e-06,3.94934e-08,0.999995,4.37504e-06,8.72406e-08
10100,0,12,1385.92,14,1510.36,0,1,0,1.95711,0.999997,5.15438e-09,1.21145e-06,1.28623e-06,1.02925e-08,0.999999,1.14127e-06,2.27398e-08
10101,0,12,1385.92,14,1510.36,0,1,0,1.95613,0.999995,9.83635e-09,2.31439e-06,2.45729e-06,1.95651e-08,0.999998,2.17149e-06,4.32329e-08
10102,0,12,1385.92,14,1510.36,0,1,9,1.95515,0.999991,1.85334e-08,4.36549e-06,4.63508e-06,3.67233e-08,0.999996,4.07968e-06,8.11601e-08
10103,0,12,1385.92,14,1510.87,0,1,9,1.95417,0.999996,8.86931e-09,2.09142e-06,2.2206e-06,1.75083e-08,0.999998,1.94688e-06,3.87003e-08
10104,0,12,1385.92,14,1510.87,0,1,0,1.95319,0.999998,4.30593e-09,1.01647e-06,1.07926e-06,8.46885e-09,0.999999,9.42601e-07,1.87225e-08
10105,0,12,1385.92,14,1502.95,0,1,13,1.95222,0.999996,8.24829e-09,1.94924e-06,2.06969e-06,1.61643e-08,0.999998,1.80082e-06,3.57409e-08
10106,0,12,1385.92,14,1502.95,0,1,0,1.95124,0.999999,2.19129e-09,5.18414e-07,5.50455e-07,4.27919e-09,1,4.77182e-07,9.4632e-09
10107,0,12,1385.92,14,1502.95,0,1,0,1.95027,0.999998,4.25457e-09,1.00764e-06,1.06993e-06,8.27971e-09,0.999999,9.2416e-07,1.83131e-08
10108,0,12,1385.92,14,1502.95,0,1,0,1.94929,0.999996,8.15316e-09,1.93309e-06,2.05262e-06,1.58131e-08,0.999998,1.76668e-06,3.49809e-08
10109,0,12,1385.92,14,1493.02,0,1,13,1.94832,0.999992,1.5425e-08,3.66122e-06,3.88765e-06,2.98178e-08,0.999997,3.33447e-06,6.59719e-08
10110,0,12,1385.92,14,1493.02,0,1,0,1.94734,0.999998,4.04194e-09,9.60431e-07,1.01984e-06,7.78803e-09,0.999999,8.71744e-07,1.72338e-08
10111,0,12,1385.92,14,1493.02,0,1,0,1.94637,0.999996,7.75483e-09,1.84469e-06,1.95882e-06,1.48946e-08,0.999998,1.66878e-06,3.29647e-08
10112,0,12,1385.92,14,1493.02,0,1,0,1.94539,0.999993,1.46883e-08,3.49783e-06,3.71429e-06,2.81239e-08,0.999997,3.15396e-06,6.22537e-08
10113,0,12,1385.92,14,1493.02,0,1,9,1.94442,0.999986,2.74727e-08,6.54943e-06,6.95481e-06,5.24419e-08,0.999994,5.88667e-06,1.16102e-07
10114,0,12,1385.92,14,1493.02,0,1,0,1.94345,0.999994,1.30139e-08,3.10589e-06,3.29817e-06,2.47677e-08,0.999997,2.78282e-06,5.4842e-08
10115,0,12,1385.92,14,1493.02,0,1,9,1.94248,0.999988,2.4402e-08,5.83014e-06,6.19115e-06,4.63053e-08,0.999995,5.20765e-06,1.02548e-07
10116,0,12,1385.92,14,1493.02,0,1,0,1.94151,0.999994,1.15814e-08,2.77007e-06,2.94164e-06,2.19138e-08,0.999997,2.46684e-06,4.85384e-08
10117,0,12,1385.92,14,1493.02,0,1,9,1.94054,0.999989,2.17685e-08,5.21236e-06,5.53525e-06,4.10739e-08,0.999995,4.62804e-06,9.09916e-08
10118,0,12,1385.92,14,1493.02,0,1,0,1.93957,0.999995,1.03504e-08,2.48107e-06,2.6348e-06,1.94759e-08,0.999998,2.19654e-06,4.31521e-08
10119,0,12,1385.92,14,1493.02,0,1,0,1.9386,0.99999,1.95002e-08,4.67945e-06,4.96945e-06,3.65937e-08,0.999996,4.13104e-06,8.10925e-08
10120,0,12,1385.92,14,1493.02,0,1,9,1.93763,0.999982,3.62821e-08,8.71617e-06,9.25645e-06,6.79072e-08,0.999992,7.67324e-06,1.50508e-07
10121,0,12,1385.92,14,1493.02,0,1,0,1.93666,0.999992,1.70665e-08,4.10444e-06,4.35891e-06,3.18596e-08,0.999996,3.60342e-06,7.06241e-08
10122,0,12,1385.92,14,1491.66,0,1,13,1.93569,0.999984,3.18414e-08,7.66617e-06,8.14155e-06,5.92912e-08,0.999993,6.71235e-06,1.31453e-07
10123,0,12,1385.92,14,1491.66,0,1,0,1.93472,0.999996,8.18859e-09,1.97365e-06,2.09607e-06,1.52099e-08,0.999998,1.72354e-06,3.37269e-08
10124,0,12,1385.92,14,1491.66,0,1,0,1.93375,0.999992,1.55032e-08,3.74077e-06,3.97283e-06,2.87265e-08,0.999997,3.25829e-06,6.37093e-08
10125,0,12,1385.92,14,1491.66,0,1,0,1.93279,0.999986,2.89846e-08,7.00135e-06,7.43578e-06,5.35791e-08,0.999994,6.08294e-06,1.18846e-07
10126,0,12,1385.92,14,1491.14,0,1,13,1.93182,0.999973,5.35243e-08,1.29432e-05,1.37465e-05,9.8712e-08,0.999988,1.12176e-05,2.18992e-07
10127,0,12,1385.92,14,1491.14,0,1,0,1.93086,0.999993,1.36055e-08,3.29368e-06,3.49814e-06,2.50343e-08,0.999997,2.84757e-06,5.55472e-08
10128,0,12,1385.92,14,1491.14,0,1,0,1.92989,0.999987,2.55066e-08,6.18155e-06,6.56535e-06,4.68278e-08,0.999995,5.33157e-06,1.0392e-07
10129,0,12,1385.92,14,1491.14,0,1,9,1.92892,0.999976,4.72288e-08,1.14585e-05,1.21701e-05,8.65186e-08,0.99999,9.8599e-06,1.92033e-07
10130,0,12,1385.92,14,1491.14,0,1,0,1.92796,0.999989,2.20565e-08,5.35717e-06,5.68993e-06,4.03185e-08,0.999995,4.59916e-06,8.95034e-08
10131,0,12,1385.92,14,1491.14,0,1,9,1.927,0.999979,4.09627e-08,9.96013e-06,1.05789e-05,7.47216e-08,0.999991,8.53163e-06,1.65902e-07
10132,0,12,1385.92,14,1464.23,0,1,13,1.92603,0.99999,1.91757e-08,4.66772e-06,4.95777e-06,3.4907e-08,0.999996,3.98942e-06,7.75152e-08
10133,0,12,1385.92,14,1464.23,0,1,0,1.92507,0.999998,4.9642e-09,1.20971e-06,1.28489e-06,9.0185e-09,0.999999,1.03168e-06,2.00298e-08
10134,0,12,1385.92,14,1464.23,0,1,0,1.92411,0.999995,9.49733e-09,2.31692e-06,2.46095e-06,1.72199e-08,0.999998,1.97175e-06,3.8251e-08
10135,0,12,1385.92,14,1464.23,0,1,9,1.92315,0.999991,1.79389e-08,4.3811e-06,4.6535e-06,3.24629e-08,0.999996,3.72066e-06,7.21223e-08
10136,0,12,1385.92,14,1464.23,0,1,0,1.92218,0.999996,8.52859e-09,2.08517e-06,2.21485e-06,1.54044e-08,0.999998,1.76722e-06,3.42292e-08
10137,0,12,1385.92,14,1464.23,0,1,0,1.92122,0.999992,1.61453e-08,3.95173e-06,4.19753e-06,2.91079e-08,0.999997,3.34246e-06,6.4689e-08
10138,0,12,1385.92,14,1464.23,0,1,0,1.92026,0.999985,3.01818e-08,7.39546e-06,7.85558e-06,5.43157e-08,0.999994,6.243e-06,1.2073e-07
10139,0,12,1385.92,14,1464.23,0,1,0,1.9193,0.999972,5.57297e-08,1.36705e-05,1.45212e-05,1.00115e-07,0.999988,1.1518e-05,2.22565e-07
10140,0,12,1385.92,14,1464.23,0,1,9,1.91834,0.999948,1.01665e-07,2.49659e-05,2.65198e-05,1.8232e-07,0.999978,2.09955e-05,4.0538e-07
10141,0,12,1385.92,14,1464.23,0,1,0,1.91738,0.999976,4.66515e-08,1.14688e-05,1.21828e-05,8.35183e-08,0.99999,9.62691e-06,1.85729e-07
10142,0,12,1385.92,14,1464.23,0,1,0,1.91642,0.999957,8.54139e-08,2.10213e-05,2.23303e-05,1.5266e-07,0.999982,1.76134e-05,3.39542e-07
10143,0,12,1385.92,14,1461.61,0,1,13,1.91547,0.999921,1.54528e-07,3.80729e-05,4.04441e-05,2.75743e-07,0.999967,3.18445e-05,6.13396e-07
10144,0,12,1385.92,14,1461.61,0,1,9,1.91451,0.999981,3.82428e-08,9.43274e-06,1.00203e-05,6.81301e-08,0.999992,7.87557e-06,1.51581e-07
10145,0,12,1385.92,14,1461.61,0,1,9,1.91355,0.999991,1.78757e-08,4.41398e-06,4.689e-06,3.17959e-08,0.999996,3.67898e-06,7.07534e-08
10146,0,12,1385.92,14,1461.61,0,1,9,1.91259,0.999996,8.48049e-09,2.09636e-06,2.22701e-06,1.50613e-08,0.999998,1.74434e-06,3.35203e-08
10147,0,12,1385.92,14,1461.61,0,1,0,1.91164,0.999998,4.08221e-09,1.01023e-06,1.0732e-06,7.23912e-09,0.999999,8.39203e-07,1.61139e-08
10148,0,12,1385.92,14,1454.6,0,1,13,1.91068,0.999996,7.8462e-09,1.94385e-06,2.06504e-06,1.38936e-08,0.999998,1.61216e-06,3.09313e-08
10149,0,12,1385.92,14,1454.6,0,1,0,1.90973,0.999999,2.05622e-09,5.09979e-07,5.4178e-07,3.6358e-09,1,4.22286e-07,8.09569e-09
10150,0,12,1385.92,14,1454.6,0,1,0,1.90877,0.999998,4.00663e-09,9.94811e-07,1.05686e-06,7.07456e-09,0.999999,8.22469e-07,1.57552e-08
10151,0,12,1385.92,14,1454.6,0,1,9,1.90782,0.999996,7.70504e-09,1.9152e-06,2.03468e-06,1.35862e-08,0.999998,1.581e-06,3.02615e-08
10152,0,12,1385.92,14,1454.6,0,1,0,1.90686,0.999998,3.7119e-09,9.23667e-07,9.813e-07,6.53633e-09,0.999999,7.61343e-07,1.45612e-08
10153,0,12,1385.92,14,1451.41,0,1,13,1.90591,0.999996,7.14983e-09,1.78112e-06,1.89228e-06,1.25737e-08,0.999998,1.46596e-06,2.80152e-08
10154,0,12,1385.92,14,1451.41,0,1,0,1.90496,0.999999,1.87397e-09,4.67349e-07,4.96521e-07,3.29131e-09,1,3.84098e-07,7.3345e-09
10155,0,12,1385.92,14,1451.41,0,1,0,1.904,0.999998,3.65922e-09,9.13579e-07,9.70618e-07,6.41869e-09,0.999999,7.49779e-07,1.4306e-08
10156,0,12,1385.92,14,1451.41,0,1,0,1.90305,0.999996,7.05151e-09,1.76246e-06,1.87252e-06,1.23539e-08,0.999999,1.44446e-06,2.75388e-08
10157,0,12,1385.92,14,1451.41,0,1,0,1.9021,0.999993,1.34139e-08,3.35639e-06,3.56603e-06,2.34722e-08,0.999997,2.74706e-06,5.23317e-08
10158,0,12,1385.92,14,1451.41,0,1,0,1.90115,0.999987,2.51954e-08,6.31129e-06,6.70558e-06,4.4036e-08,0.999995,5.15864e-06,9.81947e-08
10159,0,12,1385.92,14,1445.12,0,1,13,1.9002,0.999976,4.67398e-08,1.1721e-05,1.24534e-05,8.15969e-08,0.99999,9.56786e-06,1.8198e-07
10160,0,12,1385.92,14,1445.12,0,1,0,1.89925,0.999994,1.17793e-08,2.95718e-06,3.142e-06,2.05405e-08,0.999998,2.41083e-06,4.58174e-08
10161,0,12,1385.92,14,1445.06,0,1,13,1.8983,0.999988,2.21858e-08,5.57586e-06,5.92441e-06,3.86443e-08,0.999995,4.53999e-06,8.62134e-08
10162,0,12,1385.92,14,1445.06,0,1,0,1.89735,0.999997,5.67044e-09,1.4267e-06,1.51591e-06,9.86629e-09,0.999999,1.16021e-06,2.20147e-08
10163,0,12,1385.92,14,1443.19,0,1,13,1.8964,0.999994,1.0837e-08,2.72963e-06,2.90034e-06,1.88358e-08,0.999998,2.21708e-06,4.20352e-08
10164,0,12,1385.92,14,1443.19,0,1,0,1.89545,0.999999,2.80745e-09,7.07927e-07,7.52208e-07,4.87458e-09,0.999999,5.74313e-07,1.08802e-08
10165,0,12,1385.92,14,1443.19,0,1,0,1.89451,0.999997,5.44122e-09,1.37358e-06,1.45951e-06,9.43803e-09,0.999999,1.11303e-06,2.10693e-08
10166,0,12,1385.92,14,1443.19,0,1,0,1.89356,0.999995,1.04091e-08,2.63057e-06,2.79518e-06,1.80371e-08,0.999998,2.12916e-06,4.02722e-08
10167,0,12,1385.92,14,1443.19,0,1,0,1.89261,0.99999,1.96595e-08,4.97383e-06,5.28514e-06,3.40335e-08,0.999996,4.02125e-06,7.60001e-08
10168,0,12,1385.92,14,1443.19,0,1,9,1.89167,0.999981,3.66678e-08,9.28719e-06,9.86858e-06,6.34174e-08,0.999992,7.50029e-06,1.4164e-07
10169,0,12,1385.92,14,1443.19,0,1,0,1.89072,0.999991,1.70634e-08,4.32658e-06,4.59749e-06,2.94837e-08,0.999996,3.49033e-06,6.58612e-08
10170,0,12,1385.92,14,1443.19,0,1,0,1.88977,0.999983,3.19185e-08,8.10222e-06,8.60964e-06,5.51021e-08,0.999993,6.5293e-06,1.23108e-07
10171,0,12,1385.92,14,1443.19,0,1,0,1.88883,0.999969,5.89734e-08,1.49864e-05,1.59252e-05,1.01718e-07,0.999988,1.20646e-05,2.27293e-07
10172,0,12,1385.92,14,1443.19,0,1,9,1.88789,0.999943,1.07648e-07,2.73861e-05,2.9102e-05,1.85515e-07,0.999977,2.20246e-05,4.14607e-07
10173,0,12,1385.92,14,1443.19,0,1,9,1.88694,0.999974,4.89947e-08,1.24782e-05,1.32602e-05,8.43614e-08,0.99999,1.00251e-05,1.88569e-07
10174,0,12,1385.92,14,1443.19,0,1,0,1.886,0.999988,2.26442e-08,5.77356e-06,6.13544e-06,3.89572e-08,0.999995,4.6339e-06,8.70932e-08
10175,0,12,1385.92,14,1443.19,0,1,9,1.88506,0.999978,4.21327e-08,1.07544e-05,1.14286e-05,7.24268e-08,0.999991,8.6233e-06,1.61944e-07
10176,0,12,1385.92,14,1443.19,0,1,0,1.88411,0.99999,1.95224e-08,4.98864e-06,5.30145e-06,3.35324e-08,0.999996,3.99626e-06,7.49896e-08
10177,0,12,1385.92,14,1443.19,0,1,0,1.88317,0.999981,3.6435e-08,9.32071e-06,9.90529e-06,6.25338e-08,0.999992,7.45967e-06,1.39869e-07
10178,0,12,1385.92,14,1443.19,0,1,0,1.88223,0.999964,6.71674e-08,1.72017e-05,1.82807e-05,1.15194e-07,0.999986,1.37546e-05,2.57695e-07
10179,0,12,1385.92,14,1443.19,0,1,9,1.88129,0.999935,1.22336e-07,3.13652e-05,3.33332e-05,2.09658e-07,0.999974,2.5058e-05,4.69091e-07
10180,0,12,1385.92,14,1443.19,0,1,9,1.88035,0.999971,5.54531e-08,1.42332e-05,1.51264e-05,9.49636e-08,0.999988,1.13608e-05,2.12507e-07
10181,0,12,1385.92,14,1443.19,0,1,9,1.87941,0.999986,2.55269e-08,6.55927e-06,6.971e-06,4.36835e-08,0.999995,5.23099e-06,9.77695e-08
10182,0,12,1385.92,14,1443.19,0,1,0,1.87847,0.999994,1.19301e-08,3.0689e-06,3.26157e-06,2.04013e-08,0.999997,2.44535e-06,4.56683e-08
10183,0,12,1385.92,14,1443.19,0,1,9,1.87753,0.999988,2.2491e-08,5.79202e-06,6.15573e-06,3.84354e-08,0.999995,4.61136e-06,8.60513e-08
10184,0,12,1385.92,14,1443.19,0,1,9,1.87659,0.999994,1.05329e-08,2.71552e-06,2.88608e-06,1.7988e-08,0.999998,2.16022e-06,4.0279e-08
10185,0,12,1385.92,14,1443.19,0,1,9,1.87565,0.999997,5.00631e-09,1.29212e-06,1.3733e-06,8.54415e-09,0.999999,1.02707e-06,1.91353e-08
10186,0,12,1385.92,14,1443.19,0,1,0,1.87471,0.999999,2.41427e-09,6.23813e-07,6.63011e-07,4.11778e-09,0.999999,4.9546e-07,9.22357e-09
10187,0,12,1385.92,14,1443.19,0,1,9,1.87378,0.999997,4.69882e-09,1.21546e-06,1.29185e-06,8.00935e-09,0.999999,9.64628e-07,1.79434e-08
10188,0,12,1385.92,14,1443.19,0,1,9,1.87284,0.999999,2.26783e-09,5.87278e-07,6.24195e-07,3.86328e-09,1,4.65731e-07,8.65631e-09
10189,0,12,1385.92,14,1443.19,0,1,0,1.8719,0.999999,1.1102e-09,2.87817e-07,3.05913e-07,1.89012e-09,1,2.28079e-07,4.23581e-09
10190,0,12,1385.92,14,1443.19,0,1,0,1.87097,0.999999,2.1946e-09,5.69581e-07,6.054e-07,3.73419e-09,1,4.51032e-07,8.36975e-09
10191,0,12,1385.92,14,1443.19,0,1,9,1.87003,0.999998,4.2803e-09,1.11213e-06,1.18209e-06,7.27897e-09,0.999999,8.80031e-07,1.63176e-08
10192,0,12,1385.92,14,1443.19,0,1,9,1.8691,0.999999,2.06782e-09,5.37871e-07,5.7171e-07,3.51455e-09,1,4.25318e-07,7.88e-09
10193,0,12,1385.92,14,1443.19,0,1,0,1.86816,0.999999,1.01324e-09,2.63852e-07,2.80455e-07,1.72122e-09,1,2.08495e-07,3.85978e-09
10194,0,12,1385.92,14,1443.19,0,1,0,1.86723,0.999999,2.00701e-09,5.23215e-07,5.56146e-07,3.40757e-09,1,4.13164e-07,7.64261e-09
10195,0,12,1385.92,14,1443.19,0,1,0,1.86629,0.999998,3.92221e-09,1.02364e-06,1.08808e-06,6.65586e-09,0.999999,8.07791e-07,1.49304e-08
10196,0,12,1385.92,14,1443.19,0,1,0,1.86536,0.999996,7.56437e-09,1.97639e-06,2.10083e-06,1.28301e-08,0.999998,1.55863e-06,2.87851e-08
10197,0,12,1385.92,14,1443.19,0,1,0,1.86443,0.999992,1.44009e-08,3.76679e-06,4.00402e-06,2.44139e-08,0.999997,2.96869e-06,5.47828e-08
10198,0,12,1385.92,14,1443.19,0,1,9,1.8635,0.999985,2.70702e-08,7.08854e-06,7.53505e-06,4.58705e-08,0.999994,5.58314e-06,1.02946e-07
10199,0,12,1385.92,14,1443.19,0,1,0,1.86256,0.999993,1.25891e-08,3.30022e-06,3.50815e-06,2.13222e-08,0.999997,2.59773e-06,4.78608e-08
10200,0,12,1385.92,14,1443.19,0,1,0,1.86163,0.999987,2.37301e-08,6.22778e-06,6.62023e-06,4.01738e-08,0.999995,4.89917e-06,9.01905e-08
10201,0,12,1385.92,14,1443.19,0,1,0,1.8607,0.999976,4.41748e-08,1.16063e-05,1.23378e-05,7.4753e-08,0.999991,9.12485e-06,1.67848e-07
10202,0,12,1385.92,14,1443.19,0,1,0,1.85977,0.999956,8.12317e-08,2.13662e-05,2.27131e-05,1.37403e-07,0.999983,1.67885e-05,3.08572e-07
10203,0,12,1385.92,14,1443.19,0,1,0,1.85884,0.99992,1.47589e-07,3.88632e-05,4.13137e-05,2.49546e-07,0.999969,3.05199e-05,5.60507e-07
10204,0,12,1385.92,14,1443.19,0,1,0,1.85791,0.999856,2.65007e-07,6.98596e-05,7.42656e-05,4.47913e-07,0.999944,5.48332e-05,1.00622e-06
10205,0,12,1385.92,14,1443.19,0,1,0,1.85698,0.999743,4.70358e-07,0.000124132,0.000131962,7.94733e-07,0.9999,9.73842e-05,1.78563e-06
10206,0,12,1385.92,14,1443.19,0,1,9,1.85605,0.999549,8.25378e-07,0.000218067,0.000231826,1.39421e-06,0.999824,0.000171006,3.13305e-06
10207,0,12,1385.92,14,1443.19,0,1,0,1.85513,0.999804,3.58174e-07,9.47364e-05,0.000100715,6.04694e-07,0.999924,7.42401e-05,1.35908e-06
10208,0,12,1385.92,14,1443.19,0,1,0,1.8542,0.999654,6.32018e-07,0.000167354,0.000177918,1.06672e-06,0.999865,0.00013109,2.3979e-06
10209,0,12,1385.92,14,1443.19,0,1,9,1.85327,0.999396,1.1027e-06,0.000292313,0.000310767,1.86075e-06,0.999765,0.000228889,4.18348e-06
10210,0,12,1385.92,14,1440.02,0,1,13,1.85235,0.999739,4.75503e-07,0.000126191,0.00013416,8.01936e-07,0.999899,9.87408e-05,1.80327e-06
10211,0,12,1385.92,14,1440.02,0,1,0,1.85142,0.999938,1.12483e-07,2.98846e-05,3.17721e-05,1.89614e-07,0.999976,2.33693e-05,4.26445e-07
10212,0,12,1385.92,14,1440.02,0,1,0,1.85049,0.999888,2.03153e-07,5.40343e-05,5.74477e-05,3.42354e-07,0.999957,4.22346e-05,7.70083e-07
10213,0,12,1385.92,14,1440.02,0,1,0,1.84957,0.9998,3.62645e-07,9.65636e-05,0.000102665,6.10964e-07,0.999923,7.54444e-05,1.37451e-06
10214,0,12,1385.92,14,1440.02,0,1,0,1.84864,0.999647,6.39958e-07,0.000170596,0.000181377,1.07792e-06,0.999863,0.000133235,2.42545e-06
10215,0,12,1385.92,14,1440.02,0,1,0,1.84772,0.999384,1.11663e-06,0.000297998,0.000316835,1.88054e-06,0.999761,0.000232665,4.23211e-06
10216,0,12,1385.92,14,1440.02,0,1,0,1.8468,0.998936,1.92674e-06,0.000514768,0.000547314,3.24478e-06,0.999588,0.000401839,7.30347e-06
10217,0,12,1385.92,14,1440.02,0,1,9,1.84587,0.998182,3.288e-06,0.000879438,0.000935051,5.53817e-06,0.999295,0.000686518,1.24675e-05
10218,0,12,1385.92,14,1440.02,0,1,9,1.84495,0.999233,1.38598e-06,0.00037112,0.000394594,2.33231e-06,0.999703,0.000289395,5.25136e-06
10219,0,12,1385.92,14,1440.02,0,1,0,1.84403,0.999671,5.93821e-07,0.000159184,0.000169255,9.98731e-07,0.999873,0.000124043,2.24908e-06
10220,0,12,1385.92,14,1440.02,0,1,9,1.8431,0.999424,1.03797e-06,0.000278558,0.000296184,1.74553e-06,0.999777,0.000217004,3.93145e-06
10221,0,12,1385.92,14,1440.02,0,1,0,1.84218,0.999752,4.47025e-07,0.000120101,0.000127702,7.514e-07,0.999904,9.35044e-05,1.69265e-06
10222,0,12,1385.92,14,1440.02,0,1,0,1.84126,0.999563,7.85918e-07,0.000211387,0.000224769,1.32086e-06,0.999831,0.000164527,2.97593e-06
10223,0,12,1385.92,14,1440.02,0,1,0,1.84034,0.99924,1.36626e-06,0.000367893,0.000391187,2.2961e-06,0.999706,0.000286279,5.17403e-06
10224,0,12,1385.92,14,1440.02,0,1,9,1.83942,0.998691,2.34886e-06,0.000633186,0.000673285,3.94781e-06,0.999494,0.000492691,8.89742e-06
10225,0,12,1385.92,14,1440.02,0,1,0,1.8385,0.999445,9.94882e-07,0.000268492,0.000285499,1.67096e-06,0.999786,0.000208739,3.76656e-06
10226,0,12,1385.92,14,1440.02,0,1,0,1.83758,0.999039,1.72161e-06,0.000465137,0.000494606,2.8916e-06,0.999629,0.000361573,6.51911e-06
10227,0,12,1385.92,14,1440.02,0,1,9,1.83666,0.998353,2.94632e-06,0.000796917,0.000847416,4.94961e-06,0.999364,0.00061951,1.11607e-05
10228,0,12,1385.92,14,1440.02,0,1,0,1.83575,0.999305,1.24176e-06,0.000336245,0.000357557,2.08439e-06,0.999732,0.000261142,4.70079e-06
10229,0,12,1385.92,14,1440.02,0,1,0,1.83483,0.998801,2.13955e-06,0.00058,0.000616769,3.59177e-06,0.999538,0.000450427,8.10159e-06
10230,0,12,1385.92,14,1440.02,0,1,9,1.83391,0.997955,3.64584e-06,0.000989443,0.00105218,6.12242e-06,0.999212,0.000768526,1.3812e-05
10231,0,12,1385.92,14,1440.02,0,1,0,1.83299,0.999141,1.52943e-06,0.000415537,0.00044189,2.56597e-06,0.999669,0.000322409,5.78969e-06
10232,0,12,1385.92,14,1440.02,0,1,0,1.83208,0.998524,2.62448e-06,0.000713856,0.000759138,4.40401e-06,0.999432,0.00055389,9.93852e-06
10233,0,12,1385.92,14,1440.02,0,1,0,1.83116,0.997493,4.45402e-06,0.00121284,0.0012898,7.47741e-06,0.999034,0.000941341,1.6877e-05
10234,0,12,1385.92,14,1440.02,0,1,0,1.83024,0.995788,7.47534e-06,0.00203785,0.00216717,1.25606e-05,0.998376,0.0015828,2.83547e-05
10235,0,12,1385.92,14,1440.02,0,1,0,1.82933,0.993002,1.24049e-05,0.00338548,0.00360037,2.08758e-05,0.997299,0.00263317,4.71334e-05
10236,0,12,1385.92,14,1440.02,0,1,9,1.82841,0.98851,2.03444e-05,0.00555854,0.00591143,3.43267e-05,0.995554,0.00433399,7.75154e-05
10237,0,12,1385.92,14,1440.02,0,1,0,1.8275,0.995317,8.28305e-06,0.00226565,0.00240952,1.39148e-05,0.998196,0.00175854,3.1427e-05
10238,0,12,1385.92,14,1440.32,0,1,9,1.82659,0.992236,1.37154e-05,0.00375576,0.00399429,2.30809e-05,0.997005,0.00291978,5.21376e-05
10239,0,12,1385.92,14,1440.32,0,1,9,1.82567,0.996819,5.6131e-06,0.00153879,0.00163654,9.41783e-06,0.998777,0.00119253,2.12775e-05
10240,0,12,1385.92,14,1440.32,0,1,9,1.82476,0.998677,2.33148e-06,0.000639877,0.000680534,3.90677e-06,0.999492,0.000495171,8.8279e-06
10241,0,12,1385.92,14,1440.32,0,1,0,1.82385,0.999441,9.84145e-07,0.000270403,0.000287588,1.64808e-06,0.999786,0.000209092,3.72468e-06
10242,0,12,1385.92,14,1440.32,0,1,0,1.82294,0.999031,1.70489e-06,0.000468962,0.000498771,2.85539e-06,0.999628,0.000362615,6.45428e-06
10243,0,12,1385.92,14,1440.32,0,1,0,1.82203,0.998337,2.92083e-06,0.000804331,0.000855468,4.89332e-06,0.999362,0.000622019,1.10626e-05
10244,0,12,1385.92,14,1440.32,0,1,0,1.82111,0.99718,4.94881e-06,0.00136432,0.00145108,8.29569e-06,0.998917,0.00105554,1.87575e-05
10245,0,12,1385.92,14,1440.32,0,1,0,1.8202,0.995269,8.29173e-06,0.0022885,0.00243405,1.39141e-05,0.998182,0.00177214,3.14666e-05
10246,0,12,1385.92,14,1440.32,0,1,9,1.81929,0.992155,1.3735e-05,0.0037951,0.00403653,2.30902e-05,0.996981,0.00294368,5.22266e-05
10247,0,12,1385.92,14,1440.32,0,1,0,1.81838,0.996791,5.61121e-06,0.00155217,0.00165093,9.40497e-06,0.998769,0.00120017,2.12762e-05
10248,0,12,1385.92,14,1440.32,0,1,0,1.81747,0.994632,9.37735e-06,0.00259687,0.00276214,1.57367e-05,0.997939,0.00201011,3.56057e-05
10249,0,12,1385.92,14,1440.32,0,1,0,1.81657,0.991121,1.54917e-05,0.00429495,0.00456835,2.60514e-05,0.996584,0.00333088,5.89534e-05
10250,0,12,1385.92,14,1440.32,0,1,9,1.81566,0.985492,2.52846e-05,0.00701783,0.00746465,4.26643e-05,0.994401,0.00546025,9.65635e-05
10251,0,12,1385.92,14,1440.32,0,1,0,1.81475,0.99412,1.02364e-05,0.00284435,0.00302548,1.71785e-05,0.997743,0.00220067,3.8887e-05
10252,0,12,1385.92,14,1440.32,0,1,9,1.81384,0.990293,1.68787e-05,0.00469532,0.00499439,2.83902e-05,0.996267,0.00364049,6.42775e-05
10253,0,12,1385.92,14,1440.32,0,1,0,1.81294,0.996047,6.86569e-06,0.00191204,0.00203386,1.1506e-05,0.998486,0.00147685,2.60546e-05
10254,0,12,1385.92,14,1440.32,3,1,0,1.81203,0.993414,1.14262e-05,0.0031857,0.0033887,1.91784e-05,0.997473,0.00246404,4.34356e-05
10255,0,12,1385.92,14,1440.32,0,1,0,1.81112,0.9932,1.13978e-05,0.00318136,0.00360769,3.16263e-05,0.995829,0.00406729,7.16394e-05
10256,0,12,1385.92,14,1440.32,0,1,0,1.81022,0.988802,1.87467e-05,0.0052385,0.00594065,5.1589e-05,0.993191,0.00664103,0.000116878
10257,0,12,1385.92,14,1440.32,0,1,9,1.80931,0.981791,3.0449e-05,0.00851812,0.00966011,8.32104e-05,0.989006,0.0107221,0.000188549
10258,0,12,1385.92,14,1440.32,0,1,0,1.80841,0.992642,1.22896e-05,0.0034419,0.00390344,3.31181e-05,0.99562,0.00427158,7.50555e-05
10259,0,12,1385.92,14,1440.32,0,1,0,1.8075,0.987905,2.01796e-05,0.00565798,0.00641685,5.39753e-05,0.992855,0.00696852,0.000122344
10260,0,12,1385.92,14,1440.32,0,1,0,1.8066,0.980369,3.27156e-05,0.00918321,0.0104151,8.69786e-05,0.988475,0.0112404,0.000197184
10261,1,12,1385.92,14,1440.32,0,1,0,1.8057,0.968584,5.22966e-05,0.0146961,0.0166681,0.000138489,0.981633,0.0179146,0.000314012
10262,1,12,1385.92,14,1440.32,3,1,9,1.80479,0.0402244,0.0148085,0.0293866,0.91558,0.0184262,0.885705,0.0579044,0.0379639
10263,1,12,1385.92,14,1440.32,3,1,0,1.80389,0.016653,0.00612953,0.0121654,0.965052,0.00775321,0.9519,0.02437,0.0159764
10264,1,12,1385.92,14,1440.32,3,1,9,1.80299,0.0265008,0.0097523,0.0193582,0.944389,0.0122034,0.92428,0.0383667,0.0251502
10265,1,12,1385.92,14,1440.32,3,1,0,1.80209,0.0108624,0.00399656,0.00793421,0.977207,0.00505039,0.968658,0.0158817,0.0104099
10266,1,12,1385.92,14,1440.32,3,1,0,1.80119,0.0175651,0.00646137,0.0128293,0.963144,0.00809927,0.949729,0.0254753,0.0166967
10267,1,12,1385.92,14,1440.32,3,1,0,1.80029,0.0278973,0.01026,0.0203744,0.941468,0.0127235,0.921014,0.0400293,0.0262334
10268,1,12,1385.92,14,1440.32,3,3,0,1.79939,0.0433512,0.0159405,0.031659,0.909049,0.0194856,0.879015,0.0613178,0.0401815
10269,1,12,1385.92,14,1440.32,3,1,0,1.79849,0.0655751,0.0241075,0.0478859,0.862432,0.0195857,0.884201,0.0616466,0.0345669
10270,1,12,1385.92,14,1440.32,0,3,0,1.79759,0.0959477,0.0352664,0.070061,0.798725,0.0291482,0.827636,0.0917662,0.0514498
10271,1,12,1385.92,14,1440.32,3,1,0,1.79669,0.0772524,0.0359755,0.0714795,0.815293,0.0293769,0.834687,0.0925073,0.0434285
10272,1,12,1385.92,14,1440.32,3,1,9,1.79579,0.109519,0.0509938,0.101333,0.738154,0.0422649,0.762127,0.133122,0.062486
10273,1,12,1385.92,14,1440.32,1,1,0,1.79489,0.0497813,0.0231754,0.0460598,0.880983,0.0189805,0.893159,0.0597968,0.0280638
10274,1,12,1385.92,14,1440.32,3,1,0,1.79399,0.0498615,0.0210949,0.0461333,0.88291,0.0284152,0.840028,0.0895405,0.0420166
10275,1,12,1385.92,14,1440.32,3,1,0,1.7931,0.073862,0.0312434,0.0683381,0.826557,0.0410285,0.768983,0.129317,0.0606723
10276,1,12,1385.92,14,1440.32,1,1,0,1.7922,0.105438,0.0445921,0.0975508,0.75242,0.0567502,0.680411,0.178911,0.0839279
10277,1,12,1385.92,14,1440.32,0,0,0,1.7913,0.106102,0.0382765,0.0981639,0.757458,0.0747966,0.57872,0.235858,0.110626
10278,1,12,1385.92,14,1440.32,3,1,0,1.79041,0.084985,0.0391601,0.100449,0.775406,0.0606126,0.587642,0.239451,0.112294
10279,1,12,1385.92,14,1440.32,3,0,0,1.78951,0.117482,0.0541261,0.138864,0.689528,0.07625,0.481158,0.30131,0.141282
10280,1,12,1385.92,14,1440.32,0,1,0,1.78862,0.155015,0.071407,0.183234,0.590344,0.06112,0.489072,0.306237,0.143571
10281,1,12,1385.92,14,1440.32,0,3,0,1.78772,0.120622,0.0742884,0.190664,0.614425,0.0734564,0.385799,0.368167,0.172578
10282,1,12,1385.92,14,1440.32,2,1,9,1.78683,0.0954914,0.0763858,0.196084,0.632039,0.0772062,0.405627,0.387086,0.130081
10283,1,12,1385.92,14,1440.32,2,1,0,1.78594,0.0685258,0.0548129,0.422931,0.453731,0.0456432,0.648533,0.228913,0.0769099
10284,1,12,1385.92,14,1440.32,2,1,0,1.78504,0.080062,0.0640377,0.325585,0.530316,0.0590996,0.544809,0.296496,0.0995946
10285,1,12,1385.92,14,1440.32,3,1,0,1.78415,0.0891307,0.0712881,0.248973,0.590608,0.0728026,0.439136,0.365361,0.1227
10286,1,12,1385.92,14,1440.32,2,2,0,1.78326,0.112,0.0895756,0.31292,0.485504,0.0855763,0.340575,0.429605,0.144243
10287,1,12,1385.92,14,1440.32,3,1,0,1.78237,0.124046,0.0992055,0.238868,0.53788,0.100093,0.39846,0.332716,0.16873
10288,1,12,1385.92,14,1440.32,2,2,0,1.78148,0.151844,0.121431,0.292434,0.434291,0.115492,0.305806,0.383994,0.194708
10289,1,12,1385.92,14,1440.32,0,2,0,1.78059,0.16687,0.133442,0.222321,0.477367,0.132386,0.350607,0.293795,0.223213
10290,1,12,1385.92,14,1440.32,3,1,0,1.7797,0.128844,0.139508,0.232452,0.499197,0.145996,0.386729,0.221088,0.246187
10291,1,12,1385.92,14,1440.32,3,1,9,1.77881,0.154717,0.167526,0.279164,0.398593,0.167318,0.297116,0.253396,0.28217
10292,0,12,1385.92,14,1440,3,1,13,1.77792,0.0912196,0.098773,0.164611,0.645396,0.109685,0.539193,0.166127,0.184995
10293,0,12,1385.92,14,1440,0,1,0,1.77703,0.950561,7.93424e-05,0.0231184,0.0262416,0.000206255,0.971797,0.0275268,0.00047013
10294,0,12,1385.92,14,1440,0,1,9,1.77614,0.923459,0.000122695,0.0357908,0.0406271,0.000320354,0.956153,0.0427963,0.000730323
10295,0,12,1385.92,14,1440,0,1,9,1.77525,0.96907,4.95241e-05,0.0144629,0.0164176,0.000125626,0.982789,0.0167989,0.000286441
10296,0,12,1385.92,14,1440,0,1,0,1.77436,0.987632,1.97801e-05,0.0057831,0.00656488,4.936e-05,0.993231,0.00660695,0.000112565
10297,0,12,1385.92,14,1440,0,1,0,1.77348,0.979881,3.21395e-05,0.00940728,0.0106793,7.98681e-05,0.989037,0.010701,0.000182168
10298,0,12,1385.92,14,1440,0,1,0,1.77259,0.967738,5.14797e-05,0.0150853,0.0171255,0.000127691,0.982456,0.0171252,0.000291293
10299,0,12,1385.92,14,1440,0,1,0,1.7717,0.94911,8.11099e-05,0.023795,0.0270138,0.000201492,0.972289,0.0270496,0.000459728
10300,0,12,1385.92,14,1440,0,1,0,1.77082,0.921289,0.000125308,0.0368032,0.0417826,0.00031329,0.956873,0.0420992,0.000714925
10301,0,12,1385.92,14,1440,0,1,0,1.76993,0.88114,0.000189008,0.0555752,0.063096,0.000478818,0.934023,0.0644057,0.00109284
10302,0,12,1385.92,14,1440,3,1,9,1.76905,0.825708,0.000276836,0.0814921,0.0925226,0.000716942,0.901116,0.0965303,0.0016366
10303,0,12,1385.92,14,1440,0,1,0,1.76816,0.681096,0.000227986,0.0671886,0.251487,0.000286088,0.960504,0.0385572,0.000653174
10304,0,12,1385.92,14,1440,3,1,0,1.76728,0.579217,0.000300415,0.0886346,0.331848,0.000438969,0.939339,0.0592195,0.00100238
10305,0,12,1385.92,14,1439.71,3,1,13,1.7664,0.646341,0.000334723,0.0988691,0.254455,0.000660349,0.908659,0.0891725,0.00150816
10306,0,12,1385.92,14,1439.71,3,1,0,1.76551,0.301277,0.000155787,0.0460682,0.652499,0.000142405,0.980283,0.0192491,0.00032529
10307,0,12,1385.92,14,1439.71,0,1,0,1.76463,0.393781,0.000203312,0.0601905,0.545825,0.000224046,0.96895,0.0303143,0.000511863
10308,0,12,1385.92,14,1439.71,3,1,0,1.76375,0.302293,0.000233637,0.0692467,0.628226,0.00034713,0.951846,0.0470141,0.000793194
10309,0,12,1385.92,14,1439.71,3,1,0,1.76286,0.388875,0.000300124,0.0890539,0.521771,0.000528246,0.92665,0.0716141,0.00120725
10310,0,12,1385.92,14,1439.92,0,1,9,1.76198,0.475413,0.000366385,0.108839,0.415382,0.0007867,0.890658,0.106757,0.00179821
10311,0,12,1385.92,14,1439.92,0,1,0,1.7611,0.709739,0.000202452,0.0602095,0.22985,0.00031496,0.956182,0.042783,0.000720044
10312,0,12,1385.92,14,1439.92,3,1,0,1.76022,0.610935,0.000271,0.0806875,0.308107,0.000481419,0.932959,0.0654585,0.00110078
10313,0,12,1385.92,14,1439.92,0,1,0,1.75934,0.674676,0.000298813,0.0890699,0.235955,0.000720757,0.899533,0.0980975,0.0016483
10314,0,12,1385.92,14,1439.92,3,1,0,1.75846,0.573271,0.000391453,0.116817,0.30952,0.00105235,0.853172,0.143369,0.00240701
10315,0,12,1385.92,14,1439.92,3,1,9,1.75758,0.633133,0.000431699,0.128974,0.237462,0.00149075,0.791803,0.203296,0.00341033
10316,0,12,1385.92,14,1439.92,3,1,0,1.7567,0.431262,0.000293625,0.0878234,0.480621,0.000630036,0.911925,0.0860034,0.00144155
10317,0,12,1385.92,14,1439.92,3,1,0,1.75583,0.517989,0.00035216,0.105451,0.376208,0.000928283,0.870107,0.12684,0.0021243
10318,0,12,1385.92,14,1439.92,3,1,9,1.75495,0.590364,0.000400779,0.120147,0.289089,0.0013293,0.813814,0.181814,0.00304249
10319,0,12,1385.92,14,1439.92,3,1,9,1.75407,0.381419,0.000258556,0.0775992,0.540723,0.000554023,0.922327,0.0758507,0.00126826
10320,0,12,1385.92,14,1439.92,3,1,0,1.75319,0.199984,0.000135367,0.0406735,0.759207,0.000218363,0.969356,0.0299252,0.000499953
10321,0,12,1385.92,14,1439.92,0,1,9,1.75232,0.276403,0.000186822,0.0561981,0.667212,0.000338812,0.952408,0.0464778,0.000775857
10322,0,12,1385.92,14,1439.92,3,1,9,1.75144,0.525064,0.000122425,0.036869,0.437944,0.000132235,0.981407,0.0181577,0.00030286
10323,0,12,1385.92,14,1439.92,0,1,0,1.75056,0.301775,7.0245e-05,0.0211788,0.676976,5.16349e-05,0.992733,0.00709717,0.00011828
10324,0,12,1385.92,14,1439.92,0,1,9,1.74969,0.227541,7.75724e-05,0.0234147,0.748966,8.35778e-05,0.988226,0.011499,0.000191483
10325,0,12,1385.92,14,1439.92,3,1,0,1.74881,0.463116,5.38177e-05,0.0162631,0.520567,3.27828e-05,0.995377,0.00451485,7.51201e-05
10326,0,12,1385.92,14,1439.92,0,1,0,1.74794,0.574112,6.65955e-05,0.0201474,0.405674,5.36367e-05,0.992429,0.00739413,0.000122926
10327,0,12,1385.92,14,1440.53,0,2,9,1.74707,0.459279,8.44071e-05,0.0255652,0.515072,8.67514e-05,0.987743,0.011971,0.000198852
10328,0,12,1385.92,14,1440.53,0,1,0,1.74619,0.692873,4.78606e-05,0.0145126,0.292566,8.35998e-05,0.95364,0.0460851,0.00019166
10329,0,12,1385.92,14,1440.53,0,1,0,1.74532,0.584509,6.46365e-05,0.0196219,0.395805,0.000130864,0.927338,0.0722309,0.000300067
10330,0,12,1385.92,14,1440.53,3,1,0,1.74445,0.469612,8.23691e-05,0.0250336,0.505272,0.000200021,0.888799,0.110542,0.000458719
10331,0,12,1385.92,14,1440.53,3,2,0,1.74357,0.576102,0.000100873,0.0306923,0.393105,0.000296849,0.83476,0.164262,0.000680893
10332,0,12,1385.92,14,1440.53,0,1,0,1.7427,0.665068,0.000116249,0.0354113,0.299405,0.000309077,0.870527,0.128455,0.000709058
10333,0,12,1385.92,14,1440.53,3,1,9,1.74183,0.55775,0.000153263,0.0467398,0.395357,0.000450898,0.810892,0.187623,0.00103458
10334,0,12,1385.92,14,1440.53,0,1,0,1.74096,0.329707,9.0451e-05,0.027616,0.642586,0.000191452,0.919608,0.0797614,0.00043936
10335,0,12,1385.92,14,1440.53,3,1,0,1.74009,0.249469,0.000101102,0.0309031,0.719527,0.000289454,0.878311,0.120736,0.000664371
10336,0,12,1385.92,14,1440.53,3,2,0,1.73922,0.339234,0.000137266,0.0420053,0.618623,0.000424592,0.821283,0.177318,0.000974711
10337,0,12,1385.92,14,1440.53,0,1,0,1.73835,0.437144,0.000176608,0.0541063,0.508573,0.000443753,0.859646,0.138891,0.00101887
10338,0,12,1385.92,14,1440.53,3,2,0,1.73748,0.336644,0.00020782,0.0637415,0.599407,0.000640032,0.797335,0.200555,0.00146977
10339,0,12,1385.92,14,1440.53,0,2,0,1.73661,0.428104,0.00026389,0.0810319,0.4906,0.000673791,0.840589,0.15719,0.00154755
10340,0,12,1385.92,14,1440.53,0,2,9,1.73574,0.330046,0.000308688,0.0948964,0.574749,0.00069856,0.872734,0.124963,0.00160471
10341,0,12,1385.92,14,1440.53,0,1,0,1.73488,0.584074,0.000191364,0.0588962,0.356839,0.000543589,0.680092,0.318116,0.00124892
10342,0,12,1385.92,14,1440.53,0,2,9,1.73401,0.474423,0.000241461,0.0744001,0.450936,0.000713967,0.579289,0.418357,0.00164065
10343,0,12,1385.92,14,1440.53,0,1,9,1.73314,0.708708,0.000133631,0.0412222,0.249936,0.000406255,0.330063,0.668597,0.000933701
10344,0,12,1385.92,14,1440.53,2,2,9,1.73228,0.865436,6.16417e-05,0.0190369,0.115465,0.000250672,0.586016,0.413157,0.000576219
10345,0,12,1385.92,14,1440.53,0,2,9,1.73141,0.821757,5.84189e-05,0.068591,0.109593,0.00014512,0.339785,0.659736,0.000333641
10346,0,12,1385.92,14,1440.53,0,2,0,1.73054,0.922835,2.52536e-05,0.0296928,0.047447,6.99196e-05,0.163965,0.835804,0.000160777
10347,0,12,1385.92,14,1440.53,0,2,0,1.72968,0.879756,3.92941e-05,0.0462668,0.0739379,0.000102426,0.240567,0.759095,0.000235563
10348,0,12,1385.92,14,1440.53,0,2,0,1.72881,0.818822,5.91194e-05,0.0697087,0.11141,0.000142982,0.336342,0.663186,0.000328891
10349,0,12,1385.92,14,1440.53,0,2,0,1.72795,0.738097,8.53345e-05,0.100762,0.161055,0.000189071,0.44545,0.553926,0.000434978
10350,0,12,1385.92,14,1441.18,0,2,9,1.72709,0.639476,0.000117295,0.138697,0.22171,0.000236389,0.557798,0.441422,0.00054393
10351,0,12,1385.92,14,1441.18,0,2,9,1.72622,0.824365,5.7058e-05,0.0675643,0.108013,0.000133973,0.316621,0.682936,0.000308322
10352,0,12,1385.92,14,1441.18,0,1,9,1.72536,0.92416,2.46018e-05,0.0291731,0.0466427,6.34441e-05,0.150173,0.849618,0.000146033
10353,0,12,1385.92,14,1441.18,0,1,0,1.7245,0.968799,1.01064e-05,0.0120012,0.0191897,4.83687e-05,0.350874,0.648967,0.000111352
10354,0,12,1385.92,14,1441.18,0,1,0,1.72363,0.949055,1.64773e-05,0.0195943,0.0313338,5.48991e-05,0.261831,0.737988,0.000126407
10355,0,12,1385.92,14,1441.18,0,2,0,1.72277,0.91863,2.6279e-05,0.0312946,0.0500488,5.97319e-05,0.195322,0.80448,0.000137557
10356,1,12,1385.92,14,1441.18,0,1,9,1.72191,0.873567,4.07726e-05,0.0486233,0.0777694,8.61729e-05,0.282241,0.717475,0.000198482
10357,1,12,1385.92,14,1441.18,3,1,0,1.72105,0.0204457,0.0221617,0.0371816,0.920211,0.0281548,0.881158,0.0428751,0.047812
10358,1,12,1385.92,14,1441.18,3,0,0,1.72019,0.0309933,0.0335952,0.0563698,0.879042,0.0414965,0.82483,0.0631977,0.0704762
10359,1,12,1385.92,14,1441.18,3,1,0,1.71933,0.0455814,0.0494088,0.0829122,0.822098,0.0360229,0.829598,0.0635304,0.0708488
10360,1,12,1385.92,14,1441.18,2,1,0,1.71847,0.0646216,0.0700489,0.11756,0.747769,0.0513152,0.757235,0.0905104,0.100939
10361,1,12,1385.92,14,1441.18,3,1,0,1.71761,0.0663246,0.071896,0.0939292,0.76785,0.0700784,0.668437,0.123619,0.137866
10362,0,12,1385.92,14,1440.53,3,2,13,1.71675,0.090972,0.0986155,0.128844,0.681568,0.0913217,0.567885,0.161111,0.179682
10363,0,12,1385.92,14,1440.53,0,1,0,1.71589,0.943031,1.81827e-05,0.0219,0.0350505,5.80797e-05,0.510081,0.489727,0.000133932
10364,0,12,1385.92,14,1440.53,0,1,0,1.71503,0.909481,2.88482e-05,0.0347954,0.0556946,7.18215e-05,0.39307,0.606693,0.000165648
10365,0,12,1385.92,14,1440.53,0,2,0,1.71418,0.860306,4.44545e-05,0.053695,0.085954,8.31265e-05,0.296265,0.70346,0.000191753
10366,0,12,1385.92,14,1440.53,0,2,0,1.71332,0.792155,6.60445e-05,0.0798863,0.127892,0.000112995,0.403377,0.596249,0.000260696
10367,0,12,1385.92,14,1440.53,0,1,9,1.71246,0.704228,9.38455e-05,0.113675,0.182003,0.000144926,0.518214,0.481306,0.000334423
10368,0,12,1385.92,14,1440.53,0,1,0,1.71161,0.862735,4.34884e-05,0.0527524,0.0844688,7.79789e-05,0.74035,0.259392,0.000179969
10369,0,12,1385.92,14,1440.53,0,1,9,1.71075,0.79538,6.47323e-05,0.0786334,0.125922,0.000108217,0.639082,0.36056,0.000249797
10370,0,12,1385.92,14,1440.53,0,1,0,1.7099,0.910442,2.82901e-05,0.0344142,0.0551156,5.29854e-05,0.822999,0.176825,0.000122327
10371,0,12,1385.92,14,1440.53,0,1,0,1.70904,0.86162,4.36476e-05,0.0531717,0.0851643,7.74434e-05,0.740876,0.258867,0.000178823
10372,0,12,1385.92,14,1440.53,0,1,0,1.70819,0.793836,6.49318e-05,0.0792127,0.126886,0.000107526,0.639638,0.360006,0.000248327
10373,0,12,1385.92,14,1440.53,0,1,0,1.70733,0.706207,9.23942e-05,0.112875,0.180825,0.000141032,0.526577,0.472956,0.000325763
10374,0,12,1385.92,14,1440.53,3,1,0,1.70648,0.602311,0.000124883,0.152784,0.244781,0.0001746,0.412944,0.586478,0.000403368
10375,0,12,1385.92,14,1440.53,0,2,9,1.70563,0.65086,0.000134721,0.165053,0.183952,0.000203151,0.315836,0.683491,0.000469407
10376,0,12,1385.92,14,1440.53,0,2,9,1.70477,0.832592,6.45042e-05,0.0791399,0.0882035,9.5051e-05,0.147992,0.851694,0.000219664
10377,0,12,1385.92,14,1440.53,0,2,0,1.70392,0.928652,2.74517e-05,0.0337283,0.0375919,4.00428e-05,0.0624372,0.93743,9.2555e-05
10378,0,12,1385.92,14,1440.53,3,2,0,1.70307,0.88841,4.28738e-05,0.0527516,0.0587956,6.30468e-05,0.0984512,0.90134,0.000145751
10379,0,12,1385.92,14,1440.53,0,2,0,1.70222,0.898504,4.32748e-05,0.0533208,0.0481317,9.63132e-05,0.15062,0.849061,0.000222693
10380,0,12,1385.92,14,1440.53,0,1,0,1.70137,0.845367,6.58377e-05,0.0812371,0.0733296,0.000141694,0.221915,0.777615,0.000327677
10381,0,12,1385.92,14,1440.53,0,2,9,1.70052,0.77315,9.64491e-05,0.119178,0.107575,0.000151147,0.168579,0.83092,0.000349595
10382,0,12,1385.92,14,1440.53,2,2,0,1.69966,0.900146,4.23946e-05,0.0524599,0.0473516,6.39405e-05,0.0714155,0.928373,0.000147916
10383,0,12,1385.92,14,1440.53,0,2,0,1.69882,0.908792,4.27166e-05,0.043387,0.0477782,9.93045e-05,0.111069,0.888601,0.000229764
10384,0,12,1385.92,14,1440.53,0,2,0,1.69797,0.86012,6.54204e-05,0.0665392,0.0732751,0.000149456,0.167397,0.832108,0.000345858
10385,0,12,1385.92,14,1440.53,0,2,0,1.69712,0.792996,9.66789e-05,0.0984686,0.108439,0.000216376,0.242691,0.756591,0.000500803
10386,0,12,1385.92,14,1440.53,0,1,0,1.69627,0.706647,0.000136816,0.139542,0.153674,0.000299157,0.336012,0.662997,0.000692516
10387,0,12,1385.92,14,1440.53,2,2,9,1.69542,0.60452,0.00018419,0.18812,0.207176,0.00033426,0.256956,0.741936,0.000773907
10388,0,12,1385.92,14,1440.53,3,2,9,1.69457,0.437567,0.000133106,0.412373,0.149927,0.000148153,0.114041,0.885468,0.000343074
10389,0,12,1385.92,14,1440.53,2,2,0,1.69373,0.336626,0.000102234,0.31724,0.346032,6.03926e-05,0.0465493,0.95325,0.000139873
10390,0,12,1385.92,14,1440.53,3,2,0,1.69288,0.379318,0.000115013,0.230647,0.38992,9.53939e-05,0.0736253,0.926058,0.000220975
10391,0,12,1385.92,14,1440.53,2,2,0,1.69203,0.441353,0.000133606,0.268341,0.290172,0.000146971,0.113584,0.885929,0.000340508
10392,0,12,1385.92,14,1440.53,0,2,0,1.69119,0.483896,0.000146248,0.197842,0.318116,0.000219519,0.169877,0.829395,0.000508675
10393,0,12,1385.92,14,1440.53,3,2,9,1.69034,0.374986,0.000176844,0.239578,0.38526,0.000315632,0.24458,0.754373,0.000731515
10394,0,12,1385.92,14,1440.53,3,2,0,1.6895,0.22547,0.000106169,0.144039,0.630385,0.000138616,0.107555,0.891985,0.000321312
10395,0,12,1385.92,14,1440.53,3,2,0,1.68865,0.293473,0.000137979,0.187466,0.518923,0.000207999,0.161606,0.837704,0.000482224
10396,0,12,1385.92,14,1440.57,3,2,9,1.68781,0.361327,0.000169621,0.230789,0.407714,0.000300724,0.23396,0.765042,0.000697314
10397,0,12,1385.92,14,1440.57,0,2,9,1.68696,0.212496,9.96012e-05,0.135715,0.651689,0.000131095,0.102126,0.897439,0.000304032
10398,0,12,1385.92,14,1440.57,3,2,0,1.68612,0.445717,6.99848e-05,0.095498,0.458715,5.30468e-05,0.0413799,0.958444,0.000123046
10399,0,12,1385.92,14,1439.92,0,2,13,1.68528,0.536577,8.41039e-05,0.11493,0.348409,8.43092e-05,0.0658543,0.933866,0.000195594
10400,0,12,1385.92,14,1439.92,0,2,0,1.68443,0.854234,2.64116e-05,0.0361442,0.109595,1.79357e-05,0.0140284,0.985912,4.16171e-05
10401,0,12,1385.92,14,1439.92,0,2,0,1.68359,0.781775,3.9477e-05,0.0541023,0.164083,2.96318e-05,0.0232073,0.976694,6.87677e-05
10402,0,12,1385.92,14,1439.92,0,2,9,1.68275,0.68859,5.62435e-05,0.077192,0.234162,4.81884e-05,0.037791,0.962049,0.000111852
10403,0,12,1385.92,14,1439.92,0,2,9,1.68191,0.853518,2.64134e-05,0.0363038,0.110152,1.90715e-05,0.0149764,0.98496,4.42748e-05
10404,0,12,1385.92,14,1439.92,0,2,0,1.68107,0.937754,1.12059e-05,0.0154242,0.0468101,7.57972e-06,0.00596015,0.994015,1.75994e-05
10405,0,12,1385.92,14,1439.92,0,2,0,1.68023,0.900356,1.79099e-05,0.0246874,0.0749392,1.28097e-05,0.0100861,0.989871,2.9748e-05
10406,0,12,1385.92,14,1439.92,0,2,0,1.67939,0.845534,2.77186e-05,0.0382632,0.116175,2.13662e-05,0.0168457,0.983083,4.96272e-05
10407,0,12,1385.92,14,1439.92,0,2,0,1.67855,0.770059,4.11959e-05,0.0569499,0.17295,3.51248e-05,0.0277304,0.972153,8.15981e-05
10408,0,12,1385.92,14,1439.92,0,2,0,1.67771,0.674133,5.82878e-05,0.0806946,0.245114,5.67863e-05,0.0448916,0.95492,0.000131942
10409,0,12,1385.92,14,1439.92,3,2,0,1.67687,0.563328,7.79814e-05,0.108115,0.328478,8.99873e-05,0.0712332,0.928468,0.000209119
10410,0,12,1385.92,14,1439.92,0,2,0,1.67603,0.633217,8.75004e-05,0.121488,0.245208,0.000139125,0.110277,0.88926,0.000323363
10411,0,12,1385.92,14,1439.92,0,2,0,1.67519,0.520745,0.000114156,0.158727,0.320414,0.000208584,0.165555,0.833751,0.000484887
10412,0,12,1385.92,14,1439.92,3,2,0,1.67435,0.408322,0.000140717,0.195942,0.395594,0.000301116,0.239318,0.759681,0.000700109
10413,0,12,1385.92,14,1439.92,0,2,0,1.67352,0.475532,0.000163618,0.228161,0.296144,0.000415628,0.33077,0.667848,0.000966518
10414,0,12,1385.92,14,1439.92,3,2,9,1.67268,0.367489,0.000197033,0.275155,0.357159,0.000545628,0.434809,0.563377,0.00126904
10415,0,12,1385.92,14,1439.92,0,2,0,1.67184,0.226101,0.000121044,0.169282,0.604496,0.000274611,0.219129,0.779958,0.000638807
10416,0,12,1385.92,14,1439.92,0,1,0,1.67101,0.169616,0.000129665,0.181602,0.648653,0.000383619,0.306523,0.692201,0.000892535
10417,0,12,1385.92,14,1439.92,0,2,0,1.67017,0.128912,0.000135797,0.190466,0.680486,0.000422656,0.23481,0.763784,0.000983524
10418,0,12,1385.92,14,1439.92,0,2,0,1.66934,0.09968,0.000140123,0.196818,0.703362,0.000582129,0.323816,0.674247,0.00135485
10419,0,12,1385.92,14,1439.92,2,2,0,1.6685,0.0785596,0.000143173,0.201395,0.719902,0.000763837,0.425431,0.572027,0.00177806
10420,0,12,1385.92,14,1439.92,3,1,0,1.66767,0.0832311,0.000151496,0.153569,0.763048,0.000952945,0.53143,0.465399,0.00221864
10421,0,12,1385.92,14,1439.92,3,2,0,1.66683,0.115512,0.000209989,0.213157,0.671121,0.00116536,0.426276,0.569845,0.00271365
10422,0,12,1385.92,14,1440.1,2,1,9,1.666,0.152383,0.000276666,0.281229,0.566111,0.00144697,0.529908,0.465275,0.00336996
10423,0,12,1385.92,14,1440.1,2,1,0,1.66517,0.0985424,0.000178687,0.535093,0.366186,0.000737779,0.760035,0.237508,0.00171856
10424,0,12,1385.92,14,1440.1,0,1,0,1.66434,0.122025,0.000220989,0.424187,0.453567,0.001007,0.672096,0.324551,0.00234607
10425,0,12,1385.92,14,1440.1,0,2,0,1.6635,0.0926942,0.000228025,0.438355,0.468723,0.00131213,0.572247,0.423383,0.00305748
10426,0,12,1385.92,14,1440.1,3,1,0,1.66267,0.0718696,0.000232905,0.448413,0.479484,0.00151725,0.662508,0.332439,0.00353604
10427,0,12,1385.92,14,1440.1,2,1,0,1.66184,0.0865997,0.000280318,0.540516,0.372604,0.00195937,0.563702,0.429771,0.00456718
10428,0,12,1385.92,14,1439.62,3,1,13,1.66101,0.107097,0.000346269,0.431628,0.460929,0.00241531,0.461604,0.53035,0.00563091
10429,0,12,1385.92,14,1439.62,3,1,9,1.66018,0.0360345,0.000116374,0.145268,0.818581,0.000785348,0.824752,0.172632,0.00183123
10430,0,12,1385.92,14,1439.62,2,1,0,1.65935,0.0151593,4.89013e-05,0.06113,0.923662,0.000320392,0.928429,0.0705033,0.000747198
10431,0,12,1385.92,14,1439.62,3,1,9,1.65852,0.0153265,4.93837e-05,0.0500113,0.934613,0.000484915,0.891562,0.106822,0.00113108
10432,0,12,1385.92,14,1439.62,3,1,0,1.65769,0.00607062,1.95378e-05,0.0198135,0.974096,0.000190711,0.957307,0.0420572,0.000444915
10433,0,12,1385.92,14,1439.62,3,1,9,1.65686,0.00986311,3.17073e-05,0.0321992,0.957906,0.000296371,0.933583,0.0654287,0.000691527
10434,0,12,1385.92,14,1439.62,3,1,0,1.65603,0.00388218,1.24658e-05,0.0126768,0.983429,0.000114453,0.974324,0.0252946,0.0002671
10435,0,12,1385.92,14,1439.62,3,1,9,1.6552,0.00640254,2.05352e-05,0.0209117,0.972665,0.00018147,0.959246,0.0401491,0.000423571
10436,0,12,1385.92,14,1439.62,3,1,0,1.65438,0.00251769,8.06586e-06,0.00822512,0.989249,6.95857e-05,0.984356,0.0154121,0.000162448
10437,0,12,1385.92,14,1439.62,3,1,0,1.65355,0.00420464,1.34548e-05,0.0137395,0.982042,0.000112109,0.974769,0.0248571,0.000261764
10438,0,12,1385.92,14,1439.62,3,1,9,1.65272,0.00691882,2.21148e-05,0.022614,0.970445,0.000177904,0.959919,0.0394879,0.000415459
10439,0,12,1385.92,14,1441.49,3,1,9,1.6519,0.00271853,8.67932e-06,0.00888757,0.988385,6.81696e-05,0.984625,0.0151474,0.000159223
10440,0,12,1385.92,14,1441.33,3,1,13,1.65107,0.0010761,3.43168e-06,0.00351889,0.995402,2.62107e-05,0.994082,0.00583038,6.12307e-05
10441,0,12,1385.92,14,1441.33,3,1,0,1.65025,0.000226658,7.21977e-07,0.000741354,0.999031,5.3582e-06,0.998789,0.00119318,1.25194e-05
10442,0,12,1385.92,14,1441.33,3,1,0,1.64942,0.000399869,1.27224e-06,0.0013082,0.998291,9.16897e-06,0.997925,0.00204398,2.14268e-05
10443,0,12,1385.92,14,1441.33,3,1,0,1.6486,0.000697233,2.21581e-06,0.0022816,0.997019,1.55156e-05,0.996486,0.00346255,3.62644e-05
10444,0,12,1385.92,14,1440.99,3,1,13,1.64777,0.00120142,3.81372e-06,0.0039324,0.994862,2.59597e-05,0.994114,0.00579957,6.06854e-05
10445,0,12,1385.92,14,1440.99,3,1,0,1.64695,0.000252265,7.99855e-07,0.000825892,0.998921,5.30012e-06,0.998797,0.00118536,1.23921e-05
10446,0,12,1385.92,14,1440.99,3,1,0,1.64612,0.000444208,1.40683e-06,0.00145464,0.9981,9.07375e-06,0.997938,0.00203153,2.12187e-05
10447,0,12,1385.92,14,1440.99,0,1,0,1.6453,0.000773075,2.44555e-06,0.00253218,0.996692,1.53615e-05,0.996506,0.00344301,3.59285e-05
10448,0,12,1385.92,14,1440.99,3,1,0,1.64448,0.000915182,2.4389e-06,0.0025288,0.996554,2.57132e-05,0.994145,0.00576944,6.01502e-05
10449,0,12,1385.92,14,1440.99,3,1,0,1.64366,0.00157396,4.18951e-06,0.00434999,0.994072,4.25407e-05,0.990302,0.00955546,9.95311e-05
10450,0,12,1385.92,14,1440.99,3,1,0,1.64283,0.0026736,7.10809e-06,0.00739062,0.989929,6.95159e-05,0.984136,0.0156315,0.000162672
10451,0,12,1385.92,14,1438.92,3,1,13,1.64201,0.00448185,1.19014e-05,0.0123917,0.983115,0.000112074,0.974397,0.0252286,0.000262305
10452,0,12,1385.92,14,1438.92,3,1,9,1.64119,0.000926298,2.45684e-06,0.0025616,0.99651,2.25228e-05,0.994849,0.00507552,5.27228e-05
10453,0,12,1385.92,14,1438.92,3,1,0,1.64037,0.000373018,9.88188e-07,0.00103176,0.998594,8.77077e-06,0.997992,0.00197864,2.05346e-05
10454,0,12,1385.92,14,1438.92,3,1,0,1.63955,0.000654258,1.73119e-06,0.00181003,0.997534,1.48652e-05,0.996593,0.00335715,3.48093e-05
10455,0,12,1385.92,14,1438.92,3,1,9,1.63873,0.00113406,2.99719e-06,0.00313806,0.995725,2.49106e-05,0.994285,0.00563189,5.8342e-05
10456,0,12,1385.92,14,1438.92,3,1,0,1.63791,0.000454779,1.20051e-06,0.00125868,0.998285,9.67784e-06,0.997777,0.00219038,2.26699e-05
10457,0,12,1385.92,14,1438.92,3,1,0,1.63709,0.000794553,2.09493e-06,0.00219951,0.997004,1.63712e-05,0.996236,0.0037093,3.83552e-05
10458,0,12,1385.92,14,1438.92,3,1,9,1.63627,0.00137176,3.61252e-06,0.00379813,0.994826,2.73802e-05,0.993698,0.0062104,6.41586e-05
10459,0,12,1385.92,14,1438.92,3,1,0,1.63546,0.00054798,1.44139e-06,0.00151755,0.997933,1.06138e-05,0.997554,0.00241004,2.4875e-05
10460,0,12,1385.92,14,1438.92,3,1,9,1.63464,0.000953843,2.50597e-06,0.00264207,0.996402,1.79221e-05,0.995866,0.00407394,4.20103e-05
10461,0,12,1385.92,14,1438.92,3,1,0,1.63382,0.000383267,1.00574e-06,0.00106184,0.998554,6.99358e-06,0.998385,0.00159146,1.63961e-05
10462,0,12,1385.92,14,1438.92,3,1,0,1.633,0.000672291,1.76208e-06,0.00186296,0.997463,1.19153e-05,0.997246,0.0027144,2.79396e-05
10463,0,12,1385.92,14,1438.92,3,1,0,1.63219,0.00116538,3.05085e-06,0.00323,0.995602,2.00732e-05,0.995355,0.0045778,4.70766e-05
10464,0,12,1385.92,14,1438.92,3,1,0,1.63137,0.00199577,5.21849e-06,0.00553265,0.992466,3.34288e-05,0.992256,0.0076319,7.84122e-05
10465,0,12,1385.92,14,1438.92,3,1,0,1.63056,0.00337457,8.81325e-06,0.00935685,0.98726,5.50038e-05,0.987245,0.0125712,0.000129042
10466,0,12,1385.92,14,1438.92,3,1,0,1.62974,0.00562761,1.468e-05,0.0156071,0.978751,8.93382e-05,0.97926,0.0204406,0.000209627
10467,0,12,1385.92,14,1438.92,3,1,0,1.62893,0.00923963,2.40735e-05,0.0256297,0.965107,0.000143026,0.966762,0.0327598,0.000335659
10468,0,12,1385.92,14,1438.92,2,1,0,1.62811,0.014894,3.87596e-05,0.0413227,0.943745,0.000225189,0.947611,0.0516354,0.000528575
10469,0,12,1385.92,14,1438.92,3,1,0,1.6273,0.0149831,3.8945e-05,0.0348005,0.950177,0.000347562,0.919055,0.0797819,0.000815954
10470,0,12,1385.92,14,1438.92,2,1,0,1.62648,0.0237126,6.15619e-05,0.0550855,0.92114,0.000523549,0.877937,0.12031,0.00122932
10471,0,12,1385.92,14,1438.92,3,1,9,1.62567,0.0239347,6.20646e-05,0.0455531,0.93045,0.000765473,0.821342,0.176095,0.00179768
10472,0,12,1385.92,14,1438.92,3,1,0,1.62486,0.00937803,2.4289e-05,0.0178508,0.972747,0.000310362,0.927485,0.0714756,0.000728995
10473,0,12,1385.92,14,1438.92,3,1,0,1.62404,0.0151947,3.93072e-05,0.0289263,0.95584,0.000470791,0.889883,0.10854,0.00110601
10474,0,12,1385.92,14,1438.92,3,1,0,1.62323,0.0241351,6.23608e-05,0.0459522,0.92985,0.000694189,0.837456,0.160218,0.0016311
10475,0,12,1385.92,14,1438.92,3,2,9,1.62242,0.0374099,9.65455e-05,0.071236,0.891258,0.000988938,0.768192,0.228495,0.00232406
10476,0,12,1385.92,14,1438.92,3,1,9,1.62161,0.0148923,3.83874e-05,0.0283616,0.956708,0.000661021,0.514155,0.48363,0.0015537
10477,0,12,1385.92,14,1438.92,3,1,9,1.6208,0.00578697,1.48992e-05,0.0110224,0.983176,0.000342622,0.747844,0.251008,0.000805458
10478,0,12,1385.92,14,1438.92,3,1,0,1.61999,0.0022536,5.79521e-06,0.00429297,0.993448,0.000148379,0.890656,0.108847,0.000348877
10479,0,12,1385.92,14,1438.92,3,2,0,1.61918,0.00380844,9.78187e-06,0.00725579,0.988926,0.000223157,0.835334,0.163918,0.00052479
10480,0,12,1385.92,14,1438.92,3,1,0,1.61837,0.00635073,1.62922e-05,0.0121009,0.981532,0.000232735,0.872623,0.126597,0.000547409
10481,0,12,1385.92,14,1438.92,3,1,0,1.61756,0.0104339,2.67352e-05,0.0198836,0.969656,0.000343906,0.811543,0.187304,0.000809029
10482,0,12,1385.92,14,1438.92,2,1,0,1.61675,0.016849,4.31216e-05,0.032113,0.950995,0.000488413,0.732019,0.266344,0.00114917
10483,0,12,1385.92,14,1438.92,3,1,9,1.61594,0.016912,4.32311e-05,0.0277249,0.95532,0.000662331,0.636138,0.361641,0.00155865
10484,0,12,1385.92,14,1438.92,3,1,0,1.61513,0.00655169,1.67277e-05,0.0107417,0.98269,0.000308793,0.830147,0.168818,0.0007268
10485,0,12,1385.92,14,1438.92,3,1,9,1.61433,0.0107694,2.74635e-05,0.0176585,0.971545,0.000443755,0.755604,0.242908,0.00104464
10486,0,12,1385.92,14,1438.92,3,1,9,1.61352,0.0041654,1.06097e-05,0.00683062,0.988993,0.000189898,0.895283,0.10408,0.000447113
10487,0,12,1385.92,14,1438.92,3,1,9,1.61271,0.0016239,4.13129e-06,0.00266321,0.995709,7.49177e-05,0.958636,0.0411129,0.000176423
10488,0,12,1385.92,14,1438.92,3,2,0,1.61191,0.000642277,1.63203e-06,0.00105344,0.998303,2.88931e-05,0.984027,0.0158758,6.80516e-05
10489,0,12,1385.92,14,1438.92,3,1,0,1.6111,0.00111743,2.83602e-06,0.00183296,0.997047,2.88754e-05,0.985479,0.0144243,6.80215e-05
10490,0,12,1385.92,14,1438.92,3,1,0,1.6103,0.00192133,4.87047e-06,0.00315194,0.994922,4.74996e-05,0.976083,0.0237573,0.000111914
10491,0,12,1385.92,14,1438.92,3,1,0,1.60949,0.00326373,8.26348e-06,0.00535466,0.991373,7.69154e-05,0.961224,0.0385177,0.000181251
10492,0,12,1385.92,14,1438.92,3,1,0,1.60869,0.00547341,1.38417e-05,0.00898089,0.985532,0.000122253,0.938291,0.0612983,0.00028814
10493,0,12,1385.92,14,1438.92,3,1,9,1.60788,0.00905145,2.28628e-05,0.0148533,0.976072,0.000189958,0.903998,0.0953642,0.000447791
10494,0,12,1385.92,14,1438.92,3,1,0,1.60708,0.00349732,8.82319e-06,0.00573961,0.990754,7.43989e-05,0.962353,0.0373967,0.000175411
10495,0,12,1385.92,14,1438.92,3,1,9,1.60627,0.00585613,1.47564e-05,0.00961171,0.984517,0.000118432,0.939998,0.059604,0.000279276
10496,0,12,1385.92,14,1438.92,3,1,9,1.60547,0.00226956,5.71206e-06,0.00372541,0.993999,4.5718e-05,0.976809,0.0230375,0.000107827
10497,0,12,1385.92,14,1438.92,3,1,0,1.60467,0.000890927,2.23961e-06,0.00146258,0.997644,1.75686e-05,0.991077,0.00886394,4.14432e-05
10498,0,12,1385.92,14,1438.92,3,2,0,1.60387,0.00154042,3.86768e-06,0.00252906,0.995927,2.93065e-05,0.985097,0.0148045,6.91439e-05
10499,0,12,1385.92,14,1438.92,3,1,9,1.60306,0.0026317,6.59975e-06,0.00432115,0.993041,2.9283e-05,0.986362,0.0135394,6.91003e-05
10500,0,12,1385.92,14,1438.92,3,1,9,1.60226,0.00103,2.57994e-06,0.00169139,0.997276,1.12785e-05,0.994741,0.00522118,2.6619e-05
10501,0,12,1385.92,14,1438.92,3,1,9,1.60146,0.000409561,1.02463e-06,0.000672616,0.998917,4.40342e-06,0.997944,0.00204098,1.03945e-05
10502,1,12,1385.92,14,1438.92,3,1,0,1.60066,0.00016566,4.13951e-07,0.000272089,0.999562,1.74777e-06,0.999183,0.000811085,4.12641e-06
10503,1,12,1385.92,14,1438.92,3,2,0,1.59986,0.0163121,0.0177235,0.0233341,0.94263,0.0426103,0.279193,0.592719,0.0854777
10504,1,12,1385.92,14,1438.92,2,1,0,1.59906,0.0254192,0.0276191,0.0363641,0.910598,0.0541612,0.35501,0.482164,0.108664
10505,1,12,1385.92,14,1438.92,3,2,0,1.59826,0.0255297,0.0277396,0.0315197,0.915211,0.0614401,0.268072,0.547202,0.123285
10506,1,12,1385.92,14,1438.92,3,2,0,1.59746,0.0388317,0.0421937,0.0479448,0.87103,0.0762145,0.332633,0.438199,0.152953
10507,1,12,1385.92,14,1438.92,3,2,0,1.59666,0.0571877,0.06214,0.0706115,0.810061,0.0899557,0.392722,0.336768,0.180555
10508,1,12,1385.92,14,1439.56,3,3,9,1.59586,0.0809877,0.0880024,0.100002,0.731008,0.101388,0.442762,0.252321,0.203529
10509,1,12,1385.92,14,1439.56,3,3,0,1.59507,0.0349267,0.0379525,0.0431288,0.883992,0.0711682,0.310884,0.177146,0.440802
10510,1,12,1385.92,14,1439.56,3,3,0,1.59427,0.0519141,0.0564125,0.0641081,0.827565,0.084138,0.367648,0.209468,0.338746
10511,1,12,1385.92,14,1439.56,2,3,0,1.59347,0.0743308,0.080773,0.0917941,0.753102,0.0950798,0.415582,0.236751,0.252587
10512,1,12,1385.92,14,1439.56,1,2,0,1.59267,0.0757564,0.0823236,0.0740179,0.767902,0.103202,0.451215,0.257023,0.18856
10513,1,12,1385.92,14,1439.56,3,3,9,1.59188,0.0769884,0.0670388,0.0752212,0.780752,0.11205,0.490044,0.193156,0.204751
10514,1,12,1385.92,14,1439.56,3,3,0,1.59108,0.0320008,0.0278644,0.0312661,0.908869,0.0781443,0.341861,0.134723,0.445271
10515,1,12,1385.92,14,1439.56,3,1,0,1.59029,0.048337,0.0420879,0.0472271,0.862348,0.0925176,0.40486,0.159521,0.343101
10516,1,12,1385.92,14,1439.56,3,0,0,1.58949,0.0706371,0.0615032,0.0690147,0.798845,0.107565,0.307936,0.185487,0.399011
10517,1,12,1385.92,14,1439.56,1,1,0,1.5887,0.0991956,0.0863665,0.0969168,0.717521,0.0826883,0.31652,0.190638,0.410154
10518,1,12,1385.92,14,1439.56,2,0,0,1.5879,0.100936,0.0700493,0.0986167,0.730398,0.0922027,0.237694,0.212609,0.457495
10519,1,12,1385.92,14,1439.56,3,1,0,1.58711,0.103062,0.0715196,0.0793399,0.746079,0.0725166,0.242833,0.217201,0.467449
10520,1,12,1385.92,14,1439.56,3,3,0,1.58632,0.140177,0.0972682,0.107906,0.654649,0.078185,0.183408,0.234231,0.504176
10521,1,12,1385.92,14,1439.56,2,3,0,1.58552,0.181737,0.126097,0.139891,0.552275,0.094573,0.221889,0.283389,0.400149
10522,1,12,1385.92,14,1439.56,3,2,0,1.58473,0.18823,0.130593,0.109045,0.572133,0.109373,0.256657,0.327809,0.306161
10523,1,12,1385.92,14,1439.56,1,2,0,1.58394,0.234334,0.162568,0.13574,0.467358,0.122803,0.28822,0.245153,0.343825
10524,1,12,1385.92,14,1439.56,3,2,0,1.58315,0.244865,0.124882,0.141824,0.488429,0.132892,0.311953,0.183005,0.37215
10525,1,12,1385.92,14,1439.56,2,2,0,1.58235,0.293372,0.149601,0.169901,0.387126,0.140163,0.329078,0.138167,0.392593
10526,1,12,1385.92,14,1439.56,1,1,0,1.58156,0.307802,0.156938,0.12907,0.40619,0.145364,0.341346,0.106047,0.407243
10527,1,12,1385.92,14,1439.56,0,1,0,1.58077,0.321249,0.120106,0.134686,0.423959,0.163262,0.260161,0.119097,0.457481
10528,1,12,1385.92,14,1439.56,2,3,0,1.57998,0.244984,0.13358,0.149798,0.471638,0.1768,0.198718,0.128964,0.495518
10529,1,12,1385.92,14,1439.56,0,0,0,1.57919,0.254594,0.138804,0.116398,0.490204,0.211784,0.238045,0.154473,0.395699
10530,1,12,1385.92,14,1439.56,3,3,0,1.5784,0.195569,0.149771,0.12559,0.52907,0.161188,0.253316,0.164369,0.421127
10531,1,12,1385.92,14,1439.56,2,0,0,1.57761,0.237436,0.181824,0.152463,0.428277,0.18702,0.293938,0.190711,0.32833
10532,1,12,1385.92,14,1439.56,3,3,0,1.57682,0.247028,0.189159,0.118183,0.44563,0.141468,0.310412,0.201382,0.346739
10533,1,12,1385.92,14,1439.56,1,1,0,1.57604,0.289322,0.221534,0.138397,0.350746,0.159286,0.349562,0.226761,0.26439
10534,1,12,1385.92,14,1439.56,0,1,0,1.57525,0.309256,0.167905,0.147911,0.374927,0.179435,0.267237,0.255463,0.297865
10535,1,12,1385.92,14,1439.56,0,1,0,1.57446,0.236117,0.185669,0.163555,0.414659,0.195644,0.200989,0.278561,0.324806
10536,1,12,1385.92,14,1439.73,3,0,9,1.57367,0.181285,0.19898,0.175276,0.444459,0.207486,0.152574,0.295442,0.344499
10537,1,12,1385.92,14,1439.73,2,0,0,1.57289,0.0964641,0.105881,0.093266,0.704389,0.452442,0.105403,0.204127,0.238029
10538,1,12,1385.92,14,1439.73,3,0,0,1.5721,0.0981679,0.107754,0.0769637,0.717115,0.357549,0.123654,0.239505,0.279292
10539,1,12,1385.92,14,1439.73,1,3,0,1.57131,0.129498,0.142145,0.101521,0.626836,0.274188,0.139682,0.270585,0.315545
10540,1,12,1385.92,14,1439.73,3,3,0,1.57053,0.133756,0.113734,0.104855,0.647654,0.304771,0.155241,0.300766,0.239222
10541,1,12,1385.92,14,1439.73,3,2,0,1.56974,0.170404,0.144891,0.133577,0.551128,0.328289,0.167198,0.323974,0.180539
10542,1,12,1385.92,14,1439.73,0,1,0,1.56896,0.207832,0.176709,0.162908,0.452551,0.36565,0.186201,0.247087,0.201061
10543,1,12,1385.92,14,1439.73,3,3,0,1.56817,0.161338,0.187061,0.172449,0.479152,0.384915,0.143371,0.260085,0.211629
10544,1,12,1385.92,14,1439.73,1,2,0,1.56739,0.190717,0.22113,0.203853,0.3843,0.408648,0.15218,0.276099,0.163073
10545,1,12,1385.92,14,1439.73,2,1,9,1.5666,0.203175,0.170192,0.217172,0.409461,0.444114,0.165355,0.213337,0.177194
10546,1,12,1385.92,14,1439.73,2,0,0,1.56582,0.137248,0.114963,0.471151,0.276637,0.320722,0.397299,0.154041,0.127939
10547,1,12,1385.92,14,1441.73,2,1,9,1.56504,0.161931,0.135634,0.376001,0.326434,0.247184,0.440348,0.170699,0.141769
10548,1,12,1385.92,14,1441.73,2,0,0,1.56426,0.0922761,0.0772879,0.644393,0.186043,0.131329,0.702671,0.0906861,0.0753138
10549,1,12,1385.92,14,1441.73,3,1,9,1.56347,0.117497,0.0984086,0.547169,0.236926,0.106348,0.722937,0.0932634,0.0774514
10550,1,12,1385.92,14,1441.73,3,1,0,1.56269,0.076915,0.0644173,0.358294,0.500374,0.0442638,0.884685,0.0388168,0.0322346
10551,1,12,1385.92,14,1441.73,3,1,9,1.56191,0.0922428,0.0772517,0.429828,0.400678,0.0639672,0.833358,0.0560941,0.0465804
10552,1,12,1385.92,14,1441.73,3,1,0,1.56113,0.0513199,0.042978,0.239211,0.666491,0.0247307,0.935575,0.0216863,0.0180076
10553,1,12,1385.92,14,1441.73,3,1,0,1.56035,0.0664353,0.0556345,0.309762,0.568168,0.0371047,0.903343,0.0325361,0.0270159
10554,1,12,1385.92,14,1441.73,0,1,0,1.55957,0.0821044,0.0687537,0.382939,0.466203,0.0543217,0.858497,0.047632,0.0395491
10555,1,12,1385.92,14,1441.73,0,2,0,1.55879,0.0664487,0.0699027,0.389473,0.474176,0.0772124,0.798874,0.067702,0.0562112
10556,1,12,1385.92,14,1441.73,3,3,0,1.55801,0.0547688,0.0707534,0.394348,0.48013,0.0780044,0.807446,0.0577651,0.0567841
10557,1,12,1385.92,14,1441.73,3,1,0,1.55723,0.0650958,0.0840987,0.468889,0.381916,0.0785983,0.813973,0.0582013,0.0492269
10558,1,12,1385.92,14,1441.73,3,1,9,1.55645,0.0739592,0.0955544,0.532944,0.297543,0.108671,0.742808,0.0804652,0.0680555
10559,1,12,1385.92,14,1441.73,2,1,0,1.55567,0.0450836,0.0582505,0.324997,0.571669,0.0444409,0.894826,0.0329041,0.0278286
10560,1,12,1385.92,14,1441.73,3,1,0,1.5549,0.0498884,0.0644618,0.252734,0.632916,0.064597,0.847132,0.0478249,0.0404464
10561,1,12,1385.92,14,1441.73,2,1,0,1.55412,0.0633472,0.0818563,0.32102,0.533776,0.0910761,0.784478,0.0674248,0.0570206
10562,1,12,1385.92,14,1441.73,0,1,9,1.55334,0.0699708,0.09042,0.249769,0.58984,0.123908,0.706799,0.0917249,0.0775683
10563,1,12,1385.92,14,1441.73,1,1,0,1.55257,0.216348,0.0761665,0.210439,0.497046,0.0519621,0.877048,0.0384636,0.0325261
10564,1,12,1385.92,14,1441.73,3,3,0,1.55179,0.219557,0.0623829,0.213559,0.504501,0.0746583,0.823353,0.0552605,0.0467286
10565,1,12,1385.92,14,1441.73,3,1,0,1.55101,0.263544,0.074862,0.256343,0.405251,0.075059,0.82817,0.0555538,0.0412177
10566,1,12,1385.92,14,1442.03,2,2,9,1.55024,0.303598,0.0862182,0.295301,0.314883,0.104622,0.760504,0.0774295,0.0574447
10567,1,12,1385.92,14,1442.03,3,2,0,1.54946,0.189621,0.0538364,0.559873,0.19667,0.086497,0.629004,0.237012,0.0474873
10568,1,12,1385.92,14,1442.03,3,1,0,1.54869,0.199858,0.0567285,0.590225,0.153189,0.0923365,0.671735,0.185242,0.0506871
10569,1,12,1385.92,14,1442.03,2,1,9,1.54791,0.207408,0.0588568,0.612656,0.121079,0.119236,0.576078,0.23924,0.0654455
10570,1,12,1385.92,14,1442.03,2,1,0,1.54714,0.0943417,0.0267649,0.823825,0.0550682,0.0558003,0.801601,0.111975,0.0306236
10571,1,12,1385.92,14,1442.03,0,0,0,1.54637,0.132348,0.0375378,0.75287,0.0772442,0.0771179,0.725789,0.154776,0.0423178
10572,1,12,1385.92,14,1442.03,2,1,9,1.54559,0.106474,0.0386365,0.775372,0.0795167,0.064564,0.735719,0.156845,0.0428724
10573,1,12,1385.92,14,1442.03,2,1,0,1.54482,0.0427806,0.0155207,0.909751,0.0319474,0.0266278,0.890994,0.0646981,0.0176802
10574,1,12,1385.92,14,1442.03,2,1,0,1.54405,0.0633524,0.0229795,0.866361,0.047307,0.0388662,0.840879,0.0944507,0.0258041
10575,1,12,1385.92,14,1442.03,2,1,9,1.54328,0.091074,0.0330281,0.807894,0.0680036,0.054934,0.775075,0.133522,0.0364689
10576,1,12,1385.92,14,1442.03,0,1,0,1.5425,0.0358043,0.0129818,0.924481,0.026733,0.0220369,0.909763,0.0535721,0.0146284
10577,1,12,1385.92,14,1442.03,2,1,0,1.54173,0.0318335,0.0130246,0.928317,0.0268249,0.0326034,0.866482,0.0792735,0.0216408
10578,1,12,1385.92,14,1442.03,2,1,9,1.54096,0.0477844,0.0195473,0.892404,0.0402647,0.0468321,0.808195,0.11389,0.0310826
10579,1,12,1385.92,14,1442.03,2,1,9,1.54019,0.017863,0.00730598,0.95978,0.0150514,0.0183743,0.924739,0.0446921,0.0121941
10580,1,12,1385.92,14,1442.03,2,1,0,1.53942,0.00650765,0.00266115,0.985348,0.00548318,0.00676487,0.972289,0.0164572,0.00448913
10581,1,12,1385.92,14,1442.03,2,1,0,1.53865,0.0104073,0.00425508,0.976569,0.00876864,0.0106003,0.956573,0.0257925,0.00703374
10582,1,12,1385.92,14,1442.03,2,1,0,1.53788,0.0164063,0.00670659,0.963064,0.0138226,0.0163197,0.933137,0.0397158,0.0108279
10583,1,12,1385.92,14,1442.03,2,0,0,1.53711,0.0254369,0.0103963,0.942737,0.0214303,0.0245981,0.89921,0.0598727,0.0163191
10584,1,12,1385.92,14,1442.03,2,1,0,1.53634,0.0386654,0.0158,0.912961,0.032574,0.0227503,0.900956,0.0599564,0.0163377
10585,1,12,1385.92,14,1442.03,2,1,9,1.53558,0.0573798,0.0234432,0.870839,0.0483384,0.0334511,0.854354,0.0881745,0.0240207
10586,1,12,1385.92,14,1442.03,2,1,9,1.53481,0.0216625,0.00884886,0.95124,0.0182485,0.0127394,0.944527,0.0335865,0.00914732
10587,1,12,1385.92,14,1442.03,2,1,0,1.53404,0.00789349,0.00322382,0.982233,0.00664925,0.00464817,0.979758,0.012257,0.00333733
10588,1,12,1385.92,14,1442.03,2,1,0,1.53327,0.0125588,0.00512827,0.971734,0.0105788,0.00736164,0.967937,0.019416,0.00528522
10589,1,12,1385.92,14,1442.03,2,1,0,1.53251,0.0196796,0.00803457,0.955709,0.0165764,0.0114761,0.950012,0.0302735,0.00823858
10590,1,12,1385.92,14,1442.03,2,3,0,1.53174,0.0302931,0.0123655,0.931826,0.0255154,0.0175588,0.923508,0.0463285,0.0126045
10591,1,12,1385.92,14,1442.03,2,1,9,1.53098,0.045642,0.0186275,0.897288,0.0384423,0.0175493,0.923741,0.0463124,0.0123973
10592,1,12,1385.92,14,1442.03,2,1,0,1.53021,0.0169731,0.00692584,0.961806,0.0142952,0.00644414,0.971995,0.0170093,0.00455199
10593,1,12,1385.92,14,1442.03,2,1,0,1.52944,0.0262982,0.010729,0.940825,0.0221483,0.0100984,0.956109,0.02666,0.00713279
10594,1,12,1385.92,14,1445.12,2,1,9,1.52868,0.0399346,0.0162894,0.910144,0.0336317,0.0155464,0.932423,0.0410508,0.0109801
10595,0,12,1385.92,14,1441.78,2,1,13,1.52792,0.0147503,0.00601561,0.966812,0.0124218,0.00568549,0.975284,0.0150156,0.00401526
10596,0,12,1385.92,14,1441.78,3,1,0,1.52715,0.000392053,8.74348e-07,0.00065002,0.998957,3.93916e-06,0.997933,0.00205398,9.45307e-06
10597,0,12,1385.92,14,1441.78,3,1,9,1.52639,0.000695303,1.54876e-06,0.00115292,0.99815,6.84111e-06,0.996405,0.0035716,1.64199e-05
10598,0,12,1385.92,14,1441.78,3,1,9,1.52563,0.00027277,6.06842e-07,0.000452342,0.999274,2.63387e-06,0.998614,0.00137681,6.32289e-06
10599,0,12,1385.92,14,1441.78,3,1,0,1.52486,0.000108914,2.4201e-07,0.000180633,0.99971,1.03179e-06,0.999456,0.000540028,2.47736e-06
10600,0,12,1385.92,14,1441.42,3,1,13,1.5241,0.000198287,4.40059e-07,0.00032889,0.999472,1.84251e-06,0.999028,0.000965555,4.42469e-06
10601,0,12,1385.92,14,1441.42,3,1,0,1.52334,4.08844e-05,9.06241e-08,6.78202e-05,0.999891,3.7297e-07,0.999803,0.000195698,8.95826e-07
10602,0,12,1385.92,14,1441.42,3,1,0,1.52258,7.59154e-05,1.68068e-07,0.000125943,0.999798,6.79853e-07,0.999641,0.000357167,1.63321e-06
10603,0,12,1385.92,14,1441.42,3,1,0,1.52181,0.000139246,3.07898e-07,0.000231032,0.999629,1.22451e-06,0.999352,0.000644114,2.94215e-06
10604,0,12,1385.92,14,1441.42,3,1,9,1.52105,0.000252346,5.573e-07,0.000418726,0.999328,2.17961e-06,0.998845,0.00114795,5.23789e-06
10605,0,12,1385.92,14,1441.42,3,1,0,1.52029,0.00010078,2.22299e-07,0.000167245,0.999732,8.55703e-07,0.999546,0.000451245,2.05673e-06
10606,0,12,1385.92,14,1441.42,3,1,9,1.51953,0.000183856,4.05049e-07,0.00030514,0.999511,1.5344e-06,0.999185,0.000810165,3.68867e-06
10607,0,12,1385.92,14,1441.42,3,1,0,1.51877,7.38492e-05,1.62497e-07,0.000122578,0.999803,6.06189e-07,0.999677,0.000320469,1.45752e-06
10608,0,12,1385.92,14,1441.42,3,1,9,1.51801,0.000135588,2.9798e-07,0.000225076,0.999639,1.09468e-06,0.999417,0.000579444,2.63252e-06
10609,0,12,1385.92,14,1441.42,3,1,0,1.51726,5.47629e-05,1.20205e-07,9.09159e-05,0.999854,4.35104e-07,0.999768,0.000230601,1.04653e-06
10610,0,12,1385.92,14,1441.42,3,1,0,1.5165,0.000101163,2.21782e-07,0.000167966,0.999731,7.91062e-07,0.999578,0.000419781,1.90303e-06
10611,0,12,1385.92,14,1441.1,3,1,13,1.51574,0.000184618,4.04247e-07,0.000306561,0.999508,1.42117e-06,0.99924,0.000755101,3.41947e-06
10612,0,12,1385.92,14,1441.1,3,1,9,1.51498,3.79724e-05,8.3044e-08,6.306e-05,0.999899,2.87935e-07,0.999846,0.000153178,6.92919e-07
10613,0,12,1385.92,14,1441.1,3,1,0,1.51422,1.57123e-05,3.432e-08,2.60957e-05,0.999958,1.17371e-07,0.999937,6.25187e-05,2.82505e-07
10614,0,12,1385.92,14,1441.1,3,1,0,1.51347,2.97646e-05,6.49344e-08,4.94394e-05,0.999921,2.19086e-07,0.999882,0.000116845,5.27419e-07
10615,0,12,1385.92,14,1441.1,3,1,0,1.51271,5.56784e-05,1.21319e-07,9.24922e-05,0.999852,4.03931e-07,0.999783,0.000215698,9.72578e-07
10616,0,12,1385.92,14,1441.1,3,1,9,1.51195,0.000102872,2.23877e-07,0.000170908,0.999726,7.35749e-07,0.999604,0.000393382,1.77183e-06
10617,0,12,1385.92,14,1441.1,3,1,0,1.5112,4.17028e-05,9.06449e-08,6.92902e-05,0.999889,2.94153e-07,0.999842,0.000157472,7.08505e-07
10618,0,12,1385.92,14,1441.1,3,1,9,1.51044,7.75086e-05,1.68266e-07,0.000128795,0.999794,5.39259e-07,0.999709,0.000289051,1.2991e-06
10619,0,12,1385.92,14,1441.1,3,1,0,1.50969,3.15824e-05,6.84791e-08,5.24856e-05,0.999916,2.1681e-07,0.999883,0.000116359,5.22398e-07
10620,0,12,1385.92,14,1441.1,3,1,0,1.50893,5.90342e-05,1.27845e-07,9.81165e-05,0.999843,3.9994e-07,0.999784,0.000214913,9.63815e-07
10621,0,12,1385.92,14,1441.1,3,1,0,1.50818,0.000108991,2.35743e-07,0.000181165,0.99971,7.28848e-07,0.999605,0.000392149,1.75676e-06
10622,0,12,1385.92,14,1441.1,3,1,0,1.50742,0.000198791,4.29447e-07,0.000330463,0.99947,1.31245e-06,0.999288,0.000707038,3.16398e-06
10623,0,12,1385.92,14,1441.1,3,1,0,1.50667,0.000358249,7.72974e-07,0.000595601,0.999045,2.33554e-06,0.998732,0.00125978,5.6314e-06
10624,0,12,1385.92,14,1441.1,3,1,9,1.50592,0.000637971,1.37483e-06,0.00106076,0.9983,4.10754e-06,0.997768,0.00221838,9.90571e-06
10625,0,12,1385.92,14,1441.1,3,1,0,1.50516,0.000249221,5.36413e-07,0.000414424,0.999336,1.58591e-06,0.999137,0.000857589,3.82525e-06
10626,0,12,1385.92,14,1441.1,3,1,0,1.50441,0.000447191,9.61332e-07,0.000743698,0.998808,2.81182e-06,0.998468,0.00152242,6.78336e-06
10627,0,12,1385.92,14,1441.1,3,1,9,1.50366,0.000792927,1.70247e-06,0.00131881,0.997887,4.92696e-06,0.997312,0.002671,1.18881e-05
10628,0,12,1385.92,14,1441.1,3,1,9,1.50291,0.000308299,6.61127e-07,0.000512819,0.999178,1.89461e-06,0.998965,0.0010284,4.57225e-06
10629,0,12,1385.92,14,1441.1,3,1,0,1.50215,0.000122013,2.61327e-07,0.000202975,0.999675,7.41557e-07,0.999594,0.000403025,1.78991e-06
10630,0,12,1385.92,14,1441.1,3,1,9,1.5014,0.000222187,4.75296e-07,0.000369658,0.999408,1.33552e-06,0.999269,0.000726752,3.22415e-06
10631,0,12,1385.92,14,1441.1,3,1,9,1.50065,8.84551e-05,1.88988e-07,0.000147179,0.999764,5.26013e-07,0.999712,0.000286602,1.2701e-06
10632,0,12,1385.92,14,1441.1,3,1,0,1.4999,3.58478e-05,7.64961e-08,5.96528e-05,0.999904,2.1093e-07,0.999884,0.000115071,5.09394e-07
10633,0,12,1385.92,14,1441.1,3,1,9,1.49915,6.69117e-05,1.42608e-07,0.000111356,0.999822,3.89619e-07,0.999786,0.000212822,9.41094e-07
10634,0,12,1385.92,14,1441.1,3,1,0,1.4984,2.72545e-05,5.80159e-08,4.53624e-05,0.999927,1.57085e-07,0.999914,8.59131e-05,3.79494e-07
10635,0,12,1385.92,14,1441.1,3,1,9,1.49765,5.11584e-05,1.08765e-07,8.51567e-05,0.999864,2.91901e-07,0.999839,0.000159848,7.05314e-07
10636,0,12,1385.92,14,1441.1,3,1,9,1.4969,2.09393e-05,4.44633e-08,3.48585e-05,0.999944,1.18302e-07,0.999935,6.48654e-05,2.85901e-07
10637,0,12,1385.92,14,1441.1,3,1,0,1.49616,8.72121e-06,1.84961e-08,1.452e-05,0.999977,4.87965e-08,0.999973,2.6789e-05,1.17947e-07
10638,0,12,1385.92,14,1441.1,3,1,0,1.49541,1.67488e-05,3.54776e-08,2.78881e-05,0.999955,9.28215e-08,0.999949,5.10228e-05,2.24401e-07
10639,0,12,1385.92,14,1441.1,3,1,9,1.49466,3.17547e-05,6.71804e-08,5.28794e-05,0.999915,1.74339e-07,0.999903,9.59532e-05,4.21549e-07
10640,0,12,1385.92,14,1441.1,3,1,0,1.49391,1.31088e-05,2.76989e-08,2.18316e-05,0.999965,7.13101e-08,0.99996,3.92974e-05,1.72457e-07
10641,0,12,1385.92,14,1441.1,3,1,9,1.49317,2.49788e-05,5.27152e-08,4.16043e-05,0.999933,1.34655e-07,0.999925,7.42993e-05,3.25709e-07
10642,0,12,1385.92,14,1441.1,3,1,0,1.49242,1.03561e-05,2.18286e-08,1.72508e-05,0.999972,5.53333e-08,0.999969,3.057e-05,1.33866e-07
10643,0,12,1385.92,14,1441.1,3,1,9,1.49167,1.98294e-05,4.17448e-08,3.30343e-05,0.999947,1.05026e-07,0.999942,5.80973e-05,2.54131e-07
10644,0,12,1385.92,14,1442.45,3,1,9,1.49093,8.2552e-06,1.73575e-08,1.3754e-05,0.999978,4.33496e-08,0.999976,2.401e-05,1.04911e-07
10645,0,12,1385.92,14,1440.36,3,1,13,1.49018,3.49608e-06,7.34183e-09,5.8254e-06,0.999991,1.82041e-08,0.99999,1.00954e-05,4.4064e-08
10646,0,12,1385.92,14,1440.36,3,1,9,1.48944,7.6831e-07,1.61148e-09,1.28034e-06,0.999998,3.96752e-09,0.999998,2.20305e-06,9.60528e-09
10647,0,12,1385.92,14,1440.36,3,1,0,1.48869,3.40892e-07,7.14116e-10,5.68134e-07,0.999999,1.74605e-09,0.999999,9.70753e-07,4.22788e-09
10648,0,12,1385.92,14,1440.36,3,1,9,1.48795,6.98689e-07,1.46184e-09,1.16456e-06,0.999998,3.55008e-09,0.999998,1.97624e-06,8.5977e-09
10649,0,12,1385.92,14,1439.56,3,1,13,1.4872,3.1045e-07,6.48741e-10,5.17504e-07,0.999999,1.56502e-09,0.999999,8.72314e-07,3.7909e-09
10650,0,12,1385.92,14,1439.56,3,1,0,1.48646,7.14754e-08,1.49177e-10,1.19158e-07,1,3.57536e-10,1,1.99536e-07,8.66198e-10
10651,0,12,1385.92,14,1439.56,3,1,9,1.48572,1.51137e-07,3.15049e-10,2.51989e-07,1,7.50279e-10,1,4.1925e-07,1.81801e-09
10652,0,12,1385.92,14,1438.92,3,1,13,1.48497,6.91769e-08,1.44023e-10,1.1535e-07,1,3.40847e-10,1,1.90704e-07,8.26059e-10
10653,0,12,1385.92,14,1438.92,3,1,9,1.48423,1.639e-08,3.40811e-11,2.73324e-08,1,8.01636e-11,1,4.49083e-08,1.94315e-10
10654,0,12,1385.92,14,1438.92,3,1,0,1.48349,7.83585e-09,1.62736e-11,1.30686e-08,1,3.80486e-11,1,2.13422e-08,9.22453e-11
10655,0,12,1385.92,14,1438.92,3,1,0,1.48275,1.73165e-08,3.59188e-11,2.88834e-08,1,8.34871e-11,1,4.68887e-08,2.02442e-10
10656,0,12,1385.92,14,1438.92,3,1,0,1.48201,3.76747e-08,7.80504e-11,6.28468e-08,1,1.80372e-10,1,1.0143e-07,4.37449e-10
10657,0,12,1385.92,14,1438.92,3,1,9,1.48127,8.0722e-08,1.67024e-10,1.3467e-07,1,3.83812e-10,1,2.16106e-07,9.3101e-10
10658,0,12,1385.92,14,1438.92,3,1,0,1.48052,3.736e-08,7.72073e-11,6.23346e-08,1,1.76438e-10,1,9.94697e-08,4.2806e-10
10659,0,12,1385.92,14,1438.92,3,1,0,1.47978,8.00745e-08,1.65275e-10,1.33617e-07,1,3.75651e-10,1,2.12048e-07,9.11539e-10
10660,0,12,1385.92,14,1438.92,3,1,0,1.47904,1.69068e-07,3.48529e-10,2.82145e-07,1,7.87964e-10,1,4.45355e-07,1.91238e-09
10661,0,12,1385.92,14,1438.92,3,1,0,1.47831,3.51753e-07,7.24232e-10,5.87075e-07,0.999999,1.62886e-09,0.999999,9.21794e-07,3.95391e-09
10662,0,12,1385.92,14,1438.92,3,1,0,1.47757,7.21356e-07,1.48338e-09,1.20406e-06,0.999998,3.31926e-09,0.999998,1.8808e-06,8.05865e-09
10663,0,12,1385.92,14,1438.92,3,1,9,1.47683,1.45855e-06,2.99561e-09,2.43481e-06,0.999996,6.66965e-09,0.999996,3.78403e-06,1.61957e-08
10664,0,12,1385.92,14,1438.92,3,1,0,1.47609,6.36611e-07,1.30587e-09,1.06283e-06,0.999998,2.89328e-09,0.999998,1.64359e-06,7.02694e-09
10665,0,12,1385.92,14,1438.92,3,1,0,1.47535,1.29061e-06,2.64413e-09,2.1549e-06,0.999997,5.83027e-09,0.999997,3.31621e-06,1.41625e-08
10666,0,12,1385.92,14,1438.92,3,1,0,1.47461,2.58031e-06,5.27987e-09,4.30873e-06,0.999993,1.15874e-08,0.999993,6.5992e-06,2.81524e-08
10667,0,12,1385.92,14,1438.92,3,1,9,1.47388,5.08892e-06,1.04001e-08,8.49861e-06,0.999986,2.27196e-08,0.999987,1.29556e-05,5.52088e-08
10668,0,12,1385.92,14,1438.92,3,1,0,1.47314,2.16498e-06,4.41905e-09,3.61593e-06,0.999994,9.61016e-09,0.999994,5.48704e-06,2.33568e-08
10669,0,12,1385.92,14,1438.92,3,1,9,1.4724,4.2854e-06,8.73632e-09,7.15818e-06,0.999989,1.89152e-08,0.999989,1.08136e-05,4.59802e-08
10670,0,12,1385.92,14,1438.92,3,1,0,1.47167,1.82854e-06,3.7231e-09,3.05465e-06,0.999995,8.0261e-09,0.999995,4.59425e-06,1.95138e-08
10671,0,12,1385.92,14,1438.92,3,1,9,1.47093,3.6322e-06,7.38637e-09,6.06836e-06,0.99999,1.58558e-08,0.999991,9.08761e-06,3.8557e-08
10672,0,12,1385.92,14,1438.92,3,1,0,1.47019,1.55423e-06,3.15674e-09,2.59694e-06,0.999996,6.74821e-09,0.999996,3.8726e-06,1.64127e-08
10673,0,12,1385.92,14,1438.92,3,1,0,1.46946,3.0978e-06,6.28401e-09,5.17658e-06,0.999992,1.33788e-08,0.999992,7.68748e-06,3.25453e-08
10674,0,12,1385.92,14,1438.92,3,1,9,1.46872,6.09106e-06,1.23407e-08,1.01795e-05,0.999984,2.61689e-08,0.999985,1.50558e-05,6.36698e-08
10675,0,12,1385.92,14,1440.99,3,1,9,1.46799,2.57815e-06,5.21692e-09,4.30911e-06,0.999993,1.10196e-08,0.999994,6.34796e-06,2.68157e-08
10676,0,12,1385.92,14,1440.99,3,1,0,1.46726,1.10974e-06,2.24278e-09,1.855e-06,0.999997,4.71926e-09,0.999997,2.72205e-06,1.14862e-08
10677,0,12,1385.92,14,1440.99,3,1,9,1.46652,2.22742e-06,4.49605e-09,3.72367e-06,0.999994,9.42514e-09,0.999995,5.4433e-06,2.29439e-08
10678,0,12,1385.92,14,1440.75,3,1,13,1.46579,9.61127e-07,1.93763e-09,1.60692e-06,0.999997,4.04698e-09,0.999998,2.34023e-06,9.85342e-09
10679,0,12,1385.92,14,1440.75,3,1,0,1.46506,2.14174e-07,4.31238e-10,3.58116e-07,0.999999,8.97457e-10,0.999999,5.19629e-07,2.18548e-09
10680,0,12,1385.92,14,1440.75,3,1,0,1.46432,4.44232e-07,8.93348e-10,7.42869e-07,0.999999,1.85262e-09,0.999999,1.07403e-06,4.51228e-09
10681,0,12,1385.92,14,1440.75,3,1,0,1.46359,9.08269e-07,1.82426e-09,1.51901e-06,0.999998,3.77008e-09,0.999998,2.18845e-06,9.18415e-09
10682,0,12,1385.92,14,1440.75,3,1,9,1.46286,1.83107e-06,3.67313e-09,3.06264e-06,0.999995,7.5654e-09,0.999996,4.39714e-06,1.84331e-08
10683,0,12,1385.92,14,1440.75,3,1,0,1.46213,7.92303e-07,1.58739e-09,1.32534e-06,0.999998,3.25866e-09,0.999998,1.8964e-06,7.94112e-09
10684,0,12,1385.92,14,1440.75,3,1,0,1.4614,1.60188e-06,3.20541e-09,2.67986e-06,0.999996,6.55886e-09,0.999996,3.82184e-06,1.59863e-08
10685,0,12,1385.92,14,1440.75,3,1,9,1.46067,3.19412e-06,6.38357e-09,5.34412e-06,0.999991,1.30205e-08,0.999992,7.59669e-06,3.17413e-08
10686,0,12,1385.92,14,1440.75,3,1,0,1.45994,1.36605e-06,2.72671e-09,2.28579e-06,0.999996,5.54434e-09,0.999997,3.23892e-06,1.35184e-08
10687,0,12,1385.92,14,1440.75,3,1,9,1.45921,2.73294e-06,5.44832e-09,4.57347e-06,0.999993,1.10446e-08,0.999994,6.4603e-06,2.6934e-08
10688,0,12,1385.92,14,1440.75,3,1,0,1.45848,1.17191e-06,2.33339e-09,1.96135e-06,0.999997,4.71601e-09,0.999997,2.76206e-06,1.15028e-08
10689,0,12,1385.92,14,1440.75,3,1,9,1.45775,2.35208e-06,4.6774e-09,3.93692e-06,0.999994,9.42585e-09,0.999994,5.52753e-06,2.29947e-08
10690,0,12,1385.92,14,1440.06,3,1,13,1.45702,1.01115e-06,2.0083e-09,1.69264e-06,0.999997,4.03551e-09,0.999998,2.36954e-06,9.84653e-09
10691,0,12,1385.92,14,1440.06,3,1,9,1.45629,2.24136e-07,4.44615e-10,3.75238e-07,0.999999,8.90911e-10,0.999999,5.23785e-07,2.17419e-09
10692,0,12,1385.92,14,1440.06,3,1,9,1.45556,1.00903e-07,1.99909e-10,1.68944e-07,1,3.99475e-10,1,2.35159e-07,9.75055e-10
10693,0,12,1385.92,14,1440.06,3,1,0,1.45483,4.61383e-08,9.12959e-11,7.72583e-08,1,1.81944e-10,1,1.07242e-07,4.44176e-10
10694,0,12,1385.92,14,1440.06,3,1,9,1.45411,9.87702e-08,1.95198e-10,1.65407e-07,1,3.87986e-10,1,2.28979e-07,9.4735e-10
10695,0,12,1385.92,14,1439.12,3,1,13,1.45338,4.51624e-08,8.91426e-11,7.56398e-08,1,1.76727e-10,1,1.04433e-07,4.31594e-10
10696,0,12,1385.92,14,1439.12,3,1,9,1.45265,1.06276e-08,2.09509e-11,1.78014e-08,1,4.14306e-11,1,2.45138e-08,1.01198e-10
10697,0,12,1385.92,14,1439.12,3,1,9,1.45193,5.07655e-09,9.99527e-12,8.50416e-09,1,1.97168e-11,1,1.1681e-08,4.81687e-11
10698,0,12,1385.92,14,1439.12,3,1,0,1.4512,2.46014e-09,4.83777e-12,4.12162e-09,1,9.51994e-12,1,5.6472e-09,2.32616e-11
10699,0,12,1385.92,14,1439.12,3,1,0,1.45048,5.58371e-09,1.09665e-11,9.35569e-09,1,2.1529e-11,1,1.27872e-08,5.26146e-11
10700,0,12,1385.92,14,1439.12,3,1,9,1.44975,1.24702e-08,2.44611e-11,2.08964e-08,1,4.79095e-11,1,2.84924e-08,1.17107e-10
10701,0,12,1385.92,14,1439.12,3,1,0,1.44903,5.93265e-09,1.16228e-11,9.94239e-09,1,2.27125e-11,1,1.35247e-08,5.55268e-11
10702,0,12,1385.92,14,1439.12,3,1,9,1.4483,1.32358e-08,2.58983e-11,2.2184e-08,1,5.0496e-11,1,3.01076e-08,1.23473e-10
10703,0,12,1385.92,14,1439.12,3,1,9,1.44758,6.2867e-09,1.22857e-11,1.05379e-08,1,2.39022e-11,1,1.42696e-08,5.84562e-11
10704,0,12,1385.92,14,1439.12,3,1,0,1.44685,3.02971e-09,5.91338e-12,5.079e-09,1,1.14801e-11,1,6.86235e-09,2.80812e-11
10705,0,12,1385.92,14,1439.12,3,1,0,1.44613,6.85165e-09,1.33564e-11,1.14873e-08,1,2.58754e-11,1,1.54871e-08,6.33046e-11
10706,0,12,1385.92,14,1439.12,3,1,0,1.44541,1.52478e-08,2.96865e-11,2.55667e-08,1,5.7394e-11,1,3.43959e-08,1.40441e-10
10707,0,12,1385.92,14,1439.12,3,1,9,1.44468,3.34024e-08,6.49511e-11,5.60131e-08,1,1.2532e-10,1,7.51999e-08,3.06709e-10
10708,0,12,1385.92,14,1439.12,3,1,0,1.44396,1.55599e-08,3.02186e-11,2.60954e-08,1,5.81909e-11,1,3.49628e-08,1.42442e-10
10709,0,12,1385.92,14,1439.12,3,1,0,1.44324,3.40783e-08,6.61e-11,5.71583e-08,1,1.27042e-10,1,7.64282e-08,3.11033e-10
10710,0,12,1385.92,14,1439.12,3,1,0,1.44252,7.34924e-08,1.42372e-10,1.23279e-07,1,2.73118e-10,1,1.64518e-07,6.68786e-10
10711,0,12,1385.92,14,1439.12,3,1,0,1.4418,1.56111e-07,3.02046e-10,2.61894e-07,1,5.78359e-10,1,3.48832e-07,1.41649e-09
10712,0,12,1385.92,14,1439.12,3,1,9,1.44108,3.26726e-07,6.31363e-10,5.48176e-07,0.999999,1.20675e-09,0.999999,7.28776e-07,2.95605e-09
10713,0,12,1385.92,14,1439.12,3,1,9,1.44036,1.45318e-07,2.80461e-10,2.43838e-07,1,5.3511e-10,1,3.23575e-07,1.31104e-09
10714,0,12,1385.92,14,1439.12,3,1,0,1.43964,6.5664e-08,1.26572e-10,1.10193e-07,1,2.41077e-10,1,1.45963e-07,5.90752e-10
10715,0,12,1385.92,14,1439.12,3,1,0,1.43892,1.39842e-07,2.69217e-10,2.34697e-07,1,5.11901e-10,1,3.10335e-07,1.25462e-09
10716,0,12,1385.92,14,1439.12,3,1,9,1.4382,2.93414e-07,5.64163e-10,4.9249e-07,0.999999,1.07094e-09,0.999999,6.50082e-07,2.62526e-09
10717,0,12,1385.92,14,1439.12,3,1,9,1.43748,1.30664e-07,2.50921e-10,2.1934e-07,1,4.75548e-10,1,2.89036e-07,1.16594e-09
10718,0,12,1385.92,14,1439.12,3,1,9,1.43676,5.91146e-08,1.13379e-10,9.92432e-08,1,2.14535e-10,1,1.30561e-07,5.26088e-10
10719,0,12,1385.92,14,1439.12,3,1,9,1.43604,2.71617e-08,5.20296e-11,4.56046e-08,1,9.82973e-11,1,5.98981e-08,2.4109e-10
10720,0,12,1385.92,14,1439.12,3,1,0,1.43532,1.26711e-08,2.42417e-11,2.12769e-08,1,4.5729e-11,1,2.7901e-08,1.12178e-10
10721,0,12,1385.92,14,1439.12,3,1,9,1.4346,2.78931e-08,5.32969e-11,4.68422e-08,1,1.00388e-10,1,6.13295e-08,2.46307e-10
10722,0,12,1385.92,14,1439.12,3,1,0,1.43389,1.29996e-08,2.4808e-11,2.18332e-08,1,4.66595e-11,1,2.85419e-08,1.14502e-10
10723,0,12,1385.92,14,1438.36,3,1,13,1.43317,2.86067e-08,5.45237e-11,4.80506e-08,1,1.02403e-10,1,6.27212e-08,2.51341e-10
10724,0,12,1385.92,14,1438.36,3,1,9,1.43245,6.72523e-09,1.28021e-11,1.12975e-08,1,2.40105e-11,1,1.47252e-08,5.89427e-11
10725,0,12,1385.92,14,1438.36,3,1,9,1.43174,3.22172e-09,6.12515e-12,5.41263e-09,1,1.14721e-11,1,7.04465e-09,2.81676e-11
10726,0,12,1385.92,14,1438.36,3,1,0,1.43102,1.56567e-09,2.97294e-12,2.63068e-09,1,5.56073e-12,1,3.41905e-09,1.36558e-11
10727,0,12,1385.92,14,1438.36,3,1,9,1.43031,3.59411e-09,6.81605e-12,6.03953e-09,1,1.27324e-11,1,7.83865e-09,3.12732e-11
10728,0,12,1385.92,14,1438.36,3,1,0,1.42959,1.7421e-09,3.29965e-12,2.92771e-09,1,6.15586e-12,1,3.79471e-09,1.51227e-11
10729,0,12,1385.92,14,1438.36,3,1,9,1.42888,3.99134e-09,7.55042e-12,6.70843e-09,1,1.40685e-11,1,8.6835e-09,3.45673e-11
10730,0,12,1385.92,14,1438.36,3,1,0,1.42816,1.92977e-09,3.64596e-12,3.24378e-09,1,6.78508e-12,1,4.19335e-09,1.66745e-11
10731,0,12,1385.92,14,1438.36,3,1,0,1.42745,4.41313e-09,8.32739e-12,7.41889e-09,1,1.54786e-11,1,9.57845e-09,3.80457e-11
10732,0,12,1385.92,14,1438.14,3,1,13,1.42673,9.92915e-09,1.87124e-11,1.66936e-08,1,3.47409e-11,1,2.1526e-08,8.54071e-11
10733,0,12,1385.92,14,1438.14,3,1,9,1.42602,2.37602e-09,4.47221e-12,3.99514e-09,1,8.29345e-12,1,5.14537e-09,2.03923e-11
10734,0,12,1385.92,14,1438.14,3,1,0,1.42531,1.15961e-09,2.17991e-12,1.95002e-09,1,4.03797e-12,1,2.50844e-09,9.93053e-12
10735,0,12,1385.92,14,1438.14,3,1,9,1.42459,2.67968e-09,5.03112e-12,4.50667e-09,1,9.3092e-12,1,5.79043e-09,2.28981e-11
10736,0,12,1385.92,14,1438.14,3,1,0,1.42388,1.30412e-09,2.44542e-12,2.19349e-09,1,4.51995e-12,1,2.81508e-09,1.11199e-11
10737,0,12,1385.92,14,1438.14,3,1,9,1.42317,3.00714e-09,5.63176e-12,5.05844e-09,1,1.03984e-11,1,6.48462e-09,2.55866e-11
10738,0,12,1385.92,14,1438.14,3,1,0,1.42246,1.4595e-09,2.72991e-12,2.45534e-09,1,5.03529e-12,1,3.14413e-09,1.23922e-11
10739,0,12,1385.92,14,1438.14,3,1,9,1.42175,3.35851e-09,6.27401e-12,5.65066e-09,1,1.15607e-11,1,7.22803e-09,2.84568e-11
10740,0,12,1385.92,14,1438.14,3,1,0,1.42104,1.62574e-09,3.03323e-12,2.73558e-09,1,5.58364e-12,1,3.49552e-09,1.37466e-11
10741,0,12,1385.92,14,1438.14,3,1,9,1.42033,3.73372e-09,6.95744e-12,6.28327e-09,1,1.27951e-11,1,8.02043e-09,3.15065e-11
10742,0,12,1385.92,14,1438.14,3,1,9,1.41962,1.80278e-09,3.3551e-12,3.03412e-09,1,6.1644e-12,1,3.86905e-09,1.51819e-11
10743,0,12,1385.92,14,1438.14,3,1,0,1.41891,8.82897e-10,1.64106e-12,1.48609e-09,1,3.01239e-12,1,1.89315e-09,7.42036e-12
10744,0,12,1385.92,14,1439.58,3,1,9,1.4182,2.05288e-09,3.81094e-12,3.45575e-09,1,6.98921e-12,1,4.39805e-09,1.72195e-11
10745,0,12,1385.92,14,1439.58,3,1,0,1.41749,1.00235e-09,1.85841e-12,1.6875e-09,1,3.4053e-12,1,2.1456e-09,8.39123e-12
10746,0,12,1385.92,14,1439.58,3,1,0,1.41678,2.32518e-09,4.30559e-12,3.91495e-09,1,7.88266e-12,1,4.97308e-09,1.94277e-11
10747,0,12,1385.92,14,1439.58,3,1,9,1.41607,5.3051e-09,9.81123e-12,8.93323e-09,1,1.79473e-11,1,1.13373e-08,4.4241e-11
10748,0,12,1385.92,14,1439.58,3,1,0,1.41536,2.54035e-09,4.6922e-12,4.27813e-09,1,8.5762e-12,1,5.4246e-09,2.11446e-11
10749,0,12,1385.92,14,1439.58,3,1,9,1.41465,5.78688e-09,1.06753e-11,9.74654e-09,1,1.94962e-11,1,1.23476e-08,4.80765e-11
10750,0,12,1385.92,14,1439.58,3,1,9,1.41395,2.76505e-09,5.0944e-12,4.65752e-09,1,9.29653e-12,1,5.89541e-09,2.29289e-11
10751,0,12,1385.92,14,1439.58,3,1,0,1.41324,1.34035e-09,2.46638e-12,2.25795e-09,1,4.49733e-12,1,2.85567e-09,1.10942e-11
10752,0,12,1385.92,14,1439.58,3,1,0,1.41253,3.093e-09,5.68428e-12,5.21101e-09,1,1.03572e-11,1,6.58505e-09,2.55542e-11
10753,0,12,1385.92,14,1439.58,3,1,0,1.41183,7.02082e-09,1.28865e-11,1.18297e-08,1,2.34632e-11,1,1.4937e-08,5.79007e-11
10754,0,12,1385.92,14,1439.58,3,1,0,1.41112,1.56813e-08,2.87464e-11,2.6425e-08,1,5.23026e-11,1,3.33395e-08,1.29092e-10
10755,0,12,1385.92,14,1439.58,3,1,0,1.41042,3.4475e-08,6.31186e-11,5.81008e-08,1,1.14761e-10,1,7.32471e-08,2.833e-10
10756,0,12,1385.92,14,1439.58,3,1,0,1.40971,7.46255e-08,1.36456e-10,1.2578e-07,1,2.47931e-10,1,1.58449e-07,6.12159e-10
10757,0,12,1385.92,14,1439.58,3,1,0,1.40901,1.59099e-07,2.90552e-10,2.68185e-07,1,5.27561e-10,1,3.37592e-07,1.30282e-09
10758,0,12,1385.92,14,1439.58,3,1,9,1.4083,3.34173e-07,6.09511e-10,5.63358e-07,0.999999,1.10598e-09,0.999999,7.08643e-07,2.73172e-09
10759,0,12,1385.92,14,1439.58,3,1,0,1.4076,1.47053e-07,2.67877e-10,2.47932e-07,1,4.85763e-10,1,3.1165e-07,1.20003e-09
10760,0,12,1385.92,14,1439.58,3,1,0,1.40689,3.09407e-07,5.62918e-10,5.21717e-07,0.999999,1.02015e-09,0.999999,6.55341e-07,2.52063e-09
10761,0,12,1385.92,14,1439.58,3,1,0,1.40619,6.41546e-07,1.16572e-09,1.08188e-06,0.999998,2.11129e-09,0.999999,1.35804e-06,5.21763e-09
10762,0,12,1385.92,14,1439.58,3,1,0,1.40549,1.31126e-06,2.37962e-09,2.21149e-06,0.999996,4.30729e-09,0.999997,2.77416e-06,1.06465e-08
10763,0,12,1385.92,14,1439.58,3,1,0,1.40478,2.64265e-06,4.78972e-09,4.45739e-06,0.999993,8.66473e-09,0.999994,5.58785e-06,2.14209e-08
10764,0,12,1385.92,14,1439.58,3,1,0,1.40408,5.25291e-06,9.50869e-09,8.86106e-06,0.999986,1.71918e-08,0.999989,1.11013e-05,4.25091e-08
10765,0,12,1385.92,14,1439.58,3,1,9,1.40338,1.03011e-05,1.86233e-08,1.73787e-05,0.999972,3.36526e-08,0.999978,2.17587e-05,8.32259e-08
10766,0,12,1385.92,14,1439.58,3,1,0,1.40268,4.22891e-06,7.63575e-09,7.13518e-06,0.999989,1.37904e-08,0.999991,8.92798e-06,3.41111e-08
10767,0,12,1385.92,14,1439.58,3,1,0,1.40198,8.33019e-06,1.50221e-08,1.40565e-05,0.999978,2.71161e-08,0.999982,1.75779e-05,6.70849e-08
10768,0,12,1385.92,14,1439.58,3,1,0,1.40128,1.61914e-05,2.91615e-08,2.73244e-05,0.999956,5.26122e-08,0.999966,3.41497e-05,1.30185e-07
10769,0,12,1385.92,14,1439.58,3,1,9,1.40057,3.10617e-05,5.58731e-08,5.2425e-05,0.999916,1.00755e-07,0.999934,6.5483e-05,2.49356e-07
10770,0,12,1385.92,14,1439.58,3,1,0,1.39987,1.24653e-05,2.23939e-08,2.10407e-05,0.999966,4.03623e-08,0.999974,2.62664e-05,9.991e-08
10771,0,12,1385.92,14,1439.58,3,1,0,1.39917,2.40421e-05,4.31371e-08,4.0586e-05,0.999935,7.77128e-08,0.999949,5.06385e-05,1.924e-07
10772,0,12,1385.92,14,1439.58,3,1,0,1.39848,4.5774e-05,8.20254e-08,7.72803e-05,0.999877,1.47704e-07,0.999903,9.63706e-05,3.6575e-07
10773,0,12,1385.92,14,1439.58,3,1,0,1.39778,8.60485e-05,1.54001e-07,0.000145291,0.999769,2.77192e-07,0.999818,0.00018109,6.86515e-07
10774,0,12,1385.92,14,1439.58,3,1,9,1.39708,0.000159748,2.8554e-07,0.000269759,0.99957,5.13748e-07,0.999662,0.000336069,1.27262e-06
10775,0,12,1385.92,14,1439.58,3,1,9,1.39638,6.20056e-05,1.10691e-07,0.000104717,0.999833,1.9906e-07,0.999869,0.000130384,4.93186e-07
10776,0,12,1385.92,14,1439.58,3,1,9,1.39568,2.45132e-05,4.37049e-08,4.14029e-05,0.999934,7.85615e-08,0.999948,5.15245e-05,1.94678e-07
10777,0,12,1385.92,14,1439.58,3,1,0,1.39498,9.86794e-06,1.75714e-08,1.66688e-05,0.999973,3.15722e-08,0.999979,2.07335e-05,7.8251e-08
10778,0,12,1385.92,14,1439.58,3,1,9,1.39428,1.91326e-05,3.40255e-08,3.23218e-05,0.999949,6.11126e-08,0.99996,4.01848e-05,1.51494e-07
10779,0,12,1385.92,14,1439.58,3,1,9,1.39359,7.7363e-06,1.37409e-08,1.30708e-05,0.999979,2.467e-08,0.999984,1.62429e-05,6.11661e-08
10780,0,12,1385.92,14,1439.58,3,1,9,1.39289,3.18402e-06,5.64816e-09,5.3801e-06,0.999991,1.01367e-08,0.999993,6.68273e-06,2.51372e-08
10781,0,12,1385.92,14,1439.58,3,1,9,1.39219,1.33338e-06,2.3623e-09,2.25327e-06,0.999996,4.23801e-09,0.999997,2.79759e-06,1.05114e-08
10782,0,12,1385.92,14,1439.58,3,1,0,1.3915,5.67963e-07,1.00496e-09,9.59898e-07,0.999998,1.80227e-09,0.999999,1.19126e-06,4.47094e-09
10783,1,12,1385.92,14,1439.58,3,1,9,1.3908,1.16579e-06,2.06016e-09,1.97048e-06,0.999997,3.69333e-09,0.999998,2.44438e-06,9.16381e-09
10784,1,12,1385.92,14,1439.58,2,1,0,1.39011,0.00139405,0.000549224,0.99689,0.00116624,0.000572923,0.997457,0.0015708,0.000399229
10785,1,12,1385.92,14,1439.58,2,1,9,1.38941,0.00235156,0.000926291,0.994755,0.00196721,0.000970151,0.995693,0.00266043,0.00067598
10786,1,12,1385.92,14,1439.58,2,1,0,1.38872,0.000832268,0.000327773,0.998144,0.000696212,0.00034431,0.998471,0.000944387,0.00023989
10787,1,12,1385.92,14,1439.58,2,1,0,1.38802,0.00141977,0.000559046,0.996834,0.00118763,0.000589443,0.997383,0.00161707,0.000410651
10788,1,12,1385.92,14,1439.58,2,1,0,1.38733,0.00239456,0.000942701,0.99466,0.00200297,0.000997739,0.995569,0.00273774,0.000695052
10789,1,12,1385.92,14,1439.58,2,1,0,1.38664,0.00399157,0.00157112,0.991099,0.00333869,0.00166944,0.992586,0.00458177,0.00116289
10790,1,12,1385.92,14,1439.58,2,1,0,1.38594,0.00657202,0.00258634,0.985345,0.00549687,0.00275983,0.987742,0.00757588,0.00192229
10791,1,12,1385.92,14,1439.58,2,1,0,1.38525,0.0106764,0.00420079,0.976193,0.0089295,0.00450367,0.979994,0.0123653,0.00313669
10792,1,12,1385.92,14,1439.58,2,1,9,1.38456,0.0170838,0.0067206,0.961908,0.0142879,0.00724425,0.967817,0.0198939,0.00504508
10793,1,12,1385.92,14,1439.58,2,1,0,1.38386,0.00592991,0.00233234,0.986778,0.00495928,0.00251174,0.98884,0.00689904,0.00174911
10794,1,12,1385.92,14,1439.58,2,1,0,1.38317,0.00966381,0.00380023,0.978454,0.00808171,0.00411023,0.981736,0.0112919,0.00286205
10795,1,12,1385.92,14,1439.58,2,2,0,1.38248,0.0155188,0.00610151,0.965402,0.0129776,0.00663189,0.970527,0.0182233,0.00461761
10796,1,12,1385.92,14,1439.58,2,1,0,1.38179,0.0244987,0.00963035,0.945385,0.0204864,0.00663515,0.971973,0.0167722,0.00461955
10797,1,12,1385.92,14,1439.58,2,1,0,1.3811,0.0378898,0.0148916,0.915535,0.0316833,0.0105445,0.955455,0.0266592,0.00734081
10798,1,12,1385.92,14,1439.58,2,1,0,1.38041,0.0571465,0.0224557,0.872614,0.047784,0.0164461,0.930518,0.0415875,0.0114485
10799,1,12,1385.92,14,1439.58,1,1,0,1.37972,0.0835701,0.0328327,0.813721,0.069876,0.0250731,0.89406,0.0634146,0.0174527
10800,1,12,1385.92,14,1439.58,2,1,9,1.37903,0.0838522,0.0291987,0.81684,0.0701093,0.0371706,0.842929,0.0940289,0.0258716
10801,1,12,1385.92,14,1439.58,2,1,0,1.37834,0.0312033,0.0108632,0.931845,0.0260884,0.0135923,0.942558,0.0343902,0.00945984
10802,1,12,1385.92,14,1439.58,2,1,0,1.37765,0.0476841,0.0165974,0.895852,0.0398661,0.0209451,0.911475,0.0530036,0.0145762
10803,1,12,1385.92,14,1439.58,2,1,0,1.37696,0.0708663,0.0246612,0.845227,0.0592453,0.0314592,0.867024,0.0796254,0.0218916
10804,1,12,1385.92,14,1439.58,2,1,0,1.37627,0.101795,0.0354168,0.777689,0.0850993,0.0457897,0.806431,0.115918,0.0318614
10805,1,12,1385.92,14,1439.58,3,1,0,1.37558,0.140443,0.048853,0.6933,0.117404,0.0641792,0.728665,0.162502,0.0446539
10806,1,12,1385.92,14,1439.58,2,0,0,1.3749,0.144168,0.0501382,0.711916,0.093778,0.0861265,0.63584,0.218114,0.0599199
10807,1,12,1385.92,14,1439.58,0,2,0,1.37421,0.191713,0.0666592,0.616933,0.124694,0.0701363,0.647019,0.221901,0.0609445
10808,0,12,1385.92,14,1438.43,3,1,13,1.37352,0.149032,0.070154,0.649566,0.131248,0.0745895,0.688406,0.172192,0.0648123
10809,0,12,1385.92,14,1438.43,3,1,0,1.37283,9.59736e-07,1.64089e-09,1.62664e-06,0.999997,2.90116e-09,0.999998,1.98623e-06,7.23248e-09
10810,0,12,1385.92,14,1438.43,3,1,0,1.37215,1.95417e-06,3.33683e-09,3.31243e-06,0.999995,5.89962e-09,0.999996,4.04436e-06,1.47102e-08
10811,0,12,1385.92,14,1438.43,3,1,0,1.37146,3.92367e-06,6.69131e-09,6.65155e-06,0.999989,1.18304e-08,0.999992,8.12066e-06,2.95035e-08
10812,0,12,1385.92,14,1438.43,3,1,9,1.37078,7.77075e-06,1.32351e-08,1.31747e-05,0.999979,2.34e-08,0.999984,1.60833e-05,5.83673e-08
10813,0,12,1385.92,14,1438.43,3,1,0,1.37009,3.17427e-06,5.39953e-09,5.38228e-06,0.999991,9.54642e-09,0.999993,6.57005e-06,2.38163e-08
10814,0,12,1385.92,14,1438.43,3,1,9,1.36941,6.31415e-06,1.07269e-08,1.07074e-05,0.999983,1.89652e-08,0.999987,1.30693e-05,4.73229e-08
10815,0,12,1385.92,14,1438.43,3,1,9,1.36872,2.58871e-06,4.39226e-09,4.39034e-06,0.999993,7.76558e-09,0.999995,5.35842e-06,1.93805e-08
10816,0,12,1385.92,14,1438.43,3,1,0,1.36804,1.07999e-06,1.83008e-09,1.83182e-06,0.999997,3.23563e-09,0.999998,2.23558e-06,8.07663e-09
10817,0,12,1385.92,14,1438.43,3,1,9,1.36735,2.19524e-06,3.71515e-09,3.72381e-06,0.999994,6.56852e-09,0.999995,4.5443e-06,1.63991e-08
10818,0,12,1385.92,14,1438.43,3,1,0,1.36667,9.18417e-07,1.55232e-09,1.55809e-06,0.999998,2.74458e-09,0.999998,1.90127e-06,6.85341e-09
10819,0,12,1385.92,14,1438.43,3,1,0,1.36599,1.87314e-06,3.16196e-09,3.1781e-06,0.999995,5.59057e-09,0.999996,3.87786e-06,1.39626e-08
10820,0,12,1385.92,14,1438.43,3,1,0,1.3653,3.7671e-06,6.35094e-09,6.3922e-06,0.99999,1.12291e-08,0.999992,7.79917e-06,2.80501e-08
10821,0,12,1385.92,14,1438.43,3,1,0,1.36462,7.47257e-06,1.25819e-08,1.26812e-05,0.99998,2.22465e-08,0.999984,1.54715e-05,5.55815e-08
10822,0,12,1385.92,14,1439.58,3,1,9,1.36394,1.46243e-05,2.45922e-08,2.48206e-05,0.999961,4.34832e-08,0.99997,3.02805e-05,1.0866e-07
10823,0,12,1385.92,14,1439.58,3,1,0,1.36326,5.8863e-06,9.88575e-09,9.99135e-06,0.999984,1.74799e-08,0.999988,1.21885e-05,4.36885e-08
10824,0,12,1385.92,14,1439.58,3,1,0,1.36257,1.15765e-05,1.94174e-08,1.9652e-05,0.999969,3.43345e-08,0.999976,2.39723e-05,8.583e-08
10825,0,12,1385.92,14,1440.38,3,1,9,1.36189,2.24662e-05,3.76345e-08,3.8142e-05,0.999939,6.65487e-08,0.999953,4.65251e-05,1.6639e-07
10826,0,12,1385.92,14,1440.38,3,1,0,1.36121,8.96012e-06,1.49905e-08,1.52137e-05,0.999976,2.65079e-08,0.999981,1.85563e-05,6.62892e-08
10827,0,12,1385.92,14,1440.38,3,1,9,1.36053,1.74802e-05,2.92074e-08,2.96834e-05,0.999953,5.16497e-08,0.999964,3.62037e-05,1.29186e-07
10828,0,12,1385.92,14,1440.38,3,1,9,1.35985,7.00309e-06,1.16864e-08,1.18933e-05,0.999981,2.06664e-08,0.999985,1.4505e-05,5.17e-08
10829,0,12,1385.92,14,1440.38,3,1,0,1.35917,2.85624e-06,4.76025e-09,4.85123e-06,0.999992,8.41831e-09,0.999994,5.91629e-06,2.10635e-08
10830,0,12,1385.92,14,1440.38,3,1,0,1.35849,5.7014e-06,9.48989e-09,9.68468e-06,0.999985,1.67831e-08,0.999988,1.18104e-05,4.20007e-08
10831,0,12,1385.92,14,1440.38,3,1,0,1.35781,1.12269e-05,1.8663e-08,1.90726e-05,0.99997,3.30072e-08,0.999977,2.3258e-05,8.26179e-08
10832,0,12,1385.92,14,1440.38,3,1,9,1.35713,2.18143e-05,3.62166e-08,3.70627e-05,0.999941,6.40549e-08,0.999955,4.51945e-05,1.60361e-07
10833,0,12,1385.92,14,1440.38,3,1,0,1.35646,8.6914e-06,1.44112e-08,1.47683e-05,0.999977,2.54893e-08,0.999982,1.80078e-05,6.38238e-08
10834,0,12,1385.92,14,1437.36,3,1,13,1.35578,1.69766e-05,2.8113e-08,2.88496e-05,0.999954,4.97258e-08,0.999965,3.51767e-05,1.24534e-07
10835,0,12,1385.92,14,1437.36,3,1,0,1.3551,3.37841e-06,5.58742e-09,5.74178e-06,0.999991,9.88326e-09,0.999993,7.00073e-06,2.47562e-08
10836,0,12,1385.92,14,1437.36,3,1,9,1.35442,6.72487e-06,1.11078e-08,1.14305e-05,0.999982,1.96487e-08,0.999986,1.39363e-05,4.92264e-08
10837,0,12,1385.92,14,1437.36,3,1,0,1.35374,2.73999e-06,4.51997e-09,4.65775e-06,0.999993,7.99577e-09,0.999994,5.67863e-06,2.00357e-08
10838,0,12,1385.92,14,1437.36,3,1,9,1.35307,5.47772e-06,9.02462e-09,9.31262e-06,0.999985,1.59652e-08,0.999989,1.13534e-05,4.00127e-08
10839,0,12,1385.92,14,1437.36,3,1,9,1.35239,2.23992e-06,3.68557e-09,3.80846e-06,0.999994,6.5203e-09,0.999995,4.64293e-06,1.63445e-08
10840,0,12,1385.92,14,1437.36,3,1,0,1.35171,9.32082e-07,1.53169e-09,1.58496e-06,0.999997,2.7099e-09,0.999998,1.93218e-06,6.79417e-09
10841,0,12,1385.92,14,1437.36,3,1,0,1.35104,1.90412e-06,3.12502e-09,3.23821e-06,0.999995,5.52914e-09,0.999996,3.94751e-06,1.3865e-08
10842,0,12,1385.92,14,1437.36,3,1,9,1.35036,3.83555e-06,6.2868e-09,6.52356e-06,0.99999,1.11239e-08,0.999992,7.9523e-06,2.78997e-08
10843,0,12,1385.92,14,1437.36,3,1,0,1.34969,1.57808e-06,2.5833e-09,2.68431e-06,0.999996,4.57112e-09,0.999997,3.27212e-06,1.14669e-08
10844,0,12,1385.92,14,1437.36,3,1,0,1.34901,3.19121e-06,5.21726e-09,5.42881e-06,0.999991,9.23238e-09,0.999993,6.61747e-06,2.31642e-08
10845,0,12,1385.92,14,1437.36,3,1,0,1.34834,6.36445e-06,1.03918e-08,1.08282e-05,0.999983,1.83902e-08,0.999987,1.31988e-05,4.61497e-08
10846,0,12,1385.92,14,1437.36,3,1,0,1.34766,1.25217e-05,2.04191e-08,2.13061e-05,0.999966,3.61373e-08,0.999974,2.59703e-05,9.07024e-08
10847,0,12,1385.92,14,1437.36,3,1,9,1.34699,2.43096e-05,3.95906e-08,4.1368e-05,0.999934,7.00712e-08,0.999949,5.04233e-05,1.75907e-07
10848,0,12,1385.92,14,1437.36,3,1,9,1.34632,9.63203e-06,1.56666e-08,1.63927e-05,0.999974,2.77296e-08,0.99998,1.99805e-05,6.96251e-08
10849,0,12,1385.92,14,1437.36,3,1,9,1.34564,3.88609e-06,6.31264e-09,6.61443e-06,0.999989,1.11739e-08,0.999992,8.06192e-06,2.80612e-08
10850,0,12,1385.92,14,1437.36,3,1,9,1.34497,1.59592e-06,2.58912e-09,2.71667e-06,0.999996,4.5832e-09,0.999997,3.31113e-06,1.1512e-08
10851,0,12,1385.92,14,1437.36,3,1,0,1.3443,6.66904e-07,1.08055e-09,1.13537e-06,0.999998,1.91289e-09,0.999999,1.38378e-06,4.80564e-09
10852,0,12,1385.92,14,1437.36,3,1,0,1.34363,1.37279e-06,2.22141e-09,2.33734e-06,0.999996,3.93276e-09,0.999997,2.84872e-06,9.88191e-09
10853,0,12,1385.92,14,1437.36,3,1,9,1.34295,2.78594e-06,4.50234e-09,4.74392e-06,0.999992,7.97142e-09,0.999994,5.78174e-06,2.00336e-08
10854,0,12,1385.92,14,1437.36,3,1,9,1.34228,1.15063e-06,1.85714e-09,1.95951e-06,0.999997,3.28828e-09,0.999998,2.38817e-06,8.26556e-09
10855,0,12,1385.92,14,1432.13,3,1,13,1.34161,4.83513e-07,7.79395e-10,8.23503e-07,0.999999,1.3801e-09,0.999999,1.00364e-06,3.4697e-09
10856,0,12,1385.92,14,1427.22,3,1,13,1.34094,1.0245e-07,1.64931e-10,1.74507e-07,1,2.92066e-10,1,2.12678e-07,7.3442e-10
10857,0,12,1385.92,14,1427.22,3,1,0,1.34027,2.23769e-08,3.59775e-11,3.81196e-08,1,6.37147e-11,1,4.64572e-08,1.60244e-10
10858,0,12,1385.92,14,1427.22,3,1,0,1.3396,4.92908e-08,7.91479e-11,8.39773e-08,1,1.40177e-10,1,1.02344e-07,3.52615e-10
10859,0,12,1385.92,14,1427.22,3,1,0,1.33893,1.069e-07,1.71433e-10,1.82147e-07,1,3.03642e-10,1,2.21983e-07,7.6395e-10
10860,0,12,1385.92,14,1427.22,3,1,9,1.33826,2.28335e-07,3.65702e-10,3.891e-07,0.999999,6.47777e-10,1,4.74195e-07,1.63008e-09
10861,0,12,1385.92,14,1427.22,3,1,9,1.33759,9.8937e-08,1.58254e-10,1.68614e-07,1,2.80339e-10,1,2.05488e-07,7.05581e-10
10862,0,12,1385.92,14,1427.22,3,1,9,1.33692,4.35752e-08,6.96106e-11,7.42712e-08,1,1.2332e-10,1,9.05132e-08,3.10441e-10
10863,0,12,1385.92,14,1427.22,3,1,0,1.33626,1.95017e-08,3.11136e-11,3.3243e-08,1,5.51239e-11,1,4.05127e-08,1.38792e-10
10864,0,12,1385.92,14,1427.22,3,1,9,1.33559,4.30976e-08,6.86705e-11,7.34728e-08,1,1.21672e-10,1,8.95398e-08,3.06405e-10
10865,0,12,1385.92,14,1427.22,3,1,0,1.33492,1.92834e-08,3.06861e-11,3.28779e-08,1,5.43745e-11,1,4.00675e-08,1.36956e-10
10866,0,12,1385.92,14,1427.22,3,1,0,1.33425,4.26321e-08,6.7754e-11,7.26948e-08,1,1.20066e-10,1,8.85915e-08,3.02472e-10
10867,0,12,1385.92,14,1427.02,3,1,13,1.33358,9.27908e-08,1.4728e-10,1.58241e-07,1,2.61013e-10,1,1.92844e-07,6.57669e-10
10868,0,12,1385.92,14,1427.02,3,1,0,1.33292,2.02248e-08,3.206e-11,3.4494e-08,1,5.68218e-11,1,4.20372e-08,1.43199e-10
10869,0,12,1385.92,14,1427.02,3,1,0,1.33225,4.46831e-08,7.07394e-11,7.62165e-08,1,1.25385e-10,1,9.28836e-08,3.16048e-10
10870,0,12,1385.92,14,1427.02,3,1,0,1.33159,9.71902e-08,1.53667e-10,1.65796e-07,1,2.72395e-10,1,2.02053e-07,6.86729e-10
10871,0,12,1385.92,14,1427.02,3,1,0,1.33092,2.08189e-07,3.28741e-10,3.55186e-07,0.999999,5.82783e-10,1,4.3286e-07,1.46951e-09
10872,0,12,1385.92,14,1427.02,3,1,9,1.33025,4.39316e-07,6.92811e-10,7.49587e-07,0.999999,1.22829e-09,0.999999,9.13517e-07,3.09776e-09
10873,0,12,1385.92,14,1427.02,3,1,0,1.32959,1.8739e-07,2.95137e-10,3.1977e-07,0.999999,5.23293e-10,1,3.89703e-07,1.31999e-09
10874,0,12,1385.92,14,1427.02,3,1,0,1.32892,3.96323e-07,6.23398e-10,6.76374e-07,0.999999,1.10541e-09,0.999999,8.24301e-07,2.78888e-09
10875,0,12,1385.92,14,1427.02,3,1,0,1.32826,8.25938e-07,1.29749e-09,1.40972e-06,0.999998,2.30088e-09,0.999998,1.71804e-06,5.80608e-09
10876,0,12,1385.92,14,1427.02,3,1,0,1.3276,1.69656e-06,2.66172e-09,2.896e-06,0.999995,4.72053e-09,0.999996,3.52943e-06,1.1914e-08
10877,0,12,1385.92,14,1427.02,3,1,9,1.32693,3.43586e-06,5.38356e-09,5.86561e-06,0.999991,9.54846e-09,0.999993,7.14861e-06,2.41036e-08
10878,0,12,1385.92,14,1427.02,3,1,0,1.32627,1.40547e-06,2.19934e-09,2.39963e-06,0.999996,3.90115e-09,0.999997,2.92453e-06,9.84967e-09
10879,0,12,1385.92,14,1427.02,3,1,9,1.32561,2.85749e-06,4.46576e-09,4.87926e-06,0.999992,7.92194e-09,0.999994,5.94661e-06,2.00051e-08
10880,0,12,1385.92,14,1427.02,3,1,0,1.32494,1.17261e-06,1.83023e-09,2.0025e-06,0.999997,3.24696e-09,0.999998,2.44057e-06,8.20101e-09
10881,0,12,1385.92,14,1427.02,3,1,9,1.32428,2.39306e-06,3.73029e-09,4.08711e-06,0.999994,6.61838e-09,0.999995,4.98127e-06,1.67195e-08
10882,0,12,1385.92,14,1427.02,3,1,0,1.32362,9.85034e-07,1.53348e-09,1.68252e-06,0.999997,2.72097e-09,0.999998,2.05064e-06,6.87505e-09
10883,0,12,1385.92,14,1427.02,3,1,0,1.32296,2.01756e-06,3.13683e-09,3.44653e-06,0.999995,5.56641e-09,0.999996,4.20064e-06,1.40672e-08
10884,0,12,1385.92,14,1427.02,3,1,0,1.32229,4.07448e-06,6.32667e-09,6.96105e-06,0.999989,1.12279e-08,0.999991,8.48424e-06,2.83798e-08
10885,0,12,1385.92,14,1427.02,3,1,0,1.32163,8.11538e-06,1.25849e-08,1.38662e-05,0.999978,2.23363e-08,0.999983,1.69006e-05,5.64683e-08
10886,0,12,1385.92,14,1427.02,3,1,0,1.32097,1.59461e-05,2.46964e-08,2.72489e-05,0.999957,4.38364e-08,0.999967,3.32125e-05,1.10843e-07
10887,0,12,1385.92,14,1427.5,3,1,9,1.32031,3.09185e-05,4.78229e-08,5.28398e-05,0.999916,8.48946e-08,0.999935,6.44055e-05,2.14701e-07
10888,0,12,1385.92,14,1427.5,3,1,0,1.31965,1.20818e-05,1.86632e-08,2.065e-05,0.999967,3.31333e-08,0.999975,2.517e-05,8.38107e-08
10889,0,12,1385.92,14,1428.51,3,1,9,1.31899,2.35595e-05,3.63461e-08,4.02718e-05,0.999936,6.45324e-08,0.999951,4.90878e-05,1.63265e-07
10890,0,12,1385.92,14,1428.51,3,1,9,1.31833,9.25151e-06,1.42542e-08,1.58159e-05,0.999975,2.53103e-08,0.999981,1.92783e-05,6.40462e-08
10891,0,12,1385.92,14,1427.5,3,1,13,1.31767,3.6999e-06,5.69321e-09,6.32584e-06,0.99999,1.011e-08,0.999992,7.71078e-06,2.55874e-08
10892,0,12,1385.92,14,1427.5,3,1,0,1.31701,7.43051e-07,1.14189e-09,1.27056e-06,0.999998,2.02794e-09,0.999998,1.54875e-06,5.13349e-09
10893,0,12,1385.92,14,1427.5,3,1,9,1.31636,1.53181e-06,2.35097e-09,2.61954e-06,0.999996,4.17559e-09,0.999997,3.19315e-06,1.0572e-08
10894,0,12,1385.92,14,1427.5,3,1,0,1.3157,6.34372e-07,9.72352e-10,1.08496e-06,0.999998,1.72717e-09,0.999999,1.32255e-06,4.37374e-09
10895,0,12,1385.92,14,1427.5,3,1,9,1.31504,1.3121e-06,2.00855e-09,2.2443e-06,0.999996,3.56808e-09,0.999997,2.73583e-06,9.0372e-09
10896,0,12,1385.92,14,1426.52,3,1,13,1.31438,5.44802e-07,8.32898e-10,9.31966e-07,0.999999,1.47973e-09,0.999999,1.1361e-06,3.74855e-09
10897,0,12,1385.92,14,1426.52,3,1,0,1.31373,1.13432e-07,1.73191e-10,1.94064e-07,1,3.07722e-10,1,2.36574e-07,7.79684e-10
10898,0,12,1385.92,14,1426.52,3,1,0,1.31307,2.42818e-07,3.7026e-10,4.15466e-07,0.999999,6.57931e-10,0.999999,5.06485e-07,1.66733e-09
10899,0,12,1385.92,14,1426.52,3,1,9,1.31241,5.12056e-07,7.79795e-10,8.76231e-07,0.999999,1.38578e-09,0.999999,1.06821e-06,3.5125e-09
10900,0,12,1385.92,14,1426.52,3,1,9,1.31176,2.16413e-07,3.29141e-10,3.70366e-07,0.999999,5.84976e-10,1,4.51522e-07,1.483e-09
10901,0,12,1385.92,14,1426.52,3,1,0,1.3111,9.30157e-08,1.41284e-10,1.59203e-07,1,2.51124e-10,1,1.94092e-07,6.36755e-10
10902,0,12,1385.92,14,1426.52,3,1,0,1.31044,1.99969e-07,3.03343e-10,3.42297e-07,0.999999,5.39227e-10,1,4.1732e-07,1.36753e-09
10903,0,12,1385.92,14,1426.52,3,1,9,1.30979,4.23471e-07,6.41551e-10,7.24956e-07,0.999999,1.14054e-09,0.999999,8.83865e-07,2.89305e-09
10904,0,12,1385.92,14,1426.52,3,1,0,1.30913,1.79483e-07,2.71561e-10,3.07297e-07,1,4.82824e-10,1,3.74664e-07,1.22494e-09
10905,0,12,1385.92,14,1426.52,3,1,0,1.30848,3.80971e-07,5.75667e-10,6.52339e-07,0.999999,1.02361e-09,0.999999,7.95364e-07,2.59742e-09
10906,0,12,1385.92,14,1426.52,3,1,0,1.30783,7.96755e-07,1.20238e-09,1.36444e-06,0.999998,2.13819e-09,0.999998,1.66363e-06,5.42669e-09
10907,0,12,1385.92,14,1426.52,3,1,0,1.30717,1.64229e-06,2.47515e-09,2.81271e-06,0.999996,4.402e-09,0.999997,3.42955e-06,1.11743e-08
10908,0,12,1385.92,14,1426.52,3,1,9,1.30652,3.33728e-06,5.02319e-09,5.7163e-06,0.999991,8.93452e-09,0.999993,6.97007e-06,2.26841e-08
10909,0,12,1385.92,14,1426.52,3,1,0,1.30586,1.35625e-06,2.03874e-09,2.32332e-06,0.999996,3.62657e-09,0.999997,2.83296e-06,9.20931e-09
10910,0,12,1385.92,14,1426.52,3,1,0,1.30521,2.76698e-06,4.15397e-09,4.74047e-06,0.999992,7.38993e-09,0.999994,5.78048e-06,1.87695e-08
10911,0,12,1385.92,14,1426.52,3,1,9,1.30456,5.56643e-06,8.34583e-09,9.53759e-06,0.999985,1.48487e-08,0.999988,1.16303e-05,3.7721e-08
10912,0,12,1385.92,14,1426.52,3,1,0,1.30391,2.23782e-06,3.35084e-09,3.83473e-06,0.999994,5.96233e-09,0.999995,4.67624e-06,1.51492e-08
10913,0,12,1385.92,14,1426.52,3,1,9,1.30325,4.52168e-06,6.7618e-09,7.74917e-06,0.999988,1.20329e-08,0.999991,9.44993e-06,3.0579e-08
10914,0,12,1385.92,14,1426.52,3,1,9,1.3026,1.82447e-06,2.72479e-09,3.12707e-06,0.999995,4.84934e-09,0.999996,3.81348e-06,1.23259e-08
10915,0,12,1385.92,14,1426.52,3,1,9,1.30195,7.49335e-07,1.11766e-09,1.28447e-06,0.999998,1.9893e-09,0.999998,1.56646e-06,5.05729e-09
10916,0,12,1385.92,14,1426.52,3,1,0,1.3013,3.13162e-07,4.66483e-10,5.36865e-07,0.999999,8.3037e-10,0.999999,6.5474e-07,2.1114e-09
10917,0,12,1385.92,14,1426.52,3,1,9,1.30065,6.58133e-07,9.79073e-10,1.12838e-06,0.999998,1.74299e-09,0.999999,1.37617e-06,4.43276e-09
10918,0,12,1385.92,14,1426.52,3,1,0,1.3,2.75628e-07,4.09504e-10,4.7262e-07,0.999999,7.29092e-10,0.999999,5.7642e-07,1.85457e-09
10919,0,12,1385.92,14,1426.52,3,1,0,1.29935,5.80822e-07,8.61813e-10,9.96047e-07,0.999998,1.53455e-09,0.999999,1.21484e-06,3.90411e-09
10920,0,12,1385.92,14,1426.52,3,1,0,1.2987,1.20612e-06,1.78729e-09,2.06859e-06,0.999997,3.18279e-09,0.999997,2.52304e-06,8.09898e-09
10921,0,12,1385.92,14,1426.52,3,1,9,1.29805,2.46884e-06,3.65368e-09,4.2347e-06,0.999993,6.5071e-09,0.999995,5.16516e-06,1.65612e-08
10922,0,12,1385.92,14,1426.52,3,1,0,1.2974,1.00631e-06,1.48732e-09,1.72627e-06,0.999997,2.64914e-09,0.999998,2.10562e-06,6.74356e-09
10923,0,12,1385.92,14,1426.52,3,1,9,1.29675,2.06761e-06,3.05193e-09,3.54725e-06,0.999994,5.43651e-09,0.999996,4.32689e-06,1.38416e-08
10924,0,12,1385.92,14,1426.52,3,1,0,1.2961,8.45339e-07,1.24615e-09,1.45045e-06,0.999998,2.22004e-09,0.999998,1.76928e-06,5.65338e-09
10925,0,12,1385.92,14,1426.52,3,1,0,1.29546,1.74319e-06,2.56636e-09,2.99132e-06,0.999995,4.5725e-09,0.999996,3.64897e-06,1.16461e-08
10926,0,12,1385.92,14,1426.52,3,1,9,1.29481,3.54382e-06,5.21049e-09,6.08186e-06,0.99999,9.28452e-09,0.999993,7.4192e-06,2.36521e-08
10927,0,12,1385.92,14,1426.52,3,1,0,1.29416,1.43252e-06,2.10349e-09,2.45874e-06,0.999996,3.74858e-09,0.999997,2.99947e-06,9.55119e-09
10928,0,12,1385.92,14,1426.52,3,1,9,1.29351,2.92411e-06,4.28813e-09,5.01941e-06,0.999992,7.64256e-09,0.999994,6.12347e-06,1.94765e-08
10929,0,12,1385.92,14,1426.52,3,1,0,1.29287,1.18598e-06,1.73693e-09,2.03602e-06,0.999997,3.09598e-09,0.999998,2.48392e-06,7.89135e-09
10930,0,12,1385.92,14,1426.52,3,1,0,1.29222,2.43036e-06,3.55477e-09,4.17276e-06,0.999993,6.33684e-09,0.999995,5.09088e-06,1.6155e-08
10931,0,12,1385.92,14,1426.52,3,1,9,1.29158,4.91059e-06,7.17309e-09,8.43204e-06,0.999987,1.27883e-08,0.99999,1.02876e-05,3.26084e-08
10932,0,12,1385.92,14,1426.52,3,1,0,1.29093,1.96996e-06,2.87384e-09,3.38301e-06,0.999995,5.12406e-09,0.999996,4.1276e-06,1.30681e-08
10933,0,12,1385.92,14,1426.52,3,1,0,1.29028,3.99764e-06,5.82427e-09,6.86589e-06,0.999989,1.03858e-08,0.999992,8.37731e-06,2.64922e-08
10934,0,12,1385.92,14,1426.52,3,1,0,1.28964,8.00018e-06,1.16405e-08,1.37417e-05,0.999978,2.07595e-08,0.999983,1.67672e-05,5.29634e-08
10935,0,12,1385.92,14,1426.52,3,1,9,1.28899,1.5793e-05,2.29492e-08,2.71301e-05,0.999957,4.09318e-08,0.999967,3.31046e-05,1.04448e-07
10936,0,12,1385.92,14,1426.52,3,1,9,1.28835,6.18509e-06,8.97597e-09,1.06263e-05,0.999983,1.6011e-08,0.999987,1.29666e-05,4.0864e-08
10937,0,12,1385.92,14,1426.52,3,1,9,1.28771,2.46708e-06,3.57562e-09,4.23901e-06,0.999993,6.37871e-09,0.999995,5.17278e-06,1.62831e-08
10938,0,12,1385.92,14,1426.52,3,1,0,1.28706,1.0019e-06,1.45018e-09,1.72168e-06,0.999997,2.58732e-09,0.999998,2.10099e-06,6.60596e-09
10939,0,12,1385.92,14,1426.52,3,1,0,1.28642,2.06167e-06,2.98024e-09,3.54319e-06,0.999994,5.31772e-09,0.999996,4.32394e-06,1.35798e-08
10940,0,12,1385.92,14,1426.52,3,1,0,1.28577,4.1826e-06,6.03824e-09,7.18901e-06,0.999989,1.07754e-08,0.999991,8.77341e-06,2.7522e-08
10941,0,12,1385.92,14,1426.52,3,1,0,1.28513,8.36809e-06,1.20649e-08,1.43845e-05,0.999977,2.15323e-08,0.999982,1.75554e-05,5.50073e-08
10942,0,12,1385.92,14,1426.52,3,1,0,1.28449,1.65149e-05,2.37795e-08,2.83918e-05,0.999955,4.24444e-08,0.999965,3.46515e-05,1.0845e-07
10943,0,12,1385.92,14,1426.52,3,1,9,1.28385,3.21594e-05,4.62452e-08,5.52932e-05,0.999913,8.25533e-08,0.999932,6.74868e-05,2.10973e-07
10944,0,12,1385.92,14,1426.52,3,1,0,1.28321,1.2396e-05,1.78021e-08,2.13153e-05,0.999966,3.1782e-08,0.999974,2.60164e-05,8.12372e-08
10945,0,12,1385.92,14,1426.52,3,1,0,1.28256,2.42808e-05,3.48245e-08,4.17562e-05,0.999934,6.2179e-08,0.999949,5.09675e-05,1.58964e-07
10946,0,12,1385.92,14,1426.73,3,1,9,1.28192,4.69341e-05,6.72266e-08,8.07223e-05,0.999872,1.20048e-07,0.999901,9.85339e-05,3.06966e-07
10947,1,12,1385.92,14,1426.73,3,1,0,1.28128,1.7944e-05,2.56686e-08,3.08653e-05,0.999951,4.5841e-08,0.999962,3.76764e-05,1.17239e-07
10948,1,12,1385.92,14,1426.73,3,1,9,1.28064,0.0345757,0.0159313,0.157135,0.792358,0.00456081,0.98071,0.0107819,0.00394719
10949,1,12,1385.92,14,1426.73,2,1,0,1.28,0.0128223,0.00590716,0.0582905,0.92298,0.00151792,0.993579,0.00358903,0.00131366
10950,1,12,1385.92,14,1426.73,2,1,0,1.27936,0.0129556,0.00596766,0.0477009,0.933376,0.00253524,0.989275,0.00599548,0.00219402
10951,1,12,1385.92,14,1426.73,3,1,9,1.27872,0.0130528,0.00601151,0.0397506,0.941185,0.00418019,0.982315,0.00988723,0.00361747
10952,1,12,1385.92,14,1426.73,3,1,9,1.27808,0.00442336,0.00203687,0.0134737,0.980066,0.00139114,0.994114,0.00329097,0.00120384
10953,1,12,1385.92,14,1426.73,3,1,0,1.27744,0.00149137,0.000686641,0.00454379,0.993278,0.000469375,0.998014,0.00111058,0.000406166
10954,1,12,1385.92,14,1426.73,3,1,0,1.2768,0.00252422,0.001162,0.00769231,0.988621,0.000805058,0.996593,0.00190516,0.000696624
10955,1,12,1385.92,14,1426.73,3,1,0,1.27617,0.00421518,0.00194011,0.0128482,0.980996,0.0013649,0.994224,0.00323057,0.00118103
10956,1,12,1385.92,14,1426.73,3,1,0,1.27553,0.00693369,0.00319085,0.0211392,0.968736,0.00228651,0.990322,0.00541285,0.00197842
10957,1,12,1385.92,14,1426.73,3,1,9,1.27489,0.0112071,0.00515664,0.0341753,0.949461,0.00378207,0.983991,0.00895484,0.00327238
10958,1,12,1385.92,14,1426.73,3,1,9,1.27425,0.00378239,0.0017401,0.0115368,0.982941,0.00125791,0.994675,0.00297887,0.00108835
10959,1,12,1385.92,14,1426.73,3,1,9,1.27361,0.00127495,0.000586454,0.00388962,0.994249,0.000424492,0.998203,0.00100542,0.000367263
10960,1,12,1385.92,14,1426.73,3,1,0,1.27298,0.000435762,0.000200411,0.00132972,0.998034,0.000145993,0.999382,0.000345848,0.000126307
10961,1,12,1385.92,14,1426.73,3,1,9,1.27234,0.000758692,0.000348876,0.00231565,0.996577,0.000256654,0.998913,0.0006081,0.00022204
10962,1,12,1385.92,14,1426.73,3,1,0,1.27171,0.00026147,0.000120215,0.000798228,0.99882,8.90692e-05,0.999623,0.000211072,7.70546e-05
10963,1,12,1385.92,14,1426.73,3,1,0,1.27107,0.000460206,0.000211555,0.00140525,0.997923,0.000158175,0.99933,0.000374901,0.000136835
10964,1,12,1385.92,14,1426.73,3,1,9,1.27043,0.000800514,0.000367935,0.00244494,0.996387,0.000277683,0.998824,0.000658267,0.000240212
10965,1,12,1385.92,14,1426.73,3,1,0,1.2698,0.000275424,0.000126572,0.000841391,0.998757,9.61521e-05,0.999593,0.000227974,8.31748e-05
10966,1,12,1385.92,14,1426.73,3,1,9,1.26916,0.000484362,0.000222555,0.00148,0.997813,0.000170531,0.999278,0.000404395,0.000147511
10967,1,12,1385.92,14,1426.73,3,1,0,1.26853,0.00016808,7.72174e-05,0.000513695,0.999241,5.95755e-05,0.999748,0.000141301,5.15318e-05
10968,1,12,1385.92,14,1426.73,3,1,0,1.26789,0.000298647,0.00013718,0.000912947,0.998651,0.000106696,0.999548,0.000253105,9.22877e-05
10969,1,12,1385.92,14,1426.73,3,1,9,1.26726,0.000524446,0.000240861,0.00160356,0.997631,0.00018888,0.9992,0.000448139,0.000163368
10970,1,12,1385.92,14,1426.73,3,1,0,1.26663,0.000181593,8.33864e-05,0.000555366,0.99918,6.58072e-05,0.999721,0.000156162,5.69172e-05
10971,1,12,1385.92,14,1426.73,3,1,0,1.26599,0.000322227,0.000147942,0.000985688,0.998544,0.00011765,0.999501,0.000279235,0.000101753
10972,1,12,1385.92,14,1426.73,3,1,0,1.26536,0.000565094,0.000259407,0.001729,0.997446,0.00020791,0.999119,0.000493545,0.000179812
10973,1,12,1385.92,14,1426.73,3,1,0,1.26473,0.000979344,0.0004495,0.00299714,0.995574,0.000363221,0.99846,0.000862379,0.000314125
10974,1,12,1385.92,14,1426.73,3,1,0,1.2641,0.00167679,0.000769493,0.00513272,0.992421,0.000627329,0.99734,0.0014897,0.000542519
10975,1,12,1385.92,14,1426.73,3,1,9,1.26346,0.00283455,0.0013006,0.00867863,0.987186,0.00107106,0.995459,0.00254384,0.00092623
10976,1,12,1385.92,14,1426.73,3,1,9,1.26283,0.000954325,0.000437812,0.00292254,0.995685,0.000360902,0.99847,0.000857318,0.000312092
10977,1,12,1385.92,14,1426.73,3,1,0,1.2622,0.000326402,0.000149719,0.000999803,0.998524,0.000123984,0.999474,0.000294574,0.000107213
10978,1,12,1385.92,14,1426.73,3,1,0,1.26157,0.000572539,0.00026258,0.00175414,0.997411,0.000218974,0.999071,0.000520351,0.000189348
10979,1,12,1385.92,14,1426.73,3,1,0,1.26094,0.000992443,0.000455086,0.00304131,0.995511,0.000382324,0.998378,0.000908677,0.000330588
10980,1,12,1385.92,14,1426.73,3,1,0,1.26031,0.00169951,0.000779192,0.00520927,0.992312,0.000659923,0.997201,0.00156873,0.000570607
10981,1,12,1385.92,14,1426.73,3,1,0,1.25968,0.00287336,0.00131717,0.00880927,0.987,0.00112599,0.995223,0.00267709,0.000973567
10982,1,12,1385.92,14,1426.73,3,1,0,1.25905,0.00479097,0.00219588,0.0146917,0.978321,0.00189857,0.991945,0.00451472,0.00164152
10983,1,12,1385.92,14,1426.73,3,1,9,1.25842,0.00786386,0.00360374,0.0241202,0.964412,0.00316163,0.986585,0.00751953,0.00273349
10984,1,12,1385.92,14,1426.73,3,1,0,1.25779,0.00262931,0.00120474,0.00806649,0.988099,0.00104681,0.995558,0.00249014,0.000905028
10985,1,12,1385.92,14,1426.73,3,1,0,1.25716,0.00439602,0.00201392,0.0134896,0.9801,0.00176843,0.992495,0.00420744,0.00152886
10986,1,12,1385.92,14,1426.73,3,1,9,1.25653,0.0072379,0.00331533,0.0222152,0.967232,0.00295081,0.987476,0.00702177,0.00255099
10987,1,12,1385.92,14,1426.73,3,1,0,1.2559,0.00241764,0.00110723,0.00742209,0.989053,0.00097705,0.995853,0.0023254,0.00084464
10988,1,12,1385.92,14,1426.73,3,1,9,1.25528,0.00405239,0.00185562,0.0124435,0.981648,0.00165355,0.992981,0.00393617,0.00142942
10989,1,12,1385.92,14,1426.73,3,1,0,1.25465,0.00135543,0.000620563,0.00416299,0.993861,0.000551545,0.997659,0.00131314,0.000476772
10990,1,12,1385.92,14,1426.73,3,1,0,1.25402,0.00230602,0.00105561,0.00708418,0.989554,0.000945385,0.995986,0.00225121,0.000817196
10991,1,12,1385.92,14,1426.73,3,1,9,1.25339,0.00387114,0.00177179,0.011895,0.982462,0.00160153,0.9932,0.00381431,0.00138433
10992,1,12,1385.92,14,1426.73,3,1,0,1.25277,0.00129433,0.000592316,0.00397803,0.994135,0.00053406,0.997732,0.00127218,0.000461617
10993,1,12,1385.92,14,1426.73,3,1,0,1.25214,0.00220504,0.00100892,0.00677854,0.990007,0.000916261,0.996109,0.00218299,0.000791951
10994,1,12,1385.92,14,1426.73,3,1,0,1.25151,0.00370693,0.00169584,0.0113981,0.983199,0.00155364,0.993401,0.0037022,0.00134282
10995,1,12,1385.92,14,1426.73,3,1,0,1.25089,0.00614067,0.00280878,0.0188856,0.972165,0.00260245,0.988946,0.00620249,0.00224924
10996,1,12,1385.92,14,1426.73,2,1,0,1.25026,0.0100006,0.00457362,0.0307636,0.954662,0.00430269,0.981722,0.0102565,0.00371861
10997,1,12,1385.92,14,1426.73,3,1,0,1.24964,0.0100357,0.00458894,0.0264903,0.958885,0.00701143,0.970213,0.0167164,0.00605948
10998,1,12,1385.92,14,1426.73,3,1,0,1.24901,0.0160565,0.00734092,0.0423913,0.934211,0.0112361,0.95226,0.0267934,0.0097103
10999,1,12,1385.92,14,1426.73,3,1,0,1.24839,0.0250789,0.0114641,0.0662243,0.897233,0.0176499,0.925003,0.0420948,0.0152527
11000,1,12,1385.92,14,1426.73,3,1,0,1.24776,0.038011,0.0173729,0.100393,0.844223,0.0270522,0.88504,0.0645303,0.0233772
11001,1,12,1385.92,14,1426.73,3,1,9,1.24714,0.0555054,0.0253647,0.146627,0.772503,0.0402206,0.829065,0.0959588,0.0347557
11002,1,12,1385.92,14,1426.73,3,1,0,1.24652,0.0204832,0.00935889,0.0541203,0.916038,0.0141163,0.940001,0.0336846,0.0121979
11003,1,12,1385.92,14,1426.73,3,1,0,1.24589,0.0315125,0.014396,0.0832781,0.870813,0.0219234,0.90681,0.0523235,0.0189435
11004,1,12,1385.92,14,1426.73,1,1,0,1.24527,0.046866,0.0214067,0.123877,0.807851,0.033129,0.859165,0.079081,0.0286252
11005,1,12,1385.92,14,1426.73,3,1,0,1.24465,0.0469392,0.0193944,0.124094,0.809572,0.0483992,0.794231,0.115552,0.0418182
11006,1,12,1385.92,14,1426.73,3,0,0,1.24403,0.0670467,0.0276975,0.177287,0.727968,0.0678921,0.71133,0.162119,0.0586589
11007,1,12,1385.92,14,1426.73,3,1,0,1.2434,0.0912797,0.0377017,0.241412,0.629606,0.055973,0.720486,0.164157,0.0593843
11008,1,12,1385.92,14,1426.73,3,1,0,1.24278,0.117935,0.0487027,0.31197,0.521392,0.0752721,0.624062,0.220805,0.0798605
11009,1,12,1385.92,14,1426.73,3,3,0,1.24216,0.144568,0.0596904,0.382495,0.413247,0.0963268,0.518846,0.282628,0.1022
11010,1,12,1385.92,14,1426.73,3,1,0,1.24154,0.168827,0.0696945,0.446767,0.314712,0.098616,0.531355,0.289407,0.0806222
11011,1,12,1385.92,14,1426.73,2,1,9,1.24092,0.18796,0.0775791,0.497495,0.236966,0.120732,0.426182,0.354387,0.0986988
11012,1,12,1385.92,14,1426.73,2,1,0,1.2403,0.0870766,0.0359339,0.767205,0.109785,0.0600943,0.714347,0.176434,0.0491253
11013,1,12,1385.92,14,1426.73,2,2,9,1.23968,0.120612,0.0497639,0.677553,0.152072,0.0805186,0.617213,0.236449,0.0658189
11014,1,12,1385.92,14,1426.73,2,1,0,1.23906,0.0473804,0.0195455,0.873332,0.0597419,0.0494847,0.379479,0.530588,0.0404491
11015,1,12,1385.92,14,1426.73,2,2,0,1.23844,0.070159,0.0289371,0.812436,0.0884676,0.0566003,0.289966,0.60717,0.0462635
11016,1,12,1385.92,14,1426.73,2,2,0,1.23782,0.0998497,0.0411757,0.733062,0.125912,0.0720871,0.369427,0.499567,0.0589196
11017,1,12,1385.92,14,1426.73,0,0,0,1.2372,0.135689,0.0559452,0.637251,0.171114,0.0872662,0.447362,0.394049,0.0713232
11018,1,12,1385.92,14,1426.73,3,1,0,1.23658,0.105704,0.0578627,0.659414,0.177019,0.0686839,0.456488,0.402077,0.0727514
11019,1,12,1385.92,14,1426.73,2,1,0,1.23596,0.110863,0.060679,0.691846,0.136612,0.0814908,0.354973,0.477218,0.0863177
11020,1,12,1385.92,14,1426.73,1,2,0,1.23535,0.146922,0.0804062,0.591617,0.181055,0.0920377,0.2713,0.539172,0.0974904
11021,1,12,1385.92,14,1426.73,3,2,0,1.23473,0.149367,0.0649287,0.601629,0.184075,0.112916,0.332916,0.43456,0.119607
11022,1,12,1385.92,14,1426.73,2,2,0,1.23411,0.157079,0.0682697,0.632868,0.141783,0.13232,0.390208,0.33731,0.140162
11023,1,12,1385.92,14,1426.73,2,3,0,1.23349,0.20166,0.0876309,0.52869,0.182019,0.148564,0.438206,0.255859,0.157371
11024,1,12,1385.92,14,1426.73,3,1,0,1.23288,0.24646,0.107081,0.424008,0.22245,0.154947,0.457133,0.266882,0.121038
11025,1,12,1385.92,14,1426.73,2,0,0,1.23226,0.26372,0.11456,0.453751,0.167969,0.182889,0.359208,0.315044,0.142859
11026,1,12,1385.92,14,1426.73,2,2,0,1.23164,0.311571,0.135325,0.354676,0.198428,0.138417,0.378774,0.332196,0.150612
11027,1,12,1385.92,14,1426.73,1,2,0,1.23103,0.353317,0.15343,0.268259,0.224994,0.154874,0.423892,0.252713,0.168522
11028,1,12,1385.92,14,1426.73,2,1,0,1.23041,0.368794,0.116382,0.279995,0.234829,0.167263,0.457893,0.192839,0.182005
11029,1,12,1385.92,14,1426.73,3,2,0,1.2298,0.404211,0.12753,0.210901,0.257357,0.196933,0.36172,0.227052,0.214295
11030,1,12,1385.92,14,1426.73,2,1,0,1.22918,0.438136,0.138201,0.228572,0.19509,0.210886,0.387394,0.172239,0.229481
11031,1,12,1385.92,14,1426.73,1,0,0,1.22857,0.468888,0.147867,0.174495,0.20875,0.241138,0.299519,0.196938,0.262405
11032,1,12,1385.92,14,1426.73,0,1,0,1.22795,0.486918,0.115171,0.181169,0.216742,0.181166,0.323199,0.212491,0.283144
11033,1,12,1385.92,14,1426.73,0,0,0,1.22734,0.388163,0.137327,0.21604,0.258469,0.201958,0.245492,0.236884,0.315666
11034,1,12,1385.92,14,1426.73,0,2,0,1.22673,0.299466,0.157222,0.24736,0.295951,0.153075,0.260524,0.251388,0.335013
11035,1,12,1385.92,14,1426.73,3,3,0,1.22611,0.224976,0.173925,0.273665,0.327434,0.165414,0.281553,0.190961,0.362072
11036,1,12,1385.92,14,1426.73,3,1,0,1.2255,0.251383,0.194329,0.305798,0.24849,0.18685,0.318074,0.215714,0.279363
11037,1,12,1385.92,14,1426.73,0,3,9,1.22489,0.271938,0.210208,0.330815,0.187039,0.207545,0.242511,0.239614,0.31033
11038,1,12,1385.92,14,1426.73,3,2,0,1.22428,0.571642,0.123672,0.194647,0.110039,0.116107,0.135672,0.134051,0.61417
11039,1,12,1385.92,14,1426.73,0,3,0,1.22366,0.585469,0.126625,0.199312,0.0885943,0.11959,0.139746,0.107859,0.632804
11040,1,12,1385.92,14,1426.73,0,3,0,1.22305,0.485086,0.157284,0.247593,0.110037,0.151032,0.176493,0.136214,0.536261
11041,1,12,1385.92,14,1426.73,0,3,0,1.22244,0.387776,0.187003,0.294402,0.130819,0.182757,0.213573,0.164823,0.438847
11042,1,12,1385.92,14,1426.73,3,3,0,1.22183,0.300298,0.213716,0.336489,0.149497,0.212451,0.248282,0.191599,0.347668
11043,1,12,1385.92,14,1426.73,0,0,9,1.22122,0.312509,0.222391,0.350179,0.114921,0.238425,0.278645,0.21502,0.26791
11044,1,12,1385.92,14,1426.73,0,0,0,1.22061,0.617338,0.123781,0.194925,0.0639557,0.530983,0.171607,0.132416,0.164994
11045,1,12,1385.92,14,1426.73,2,1,0,1.22,0.517856,0.155957,0.245616,0.0805699,0.433469,0.20729,0.159941,0.1993
11046,1,12,1385.92,14,1426.73,0,1,0,1.21939,0.555727,0.167322,0.190521,0.0864297,0.458899,0.160852,0.16929,0.21096
11047,2,12,1385.92,15,1534.36,3,0,9,1.21878,0.456353,0.204751,0.233146,0.10575,0.477678,0.12658,0.176183,0.219559
11048,2,12,1385.92,15,1534.36,0,2,0,1.21817,0.169463,0.515315,0.154131,0.161091,0.241259,0.123494,0.423761,0.211486
11049,2,12,1385.92,15,1534.36,1,3,0,1.21756,0.0605513,0.582943,0.174316,0.182189,0.345897,0.177032,0.173868,0.303203
11050,2,12,1385.92,15,1534.36,0,0,0,1.21695,0.104049,0.283211,0.299603,0.313137,0.440279,0.225306,0.221279,0.113135
11051,2,12,1385.92,15,1534.36,2,3,0,1.21634,0.0361333,0.304676,0.322314,0.336877,0.185375,0.327924,0.322061,0.16464
11052,2,12,1385.92,15,1534.36,3,2,0,1.21573,0.0468288,0.395029,0.121354,0.436788,0.208961,0.369689,0.363079,0.0582705
11053,2,12,1385.92,15,1534.36,1,1,0,1.21513,0.0678966,0.572993,0.175983,0.183127,0.281037,0.497262,0.143352,0.0783495
11054,2,12,1385.92,15,1534.36,2,1,0,1.21452,0.114486,0.279871,0.296797,0.308847,0.433445,0.224683,0.221063,0.120808
11055,2,12,1385.92,15,1534.36,3,2,0,1.21391,0.14463,0.353623,0.111506,0.390242,0.512151,0.0839723,0.261169,0.142708
11056,2,12,1385.92,15,1534.36,1,0,0,1.2133,0.199384,0.487585,0.153712,0.15932,0.623443,0.102183,0.100699,0.173675
11057,2,12,1385.92,15,1534.36,0,2,0,1.2127,0.303457,0.220141,0.233933,0.242469,0.329018,0.18207,0.179426,0.309487
11058,2,12,1385.92,15,1534.36,1,3,0,1.21209,0.116236,0.279309,0.296811,0.307644,0.37458,0.207258,0.0658217,0.352341
11059,0,12,1385.92,14,1797.4,0,0,13,1.21148,0.144156,0.106054,0.368175,0.381615,0.496062,0.274443,0.0871385,0.142357
11060,0,12,1385.92,14,1797.4,3,1,0,1.21088,6.34887e-05,7.81907e-08,0.000110569,0.999826,1.24241e-07,0.999881,0.000119045,3.24642e-07
11061,0,12,1385.92,14,1675.01,3,1,13,1.21027,0.000121659,1.49631e-07,0.0002119,0.999666,2.38408e-07,0.99977,0.000228751,6.23082e-07
11062,0,12,1385.92,14,1675.01,3,1,0,1.20967,2.13901e-05,2.62728e-08,3.72602e-05,0.999941,4.19674e-08,0.99996,4.03229e-05,1.09704e-07
11063,0,12,1385.92,14,1602.3,3,1,13,1.20906,4.18933e-05,5.13874e-08,7.29836e-05,0.999885,8.22988e-08,0.999921,7.91826e-05,2.15172e-07
11064,0,12,1385.92,14,1596.42,3,1,13,1.20846,7.51571e-06,9.20662e-09,1.30948e-05,0.999979,1.47818e-08,0.999986,1.42416e-05,3.86547e-08
11065,0,12,1385.92,14,1596.42,3,1,0,1.20785,1.39435e-06,1.70577e-09,2.42969e-06,0.999996,2.74553e-09,0.999997,2.64885e-06,7.18101e-09
11066,0,12,1385.92,14,1596.42,3,1,0,1.20725,2.88358e-06,3.52288e-09,5.02526e-06,0.999992,5.68415e-09,0.999994,5.49152e-06,1.48699e-08
11067,0,12,1385.92,14,1596.42,3,1,0,1.20665,5.87869e-06,7.17238e-09,1.0246e-05,0.999984,1.16004e-08,0.999989,1.12227e-05,3.03528e-08
11068,0,12,1385.92,14,1547.85,3,1,13,1.20604,1.18179e-05,1.43992e-08,2.05997e-05,0.999968,2.33438e-08,0.999977,2.26148e-05,6.10916e-08
11069,0,12,1385.92,14,1547.85,3,1,0,1.20544,2.16964e-06,2.64e-09,3.78232e-06,0.999994,4.28979e-09,0.999996,4.16155e-06,1.12287e-08
11070,0,12,1385.92,14,1525.04,3,1,13,1.20484,4.44941e-06,5.40675e-09,7.7575e-06,0.999988,8.80548e-09,0.999991,8.554e-06,2.30531e-08
11071,0,12,1385.92,14,1517.73,3,1,13,1.20424,8.32168e-07,1.00986e-09,1.45104e-06,0.999998,1.64832e-09,0.999998,1.60345e-06,4.31621e-09
11072,0,12,1385.92,14,1495.51,3,1,13,1.20363,1.60831e-07,1.94911e-10,2.80469e-07,1,3.18833e-10,1,3.10581e-07,8.35041e-10
11073,0,12,1385.92,14,1495.51,3,1,9,1.20303,3.20993e-08,3.8849e-11,5.59835e-08,1,6.36849e-11,1,6.21221e-08,1.66826e-10
11074,0,12,1385.92,14,1495.51,3,1,0,1.20243,1.37601e-08,1.66312e-11,2.40013e-08,1,2.73207e-11,1,2.6687e-08,7.15819e-11
11075,0,12,1385.92,14,1495.51,3,1,0,1.20183,3.1208e-08,3.76688e-11,5.4441e-08,1,6.20078e-11,1,6.06529e-08,1.62495e-10
11076,0,12,1385.92,14,1489.61,3,1,13,1.20123,6.96474e-08,8.39533e-11,1.21511e-07,1,1.38478e-10,1,1.35639e-07,3.6296e-10
11077,0,12,1385.92,14,1489.61,3,1,0,1.20063,1.41111e-08,1.69868e-11,2.46218e-08,1,2.80747e-11,1,2.7537e-08,7.36e-11
11078,0,12,1385.92,14,1489.61,3,1,0,1.20003,3.19969e-08,3.84656e-11,5.5836e-08,1,6.36976e-11,1,6.25639e-08,1.6702e-10
11079,0,12,1385.92,14,1485.92,3,1,13,1.19943,7.13926e-08,8.57104e-11,1.24597e-07,1,1.42205e-10,1,1.39866e-07,3.72944e-10
11080,0,12,1385.92,14,1485.92,3,1,0,1.19883,1.4441e-08,1.73138e-11,2.52057e-08,1,2.87798e-11,1,2.83456e-08,7.5492e-11
11081,0,12,1385.92,14,1478.49,3,1,13,1.19823,3.27388e-08,3.9199e-11,5.71497e-08,1,6.52785e-11,1,6.43823e-08,1.71265e-10
11082,0,12,1385.92,14,1478.49,3,1,0,1.19763,6.72012e-09,8.03535e-12,1.17321e-08,1,1.34055e-11,1,1.32398e-08,3.51776e-11
11083,0,12,1385.92,14,1478.49,3,1,0,1.19703,1.54705e-08,1.84734e-11,2.70117e-08,1,3.08743e-11,1,3.05345e-08,8.1033e-11
11084,0,12,1385.92,14,1476.1,3,1,13,1.19643,3.50348e-08,4.1779e-11,6.1178e-08,1,6.99461e-11,1,6.92719e-08,1.83617e-10
11085,0,12,1385.92,14,1475.74,3,1,13,1.19583,7.17346e-09,8.54284e-12,1.25278e-08,1,1.43268e-11,1,1.42083e-08,3.76169e-11
11086,0,12,1385.92,14,1475.74,3,1,0,1.19524,1.51506e-09,1.80185e-12,2.64621e-09,1,3.02689e-12,1,3.006e-09,7.94901e-12
11087,0,12,1385.92,14,1444.23,3,1,13,1.19464,3.5936e-09,4.26809e-12,6.27728e-09,1,7.18167e-12,1,7.14196e-09,1.88637e-11
11088,0,12,1385.92,14,1444.23,3,1,0,1.19404,7.68852e-10,9.1193e-13,1.34318e-09,1,1.53693e-12,1,1.53055e-09,4.03775e-12
11089,0,12,1385.92,14,1444.23,3,1,0,1.19344,1.84866e-09,2.18972e-12,3.22994e-09,1,3.69635e-12,1,3.68607e-09,9.71272e-12
11090,0,12,1385.92,14,1444.23,3,1,9,1.19285,4.36882e-09,5.16788e-12,7.63398e-09,1,8.73719e-12,1,8.72494e-09,2.29627e-11
11091,0,12,1385.92,14,1444.23,3,1,9,1.19225,1.94037e-09,2.29218e-12,3.39095e-09,1,3.88125e-12,1,3.88117e-09,1.02025e-11
11092,0,12,1385.92,14,1444.23,3,1,0,1.19165,8.75556e-10,1.03291e-12,1.53027e-09,1,1.7516e-12,1,1.75399e-09,4.60528e-12
11093,0,12,1385.92,14,1444.23,3,1,0,1.19106,2.10058e-09,2.47475e-12,3.67174e-09,1,4.20288e-12,1,4.21442e-09,1.10523e-11
11094,0,12,1385.92,14,1444.23,3,1,0,1.19046,4.95347e-09,5.82793e-12,8.65945e-09,1,9.91195e-12,1,9.95292e-09,2.60704e-11
11095,0,12,1385.92,14,1444.23,3,1,0,1.18987,1.14853e-08,1.34946e-11,2.00803e-08,1,2.29838e-11,1,2.31107e-08,6.04635e-11
11096,0,12,1385.92,14,1444.23,3,1,0,1.18927,2.61927e-08,3.07335e-11,4.57992e-08,1,5.24179e-11,1,5.27804e-08,1.37923e-10
11097,0,12,1385.92,14,1444.23,3,1,0,1.18868,5.87716e-08,6.88675e-11,1.02777e-07,1,1.17619e-10,1,1.18596e-07,3.0954e-10
11098,0,12,1385.92,14,1444.23,3,1,0,1.18808,1.29791e-07,1.51882e-10,2.26997e-07,1,2.59748e-10,1,2.62269e-07,6.83717e-10
11099,0,12,1385.92,14,1444.23,3,1,9,1.18749,2.82194e-07,3.29778e-10,4.93596e-07,0.999999,5.64732e-10,0.999999,5.71002e-07,1.48679e-09
11100,0,12,1385.92,14,1444.23,3,1,0,1.1869,1.15156e-07,1.34392e-10,2.01447e-07,1,2.3044e-10,1,2.33322e-07,6.06808e-10
11101,0,12,1385.92,14,1444.23,3,1,0,1.1863,2.51015e-07,2.9255e-10,4.39158e-07,0.999999,5.02271e-10,0.999999,5.09255e-07,1.32286e-09
11102,0,12,1385.92,14,1444.23,3,1,0,1.18571,5.38829e-07,6.2714e-10,9.42802e-07,0.999999,1.07807e-09,0.999999,1.09457e-06,2.83992e-09
11103,0,12,1385.92,14,1444.23,3,1,0,1.18512,1.13939e-06,1.32434e-09,1.99384e-06,0.999997,2.27936e-09,0.999998,2.31746e-06,6.00562e-09
11104,0,12,1385.92,14,1438.56,3,1,13,1.18452,2.37406e-06,2.75569e-09,4.15487e-06,0.999993,4.74864e-09,0.999995,4.83472e-06,1.25141e-08
11105,0,12,1385.92,14,1438.56,3,1,0,1.18393,4.4372e-07,5.14353e-10,7.76648e-07,0.999999,8.8739e-10,0.999999,9.04728e-07,2.33899e-09
11106,0,12,1385.92,14,1438.56,3,1,0,1.18334,9.42152e-07,1.09065e-09,1.64924e-06,0.999997,1.88384e-09,0.999998,1.92331e-06,4.9664e-09
11107,0,12,1385.92,14,1438.56,3,1,0,1.18275,1.97104e-06,2.27863e-09,3.45071e-06,0.999995,3.9403e-09,0.999996,4.02844e-06,1.03899e-08
11108,0,12,1385.92,14,1438.56,3,1,0,1.18216,4.06407e-06,4.69193e-09,7.11578e-06,0.999989,8.12262e-09,0.999992,8.31582e-06,2.14221e-08
11109,0,12,1385.92,14,1438.56,3,1,0,1.18157,8.26116e-06,9.52453e-09,1.44661e-05,0.999977,1.6507e-08,0.999983,1.69231e-05,4.3543e-08
11110,0,12,1385.92,14,1438.56,3,1,0,1.18097,1.65598e-05,1.90664e-08,2.9001e-05,0.999954,3.30801e-08,0.999966,3.39611e-05,8.72774e-08
11111,0,12,1385.92,14,1438.56,3,1,9,1.18038,3.2743e-05,3.76483e-08,5.73489e-05,0.99991,6.53898e-08,0.999933,6.72243e-05,1.72555e-07
11112,0,12,1385.92,14,1438.56,3,1,0,1.17979,1.21268e-05,1.39247e-08,2.12424e-05,0.999967,2.42103e-08,0.999975,2.4924e-05,6.39002e-08
11113,0,12,1385.92,14,1438.56,3,1,0,1.1792,2.4131e-05,2.76711e-08,4.22747e-05,0.999934,4.81604e-08,0.99995,4.96491e-05,1.27138e-07
11114,0,12,1385.92,14,1438.56,3,1,0,1.17861,4.7371e-05,5.4247e-08,8.29977e-05,0.99987,9.45114e-08,0.999902,9.75682e-05,2.49549e-07
11115,0,12,1385.92,14,1438.56,3,1,0,1.17803,9.1762e-05,1.04939e-07,0.000160792,0.999747,1.83016e-07,0.99981,0.000189198,4.83332e-07
11116,0,12,1385.92,14,1438.56,3,1,9,1.17744,0.000175436,2.00357e-07,0.000307446,0.999517,3.49789e-07,0.999637,0.000362106,9.23944e-07
11117,0,12,1385.92,14,1438.56,3,1,0,1.17685,6.27909e-05,7.16134e-08,0.000110052,0.999827,1.25135e-07,0.99987,0.000129721,3.306e-07
11118,0,12,1385.92,14,1438.56,3,1,9,1.17626,0.000120984,1.37796e-07,0.000212068,0.999667,2.41016e-07,0.999749,0.000250197,6.36876e-07
11119,0,12,1385.92,14,1438.56,3,1,0,1.17567,4.35966e-05,4.95876e-08,7.64275e-05,0.99988,8.68083e-08,0.999909,9.02404e-05,2.29432e-07
11120,0,12,1385.92,14,1438.56,3,1,0,1.17508,8.46297e-05,9.61289e-08,0.000148378,0.999767,1.68442e-07,0.999824,0.000175345,4.45274e-07
11121,0,12,1385.92,14,1438.56,3,1,0,1.1745,0.000162138,1.83919e-07,0.000284301,0.999553,3.22576e-07,0.999663,0.000336263,8.52893e-07
11122,0,12,1385.92,14,1438.56,3,1,0,1.17391,0.000306628,3.47347e-07,0.000537718,0.999155,6.09809e-07,0.999361,0.000636568,1.61265e-06
11123,0,12,1385.92,14,1438.56,3,1,0,1.17332,0.000572466,6.47609e-07,0.00100402,0.998423,1.13814e-06,0.998806,0.00118973,3.01042e-06
11124,0,12,1385.92,14,1438.56,3,1,0,1.17273,0.0010551,1.19197e-06,0.00185069,0.997093,2.09728e-06,0.997797,0.00219541,5.54847e-06
11125,0,12,1385.92,14,1438.56,3,1,9,1.17215,0.00191931,2.16536e-06,0.00336694,0.994712,3.81534e-06,0.995987,0.00399941,1.00956e-05
11126,0,12,1385.92,14,1430.84,3,1,13,1.17156,0.000655768,7.3883e-07,0.0011505,0.998193,1.30178e-06,0.998629,0.00136648,3.44526e-06
11127,0,12,1385.92,14,1430.84,3,1,0,1.17098,0.000108882,1.22507e-07,0.000191048,0.9997,2.15946e-07,0.999772,0.000226995,5.71629e-07
11128,0,12,1385.92,14,1430.84,3,1,0,1.17039,0.000207685,2.33357e-07,0.000364453,0.999428,4.11697e-07,0.999565,0.000433364,1.09001e-06
11129,0,12,1385.92,14,1430.84,3,1,0,1.16981,0.000391056,4.38797e-07,0.000686315,0.998922,7.7484e-07,0.99918,0.000816755,2.05187e-06
11130,0,12,1385.92,14,1430.84,3,1,0,1.16922,0.000726912,8.14548e-07,0.0012759,0.997996,1.43977e-06,0.998475,0.00151977,3.81344e-06
11131,0,12,1385.92,14,1430.84,3,1,0,1.16864,0.00133383,1.4926e-06,0.00234144,0.996323,2.64132e-06,0.997198,0.00279197,6.99729e-06
11132,0,12,1385.92,14,1430.84,3,1,0,1.16805,0.00241518,2.69901e-06,0.00424015,0.993342,4.78312e-06,0.99492,0.00506298,1.26737e-05
11133,0,12,1385.92,14,1430.84,3,1,9,1.16747,0.00431238,4.81261e-06,0.00757177,0.988111,8.54563e-06,0.990911,0.00905824,2.26475e-05
11134,0,12,1385.92,14,1430.84,3,1,0,1.16688,0.00145345,1.61984e-06,0.00255228,0.995993,2.87297e-06,0.99694,0.00304955,7.6154e-06
11135,0,12,1385.92,14,1430.84,3,2,9,1.1663,0.00262734,2.92415e-06,0.00461419,0.992756,5.19394e-06,0.99446,0.00552086,1.37703e-05
11136,0,12,1385.92,14,1430.84,3,1,9,1.16572,0.000891109,9.90428e-07,0.00156516,0.997543,5.07028e-06,0.973149,0.0268324,1.34451e-05
11137,0,12,1385.92,14,1430.84,3,1,0,1.16513,0.000307746,3.4158e-07,0.00054059,0.999151,1.74086e-06,0.990765,0.0092286,4.61722e-06
11138,0,12,1385.92,14,1424.87,3,1,13,1.16455,0.000575312,6.37695e-07,0.00101071,0.998413,3.16246e-06,0.983195,0.0167935,8.38929e-06
11139,0,12,1385.92,14,1424.87,3,1,0,1.16397,9.53081e-05,1.05499e-07,0.000167457,0.999737,5.1948e-07,0.997235,0.00276332,1.37833e-06
11140,0,12,1385.92,14,1424.87,3,1,0,1.16339,0.000182484,2.01722e-07,0.000320662,0.999497,9.71903e-07,0.994818,0.00517881,2.57925e-06
11141,0,12,1385.92,14,1424.87,3,1,0,1.16281,0.000344891,3.80731e-07,0.000606114,0.999049,1.79238e-06,0.990426,0.00956716,4.75757e-06
11142,0,12,1385.92,14,1419.42,3,1,13,1.16222,0.000643483,7.09384e-07,0.00113099,0.998225,3.25414e-06,0.982589,0.0173994,8.63926e-06
11143,0,12,1385.92,14,1419.42,3,1,0,1.16164,0.000106216,1.16935e-07,0.000186707,0.999707,5.33625e-07,0.99714,0.00285812,1.41697e-06
11144,0,12,1385.92,14,1419.42,3,1,0,1.16106,0.000203004,2.23185e-07,0.000356881,0.99944,9.98026e-07,0.994642,0.00535466,2.65064e-06
11145,0,12,1385.92,14,1419.42,3,1,9,1.16048,0.000382988,4.20489e-07,0.000673369,0.998943,1.83982e-06,0.990105,0.00988806,4.88731e-06
11146,0,12,1385.92,14,1419.42,3,1,9,1.1599,0.000134084,1.47013e-07,0.000235774,0.99963,6.35876e-07,0.996574,0.00342338,1.68948e-06
11147,0,12,1385.92,14,1418.77,3,1,13,1.15932,4.78965e-05,5.24432e-08,8.42306e-05,0.999868,2.23453e-07,0.998794,0.00120508,5.93814e-07
11148,0,12,1385.92,14,1418.77,3,1,0,1.15874,8.29605e-06,9.07119e-09,1.45911e-05,0.999977,3.80464e-08,0.999794,0.000205536,1.01126e-07
11149,0,12,1385.92,14,1418.77,3,1,0,1.15816,1.66888e-05,1.82233e-08,2.93555e-05,0.999954,7.51807e-08,0.999593,0.000406844,1.99867e-07
11150,0,12,1385.92,14,1418.77,3,1,9,1.15758,3.3113e-05,3.61083e-08,5.82522e-05,0.999909,1.46551e-07,0.999205,0.000794432,3.89679e-07
11151,0,12,1385.92,14,1418.77,3,1,9,1.15701,1.21467e-05,1.32274e-08,2.13708e-05,0.999966,5.28736e-08,0.999713,0.000287114,1.40619e-07
11152,0,12,1385.92,14,1418.77,3,1,0,1.15643,4.54383e-06,4.94134e-09,7.99528e-06,0.999987,1.94538e-08,0.999894,0.00010582,5.1748e-08
11153,0,12,1385.92,14,1418.77,3,1,0,1.15585,9.25382e-06,1.00496e-08,1.62848e-05,0.999974,3.89698e-08,0.999788,0.000212343,1.03682e-07
11154,0,12,1385.92,14,1418.77,3,1,9,1.15527,1.85839e-05,2.01546e-08,3.27075e-05,0.999949,7.69947e-08,0.999579,0.00042026,2.04889e-07
11155,0,12,1385.92,14,1418.77,3,1,9,1.15469,6.88865e-06,7.46067e-09,1.21253e-05,0.999981,2.80985e-08,0.999846,0.000153634,7.47871e-08
11156,0,12,1385.92,14,1418.77,3,1,0,1.15412,2.60347e-06,2.81581e-09,4.58312e-06,0.999993,1.04565e-08,0.999943,5.72717e-05,2.78366e-08
11157,0,12,1385.92,14,1418.77,3,1,0,1.15354,5.36298e-06,5.79247e-09,9.44199e-06,0.999985,2.12124e-08,0.999884,0.000116383,5.64813e-08
11158,0,12,1385.92,14,1418.77,3,1,0,1.15296,1.08914e-05,1.17475e-08,1.91773e-05,0.99997,4.2434e-08,0.999767,0.000233218,1.13009e-07
11159,0,12,1385.92,14,1418.77,3,1,0,1.15239,2.18121e-05,2.34946e-08,3.84108e-05,0.99994,8.37249e-08,0.999539,0.000460947,2.23017e-07
11160,0,12,1385.92,14,1418.77,3,1,9,1.15181,4.30893e-05,4.63496e-08,7.58881e-05,0.999881,1.62962e-07,0.999101,0.000898735,4.34166e-07
11161,0,12,1385.92,14,1418.77,3,1,0,1.15123,1.56863e-05,1.68502e-08,2.76296e-05,0.999957,5.85188e-08,0.999676,0.000323288,1.55937e-07
11162,0,12,1385.92,14,1418.77,3,1,0,1.15066,3.11972e-05,3.34661e-08,5.49565e-05,0.999914,1.14742e-07,0.999365,0.000634989,3.05819e-07
11163,0,12,1385.92,14,1418.77,3,1,0,1.15008,6.12098e-05,6.55716e-08,0.000107838,0.999831,2.21955e-07,0.998769,0.00123043,5.91684e-07
11164,0,12,1385.92,14,1418.77,3,1,0,1.14951,0.000118505,1.26776e-07,0.000208803,0.999673,4.23572e-07,0.997646,0.00235216,1.12937e-06
11165,0,12,1385.92,14,1418.77,3,1,0,1.14893,0.000226437,2.4191e-07,0.000399023,0.999374,7.97317e-07,0.995562,0.00443527,2.12631e-06
11166,0,12,1385.92,14,1418.77,3,1,9,1.14836,0.000427087,4.55647e-07,0.00075269,0.99882,1.47962e-06,0.99175,0.00824493,3.94666e-06
11167,0,12,1385.92,14,1418.77,3,1,9,1.14778,0.000148458,1.58169e-07,0.000261669,0.99959,5.10191e-07,0.99715,0.00284787,1.36113e-06
11168,0,12,1385.92,14,1418.77,3,1,9,1.14721,5.26573e-05,5.6025e-08,9.28233e-05,0.999854,1.78999e-07,0.998998,0.00100089,4.77642e-07
11169,0,12,1385.92,14,1418.77,3,1,9,1.14664,1.90569e-05,2.02479e-08,3.35969e-05,0.999947,6.40255e-08,0.999641,0.000358624,1.70879e-07
11170,0,12,1385.92,14,1418.77,3,1,0,1.14606,7.03487e-06,7.46431e-09,1.24037e-05,0.999981,2.33564e-08,0.999869,0.000131052,6.23487e-08
11171,0,12,1385.92,14,1418.77,3,1,9,1.14549,1.42274e-05,1.50752e-08,2.50883e-05,0.999961,4.66749e-08,0.999737,0.000262343,1.24621e-07
11172,0,12,1385.92,14,1418.77,3,1,0,1.14492,5.27994e-06,5.58692e-09,9.3116e-06,0.999985,1.71237e-08,0.999904,9.64125e-05,4.57287e-08
11173,0,12,1385.92,14,1418.77,3,1,0,1.14434,1.07411e-05,1.13501e-08,1.8945e-05,0.99997,3.44365e-08,0.999806,0.000194225,9.19806e-08
11174,0,12,1385.92,14,1418.77,3,1,9,1.14377,2.15475e-05,2.27378e-08,3.80093e-05,0.99994,6.82999e-08,0.999614,0.000385884,1.82466e-07
11175,0,12,1385.92,14,1418.77,3,1,0,1.1432,7.92537e-06,8.35174e-09,1.39818e-05,0.999978,2.4851e-08,0.999859,0.000140647,6.64036e-08
11176,0,12,1385.92,14,1418.77,3,1,0,1.14263,1.5998e-05,1.68356e-08,2.82266e-05,0.999956,4.96173e-08,0.999719,0.000281301,1.32607e-07
11177,0,12,1385.92,14,1418.77,3,1,9,1.14206,3.18495e-05,3.3471e-08,5.62011e-05,0.999912,9.77118e-08,0.999445,0.000554927,2.61196e-07
11178,0,12,1385.92,14,1418.77,3,1,9,1.14149,1.1616e-05,1.21907e-08,2.04997e-05,0.999968,3.52767e-08,0.999799,0.000200691,9.43175e-08
11179,0,12,1385.92,14,1418.77,3,1,0,1.14092,4.32081e-06,4.52835e-09,7.62615e-06,0.999988,1.29891e-08,0.999926,7.40236e-05,3.47351e-08
11180,0,12,1385.92,14,1418.77,3,1,9,1.14035,8.83074e-06,9.2422e-09,1.55879e-05,0.999976,2.62783e-08,0.99985,0.000150017,7.02866e-08
11181,0,12,1385.92,14,1418.77,3,1,9,1.13978,3.30103e-06,3.4501e-09,5.82759e-06,0.999991,9.72691e-09,0.999944,5.56249e-05,2.60217e-08
11182,0,12,1385.92,14,1418.77,3,1,9,1.13921,1.25793e-06,1.31293e-09,2.22098e-06,0.999997,3.67078e-09,0.999979,2.10283e-05,9.82211e-09
11183,0,12,1385.92,14,1418.77,3,1,0,1.13864,4.88489e-07,5.09148e-10,8.62566e-07,0.999999,1.41188e-09,0.999992,8.10207e-06,3.77859e-09
11184,0,12,1385.92,14,1419.07,3,1,9,1.13807,1.0428e-06,1.08542e-09,1.84158e-06,0.999997,2.98575e-09,0.999983,1.71634e-05,7.99227e-09
11185,0,12,1385.92,14,1419.07,3,1,0,1.1375,4.06258e-07,4.22278e-10,7.17528e-07,0.999999,1.15248e-09,0.999993,6.63646e-06,3.08559e-09
11186,0,12,1385.92,14,1418.78,3,1,13,1.13693,8.70599e-07,9.03686e-10,1.53782e-06,0.999998,2.44735e-09,0.999986,1.41172e-05,6.55367e-09
11187,0,12,1385.92,14,1418.78,3,1,9,1.13636,1.60759e-07,1.6664e-10,2.83995e-07,1,4.47892e-10,0.999997,2.58809e-06,1.19963e-09
11188,0,12,1385.92,14,1418.78,3,1,0,1.13579,6.4944e-08,6.72271e-11,1.14742e-07,1,1.79357e-10,0.999999,1.03819e-06,4.80483e-10
11189,0,12,1385.92,14,1418.78,3,1,0,1.13522,1.4436e-07,1.4923e-10,2.55083e-07,1,3.9525e-10,0.999998,2.29184e-06,1.05905e-09
11190,0,12,1385.92,14,1418.78,3,1,0,1.13466,3.15883e-07,3.2609e-10,5.58226e-07,0.999999,8.57551e-10,0.999995,4.98108e-06,2.29821e-09
11191,0,12,1385.92,14,1418.78,3,1,9,1.13409,6.80629e-07,7.01656e-10,1.20294e-06,0.999998,1.83237e-09,0.999989,1.06618e-05,4.91168e-09
11192,0,12,1385.92,14,1418.78,3,1,9,1.13352,2.66956e-07,2.74825e-10,4.7187e-07,0.999999,7.12817e-10,0.999996,4.15478e-06,1.91109e-09
11193,0,12,1385.92,14,1418.78,3,1,9,1.13296,1.06638e-07,1.0963e-10,1.88514e-07,1,2.82452e-10,0.999998,1.64918e-06,7.57412e-10
11194,0,12,1385.92,14,1418.78,3,1,0,1.13239,4.33682e-08,4.45238e-11,7.66749e-08,1,1.13961e-10,0.999999,6.66549e-07,3.05653e-10
11195,0,12,1385.92,14,1418.78,3,1,0,1.13182,9.72295e-08,9.96831e-11,1.71921e-07,1,2.53507e-10,0.999999,1.48532e-06,6.80063e-10
11196,0,12,1385.92,14,1418.78,3,1,0,1.13126,2.14547e-07,2.19658e-10,3.79405e-07,0.999999,5.55109e-10,0.999997,3.25808e-06,1.48944e-09
11197,0,12,1385.92,14,1418.78,3,1,0,1.13069,4.66101e-07,4.76549e-10,8.24347e-07,0.999999,1.19689e-09,0.999993,7.03708e-06,3.21207e-09
11198,0,12,1385.92,14,1418.78,3,1,0,1.13013,9.97252e-07,1.0182e-09,1.76394e-06,0.999997,2.54185e-09,0.999985,1.49707e-05,6.82287e-09
11199,0,12,1385.92,14,1418.78,3,1,9,1.12956,2.10198e-06,2.14318e-09,3.71842e-06,0.999994,5.31858e-09,0.999969,3.13792e-05,1.4279e-08
11200,0,12,1385.92,14,1418.78,3,1,0,1.129,8.04663e-07,8.19306e-10,1.42362e-06,0.999998,2.02147e-09,0.999988,1.19472e-05,5.42818e-09
11201,0,12,1385.92,14,1418.78,3,1,9,1.12843,1.70359e-06,1.73221e-09,3.01435e-06,0.999995,4.24955e-09,0.999975,2.51593e-05,1.14134e-08
11202,0,12,1385.92,14,1418.78,3,1,9,1.12787,6.54555e-07,6.64632e-10,1.15831e-06,0.999998,1.62147e-09,0.99999,9.61652e-06,4.3558e-09
11203,0,12,1385.92,14,1418.78,3,1,0,1.1273,2.5624e-07,2.59826e-10,4.53497e-07,0.999999,6.30434e-10,0.999996,3.74545e-06,1.69389e-09
11204,0,12,1385.92,14,1418.78,3,1,0,1.12674,5.55091e-07,5.62084e-10,9.8252e-07,0.999998,1.35654e-09,0.999992,8.0733e-06,3.64555e-09
11205,0,12,1385.92,14,1418.78,3,1,0,1.12618,1.18433e-06,1.1976e-09,2.09653e-06,0.999997,2.87516e-09,0.999983,1.7141e-05,7.72821e-09
11206,0,12,1385.92,14,1418.78,3,1,0,1.12561,2.48946e-06,2.51388e-09,4.40739e-06,0.999993,6.00422e-09,0.999964,3.5858e-05,1.61421e-08
11207,0,12,1385.92,14,1418.78,3,1,9,1.12505,5.15688e-06,5.20029e-09,9.1309e-06,0.999986,1.23578e-08,0.999926,7.39307e-05,3.32299e-08
11208,0,12,1385.92,14,1418.78,3,1,0,1.12449,1.93557e-06,1.94916e-09,3.42755e-06,0.999995,4.60931e-09,0.999972,2.76233e-05,1.23968e-08
11209,0,12,1385.92,14,1418.78,3,1,9,1.12393,4.0303e-06,4.05302e-09,7.13777e-06,0.999989,9.53799e-09,0.999943,5.72602e-05,2.56577e-08
11210,0,12,1385.92,14,1418.78,3,1,0,1.12336,1.51938e-06,1.52583e-09,2.69116e-06,0.999996,3.5739e-09,0.999978,2.14928e-05,9.61587e-09
11211,0,12,1385.92,14,1418.78,3,1,9,1.1228,3.1795e-06,3.18861e-09,5.63228e-06,0.999991,7.43386e-09,0.999955,4.47839e-05,2.00054e-08
11212,0,12,1385.92,14,1418.78,3,1,0,1.12224,1.20369e-06,1.20547e-09,2.1325e-06,0.999997,2.79773e-09,0.999983,1.68838e-05,7.53051e-09
11213,0,12,1385.92,14,1418.78,3,1,0,1.12168,2.53101e-06,2.53125e-09,4.48454e-06,0.999993,5.84853e-09,0.999965,3.53563e-05,1.57453e-08
11214,0,12,1385.92,14,1418.78,3,1,0,1.12112,5.2447e-06,5.23797e-09,9.29383e-06,0.999985,1.20494e-08,0.999927,7.29699e-05,3.24458e-08
11215,0,12,1385.92,14,1418.78,3,1,0,1.12056,1.07132e-05,1.06847e-08,1.89864e-05,0.99997,2.44728e-08,0.999851,0.000148463,6.59115e-08
11216,0,12,1385.92,14,1418.78,3,1,9,1.12,2.15779e-05,2.14907e-08,3.82457e-05,0.99994,4.90123e-08,0.999702,0.000297848,1.32028e-07
11217,0,12,1385.92,14,1418.78,3,1,9,1.11944,7.85554e-06,7.81298e-09,1.39251e-05,0.999978,1.77483e-08,0.999892,0.000108045,4.78196e-08
11218,0,12,1385.92,14,1418.78,3,1,0,1.11888,2.91687e-06,2.89706e-09,5.17118e-06,0.999992,6.55507e-09,0.99996,3.99743e-05,1.7665e-08
11219,0,12,1385.92,14,1418.78,3,1,9,1.11832,6.03017e-06,5.98093e-09,1.06918e-05,0.999983,1.34793e-08,0.999918,8.23431e-05,3.63318e-08
11220,0,12,1385.92,14,1418.78,3,1,0,1.11776,2.24973e-06,2.22828e-09,3.98936e-06,0.999994,5.00278e-09,0.999969,3.06147e-05,1.34871e-08
11221,0,12,1385.92,14,1418.78,3,1,0,1.1172,4.67584e-06,4.62484e-09,8.29243e-06,0.999987,1.0344e-08,0.999937,6.3411e-05,2.78922e-08
11222,0,12,1385.92,14,1418.78,3,1,0,1.11664,9.57931e-06,9.46174e-09,1.69905e-05,0.999973,2.10831e-08,0.99987,0.00012947,5.68609e-08
11223,0,12,1385.92,14,1418.78,3,1,9,1.11608,1.93498e-05,1.90858e-08,3.4324e-05,0.999946,4.23698e-08,0.999739,0.000260644,1.14294e-07
11224,0,12,1385.92,14,1418.78,3,1,0,1.11553,7.04748e-06,6.94174e-09,1.25027e-05,0.99998,1.53578e-08,0.999905,9.46411e-05,4.14364e-08
11225,0,12,1385.92,14,1418.78,3,1,0,1.11497,1.43252e-05,1.40907e-08,2.54169e-05,0.99996,3.10637e-08,0.999808,0.000191761,8.38285e-08
11226,0,12,1385.92,14,1418.48,3,1,13,1.11441,2.87144e-05,2.82053e-08,5.09531e-05,0.99992,6.19593e-08,0.999617,0.000383153,1.67236e-07
11227,0,12,1385.92,14,1418.48,3,1,9,1.11385,4.87033e-06,4.77736e-09,8.6433e-06,0.999986,1.04623e-08,0.999935,6.48112e-05,2.82447e-08
11228,0,12,1385.92,14,1418.48,3,1,0,1.1133,1.82115e-06,1.78391e-09,3.23233e-06,0.999995,3.8941e-09,0.999976,2.41652e-05,1.05149e-08
11229,0,12,1385.92,14,1418.48,3,1,9,1.11274,3.80384e-06,3.7209e-09,6.75216e-06,0.999989,8.09625e-09,0.99995,5.03298e-05,2.18659e-08
11230,0,12,1385.92,14,1418.48,3,1,0,1.11218,1.42863e-06,1.39555e-09,2.53624e-06,0.999996,3.02713e-09,0.999981,1.88509e-05,8.17713e-09
11231,0,12,1385.92,14,1418.48,3,1,0,1.11163,2.99894e-06,2.92543e-09,5.32462e-06,0.999992,6.32612e-09,0.999961,3.94636e-05,1.7092e-08
11232,0,12,1385.92,14,1418.48,3,1,9,1.11107,6.20408e-06,6.04361e-09,1.10166e-05,0.999983,1.30294e-08,0.999919,8.14223e-05,3.52101e-08
11233,0,12,1385.92,14,1418.48,3,1,9,1.11052,2.30595e-06,2.2432e-09,4.09515e-06,0.999994,4.82209e-09,0.99997,3.01865e-05,1.30336e-08
11234,0,12,1385.92,14,1418.48,3,1,0,1.10996,8.73828e-07,8.48869e-10,1.55202e-06,0.999998,1.81955e-09,0.999989,1.14104e-05,4.91902e-09
11235,0,12,1385.92,14,1418.48,3,1,0,1.10941,1.85297e-06,1.79754e-09,3.29145e-06,0.999995,3.84214e-09,0.999976,2.41362e-05,1.0389e-08
11236,0,12,1385.92,14,1418.48,3,1,0,1.10885,3.87155e-06,3.75054e-09,6.87787e-06,0.999989,7.99425e-09,0.99995,5.03077e-05,2.16205e-08
11237,0,12,1385.92,14,1418.48,3,1,9,1.1083,7.97264e-06,7.71273e-09,1.41652e-05,0.999978,1.63945e-08,0.999897,0.000103351,4.43479e-08
11238,0,12,1385.92,14,1418.48,3,1,0,1.10774,2.94501e-06,2.84505e-09,5.23306e-06,0.999992,6.03186e-09,0.999962,3.80915e-05,1.63197e-08
11239,0,12,1385.92,14,1418.48,3,1,0,1.10719,6.09875e-06,5.88356e-09,1.08383e-05,0.999983,1.24412e-08,0.999921,7.87043e-05,3.36673e-08
11240,0,12,1385.92,14,1418.48,3,1,9,1.10664,1.24501e-05,1.19941e-08,2.21279e-05,0.999965,2.52963e-08,0.99984,0.000160308,6.84685e-08
11241,0,12,1385.92,14,1418.48,3,1,0,1.10608,4.55517e-06,4.38226e-09,8.097e-06,0.999987,9.22022e-09,0.999941,5.85328e-05,2.4961e-08
11242,0,12,1385.92,14,1418.48,3,1,0,1.10553,9.35471e-06,8.98711e-09,1.66303e-05,0.999974,1.88618e-08,0.99988,0.000119951,5.10729e-08
11243,0,12,1385.92,14,1418.48,3,1,0,1.10498,1.89409e-05,1.81714e-08,3.3676e-05,0.999947,3.80429e-08,0.999758,0.000242355,1.03031e-07
11244,0,12,1385.92,14,1418.48,3,1,0,1.10442,3.78212e-05,3.62341e-08,6.72519e-05,0.999895,7.56671e-08,0.999517,0.000482889,2.04968e-07
11245,0,12,1385.92,14,1418.48,3,1,0,1.10387,7.44974e-05,7.12721e-08,0.000132483,0.999793,1.48442e-07,0.99905,0.000948982,4.02183e-07
11246,0,12,1385.92,14,1418.48,3,1,0,1.10332,0.000144782,1.38322e-07,0.000257505,0.999598,2.87245e-07,0.998159,0.00183956,7.78404e-07
11247,0,12,1385.92,14,1418.48,3,1,9,1.10277,0.000277677,2.64918e-07,0.000493923,0.999228,5.48213e-07,0.996481,0.00351701,1.4859e-06
11248,0,12,1385.92,14,1418.48,3,1,9,1.10222,9.54173e-05,9.09062e-08,0.000169745,0.999735,1.88055e-07,0.998791,0.00120857,5.09813e-07
11249,0,12,1385.92,14,1418.48,3,1,9,1.10167,3.34698e-05,3.18431e-08,5.95488e-05,0.999907,6.5775e-08,0.999576,0.000423456,1.7835e-07
11250,0,12,1385.92,14,1418.48,3,1,9,1.10111,1.19822e-05,1.1384e-08,2.13209e-05,0.999967,2.34713e-08,0.999849,0.000151372,6.36556e-08
11251,0,12,1385.92,14,1418.48,3,1,0,1.10056,4.37653e-06,4.15224e-09,7.78842e-06,0.999988,8.54444e-09,0.999945,5.5202e-05,2.31777e-08
11252,0,12,1385.92,14,1418.48,3,1,9,1.10001,9.00354e-06,8.53024e-09,1.60244e-05,0.999975,1.75181e-08,0.999887,0.000113376,4.7529e-08
11253,0,12,1385.92,14,1418.48,3,1,0,1.09946,3.30559e-06,3.12747e-09,5.88395e-06,0.999991,6.41066e-09,0.999958,4.15622e-05,1.73965e-08
11254,0,12,1385.92,14,1418.48,3,1,0,1.09891,6.83959e-06,6.46203e-09,1.21759e-05,0.999981,1.32204e-08,0.999914,8.58621e-05,3.58831e-08
11255,0,12,1385.92,14,1418.48,3,1,9,1.09836,1.39507e-05,1.31622e-08,2.48379e-05,0.999961,2.68763e-08,0.999825,0.00017486,7.29629e-08
11256,0,12,1385.92,14,1418.48,3,1,9,1.09782,5.07396e-06,4.78052e-09,9.03477e-06,0.999986,9.74466e-09,0.999936,6.35113e-05,2.64598e-08
11257,0,12,1385.92,14,1418.48,3,1,9,1.09727,1.88228e-06,1.77095e-09,3.352e-06,0.999995,3.60364e-09,0.999976,2.35282e-05,9.78698e-09
11258,0,12,1385.92,14,1418.48,3,1,9,1.09672,7.11936e-07,6.68896e-10,1.26798e-06,0.999998,1.35876e-09,0.999991,8.88698e-06,3.69095e-09
11259,0,12,1385.92,14,1418.48,3,1,0,1.09617,2.74442e-07,2.57492e-10,4.88846e-07,0.999999,5.22172e-10,0.999997,3.42127e-06,1.41871e-09
11260,0,12,1385.92,14,1418.48,3,1,9,1.09562,5.96883e-07,5.59237e-10,1.06331e-06,0.999998,1.1322e-09,0.999993,7.43121e-06,3.07673e-09
11261,0,12,1385.92,14,1418.48,3,1,0,1.09507,2.30782e-07,2.15925e-10,4.11171e-07,0.999999,4.36439e-10,0.999997,2.86962e-06,1.18625e-09
11262,0,12,1385.92,14,1418.48,3,1,0,1.09453,5.03748e-07,4.70661e-10,8.97603e-07,0.999999,9.4981e-10,0.999994,6.25606e-06,2.58213e-09
11263,0,12,1385.92,14,1418.48,3,1,0,1.09398,1.08281e-06,1.01028e-09,1.92963e-06,0.999997,2.03559e-09,0.999987,1.34313e-05,5.53501e-09
11264,0,12,1385.92,14,1418.48,3,1,9,1.09343,2.29272e-06,2.13616e-09,4.08622e-06,0.999994,4.29749e-09,0.999972,2.84058e-05,1.16877e-08
11265,0,12,1385.92,14,1418.48,3,1,0,1.09288,8.62303e-07,8.02299e-10,1.53703e-06,0.999998,1.61167e-09,0.999989,1.06717e-05,4.38407e-09
11266,0,12,1385.92,14,1418.48,3,1,0,1.09234,1.83442e-06,1.70439e-09,3.27018e-06,0.999995,3.41878e-09,0.999977,2.26773e-05,9.30165e-09
11267,0,12,1385.92,14,1418.48,3,1,0,1.09179,3.84492e-06,3.56739e-09,6.85503e-06,0.999989,7.14535e-09,0.999952,4.74798e-05,1.94446e-08
11268,0,12,1385.92,14,1418.48,3,1,9,1.09125,7.94236e-06,7.35879e-09,1.41619e-05,0.999978,1.47182e-08,0.999902,9.79725e-05,4.00605e-08
11269,0,12,1385.92,14,1418.48,3,1,0,1.0907,2.91171e-06,2.694e-09,5.19243e-06,0.999992,5.38112e-09,0.999964,3.58829e-05,1.46495e-08
11270,0,12,1385.92,14,1418.48,3,1,0,1.09016,6.04902e-06,5.58893e-09,1.07884e-05,0.999983,1.11483e-08,0.999925,7.44712e-05,3.03561e-08
11271,0,12,1385.92,14,1418.48,3,1,0,1.08961,1.23872e-05,1.1429e-08,2.2095e-05,0.999966,2.27664e-08,0.999848,0.000152349,6.20036e-08
11272,0,12,1385.92,14,1418.48,3,1,0,1.08907,2.50108e-05,2.30439e-08,4.4617e-05,0.99993,4.58388e-08,0.999693,0.000307287,1.24866e-07
11273,0,12,1385.92,14,1418.48,3,1,9,1.08852,4.98042e-05,4.58235e-08,8.88566e-05,0.999861,9.10162e-08,0.999388,0.000611215,2.4798e-07
11274,0,12,1385.92,14,1418.48,3,1,9,1.08798,1.75861e-05,1.61579e-08,3.13793e-05,0.999951,3.20638e-08,0.999784,0.000215703,8.73776e-08
11275,0,12,1385.92,14,1418.48,3,1,0,1.08743,6.33715e-06,5.81435e-09,1.13088e-05,0.999982,1.15254e-08,0.999922,7.7672e-05,3.14145e-08
11276,0,12,1385.92,14,1418.48,3,1,0,1.08689,1.29714e-05,1.18847e-08,2.31506e-05,0.999964,2.35292e-08,0.999841,0.000158847,6.41455e-08
11277,1,12,1385.92,14,1418.48,3,1,0,1.08635,2.61791e-05,2.39522e-08,4.67282e-05,0.999927,4.73602e-08,0.99968,0.000320297,1.2914e-07
11278,1,12,1385.92,14,1418.48,3,0,0,1.0858,0.0264012,0.0114048,0.0130664,0.949128,0.992622,0.00175907,0.00248697,0.00313168
11279,1,12,1385.92,14,1418.48,3,0,0,1.08526,0.0413951,0.0178789,0.0204843,0.920242,0.98789,0.00288714,0.00408213,0.0051406
11280,1,12,1385.92,14,1418.48,3,0,0,1.08472,0.0632757,0.0273248,0.0313075,0.878092,0.980373,0.00467888,0.00661592,0.00833177
11281,1,12,1385.92,14,1418.48,3,0,0,1.08417,0.0937236,0.0404665,0.0463659,0.819444,0.968635,0.00747681,0.0105729,0.0133156
11282,1,12,1385.92,14,1418.48,3,0,0,1.08363,0.133599,0.0576737,0.0660835,0.742643,0.950676,0.0117569,0.0166265,0.0209405
11283,1,12,1385.92,14,1418.48,0,0,0,1.08309,0.182088,0.0785926,0.0900551,0.649264,0.923904,0.0181371,0.0256511,0.0323082
11284,1,12,1385.92,14,1418.48,1,0,0,1.08255,0.140537,0.0825572,0.0946006,0.682305,0.885292,0.027338,0.0386665,0.0487038
11285,1,12,1385.92,14,1418.48,3,0,0,1.08201,0.142879,0.0670546,0.0961697,0.693896,0.831926,0.0400536,0.0566552,0.0713653
11286,1,12,1385.92,14,1418.48,3,2,0,1.08147,0.189236,0.0887968,0.127362,0.594605,0.762036,0.0567049,0.0802139,0.101046
11287,1,12,1385.92,14,1418.48,2,3,0,1.08093,0.23852,0.111906,0.160518,0.489056,0.77347,0.0575259,0.0664832,0.10252
11288,1,12,1385.92,14,1418.48,2,0,0,1.08039,0.249085,0.116845,0.123279,0.510792,0.789883,0.0587161,0.0678607,0.08354
11289,1,12,1385.92,14,1418.48,2,0,0,1.07985,0.25672,0.120408,0.0963465,0.526525,0.710367,0.0809335,0.0935409,0.115159
11290,1,12,1385.92,14,1418.48,1,0,0,1.07931,0.262278,0.122996,0.0767248,0.538001,0.617392,0.10691,0.123567,0.152131
11291,1,12,1385.92,14,1418.48,0,1,9,1.07877,0.270161,0.0965749,0.0790116,0.554252,0.517003,0.134956,0.155988,0.192053
11292,1,12,1385.92,14,1418.48,2,3,0,1.07823,0.594264,0.0536745,0.0439114,0.308151,0.358378,0.400418,0.108102,0.133102
11293,1,12,1385.92,14,1418.48,2,1,0,1.07769,0.598459,0.0540275,0.0372276,0.310285,0.370998,0.414528,0.111882,0.102591
11294,1,12,1385.92,14,1418.48,0,2,0,1.07715,0.601717,0.0542954,0.0320539,0.311934,0.430442,0.320782,0.129778,0.118998
11295,1,12,1385.92,14,1418.48,0,0,0,1.07661,0.495116,0.0688095,0.0406181,0.395456,0.444697,0.331386,0.101009,0.122908
11296,1,12,1385.92,14,1418.48,0,3,0,1.07607,0.390973,0.0829808,0.0489783,0.477068,0.348661,0.388731,0.11846,0.144148
11297,1,12,1385.92,14,1418.48,3,0,0,1.07553,0.300972,0.0952183,0.0561954,0.547615,0.362123,0.403749,0.123008,0.111121
11298,0,12,1385.92,13,1454.52,0,2,13,1.075,0.370481,0.117182,0.0691505,0.443186,0.278393,0.456788,0.139133,0.125686
11299,0,12,1385.92,13,1454.52,3,1,0,1.07446,0.000115842,1.02768e-07,0.000207301,0.999677,1.86644e-07,0.998687,0.00131233,5.11189e-07
11300,0,12,1385.92,13,1454.52,3,1,0,1.07392,0.000224307,1.98712e-07,0.000401447,0.999374,3.60777e-07,0.997457,0.0025412,9.88312e-07
11301,0,12,1385.92,13,1454.52,3,1,0,1.07338,0.000428608,3.79167e-07,0.000767178,0.998804,6.8761e-07,0.995146,0.0048519,1.88402e-06
11302,0,12,1385.92,13,1454.52,3,1,0,1.07285,0.000808225,7.13989e-07,0.00144683,0.997744,1.29136e-06,0.990867,0.0091282,3.53896e-06
11303,0,12,1385.92,13,1449.27,3,1,13,1.07231,0.00150382,1.32661e-06,0.00269236,0.995802,2.38656e-06,0.983091,0.0168998,6.54169e-06
11304,0,12,1385.92,13,1449.27,3,1,0,1.07177,0.000229477,2.02151e-07,0.000410891,0.999359,3.67851e-07,0.997389,0.00260946,1.0085e-06
11305,0,12,1385.92,13,1449.27,3,1,0,1.07124,0.000438452,3.85698e-07,0.000785163,0.998776,7.00977e-07,0.995016,0.00498142,1.92219e-06
11306,0,12,1385.92,13,1449.27,3,1,0,1.0707,0.000826713,7.26222e-07,0.00148062,0.997692,1.31618e-06,0.990625,0.00936988,3.60989e-06
11307,0,12,1385.92,13,1449.27,3,1,9,1.07017,0.00153805,1.3492e-06,0.00275493,0.995706,2.43169e-06,0.982649,0.017342,6.67077e-06
11308,0,12,1385.92,13,1449.27,3,1,0,1.06963,0.000504531,4.41957e-07,0.000903811,0.998591,8.04053e-07,0.994253,0.00574442,2.20618e-06
11309,0,12,1385.92,13,1449.27,3,1,0,1.0691,0.000948789,8.29946e-07,0.00169985,0.997351,1.50494e-06,0.989223,0.0107709,4.13012e-06
11310,0,12,1385.92,13,1449.27,3,1,0,1.06856,0.00176036,1.5377e-06,0.00315423,0.995084,2.77038e-06,0.980127,0.0198629,7.6045e-06
11311,0,12,1385.92,13,1449.27,3,1,0,1.06803,0.00322066,2.80932e-06,0.00577148,0.991005,5.00145e-06,0.964058,0.0359229,1.37314e-05
11312,0,12,1385.92,13,1449.27,3,1,0,1.0675,0.00580377,5.05539e-06,0.0104017,0.98379,8.81196e-06,0.936563,0.0634043,2.4198e-05
11313,0,12,1385.92,13,1449.27,3,1,9,1.06696,0.0102803,8.94208e-06,0.0184268,0.971284,1.50363e-05,0.891561,0.108382,4.12986e-05
11314,0,12,1385.92,13,1449.27,0,1,0,1.06643,0.00329685,2.86365e-06,0.00591007,0.99079,5.10193e-06,0.96314,0.0368404,1.40158e-05
11315,0,12,1385.92,13,1449.27,3,1,9,1.06589,0.0032072,2.85662e-06,0.00590459,0.990885,8.98078e-06,0.935002,0.0649644,2.46765e-05
11316,0,12,1385.92,13,1449.27,3,1,0,1.06536,0.00103758,9.22863e-07,0.00191046,0.997051,2.98307e-06,0.978372,0.0216171,8.19826e-06
11317,0,12,1385.92,13,1449.27,3,1,0,1.06483,0.00192148,1.70664e-06,0.00353839,0.994538,5.37209e-06,0.960981,0.0389986,1.47669e-05
11318,0,12,1385.92,13,1449.27,3,1,0,1.0643,0.00350828,3.11165e-06,0.00646126,0.990027,9.43267e-06,0.931366,0.0685982,2.59339e-05
11319,0,12,1385.92,13,1449.27,3,1,0,1.06376,0.00630735,5.5864e-06,0.0116178,0.982069,1.60177e-05,0.883245,0.116695,4.40476e-05
11320,0,12,1385.92,13,1449.27,3,1,0,1.06323,0.0111407,9.85339e-06,0.0205229,0.968327,2.60065e-05,0.810098,0.189804,7.15306e-05
11321,0,12,1385.92,13,1449.27,3,1,9,1.0627,0.0192595,1.70101e-05,0.0354834,0.94524,3.98238e-05,0.708686,0.291165,0.000109557
11322,0,12,1385.92,13,1449.27,2,1,0,1.06217,0.00619595,5.46464e-06,0.0114168,0.982382,1.52719e-05,0.888086,0.111856,4.2022e-05
11323,0,12,1385.92,13,1449.27,3,2,0,1.06164,0.00619896,5.4596e-06,0.0099406,0.983855,2.49067e-05,0.817156,0.182751,6.85472e-05
11324,0,12,1385.92,13,1449.27,3,2,0,1.06111,0.0109727,9.65035e-06,0.0175973,0.97142,2.64954e-05,0.871088,0.128812,7.29343e-05
11325,0,12,1385.92,13,1449.27,0,1,0,1.06058,0.0190269,1.67104e-05,0.0305171,0.950439,2.75437e-05,0.90744,0.0924567,7.58354e-05
11326,0,12,1385.92,13,1449.27,3,1,0,1.06005,0.016078,1.67244e-05,0.0305885,0.953317,4.5127e-05,0.848106,0.151725,0.000124272
11327,0,12,1385.92,13,1449.27,2,1,0,1.05952,0.0272223,2.82778e-05,0.0517972,0.920952,7.0366e-05,0.762768,0.236967,0.000193815
11328,0,12,1385.92,13,1449.27,3,1,0,1.05899,0.027534,2.85623e-05,0.040282,0.932155,0.000103121,0.651773,0.34784,0.000284093
11329,0,12,1385.92,13,1449.27,3,2,0,1.05846,0.0454704,4.71037e-05,0.0665278,0.887955,0.000140708,0.524075,0.475396,0.000387721
11330,0,12,1385.92,13,1449.27,3,2,0,1.05793,0.0721974,7.4688e-05,0.10564,0.822088,0.000173433,0.647026,0.352322,0.000477993
11331,0,12,1385.92,13,1441.07,2,1,13,1.0574,0.108998,0.000112603,0.1595,0.731389,0.000198975,0.743537,0.255715,0.000548499
11332,0,12,1385.92,13,1441.07,3,1,0,1.05687,0.049572,5.11412e-05,0.617617,0.33276,3.49471e-05,0.954892,0.0449771,9.63555e-05
11333,0,12,1385.92,13,1441.07,2,1,0,1.05634,0.0566071,5.83187e-05,0.705623,0.237712,5.9068e-05,0.923648,0.0761297,0.000162894
11334,0,12,1385.92,13,1440.51,3,1,13,1.05581,0.0797956,8.20955e-05,0.584938,0.335184,9.66921e-05,0.874836,0.1248,0.000266706
11335,0,12,1385.92,13,1440.51,3,1,0,1.05529,0.0245138,2.51857e-05,0.179769,0.795692,1.50628e-05,0.980474,0.0194694,4.15562e-05
11336,0,12,1385.92,13,1440.51,2,1,0,1.05476,0.0369502,3.79107e-05,0.271078,0.691934,2.63805e-05,0.965754,0.0341469,7.27948e-05
11337,0,12,1385.92,13,1440.51,3,1,0,1.05423,0.0409232,4.19292e-05,0.192253,0.766782,4.52005e-05,0.941238,0.0585915,0.000124753
11338,0,12,1385.92,13,1439.46,0,1,13,1.0537,0.0601456,6.15393e-05,0.282646,0.657147,7.53072e-05,0.901959,0.0977576,0.000207889
11339,0,12,1385.92,13,1439.46,3,1,0,1.05318,0.371031,4.11091e-05,0.18913,0.439799,1.14755e-05,0.985039,0.014918,3.16851e-05
11340,0,12,1385.92,13,1439.46,3,1,9,1.05265,0.452909,5.00897e-05,0.230836,0.316205,2.02821e-05,0.973519,0.0264042,5.60124e-05
11341,0,12,1385.92,13,1439.46,3,1,0,1.05212,0.253488,2.79835e-05,0.129178,0.617306,6.41379e-06,0.991614,0.00836175,1.77163e-05
11342,0,12,1385.92,13,1439.46,3,1,9,1.0516,0.342067,3.76934e-05,0.174296,0.483599,1.15276e-05,0.984906,0.0150503,3.18483e-05
11343,0,12,1385.92,13,1439.46,3,1,0,1.05107,0.160336,1.76357e-05,0.0816858,0.757961,3.65577e-06,0.995206,0.00477979,1.01022e-05
11344,0,12,1385.92,13,1439.46,2,1,0,1.05055,0.237106,2.60324e-05,0.120782,0.642086,6.66422e-06,0.991249,0.00872573,1.84193e-05
11345,0,12,1385.92,13,1439.46,3,1,9,1.05002,0.246475,2.70117e-05,0.085909,0.667589,1.19677e-05,0.984263,0.0156923,3.30843e-05
11346,0,12,1385.92,13,1439.46,3,1,0,1.0495,0.097124,1.06246e-05,0.0338455,0.86902,3.79105e-06,0.995008,0.00497804,1.04824e-05
11347,0,12,1385.92,13,1428.74,0,1,13,1.04897,0.156053,1.70399e-05,0.0543695,0.78956,6.90618e-06,0.990892,0.00908159,1.90997e-05
11348,0,12,1385.92,13,1428.74,0,1,9,1.04845,0.6061,7.93632e-06,0.0253635,0.368528,1.01618e-06,0.998658,0.00133819,2.8109e-06
11349,0,12,1385.92,13,1428.74,0,1,0,1.04792,0.832593,3.36579e-06,0.010774,0.156629,3.34478e-07,0.999558,0.000441102,9.25408e-07
11350,0,12,1385.92,13,1428.74,0,1,0,1.0474,0.733334,5.35012e-06,0.0171536,0.249507,6.41923e-07,0.99915,0.000847771,1.77638e-06
11351,0,12,1385.92,13,1428.74,3,1,9,1.04688,0.606044,7.88723e-06,0.025329,0.368619,1.21581e-06,0.998387,0.001608,3.36517e-06
11352,0,12,1385.92,13,1428.74,0,1,0,1.04635,0.321649,4.17662e-06,0.0134345,0.664912,3.98509e-07,0.999471,0.000527815,1.10324e-06
11353,0,12,1385.92,13,1428.74,0,1,0,1.04583,0.221323,4.78293e-06,0.0154096,0.763262,7.62264e-07,0.998986,0.00101105,2.11069e-06
11354,0,12,1385.92,13,1428.74,3,1,0,1.04531,0.15203,5.19618e-06,0.016768,0.831197,1.43893e-06,0.998083,0.00191132,3.98517e-06
11355,0,12,1385.92,13,1428.74,3,1,0,1.04478,0.24046,8.20171e-06,0.0265097,0.733023,2.68042e-06,0.996424,0.00356551,7.42505e-06
11356,0,12,1385.92,13,1428.74,0,1,9,1.04426,0.353415,1.20297e-05,0.0389454,0.607627,4.92543e-06,0.99342,0.00656126,1.36467e-05
11357,0,12,1385.92,13,1428.74,0,1,0,1.04374,0.653308,6.43645e-06,0.0208713,0.325814,1.57333e-06,0.997895,0.00209888,4.36007e-06
11358,0,12,1385.92,13,1428.74,3,1,9,1.04322,0.514539,8.99354e-06,0.0292104,0.456242,2.92576e-06,0.99608,0.0039087,8.10962e-06
11359,0,12,1385.92,13,1428.74,3,1,9,1.0427,0.251132,4.37988e-06,0.0142486,0.734615,9.42065e-07,0.998736,0.00126037,2.61175e-06
11360,0,12,1385.92,13,1428.74,3,1,0,1.04217,0.096214,1.67435e-06,0.00545581,0.898329,3.09588e-07,0.999584,0.00041479,8.58466e-07
11361,0,12,1385.92,13,1428.74,3,1,0,1.04165,0.162959,2.82966e-06,0.00923525,0.827803,5.95547e-07,0.999199,0.000799071,1.65175e-06
11362,0,12,1385.92,13,1428.74,0,1,0,1.04113,0.259495,4.49608e-06,0.0146978,0.725802,1.13058e-06,0.998477,0.00151914,3.1363e-06
11363,0,12,1385.92,13,1428.74,3,1,0,1.04061,0.177825,4.98007e-06,0.0163063,0.805863,2.11804e-06,0.997142,0.00285006,5.87676e-06
11364,0,12,1385.92,13,1428.74,3,1,0,1.04009,0.276532,7.72817e-06,0.0253455,0.698115,3.91476e-06,0.99471,0.00527536,1.08642e-05
11365,0,12,1385.92,13,1428.74,3,1,0,1.03957,0.397737,1.10922e-05,0.036437,0.565815,7.13435e-06,0.990345,0.00962781,1.98032e-05
11366,0,12,1385.92,13,1428.74,3,1,0,1.03905,0.525681,1.46295e-05,0.048135,0.426169,1.28043e-05,0.982647,0.0173044,3.5549e-05
11367,0,12,1385.92,13,1428.74,2,1,0,1.03853,0.638332,1.77274e-05,0.0584222,0.303228,2.25821e-05,0.969352,0.0305626,6.27081e-05
11368,0,12,1385.92,13,1428.74,3,1,9,1.03801,0.648653,1.79762e-05,0.0432435,0.308085,3.89935e-05,0.947003,0.0528499,0.000108303
11369,0,12,1385.92,13,1428.74,0,1,9,1.03749,0.363046,1.00401e-05,0.0241899,0.612754,1.23048e-05,0.983252,0.0167015,3.41832e-05
11370,0,12,1385.92,13,1428.74,0,1,0,1.03697,0.662289,5.31161e-06,0.0128175,0.324888,3.87262e-06,0.994721,0.00526392,1.07604e-05
11371,0,12,1385.92,13,1428.74,0,1,0,1.03646,0.523246,7.48219e-06,0.0180834,0.458663,7.06212e-06,0.99036,0.00961318,1.96268e-05
11372,0,12,1385.92,13,1428.74,3,1,0,1.03594,0.383191,9.65914e-06,0.0233812,0.593419,1.26827e-05,0.982663,0.017289,3.52545e-05
11373,0,12,1385.92,13,1428.74,3,1,0,1.03542,0.515504,1.29669e-05,0.031437,0.453046,2.23813e-05,0.969361,0.0305543,6.22269e-05
11374,0,12,1385.92,13,1428.74,3,1,0,1.0349,0.636731,1.59823e-05,0.0388081,0.324445,3.86694e-05,0.946987,0.0528664,0.000107535
11375,0,12,1385.92,13,1428.74,2,1,0,1.03438,0.728407,1.82447e-05,0.0443708,0.227204,6.5036e-05,0.910712,0.0890418,0.000180894
11376,0,12,1385.92,13,1428.74,0,1,0,1.03387,0.736397,1.84058e-05,0.033941,0.229643,0.00010559,0.854826,0.144774,0.000293753
11377,0,12,1385.92,13,1428.74,0,1,0,1.03335,0.615219,2.68177e-05,0.0495271,0.335227,0.000163721,0.774579,0.224801,0.000455566
11378,0,12,1385.92,13,1424.83,0,1,13,1.03283,0.480567,3.61359e-05,0.0668367,0.45256,0.000239632,0.669584,0.32951,0.000666932
11379,0,12,1385.92,13,1424.83,0,1,9,1.03232,0.871886,8.89627e-06,0.0164792,0.111626,4.47382e-05,0.938224,0.0616069,0.000124539
11380,0,12,1385.92,13,1424.83,0,1,0,1.0318,0.956684,3.00238e-06,0.00556991,0.0377435,1.41248e-05,0.980468,0.0194788,3.93275e-05
11381,0,12,1385.92,13,1424.83,0,1,0,1.03129,0.923829,5.26991e-06,0.0097913,0.0663744,2.48451e-05,0.965594,0.0343121,6.91902e-05
11382,0,12,1385.92,13,1424.83,0,1,0,1.03077,0.870785,8.92336e-06,0.0166042,0.112602,4.27415e-05,0.940725,0.0591132,0.000119053
11383,0,12,1385.92,13,1424.83,0,1,0,1.03025,0.791141,1.43969e-05,0.0268296,0.182015,7.14616e-05,0.900752,0.0989774,0.000199092
11384,0,12,1385.92,13,1424.83,0,1,9,1.02974,0.682877,2.18195e-05,0.0407234,0.276378,0.000115088,0.839932,0.159632,0.000320701
11385,0,12,1385.92,13,1424.83,0,1,0,1.02922,0.877422,8.41843e-06,0.0157356,0.106834,3.83226e-05,0.946623,0.0532323,0.000106811
11386,0,12,1385.92,13,1424.83,0,1,0,1.02871,0.800692,1.36629e-05,0.025577,0.173717,6.44922e-05,0.910043,0.0897131,0.000179786
11387,0,12,1385.92,13,1424.83,0,1,0,1.0282,0.695159,2.0859e-05,0.0391071,0.265713,0.000104743,0.853687,0.145916,0.000292054
11388,0,12,1385.92,13,1424.83,3,1,9,1.02768,0.566891,2.95812e-05,0.0555435,0.377536,0.000162404,0.772815,0.22657,0.000452921
11389,0,12,1385.92,13,1424.83,0,1,0,1.02717,0.291691,1.51909e-05,0.0285663,0.679728,5.66187e-05,0.920682,0.0791034,0.000157934
11390,0,12,1385.92,13,1424.83,3,1,0,1.02665,0.203565,1.70448e-05,0.0321009,0.764317,9.28783e-05,0.869697,0.129951,0.000259131
11391,0,12,1385.92,13,1424.83,3,1,0,1.02614,0.303064,2.53282e-05,0.0477735,0.649138,0.000145859,0.795072,0.204375,0.000407031
11392,0,12,1385.92,13,1424.83,0,1,9,1.02563,0.41787,3.48575e-05,0.0658466,0.516249,0.000216726,0.695066,0.304112,0.000604914
11393,0,12,1385.92,13,1424.83,0,1,0,1.02511,0.712556,1.71797e-05,0.0325018,0.254925,8.02134e-05,0.886976,0.11272,0.000223933
11394,0,12,1385.92,13,1424.83,0,1,9,1.0246,0.586103,2.46911e-05,0.046783,0.367089,0.000127787,0.819683,0.179832,0.000356818
11395,0,12,1385.92,13,1424.83,0,1,9,1.02409,0.825973,1.03621e-05,0.0196632,0.154353,4.30293e-05,0.939194,0.0606424,0.000120175
11396,0,12,1385.92,13,1424.83,3,2,0,1.02358,0.939524,3.59423e-06,0.0068307,0.0536421,1.35268e-05,0.980857,0.0190914,3.77863e-05
11397,0,12,1385.92,13,1424.83,3,1,0,1.02307,0.953214,3.63751e-06,0.00692341,0.0398591,1.35415e-05,0.984125,0.0158236,3.78352e-05
11398,0,12,1385.92,13,1424.83,0,1,9,1.02255,0.962605,3.66419e-06,0.00698473,0.030407,2.39365e-05,0.971899,0.02801,6.68928e-05
11399,0,12,1385.92,13,1424.83,0,1,0,1.02204,0.988005,1.17326e-06,0.00223986,0.00975376,7.43331e-06,0.991261,0.0087106,2.07773e-05
11400,0,12,1385.92,13,1424.83,0,1,0,1.02153,0.977933,2.15471e-06,0.00411977,0.0179454,1.33724e-05,0.984257,0.0156924,3.73858e-05
11401,0,12,1385.92,13,1424.83,0,1,0,1.02102,0.960214,3.87801e-06,0.00742589,0.0323561,2.36508e-05,0.972117,0.0277933,6.61352e-05
11402,0,12,1385.92,13,1424.83,0,1,9,1.02051,0.930077,6.80359e-06,0.0130477,0.0568683,4.09859e-05,0.951612,0.0482328,0.000114633
11403,0,12,1385.92,13,1424.83,0,1,0,1.02,0.977358,2.19921e-06,0.00422397,0.0184155,1.27595e-05,0.984915,0.0150368,3.56943e-05
11404,0,12,1385.92,13,1424.83,0,1,9,1.01949,0.959206,3.95545e-06,0.00760862,0.0331816,2.2604e-05,0.973238,0.026676,6.32469e-05
11405,0,12,1385.92,13,1424.83,0,1,0,1.01898,0.986926,1.26546e-06,0.00243789,0.0106349,7.00923e-06,0.99169,0.00828364,1.96162e-05
11406,0,12,1385.92,13,1423.3,0,1,13,1.01847,0.975995,2.31941e-06,0.0044751,0.0195276,1.26338e-05,0.985,0.014952,3.53645e-05
11407,0,12,1385.92,13,1423.3,0,1,0,1.01796,0.996476,3.39892e-07,0.000656783,0.0028668,1.79941e-06,0.997861,0.00213261,5.03794e-06
11408,0,12,1385.92,13,1423.3,0,1,0,1.01745,0.993304,6.44723e-07,0.00124771,0.00544772,3.3492e-06,0.996012,0.00397499,9.37891e-06
11409,0,12,1385.92,13,1423.3,0,1,0,1.01694,0.98747,1.20428e-06,0.00233413,0.0101943,6.14848e-06,0.992669,0.00730765,1.72214e-05
11410,0,12,1385.92,13,1420.87,0,1,13,1.01644,0.976955,2.21105e-06,0.00429194,0.0187505,1.1123e-05,0.986719,0.0132387,3.11611e-05
11411,0,12,1385.92,13,1420.87,0,1,0,1.01593,0.996623,3.23485e-07,0.000628878,0.00274823,1.58314e-06,0.998107,0.00188694,4.43607e-06
11412,0,12,1385.92,13,1420.87,0,1,0,1.01542,0.993573,6.14454e-07,0.00119635,0.00522967,2.9556e-06,0.996461,0.00352778,8.28352e-06
11413,0,12,1385.92,13,1420.87,0,1,0,1.01491,0.987957,1.14942e-06,0.00224133,0.00980053,5.44294e-06,0.993473,0.00650586,1.52578e-05
11414,0,12,1385.92,13,1420.87,0,1,0,1.0144,0.977815,2.1137e-06,0.0041279,0.0180551,9.87961e-06,0.988137,0.0118257,2.77006e-05
11415,0,12,1385.92,13,1420.87,0,1,0,1.0139,0.959953,3.80877e-06,0.00744953,0.0325933,1.76486e-05,0.978778,0.021155,4.94936e-05
11416,0,12,1385.92,13,1420.87,0,1,0,1.01339,0.929546,6.689e-06,0.0131028,0.0573445,3.09454e-05,0.962736,0.0371463,8.6801e-05
11417,0,12,1385.92,13,1420.87,0,1,9,1.01288,0.880203,1.13537e-05,0.0222741,0.0975115,5.30289e-05,0.936053,0.0637451,0.000148775
11418,0,12,1385.92,13,1420.87,0,1,9,1.01238,0.960343,3.75192e-06,0.0073718,0.0322818,1.65396e-05,0.980027,0.0199102,4.64123e-05
11419,0,12,1385.92,13,1420.87,0,1,9,1.01187,0.987337,1.19595e-06,0.00235339,0.0103087,5.11636e-06,0.993813,0.00616777,1.43601e-05
11420,0,12,1385.92,13,1420.87,0,1,0,1.01137,0.995941,3.82695e-07,0.000754207,0.0033047,1.60424e-06,0.998057,0.00193666,4.50357e-06
11421,0,12,1385.92,13,1420.87,0,1,0,1.01086,0.992301,7.24519e-07,0.00143003,0.00626781,2.99603e-06,0.996367,0.00362198,8.41246e-06
11422,0,12,1385.92,13,1420.87,0,1,9,1.01035,0.985627,1.35025e-06,0.00266914,0.0117022,5.51905e-06,0.993297,0.0066816,1.54999e-05
11423,0,12,1385.92,13,1420.87,0,1,9,1.00985,0.995402,4.31164e-07,0.000853607,0.00374356,1.72706e-06,0.9979,0.00209383,4.85136e-06
11424,0,12,1385.92,13,1420.87,0,1,9,1.00934,0.998506,1.39868e-07,0.000277327,0.0012166,5.51157e-07,0.999329,0.000669153,1.54853e-06
11425,0,12,1385.92,13,1420.87,0,1,0,1.00884,0.999505,4.6287e-08,9.19165e-05,0.000403345,1.79693e-07,0.999781,0.000218473,5.04971e-07
11426,0,12,1385.92,13,1420.87,0,1,9,1.00834,0.999017,9.17032e-08,0.000182381,0.000800553,3.51118e-07,0.999571,0.000427501,9.86912e-07
11427,0,12,1385.92,13,1420.87,0,1,9,1.00783,0.999672,3.0575e-08,6.09003e-05,0.000267399,1.15418e-07,0.999859,0.000140726,3.2448e-07
11428,0,12,1385.92,13,1420.87,0,1,9,1.00733,0.999888,1.04108e-08,2.07682e-05,9.12154e-05,3.87667e-08,0.999953,4.73344e-05,1.09009e-07
11429,0,12,1385.92,13,1420.87,0,1,9,1.00682,0.999961,3.61982e-09,7.23205e-06,3.1773e-05,1.33008e-08,0.999984,1.62635e-05,3.74087e-08
11430,0,12,1385.92,13,1420.87,0,1,0,1.00632,0.999986,1.28479e-09,2.57079e-06,1.12977e-05,4.6598e-09,0.999994,5.70586e-06,1.31085e-08
11431,0,12,1385.92,13,1420.87,0,1,0,1.00582,0.99997,2.73493e-09,5.48075e-06,2.40932e-05,9.79377e-09,0.999988,1.20094e-05,2.75565e-08
11432,0,12,1385.92,13,1420.87,0,1,0,1.00531,0.999938,5.73568e-09,1.15117e-05,5.06201e-05,2.02849e-08,0.999975,2.49093e-05,5.70869e-08
11433,0,12,1385.92,13,1420.87,0,1,0,1.00481,0.999871,1.18541e-08,2.38278e-05,0.000104808,4.1415e-08,0.999949,5.0929e-05,1.16577e-07
11434,0,12,1385.92,13,1420.87,0,1,9,1.00431,0.999737,2.41496e-08,4.86168e-05,0.000213908,8.33729e-08,0.999897,0.000102672,2.3473e-07
11435,0,12,1385.92,13,1420.87,0,1,0,1.00381,0.99991,8.24473e-09,1.66232e-05,7.31616e-05,2.81281e-08,0.999965,3.46883e-05,7.92088e-08
11436,0,12,1385.92,13,1420.87,0,1,0,1.0033,0.999815,1.69207e-08,3.41678e-05,0.000150423,5.70695e-08,0.999929,7.048e-05,1.60741e-07
11437,0,12,1385.92,13,1420.87,0,1,0,1.0028,0.999626,3.42347e-08,6.9235e-05,0.000304896,1.14183e-07,0.999858,0.000141215,3.21672e-07
11438,0,12,1385.92,13,1420.87,0,1,0,1.0023,0.999252,6.82969e-08,0.000138332,0.000609365,2.25337e-07,0.99972,0.000279081,6.34944e-07
11439,0,12,1385.92,13,1420.87,0,1,0,1.0018,0.998526,1.3436e-07,0.000272554,0.00120098,4.38725e-07,0.999454,0.000544139,1.23648e-06
11440,0,12,1385.92,13,1420.87,0,1,0,1.0013,0.997136,2.60648e-07,0.00052954,0.00233406,8.42845e-07,0.99895,0.00104685,2.37592e-06
11441,0,12,1385.92,13,1420.87,0,1,9,1.0008,0.994514,4.98447e-07,0.0010142,0.00447164,1.59781e-06,0.998007,0.00198737,4.50503e-06
11442,0,12,1385.92,13,1420.87,0,1,0,1.0003,0.99823,1.60503e-07,0.000327078,0.00144252,5.08075e-07,0.999365,0.000632852,1.43282e-06
11443,0,12,1385.92,13,1420.87,0,1,0,0.999799,0.996573,3.10249e-07,0.000633199,0.00279344,9.73376e-07,0.998782,0.00121416,2.74558e-06
11444,0,12,1385.92,13,1420.87,0,1,0,0.999299,0.993459,5.91083e-07,0.0012082,0.00533174,1.84013e-06,0.997694,0.00229859,5.1915e-06
11445,0,12,1385.92,13,1420.52,0,1,13,0.998799,0.987708,1.10888e-06,0.00227006,0.0100206,3.43213e-06,0.995694,0.00429335,9.68495e-06
11446,0,12,1385.92,13,1420.52,0,1,9,0.9983,0.998218,1.60472e-07,0.000329014,0.00145279,4.88656e-07,0.999386,0.000612146,1.3792e-06
11447,0,12,1385.92,13,1420.52,0,1,9,0.9978,0.999414,5.2641e-08,0.000108094,0.00047744,1.58703e-07,0.9998,0.000199093,4.48021e-07
11448,0,12,1385.92,13,1420.52,0,1,0,0.997302,0.999803,1.76348e-08,3.62671e-05,0.000160235,5.2674e-08,0.999934,6.61741e-05,1.48731e-07
11449,0,12,1385.92,13,1420.52,0,1,0,0.996803,0.999602,3.56799e-08,7.34899e-05,0.000324789,1.05648e-07,0.999867,0.000132915,2.98371e-07
11450,0,12,1385.92,13,1420.52,0,1,0,0.996304,0.999204,7.118e-08,0.000146833,0.000649124,2.09e-07,0.999736,0.000263316,5.90378e-07
11451,0,12,1385.92,13,1420.52,0,1,9,0.995806,0.998431,1.40029e-07,0.000289299,0.00127932,4.07886e-07,0.999484,0.000514624,1.15243e-06
11452,0,12,1385.92,13,1420.52,0,1,0,0.995308,0.999484,4.59869e-08,9.5154e-05,0.000420909,1.32749e-07,0.999832,0.000167727,3.75143e-07
11453,0,12,1385.92,13,1420.52,0,1,9,0.994811,0.998974,9.1291e-08,0.000189184,0.000837095,2.61475e-07,0.999668,0.000330844,7.39071e-07
11454,0,12,1385.92,13,1420.52,0,1,9,0.994313,0.99966,3.0208e-08,6.26962e-05,0.000277499,8.57926e-08,0.999891,0.000108708,2.42547e-07
11455,0,12,1385.92,13,1420.52,0,1,0,0.993816,0.999885,1.02096e-08,2.12223e-05,9.39596e-05,2.87652e-08,0.999963,3.65006e-05,8.13397e-08
11456,0,12,1385.92,13,1420.52,0,1,9,0.993319,0.999764,2.08935e-08,4.34969e-05,0.000192636,5.84211e-08,0.999926,7.42377e-05,1.65233e-07
11457,0,12,1385.92,13,1420.52,0,1,0,0.992823,0.99992,7.10873e-09,1.48219e-05,6.56614e-05,1.97259e-08,0.999975,2.51022e-05,5.58024e-08
11458,0,12,1385.92,13,1420.52,0,1,0,0.992326,0.999834,1.4655e-08,3.06027e-05,0.000135611,4.03694e-08,0.999948,5.14457e-05,1.14225e-07
11459,0,12,1385.92,13,1420.52,0,1,9,0.99183,0.999662,2.97816e-08,6.22854e-05,0.000276091,8.14572e-08,0.999896,0.000103955,2.3053e-07
11460,0,12,1385.92,13,1420.52,0,1,9,0.991334,0.999886,1.00539e-08,2.10591e-05,9.33759e-05,2.73009e-08,0.999965,3.48912e-05,7.72795e-08
11461,0,12,1385.92,13,1420.52,0,1,9,0.990838,0.99996,3.46639e-09,7.27185e-06,3.2253e-05,9.34723e-09,0.999988,1.19631e-05,2.64643e-08
11462,0,12,1385.92,13,1420.52,0,1,0,0.990343,0.999986,1.2202e-09,2.56368e-06,1.13741e-05,3.26797e-09,0.999996,4.18852e-06,9.25437e-09
11463,0,12,1385.92,13,1420.52,0,1,0,0.989848,0.99997,2.60595e-09,5.48356e-06,2.43358e-05,6.93306e-09,0.999991,8.89874e-06,1.96374e-08
11464,0,12,1385.92,13,1420.52,0,1,0,0.989353,0.999937,5.48273e-09,1.15547e-05,5.12945e-05,1.44921e-08,0.999981,1.86276e-05,4.10564e-08
11465,0,12,1385.92,13,1420.52,0,1,9,0.988858,0.999869,1.1367e-08,2.39923e-05,0.00010654,2.98555e-08,0.999961,3.84301e-05,8.45989e-08
11466,0,12,1385.92,13,1420.52,0,1,9,0.988364,0.999955,3.90404e-09,8.25288e-06,3.66587e-05,1.01894e-08,0.999987,1.31346e-05,2.88787e-08
11467,0,12,1385.92,13,1420.52,0,1,9,0.98787,0.999984,1.36907e-09,2.89857e-06,1.28791e-05,3.55128e-09,0.999995,4.58434e-06,1.00671e-08
11468,0,12,1385.92,13,1420.52,0,1,0,0.987376,0.999994,4.90026e-10,1.03906e-06,4.61819e-06,1.26346e-09,0.999998,1.63334e-06,3.5824e-09
11469,0,12,1385.92,13,1420.52,0,1,9,0.986882,0.999988,1.06607e-09,2.26399e-06,1.00655e-05,2.73259e-09,0.999996,3.53762e-06,7.74955e-09
11470,0,12,1385.92,13,1420.52,0,1,9,0.986389,0.999996,3.8325e-10,8.15144e-07,3.62514e-06,9.76697e-10,0.999999,1.26625e-06,2.77046e-09
11471,0,12,1385.92,13,1420.52,0,1,0,0.985895,0.999998,1.40556e-10,2.99411e-07,1.33195e-06,3.5618e-10,1,4.62435e-07,1.01054e-09
11472,0,12,1385.92,13,1420.52,0,1,9,0.985402,0.999996,3.1351e-10,6.68861e-07,2.97636e-06,7.90073e-10,0.999999,1.02724e-06,2.24203e-09
11473,0,12,1385.92,13,1420.52,0,1,9,0.98491,0.999999,1.15371e-10,2.46517e-07,1.0973e-06,2.89171e-10,1,3.76514e-07,8.20764e-10
11474,0,12,1385.92,13,1420.52,0,1,9,0.984417,0.999999,4.32928e-11,9.2647e-08,4.12516e-07,1.07935e-10,1,1.40738e-07,3.0642e-10
11475,0,12,1385.92,13,1420.52,0,1,0,0.983925,1,1.65592e-11,3.54912e-08,1.58074e-07,4.10698e-11,1,5.36285e-08,1.16619e-10
11476,0,12,1385.92,13,1420.52,0,1,0,0.983433,1,3.85443e-11,8.27386e-08,3.68618e-07,9.51101e-11,1,1.24372e-07,2.70124e-10
11477,0,12,1385.92,13,1420.52,0,1,0,0.982941,0.999999,8.82357e-11,1.89697e-07,8.45392e-07,2.1664e-10,1,2.837e-07,6.15413e-10
11478,0,12,1385.92,13,1420.52,0,1,0,0.98245,0.999998,1.98718e-10,4.27876e-07,1.90742e-06,4.85517e-10,0.999999,6.36719e-07,1.3795e-09
11479,0,12,1385.92,13,1420.52,0,1,9,0.981959,0.999995,4.40429e-10,9.49783e-07,4.23528e-06,1.07093e-09,0.999999,1.40646e-06,3.04346e-09
11480,0,12,1385.92,13,1420.52,0,1,0,0.981468,0.999998,1.60667e-10,3.47009e-07,1.54785e-06,3.88836e-10,0.999999,5.11397e-07,1.10526e-09
11481,0,12,1385.92,13,1420.52,0,1,0,0.980977,0.999996,3.57647e-10,7.73637e-07,3.45188e-06,8.61581e-10,0.999999,1.13478e-06,2.44955e-09
11482,0,12,1385.92,13,1420.52,0,1,9,0.980487,0.999991,7.83666e-10,1.69778e-06,7.57754e-06,1.87938e-09,0.999998,2.47887e-06,5.34434e-09
11483,0,12,1385.92,13,1420.52,0,1,0,0.979996,0.999997,2.82392e-10,6.1273e-07,2.73556e-06,6.74238e-10,0.999999,8.90587e-07,1.91772e-09
11484,0,12,1385.92,13,1420.52,0,1,9,0.979506,0.999993,6.21759e-10,1.35116e-06,6.03412e-06,1.4781e-09,0.999998,1.9552e-06,4.205e-09
11485,0,12,1385.92,13,1420.52,0,1,0,0.979017,0.999997,2.24949e-10,4.89593e-07,2.18712e-06,5.32502e-10,0.999999,7.05396e-07,1.51521e-09
11486,0,12,1385.92,13,1420.52,0,1,0,0.978527,0.999994,4.9759e-10,1.08465e-06,4.84684e-06,1.17302e-09,0.999998,1.55612e-06,3.33848e-09
11487,0,12,1385.92,13,1420.52,0,1,0,0.978038,0.999987,1.08358e-09,2.36563e-06,1.05741e-05,2.54407e-09,0.999997,3.37979e-06,7.24208e-09
11488,0,12,1385.92,13,1420.52,0,1,9,0.977549,0.999972,2.32371e-09,5.08087e-06,2.27178e-05,5.43405e-09,0.999993,7.22953e-06,1.54721e-08
11489,0,12,1385.92,13,1420.52,0,1,0,0.97706,0.99999,8.1811e-10,1.79157e-06,8.01296e-06,1.90568e-09,0.999997,2.53899e-06,5.42709e-09
11490,0,12,1385.92,13,1420.52,0,1,0,0.976571,0.999979,1.76447e-09,3.86995e-06,1.73139e-05,4.09445e-09,0.999995,5.463e-06,1.16628e-08
11491,0,12,1385.92,13,1420.52,0,1,0,0.976083,0.999955,3.74828e-09,8.23363e-06,3.68477e-05,8.66548e-09,0.999988,1.15785e-05,2.46883e-08
11492,0,12,1385.92,13,1420.52,0,1,9,0.975595,0.999905,7.84491e-09,1.7259e-05,7.72618e-05,1.80705e-08,0.999976,2.41801e-05,5.14944e-08
11493,0,12,1385.92,13,1420.52,0,1,0,0.975107,0.999967,2.69322e-09,5.93428e-06,2.65734e-05,6.18119e-09,0.999992,8.28293e-06,1.76178e-08
11494,0,12,1385.92,13,1420.52,0,1,9,0.97462,0.999931,5.67464e-09,1.25229e-05,5.60936e-05,1.29784e-08,0.999983,1.74164e-05,3.69992e-08
11495,0,12,1385.92,13,1420.52,0,1,9,0.974132,0.999976,1.95952e-09,4.33096e-06,1.94054e-05,4.46601e-09,0.999994,6.00182e-06,1.27345e-08
11496,1,12,1385.92,13,1420.52,0,1,0,0.973645,0.999992,6.90826e-10,1.52923e-06,6.85396e-06,1.56916e-09,0.999998,2.11181e-06,4.47528e-09
11497,1,12,1385.92,13,1420.52,0,2,0,0.973159,0.937656,0.0111937,0.00646556,0.0446847,0.0561538,0.0940086,0.825292,0.0245461
11498,1,12,1385.92,13,1420.52,1,0,0,0.972672,0.902265,0.0175447,0.0101329,0.0700571,0.0804952,0.134773,0.749551,0.0351804
11499,1,12,1385.92,13,1420.52,0,2,0,0.972186,0.903609,0.0161265,0.0101388,0.0701256,0.0653331,0.136958,0.761967,0.0357413
11500,1,12,1385.92,13,1420.52,0,2,0,0.9717,0.853135,0.0245659,0.0154433,0.106855,0.0900972,0.1889,0.67172,0.0492828
11501,1,12,1385.92,13,1420.52,0,1,0,0.971214,0.784185,0.0360918,0.022687,0.157036,0.118317,0.248103,0.568869,0.0647112
11502,1,12,1385.92,13,1420.52,0,2,9,0.970728,0.696407,0.050761,0.0319049,0.220927,0.127581,0.189047,0.613603,0.0697695
11503,1,12,1385.92,13,1420.52,0,2,0,0.970243,0.898086,0.0170366,0.010707,0.0741702,0.0456759,0.067687,0.861662,0.0249755
11504,1,12,1385.92,13,1420.52,0,0,0,0.969758,0.845332,0.02585,0.0162445,0.112573,0.0668004,0.098999,0.797679,0.036522
11505,1,12,1385.92,13,1420.52,3,0,0,0.969273,0.773842,0.0377905,0.0237459,0.164621,0.0552996,0.100184,0.807564,0.0369518
11506,1,12,1385.92,13,1420.52,0,2,0,0.968788,0.808881,0.0394778,0.0248038,0.126837,0.0465617,0.101075,0.81509,0.0372731
11507,1,12,1385.92,13,1420.52,0,2,0,0.968304,0.727823,0.0562133,0.0353154,0.180648,0.0660011,0.143296,0.737871,0.0528321
11508,1,12,1385.92,13,1420.52,0,2,0,0.96782,0.630291,0.076346,0.0479591,0.245404,0.0894874,0.194318,0.644565,0.0716291
11509,1,12,1385.92,13,1420.52,3,2,0,0.967336,0.523022,0.0984832,0.0618595,0.316635,0.115566,0.250985,0.54095,0.0924991
11510,1,12,1385.92,13,1420.52,3,2,0,0.966852,0.581623,0.109481,0.068761,0.240135,0.14204,0.30853,0.435746,0.113684
11511,1,12,1385.92,13,1420.52,0,1,0,0.966369,0.625448,0.117691,0.0739105,0.182951,0.166664,0.362072,0.337878,0.133386
11512,1,12,1385.92,13,1420.52,0,1,0,0.965885,0.519996,0.150822,0.0947081,0.234474,0.189636,0.274096,0.384504,0.151765
11513,1,12,1385.92,13,1420.52,0,2,0,0.965402,0.414792,0.183874,0.115452,0.285883,0.207292,0.206457,0.420363,0.165888
11514,1,12,1385.92,13,1420.52,1,2,0,0.96492,0.318627,0.214083,0.134408,0.332882,0.241138,0.240165,0.325732,0.192964
11515,1,12,1385.92,13,1420.52,3,2,0,0.964437,0.340933,0.159084,0.143793,0.35619,0.27004,0.26895,0.244927,0.216083
11516,1,12,1385.92,13,1420.52,0,3,0,0.963955,0.387229,0.180659,0.163291,0.268822,0.29285,0.291669,0.181156,0.234325
11517,1,12,1385.92,13,1420.52,1,3,0,0.963473,0.295918,0.207573,0.187614,0.308895,0.315751,0.314477,0.195304,0.174468
11518,1,12,1385.92,13,1420.52,0,1,0,0.962991,0.315788,0.15438,0.200193,0.329639,0.332188,0.330848,0.205451,0.131513
11519,1,12,1385.92,13,1420.52,3,0,0,0.96251,0.236915,0.172161,0.223262,0.367661,0.372157,0.250385,0.230148,0.147309
11520,1,12,1385.92,13,1420.52,3,0,0,0.962029,0.269658,0.195943,0.254115,0.280284,0.285852,0.284813,0.261789,0.167546
11521,1,12,1385.92,13,1420.52,1,2,0,0.961548,0.296683,0.215566,0.27958,0.208171,0.214071,0.31345,0.288106,0.184373
11522,1,12,1385.92,13,1420.52,2,2,9,0.961067,0.317392,0.160831,0.299091,0.222686,0.235338,0.344617,0.217361,0.202684
11523,1,12,1385.92,13,1420.52,0,2,0,0.960586,0.164,0.0830921,0.637852,0.115056,0.136557,0.199982,0.545854,0.117606
11524,1,12,1385.92,13,1420.52,3,2,0,0.960106,0.128679,0.086575,0.664859,0.119887,0.166889,0.244421,0.444965,0.143724
11525,1,12,1385.92,13,1420.52,2,1,0,0.959626,0.132135,0.088893,0.682939,0.0960332,0.195372,0.286157,0.350223,0.168248
11526,1,12,1385.92,13,1420.52,2,0,0,0.959146,0.172494,0.116035,0.586113,0.125358,0.214288,0.217003,0.384177,0.184532
11527,1,12,1385.92,13,1420.52,2,3,0,0.958667,0.214979,0.144603,0.484195,0.156223,0.163784,0.23094,0.408898,0.196378
11528,1,12,1385.92,13,1420.52,3,1,0,0.958187,0.256131,0.17227,0.385484,0.186116,0.172974,0.243915,0.43192,0.151191
11529,1,12,1385.92,13,1420.52,2,3,0,0.957708,0.269979,0.18157,0.406359,0.142092,0.185772,0.187891,0.463963,0.162373
11530,1,12,1385.92,13,1420.52,0,3,0,0.957229,0.311294,0.209339,0.315551,0.163816,0.193541,0.195749,0.483453,0.127257
11531,1,12,1385.92,13,1420.52,3,0,9,0.956751,0.235012,0.23252,0.350522,0.181947,0.199256,0.20153,0.497821,0.101394
11532,1,12,1385.92,13,1420.52,2,1,0,0.956272,0.144933,0.143396,0.216186,0.495486,0.529475,0.118409,0.292549,0.059566
11533,1,12,1385.92,13,1420.52,3,3,0,0.955794,0.154066,0.152431,0.166664,0.526839,0.543865,0.094512,0.300465,0.0611582
11534,1,12,1385.92,15,1689.79,3,1,9,0.955316,0.18678,0.184798,0.202055,0.426367,0.549543,0.0954653,0.303565,0.0514267
11535,0,12,1385.92,15,1635.37,3,2,13,0.954839,0.0803767,0.0795237,0.0869516,0.753148,0.401563,0.339081,0.221796,0.0375608
11536,0,12,1385.92,15,1635.37,0,1,0,0.954361,0.999947,4.07357e-09,9.59288e-06,4.35163e-05,1.04068e-08,0.999985,1.48403e-05,2.99314e-08
11537,0,12,1385.92,15,1635.37,0,1,0,0.953884,0.999888,8.53892e-09,2.01397e-05,9.13874e-05,2.16951e-08,0.999969,3.09825e-05,6.24113e-08
11538,0,12,1385.92,15,1568.99,0,1,13,0.953407,0.999769,1.76388e-08,4.16671e-05,0.000189129,4.45771e-08,0.999936,6.37526e-05,1.28264e-07
11539,0,12,1385.92,15,1568.99,0,1,0,0.95293,0.999966,2.63107e-09,6.22489e-06,2.82637e-05,6.61314e-09,0.999991,9.47162e-06,1.90323e-08
11540,0,12,1385.92,15,1503.5,0,1,13,0.952454,0.999927,5.56446e-09,1.31855e-05,5.98859e-05,1.39139e-08,0.99998,1.99572e-05,4.00523e-08
11541,0,12,1385.92,15,1499.62,0,1,13,0.951978,0.999989,8.4832e-10,2.0133e-06,9.14677e-06,2.11035e-09,0.999997,3.03133e-06,6.07606e-09
11542,0,12,1385.92,15,1499.62,0,1,0,0.951502,0.999998,1.3417e-10,3.18918e-07,1.44934e-06,3.32107e-10,1,4.77737e-07,9.56397e-10
11543,0,12,1385.92,15,1499.62,0,1,9,0.951026,0.999996,3.01058e-10,7.1672e-07,3.25816e-06,7.41565e-10,0.999999,1.0683e-06,2.136e-09
11544,0,12,1385.92,14,1495.91,0,1,13,0.95055,0.999999,1.08628e-10,2.5901e-07,1.1778e-06,2.66293e-10,1,3.8418e-07,7.67192e-10
11545,0,12,1385.92,14,1495.91,0,1,0,0.950075,1,1.78699e-11,4.2675e-08,1.94115e-07,4.36015e-11,1,6.29953e-08,1.25643e-10
11546,0,12,1385.92,14,1495.91,0,1,0,0.9496,0.999999,4.17399e-11,9.98338e-08,4.5425e-07,1.01375e-10,1,1.4668e-07,2.92187e-10
11547,0,12,1385.92,14,1495.91,0,1,0,0.949125,0.999999,9.58772e-11,2.29677e-07,1.04536e-06,2.31814e-10,1,3.359e-07,6.68281e-10
11548,0,12,1385.92,14,1495.91,0,1,9,0.948651,0.999997,2.16649e-10,5.19798e-07,2.36655e-06,5.21512e-10,0.999999,7.56777e-07,1.50375e-09
11549,0,12,1385.92,14,1495.91,0,1,0,0.948176,0.999999,7.85682e-11,1.888e-07,8.59832e-07,1.88311e-10,1,2.73661e-07,5.43101e-10
11550,0,12,1385.92,14,1493.59,0,1,13,0.947702,0.999998,1.78264e-10,4.29036e-07,1.95451e-06,4.25455e-10,0.999999,6.19188e-07,1.2273e-09
11551,0,12,1385.92,14,1487.99,0,1,13,0.947228,1,2.89605e-11,6.98092e-08,3.18118e-07,6.88326e-11,1,1.00322e-07,1.98601e-10
11552,0,12,1385.92,14,1487.99,0,1,0,0.946755,1,4.87508e-12,1.17697e-08,5.36503e-08,1.154e-11,1,1.68437e-08,3.33031e-11
11553,0,12,1385.92,14,1487.99,0,1,0,0.946281,1,1.16896e-11,2.82657e-08,1.28884e-07,2.7561e-11,1,4.02867e-08,7.95549e-11
11554,0,12,1385.92,14,1483.69,0,1,13,0.945808,1,2.75504e-11,6.67214e-08,3.04324e-07,6.47038e-11,1,9.47174e-08,1.86807e-10
11555,0,12,1385.92,14,1483.69,0,1,0,0.945335,1,4.63601e-12,1.1245e-08,5.13051e-08,1.08464e-11,1,1.59008e-08,3.13215e-11
11556,0,12,1385.92,14,1482.86,0,1,13,0.944863,1,1.11298e-11,2.70383e-08,1.234e-07,2.59421e-11,1,3.80866e-08,7.49298e-11
11557,0,12,1385.92,14,1482.86,0,1,0,0.94439,1,1.90505e-12,4.63526e-09,2.11612e-08,4.42417e-12,1,6.50477e-09,1.27812e-11
11558,0,12,1385.92,14,1482.86,0,1,0,0.943918,1,4.65546e-12,1.13451e-08,5.18092e-08,1.07728e-11,1,1.58622e-08,3.11288e-11
11559,0,12,1385.92,14,1464.56,0,1,13,0.943446,1,1.1178e-11,2.72827e-08,1.24629e-07,2.57754e-11,1,3.80078e-08,7.44955e-11
11560,0,12,1385.92,14,1464.56,0,1,0,0.942974,1,1.91054e-12,4.67042e-09,2.13412e-08,4.39035e-12,1,6.48337e-09,1.26916e-11
11561,0,12,1385.92,14,1464.56,0,1,0,0.942503,1,4.66961e-12,1.1433e-08,5.22581e-08,1.06945e-11,1,1.5816e-08,3.09221e-11
11562,0,12,1385.92,14,1464.56,0,1,0,0.942032,1,1.12137e-11,2.74984e-08,1.25728e-07,2.55974e-11,1,3.7911e-08,7.40282e-11
11563,0,12,1385.92,14,1464.56,0,1,0,0.941561,1,2.64677e-11,6.50057e-08,2.9731e-07,6.02222e-11,1,8.93225e-08,1.74201e-10
11564,0,12,1385.92,14,1464.56,0,1,0,0.94109,0.999999,6.14226e-11,1.51092e-07,6.91245e-07,1.39313e-10,1,2.06933e-07,4.03068e-10
11565,0,12,1385.92,14,1464.56,0,1,0,0.940619,0.999998,1.40194e-10,3.45399e-07,1.58068e-06,3.16991e-10,1,4.71541e-07,9.17329e-10
11566,0,12,1385.92,14,1459.01,0,1,13,0.940149,0.999996,3.14822e-10,7.76844e-07,3.55622e-06,7.0968e-10,0.999999,1.05723e-06,2.05416e-09
11567,0,12,1385.92,14,1459.01,0,1,0,0.939679,0.999999,5.02074e-11,1.24084e-07,5.68202e-07,1.12842e-10,1,1.6835e-07,3.26689e-10
11568,0,12,1385.92,14,1459.01,0,1,0,0.939209,0.999998,1.15079e-10,2.84855e-07,1.3048e-06,2.57891e-10,1,3.85312e-07,7.46777e-10
11569,0,12,1385.92,14,1459.01,0,1,9,0.93874,0.999996,2.59492e-10,6.43323e-07,2.94768e-06,5.7986e-10,0.999999,8.6763e-07,1.67946e-09
11570,0,12,1385.92,14,1459.01,0,1,0,0.93827,0.999999,9.3197e-11,2.31412e-07,1.06065e-06,2.07676e-10,1,3.11196e-07,6.01627e-10
11571,0,12,1385.92,14,1459.01,0,1,0,0.937801,0.999997,2.1106e-10,5.2489e-07,2.40649e-06,4.69031e-10,0.999999,7.03856e-07,1.35905e-09
11572,0,12,1385.92,14,1459.01,0,1,9,0.937332,0.999993,4.70336e-10,1.17152e-06,5.37278e-06,1.04242e-09,0.999998,1.5666e-06,3.02111e-09
11573,0,12,1385.92,14,1459.01,0,1,9,0.936863,0.999998,1.66798e-10,4.16115e-07,1.90895e-06,3.68709e-10,0.999999,5.54929e-07,1.06881e-09
11574,0,12,1385.92,14,1459.01,0,1,0,0.936395,0.999999,6.03619e-11,1.50822e-07,6.92115e-07,1.33088e-10,1,2.00598e-07,3.85877e-10
11575,0,12,1385.92,14,1459.01,0,1,0,0.935927,0.999998,1.3792e-10,3.45151e-07,1.58436e-06,3.03326e-10,1,4.57862e-07,8.79656e-10
11576,0,12,1385.92,14,1459.01,0,1,0,0.935459,0.999996,3.10038e-10,7.77099e-07,3.56824e-06,6.80188e-10,0.999999,1.02823e-06,1.97299e-09
11577,0,12,1385.92,14,1459.01,0,1,0,0.934991,0.99999,6.85909e-10,1.7219e-06,7.90894e-06,1.50119e-09,0.999998,2.27264e-06,4.35534e-09
11578,0,12,1385.92,14,1459.01,0,1,9,0.934524,0.999979,1.49388e-09,3.75611e-06,1.72576e-05,3.26184e-09,0.999995,4.94533e-06,9.46548e-09
11579,0,12,1385.92,14,1459.01,0,1,0,0.934056,0.999993,5.16895e-10,1.30168e-06,5.98245e-06,1.126e-09,0.999998,1.70965e-06,3.26822e-09
11580,0,12,1385.92,14,1459.01,0,1,0,0.933589,0.999984,1.13227e-09,2.85583e-06,1.31292e-05,2.46097e-09,0.999996,3.74206e-06,7.14449e-09
11581,0,12,1385.92,14,1459.01,0,1,0,0.933123,0.999965,2.44219e-09,6.16939e-06,2.83715e-05,5.29638e-09,0.999992,8.06532e-06,1.53793e-08
11582,0,12,1385.92,14,1459.01,0,1,0,0.932656,0.999926,5.18826e-09,1.3127e-05,6.03862e-05,1.12277e-08,0.999983,1.71226e-05,3.26093e-08
11583,0,12,1385.92,14,1459.01,0,1,0,0.93219,0.999846,1.08591e-08,2.75181e-05,0.000126626,2.34514e-08,0.999964,3.58166e-05,6.81259e-08
11584,0,12,1385.92,14,1456.95,0,1,13,0.931724,0.999681,2.23981e-08,5.6848e-05,0.00026167,4.82765e-08,0.999926,7.38394e-05,1.40272e-07
11585,0,12,1385.92,14,1458.39,0,1,9,0.931258,0.999954,3.25681e-09,8.27902e-06,3.81197e-05,7.00395e-09,0.999989,1.07283e-05,2.0355e-08
11586,0,12,1385.92,14,1458.39,0,1,9,0.930792,0.999984,1.10737e-09,2.81941e-06,1.29856e-05,2.37665e-09,0.999996,3.6458e-06,6.90855e-09
11587,0,12,1385.92,14,1458.39,0,1,0,0.930327,0.999995,3.84532e-10,9.80574e-07,4.51769e-06,8.23675e-10,0.999999,1.26538e-06,2.3948e-09
11588,0,12,1385.92,14,1458.39,0,1,9,0.929862,0.999988,8.47766e-10,2.16524e-06,9.9787e-06,1.81248e-09,0.999997,2.78852e-06,5.27083e-09
11589,0,12,1385.92,14,1456.39,0,1,13,0.929397,0.999996,2.95773e-10,7.56606e-07,3.48796e-06,6.31161e-10,0.999999,9.72476e-07,1.83586e-09
11590,0,12,1385.92,14,1448.94,0,1,13,0.928932,0.999999,4.67363e-11,1.19742e-07,5.5218e-07,9.95497e-11,1,1.53609e-07,2.89622e-10
11591,0,12,1385.92,14,1448.94,0,1,0,0.928467,1,7.6563e-12,1.96469e-08,9.06277e-08,1.6279e-11,1,2.5156e-08,4.73709e-11
11592,0,12,1385.92,14,1448.94,0,1,0,0.928003,1,1.82463e-11,4.68956e-08,2.16388e-07,3.87278e-11,1,5.99342e-08,1.1272e-10
11593,0,12,1385.92,14,1448.94,0,1,0,0.927539,0.999999,4.27459e-11,1.10036e-07,5.07886e-07,9.05726e-11,1,1.40374e-07,2.63674e-10
11594,0,12,1385.92,14,1449.24,0,1,9,0.927075,0.999999,9.84743e-11,2.53889e-07,1.17222e-06,2.08303e-10,1,3.23314e-07,6.0654e-10
11595,0,12,1385.92,14,1449.24,0,1,9,0.926612,0.999999,3.57893e-11,9.24181e-08,4.2683e-07,7.5581e-11,1,1.17484e-07,2.20125e-10
11596,0,12,1385.92,14,1449.24,0,1,0,0.926149,1,1.32666e-11,3.43121e-08,1.58518e-07,2.79719e-11,1,4.35439e-08,8.14838e-11
11597,0,12,1385.92,14,1449.24,0,1,0,0.925685,1,3.12858e-11,8.1043e-08,3.74524e-07,6.58605e-11,1,1.02676e-07,1.91896e-10
11598,0,12,1385.92,14,1449.24,0,1,0,0.925223,0.999999,7.25413e-11,1.88208e-07,8.7003e-07,1.52474e-10,1,2.38055e-07,4.44354e-10
11599,0,12,1385.92,14,1449.24,0,1,0,0.92476,0.999998,1.65433e-10,4.29889e-07,1.98786e-06,3.47198e-10,0.999999,5.42873e-07,1.01206e-09
11600,0,12,1385.92,14,1448.94,0,1,13,0.924298,0.999995,3.71192e-10,9.66086e-07,4.46868e-06,7.77884e-10,0.999999,1.21808e-06,2.26796e-09
11601,0,12,1385.92,14,1448.94,0,1,9,0.923835,0.999999,5.80978e-11,1.51447e-07,7.00741e-07,1.21576e-10,1,1.90655e-07,3.54538e-10
11602,0,12,1385.92,14,1448.94,0,1,9,0.923374,1,2.12929e-11,5.55929e-08,2.57305e-07,4.4495e-11,1,6.98794e-08,1.29783e-10
11603,0,12,1385.92,14,1448.94,0,1,9,0.922912,1,7.95821e-12,2.08105e-08,9.63487e-08,1.6607e-11,1,2.61198e-08,4.84497e-11
11604,0,12,1385.92,14,1448.94,0,1,0,0.92245,1,3.03202e-12,7.94116e-09,3.67773e-08,6.31862e-12,1,9.95267e-09,1.8438e-11
11605,0,12,1385.92,14,1448.94,0,1,9,0.921989,1,7.36656e-12,1.93241e-08,8.95218e-08,1.53314e-11,1,2.41845e-08,4.47473e-11
11606,0,12,1385.92,14,1448.94,0,1,0,0.921528,1,2.80925e-12,7.38091e-09,3.42036e-08,5.8391e-12,1,9.22449e-09,1.70461e-11
11607,0,12,1385.92,14,1448.94,0,1,9,0.921067,1,6.83664e-12,1.79906e-08,8.33952e-08,1.41922e-11,1,2.24536e-08,4.14401e-11
11608,0,12,1385.92,14,1448.94,0,1,9,0.920607,1,2.60948e-12,6.87768e-09,3.18912e-08,5.41033e-12,1,8.57236e-09,1.58012e-11
11609,0,12,1385.92,14,1448.94,0,1,9,0.920147,1,1.0149e-12,2.67913e-09,1.24267e-08,2.10168e-12,1,3.3349e-09,6.13939e-12
11610,0,12,1385.92,14,1448.94,0,1,9,0.919687,1,4.02055e-13,1.06302e-09,4.93215e-09,8.31602e-13,1,1.32152e-09,2.42978e-12
11611,0,12,1385.92,14,1446.32,0,1,13,0.919227,1,1.62175e-13,4.29461e-10,1.99321e-09,3.35052e-13,1,5.33223e-10,9.79165e-13
11612,0,12,1385.92,14,1446.32,0,1,9,0.918767,1,2.94369e-14,7.80759e-11,3.62475e-10,6.07475e-14,1,9.68203e-11,1.77569e-13
11613,0,12,1385.92,14,1446.32,0,1,0,0.918308,1,1.24974e-14,3.31993e-11,1.54179e-10,2.57618e-14,1,4.11201e-11,7.53194e-14
11614,0,12,1385.92,14,1446.32,0,1,0,0.917849,1,3.3874e-14,9.01283e-11,4.18687e-10,6.97515e-14,1,1.11499e-10,2.03975e-13
11615,0,12,1385.92,14,1446.32,0,1,9,0.91739,1,9.00261e-14,2.3991e-10,1.11484e-09,1.85181e-13,1,2.96453e-10,5.41644e-13
11616,0,12,1385.92,14,1446.32,0,1,0,0.916931,1,3.73506e-14,9.96926e-11,4.63403e-10,7.67497e-14,1,1.23049e-10,2.24537e-13
11617,0,12,1385.92,14,1446.32,0,1,0,0.916472,1,9.90883e-14,2.64895e-10,1.23169e-09,2.03406e-13,1,3.26592e-10,5.95205e-13
11618,0,12,1385.92,14,1446.32,0,1,9,0.916014,1,2.57862e-13,6.90437e-10,3.21134e-09,5.2881e-13,1,8.5032e-10,1.54773e-12
11619,0,12,1385.92,14,1441.07,0,1,13,0.915556,1,1.04684e-13,2.8074e-10,1.30617e-09,2.14474e-13,1,3.45381e-10,6.27862e-13
11620,0,12,1385.92,14,1441.07,0,1,0,0.915098,1,1.90969e-14,5.12944e-11,2.38726e-10,3.90881e-14,1,6.30392e-11,1.14453e-13
11621,0,12,1385.92,14,1441.07,0,1,0,0.914641,1,5.13551e-14,1.38158e-10,6.43192e-10,1.05018e-13,1,1.69618e-10,3.07568e-13
11622,0,12,1385.92,14,1441.07,0,1,0,0.914184,1,1.35434e-13,3.64928e-10,1.69943e-09,2.76705e-13,1,4.47576e-10,8.10565e-13
11623,0,12,1385.92,14,1441.07,0,1,0,0.913726,1,3.50399e-13,9.45648e-10,4.40514e-09,7.15271e-13,1,1.15868e-09,2.09572e-12
11624,0,12,1385.92,14,1441.07,0,1,9,0.91327,1,8.89723e-13,2.40496e-09,1.12065e-08,1.81463e-12,1,2.94389e-09,5.31796e-12
11625,0,12,1385.92,14,1441.07,0,1,0,0.912813,1,3.51826e-13,9.52503e-10,4.43981e-09,7.16961e-13,1,1.16485e-09,2.10158e-12
11626,0,12,1385.92,14,1441.07,0,1,0,0.912357,1,8.93403e-13,2.42255e-09,1.12955e-08,1.81911e-12,1,2.95989e-09,5.33337e-12
11627,0,12,1385.92,14,1441.07,0,1,9,0.9119,1,2.22733e-12,6.04918e-09,2.82138e-08,4.53154e-12,1,7.38425e-09,1.32887e-11
11628,0,12,1385.92,14,1441.07,0,1,9,0.911444,1,8.64129e-13,2.3506e-09,1.09667e-08,1.75671e-12,1,2.86684e-09,5.15265e-12
11629,0,12,1385.92,14,1441.07,0,1,0,0.910989,1,3.41498e-13,9.30411e-10,4.34218e-09,6.93709e-13,1,1.13376e-09,2.03517e-12
11630,0,12,1385.92,14,1441.07,0,1,0,0.910533,1,8.67943e-13,2.36845e-09,1.10569e-08,1.76179e-12,1,2.88365e-09,5.16979e-12
11631,0,12,1385.92,14,1441.07,0,1,9,0.910078,1,2.16572e-12,5.91921e-09,2.76417e-08,4.39288e-12,1,7.20079e-09,1.28932e-11
11632,0,12,1385.92,14,1441.07,0,1,0,0.909623,1,8.39702e-13,2.29865e-09,1.07376e-08,1.70201e-12,1,2.79406e-09,4.9965e-12
11633,0,12,1385.92,14,1441.07,0,1,9,0.909168,1,2.09693e-12,5.74938e-09,2.68651e-08,4.24735e-12,1,6.9829e-09,1.24714e-11
11634,0,12,1385.92,14,1441.07,0,1,9,0.908714,1,8.13069e-13,2.23281e-09,1.04365e-08,1.64576e-12,1,2.70973e-09,4.83345e-12
11635,0,12,1385.92,14,1441.07,0,1,0,0.908259,1,3.21137e-13,8.83287e-10,4.12989e-09,6.49591e-13,1,1.07113e-09,1.90821e-12
11636,0,12,1385.92,14,1441.07,0,1,0,0.907805,1,8.17545e-13,2.25222e-09,1.05337e-08,1.65264e-12,1,2.72915e-09,4.85577e-12
11637,0,12,1385.92,14,1441.07,0,1,0,0.907351,1,2.04328e-12,5.63788e-09,2.63767e-08,4.12782e-12,1,6.82672e-09,1.21309e-11
11638,0,12,1385.92,14,1441.07,0,1,0,0.906897,1,5.0153e-12,1.38603e-08,6.48652e-08,1.01256e-11,1,1.67709e-08,2.97638e-11
11639,0,12,1385.92,14,1441.07,0,1,0,0.906444,1,1.20942e-11,3.34765e-08,1.56716e-07,2.44027e-11,1,4.04778e-08,7.17461e-11
11640,0,12,1385.92,14,1441.07,0,1,0,0.905991,1,2.86625e-11,7.94635e-08,3.72113e-07,5.77992e-11,1,9.60164e-08,1.69971e-10
11641,0,12,1385.92,14,1441.07,0,1,0,0.905538,0.999999,6.67827e-11,1.85441e-07,8.68654e-07,1.34593e-10,1,2.23918e-07,3.95886e-10
11642,0,12,1385.92,14,1441.07,0,1,9,0.905085,0.999998,1.53028e-10,4.25599e-07,1.99423e-06,3.08238e-10,0.999999,5.13567e-07,9.06831e-10
11643,0,12,1385.92,14,1441.07,0,1,0,0.904632,0.999999,5.43572e-11,1.51418e-07,7.09718e-07,1.0943e-10,1,1.82596e-07,3.2201e-10
11644,0,12,1385.92,14,1441.07,0,1,9,0.90418,0.999998,1.25083e-10,3.48984e-07,1.63625e-06,2.51677e-10,1,4.20576e-07,7.40751e-10
11645,0,12,1385.92,14,1441.07,0,1,0,0.903728,0.999999,4.45821e-11,1.24583e-07,5.843e-07,8.96564e-11,1,1.50047e-07,2.63939e-10
11646,0,12,1385.92,14,1441.07,0,1,0,0.903276,0.999998,1.03008e-10,2.88308e-07,1.3526e-06,2.07048e-10,1,3.47025e-07,6.09658e-10
11647,0,12,1385.92,14,1441.07,0,1,0,0.902825,0.999996,2.34103e-10,6.56271e-07,3.07985e-06,4.7032e-10,0.999999,7.89458e-07,1.38517e-09
11648,0,12,1385.92,14,1441.07,0,1,0,0.902373,0.999992,5.23496e-10,1.46987e-06,6.90018e-06,1.05122e-09,0.999998,1.76715e-06,3.09668e-09
11649,0,12,1385.92,14,1441.07,0,1,0,0.901922,0.999982,1.1522e-09,3.24029e-06,1.52159e-05,2.31263e-09,0.999996,3.89343e-06,6.81404e-09
11650,0,12,1385.92,14,1441.07,0,1,0,0.901471,0.99996,2.4968e-09,7.03284e-06,3.30354e-05,5.00924e-09,0.999992,8.44585e-06,1.47626e-08
11651,0,12,1385.92,14,1441.07,0,1,0,0.90102,0.999914,5.32856e-09,1.5033e-05,7.06366e-05,1.06861e-08,0.999982,1.80442e-05,3.14996e-08
11652,0,12,1385.92,14,1441.56,0,1,9,0.90057,0.99982,1.12028e-08,3.16558e-05,0.000148789,2.24585e-08,0.999962,3.79789e-05,6.62155e-08
11653,0,12,1385.92,14,1441.56,0,1,0,0.900119,0.999941,3.64459e-09,1.03149e-05,4.84974e-05,7.3026e-09,0.999988,1.23676e-05,2.15353e-08
11654,0,12,1385.92,14,1441.56,0,1,0,0.899669,0.999875,7.72161e-09,2.18885e-05,0.000102944,1.54661e-08,0.999974,2.62322e-05,4.56192e-08
11655,0,12,1385.92,14,1441.56,0,1,9,0.89922,0.999739,1.6118e-08,4.57624e-05,0.000215293,3.22742e-08,0.999945,5.48221e-05,9.52176e-08
11656,0,12,1385.92,14,1441.56,0,1,0,0.89877,0.999916,5.20165e-09,1.47921e-05,6.96123e-05,1.04101e-08,0.999982,1.77093e-05,3.07193e-08
11657,0,12,1385.92,14,1441.56,0,1,9,0.898321,0.999822,1.09452e-08,3.11748e-05,0.000146755,2.18981e-08,0.999963,3.73077e-05,6.46331e-08
11658,0,12,1385.92,14,1441.56,0,1,9,0.897871,0.999942,3.55714e-09,1.01478e-05,4.77855e-05,7.11346e-09,0.999988,1.21372e-05,2.10002e-08
11659,0,12,1385.92,14,1441.56,0,1,0,0.897423,0.999981,1.18163e-09,3.37631e-06,1.59038e-05,2.36206e-09,0.999996,4.03624e-06,6.97475e-09
11660,0,12,1385.92,14,1441.56,0,1,9,0.896974,0.999958,2.56116e-09,7.32978e-06,3.4537e-05,5.11804e-09,0.999991,8.75862e-06,1.51159e-08
11661,0,12,1385.92,14,1441.56,0,1,0,0.896525,0.999986,8.55814e-10,2.45315e-06,1.15625e-05,1.70958e-09,0.999997,2.93e-06,5.05026e-09
11662,0,12,1385.92,14,1441.56,0,1,0,0.896077,0.999969,1.86714e-09,5.3606e-06,2.52742e-05,3.72862e-09,0.999994,6.39991e-06,1.10171e-08
11663,0,12,1385.92,14,1441.56,0,1,0,0.895629,0.999934,4.01133e-09,1.1535e-05,5.44021e-05,8.00815e-09,0.999986,1.37659e-05,2.36672e-08
11664,0,12,1385.92,14,1441.56,0,1,9,0.895181,0.99986,8.48864e-09,2.44489e-05,0.000115343,1.69423e-08,0.999971,2.9167e-05,5.00817e-08
11665,0,12,1385.92,14,1441.56,0,1,0,0.894734,0.999954,2.76685e-09,7.98174e-06,3.76674e-05,5.52019e-09,0.99999,9.51747e-06,1.63214e-08
11666,0,12,1385.92,14,1441.56,0,1,0,0.894286,0.999902,5.89933e-09,1.70454e-05,8.04655e-05,1.17669e-08,0.99998,2.03178e-05,3.47982e-08
11667,0,12,1385.92,14,1441.56,0,1,0,0.893839,0.999795,1.23913e-08,3.58601e-05,0.000169336,2.47108e-08,0.999957,4.27316e-05,7.30932e-08
11668,0,12,1385.92,14,1441.56,0,1,0,0.893392,0.999574,2.56464e-08,7.43389e-05,0.000351147,5.11391e-08,0.999911,8.85652e-05,1.513e-07
11669,0,12,1385.92,14,1441.56,0,1,0,0.892945,0.99913,5.23136e-08,0.000151879,0.000717636,1.04322e-07,0.999819,0.00018094,3.08713e-07
11670,1,12,1385.92,14,1441.56,0,1,9,0.892499,0.998249,1.05174e-07,0.000305833,0.00144553,2.09827e-07,0.999635,0.000364474,6.21061e-07
11671,1,12,1385.92,14,1441.56,3,2,0,0.892053,0.00283003,0.00279917,0.00306817,0.991303,0.0413066,0.0347171,0.920357,0.0036193
11672,1,12,1385.92,14,1441.56,3,2,0,0.891607,0.00466934,0.00461841,0.00506234,0.98565,0.0633281,0.0532237,0.877902,0.00554613
11673,0,12,1385.92,14,1441.07,3,2,13,0.891161,0.00760139,0.00751847,0.00824131,0.976639,0.0940403,0.0790329,0.818695,0.00823183
11674,0,12,1385.92,14,1441.07,0,1,0,0.890715,0.998883,6.65677e-08,0.00019481,0.000921918,1.50936e-07,0.999736,0.00026375,4.47141e-07
11675,0,12,1385.92,14,1441.07,0,1,0,0.89027,0.997761,1.3321e-07,0.000390462,0.0018484,3.01461e-07,0.999471,0.000527569,8.93256e-07
11676,0,12,1385.92,14,1441.07,0,1,0,0.889825,0.995577,2.62667e-07,0.000771151,0.00365167,5.93801e-07,0.998957,0.00104073,1.75987e-06
11677,0,12,1385.92,14,1441.07,0,1,0,0.88938,0.991396,5.1e-07,0.00149968,0.00710371,1.15357e-06,0.997971,0.00202483,3.41961e-06
11678,0,12,1385.92,14,1441.07,0,1,9,0.888935,0.983544,9.7364e-07,0.00286761,0.0135876,2.20991e-06,0.996106,0.00388481,6.55244e-06
11679,0,12,1385.92,14,1441.07,0,1,0,0.888491,0.995073,2.90953e-07,0.000858298,0.00406814,6.52858e-07,0.998848,0.00114938,1.93616e-06
11680,0,12,1385.92,14,1441.07,0,1,0,0.888047,0.990438,5.63637e-07,0.00166536,0.0078959,1.26608e-06,0.997763,0.00223231,3.75559e-06
11681,0,12,1385.92,14,1441.07,3,1,0,0.887603,0.98176,1.07321e-06,0.00317607,0.0150632,2.42109e-06,0.995715,0.00427516,7.18326e-06
11682,0,12,1385.92,14,1441.07,0,1,9,0.887159,0.984761,1.07354e-06,0.00318213,0.0120561,4.56278e-06,0.991913,0.00806903,1.35405e-05
11683,0,12,1385.92,14,1441.07,0,1,0,0.886715,0.995456,3.1954e-07,0.000948676,0.0035952,1.33105e-06,0.997637,0.00235741,3.95087e-06
11684,0,12,1385.92,14,1441.07,0,1,0,0.886272,0.991191,6.18288e-07,0.00183856,0.00696945,2.54309e-06,0.995479,0.00451079,7.55017e-06
11685,0,12,1385.92,14,1441.07,0,1,0,0.885829,0.983211,1.17632e-06,0.00350356,0.0132845,4.78815e-06,0.991475,0.00850567,1.42186e-05
11686,0,12,1385.92,14,1441.07,0,1,9,0.885386,0.968624,2.19439e-06,0.00654621,0.0248281,8.87303e-06,0.984179,0.0157857,2.63545e-05
11687,0,12,1385.92,14,1440.59,0,1,13,0.884943,0.990681,6.50574e-07,0.00194387,0.00737457,2.56546e-06,0.995419,0.00457095,7.62155e-06
11688,0,12,1385.92,14,1440.59,0,1,9,0.884501,0.99878,8.50465e-08,0.000254521,0.000965845,3.29462e-07,0.999411,0.000587891,9.78991e-07
11689,0,12,1385.92,14,1440.59,0,1,0,0.884058,0.999622,2.6314e-08,7.88768e-05,0.000299398,1.00541e-07,0.99982,0.000179674,2.98822e-07
11690,0,12,1385.92,14,1440.59,0,1,0,0.883616,0.999226,5.37337e-08,0.000161326,0.00061252,2.02679e-07,0.999636,0.000362745,6.0252e-07
11691,0,12,1385.92,14,1440.59,0,1,0,0.883174,0.99844,1.08149e-07,0.000325221,0.00123512,4.02902e-07,0.999276,0.000722174,1.198e-06
11692,0,12,1385.92,14,1440.59,0,1,0,0.882733,0.996899,2.14527e-07,0.000646148,0.0024546,7.89883e-07,0.998579,0.00141794,2.34917e-06
11693,0,12,1385.92,14,1440.59,0,1,9,0.882292,0.993929,4.19222e-07,0.00126471,0.00480566,1.52717e-06,0.997248,0.00274557,4.54291e-06
11694,0,12,1385.92,14,1440.81,0,1,9,0.88185,0.998173,1.25906e-07,0.000380442,0.001446,4.52103e-07,0.999184,0.000814017,1.34517e-06
11695,0,12,1385.92,14,1440.81,0,1,0,0.881409,0.999439,3.86013e-08,0.000116826,0.000444155,1.36883e-07,0.999753,0.000246829,4.07365e-07
11696,0,12,1385.92,14,1440.81,0,1,0,0.880969,0.998861,7.82487e-08,0.000237198,0.000902033,2.74366e-07,0.999503,0.000495482,8.16695e-07
11697,0,12,1385.92,14,1440.81,0,1,0,0.880528,0.99772,1.56335e-07,0.000474665,0.00180557,5.42323e-07,0.999017,0.000980862,1.61467e-06
11698,0,12,1385.92,14,1440.81,0,1,0,0.880088,0.995502,3.07777e-07,0.000935974,0.00356129,1.05721e-06,0.998081,0.00191497,3.14832e-06
11699,0,12,1385.92,14,1440.81,0,1,9,0.879648,0.991265,5.96647e-07,0.00181736,0.00691673,2.03226e-06,0.996305,0.00368665,6.05331e-06
11700,0,12,1385.92,14,1440.81,0,1,0,0.879208,0.99739,1.77953e-07,0.000542907,0.00206682,5.97559e-07,0.998912,0.00108564,1.78029e-06
11701,0,12,1385.92,14,1440.81,0,1,0,0.878769,0.994866,3.49406e-07,0.0010677,0.00406574,1.1628e-06,0.99788,0.00211574,3.46505e-06
11702,0,12,1385.92,14,1440.81,0,1,9,0.878329,0.990058,6.75397e-07,0.00206716,0.00787376,2.23113e-06,0.995925,0.00406569,6.65004e-06
11703,0,12,1385.92,14,1440.81,0,1,9,0.87789,0.997037,2.00935e-07,0.00061598,0.00234688,6.54413e-07,0.998803,0.0011943,1.95095e-06
11704,0,12,1385.92,14,1440.81,0,1,9,0.877451,0.9991,6.09192e-08,0.000187053,0.00071286,1.96216e-07,0.999641,0.000358631,5.8509e-07
11705,0,12,1385.92,14,1440.81,0,1,9,0.877012,0.999721,1.88789e-08,5.8061e-05,0.000221331,6.02002e-08,0.99989,0.000110196,1.79549e-07
11706,0,12,1385.92,14,1440.81,0,1,0,0.876574,0.999911,5.98364e-09,1.84319e-05,7.02818e-05,1.88983e-08,0.999965,3.4645e-05,5.63769e-08
11707,0,12,1385.92,14,1440.81,0,1,0,0.876136,0.999813,1.2602e-08,3.88815e-05,0.000148297,3.9436e-08,0.999927,7.24043e-05,1.1767e-07
11708,0,12,1385.92,14,1440.81,0,1,0,0.875697,0.999611,2.61514e-08,8.08158e-05,0.00030832,8.11059e-08,0.999851,0.000149134,2.42059e-07
11709,0,12,1385.92,14,1440.81,0,1,9,0.87526,0.999203,5.34826e-08,0.000165543,0.000631733,1.64441e-07,0.999697,0.000302822,4.90878e-07
11710,0,12,1385.92,14,1440.81,0,1,0,0.874822,0.999752,1.6591e-08,5.14364e-05,0.00019634,5.05511e-08,0.999907,9.32312e-05,1.50935e-07
11711,0,12,1385.92,14,1440.81,0,1,9,0.874385,0.999488,3.42478e-08,0.000106348,0.000406053,1.03477e-07,0.999808,0.00019113,3.09029e-07
11712,0,12,1385.92,14,1440.81,0,1,0,0.873947,0.999839,1.07098e-08,3.33101e-05,0.000127218,3.20818e-08,0.999941,5.93466e-05,9.58312e-08
11713,0,12,1385.92,14,1440.81,0,1,9,0.87351,0.999665,2.23054e-08,6.94868e-05,0.000265455,6.62774e-08,0.999877,0.000122788,1.9802e-07
11714,0,12,1385.92,14,1440.81,0,1,9,0.873074,0.999894,7.02967e-09,2.19344e-05,8.38166e-05,2.07172e-08,0.999961,3.84394e-05,6.19114e-08
11715,0,12,1385.92,14,1440.81,0,1,9,0.872637,0.999966,2.26565e-09,7.08083e-06,2.70648e-05,6.62437e-09,0.999988,1.23096e-05,1.98006e-08
11716,0,12,1385.92,14,1440.81,0,1,0,0.872201,0.999989,7.46517e-10,2.33684e-06,8.93442e-06,2.16584e-09,0.999996,4.0307e-06,6.47525e-09
11717,0,12,1385.92,14,1440.81,0,1,9,0.871765,0.999975,1.63974e-09,5.1412e-06,1.96616e-05,4.72147e-09,0.999991,8.80003e-06,1.41189e-08
11718,0,12,1385.92,14,1440.81,0,1,0,0.871329,0.999992,5.43423e-10,1.70658e-06,6.52825e-06,1.55315e-09,0.999997,2.89917e-06,4.6455e-09
11719,0,12,1385.92,14,1440.81,0,1,0,0.870893,0.999982,1.20135e-09,3.77884e-06,1.44592e-05,3.40871e-09,0.999994,6.37244e-06,1.01978e-08
11720,0,12,1385.92,14,1440.81,0,1,9,0.870458,0.99996,2.61461e-09,8.23749e-06,3.15281e-05,7.36612e-09,0.999986,1.37914e-05,2.20419e-08
11721,0,12,1385.92,14,1440.81,0,1,0,0.870022,0.999987,8.57767e-10,2.7068e-06,1.03628e-05,2.39972e-09,0.999995,4.49972e-06,7.18235e-09
11722,0,12,1385.92,14,1440.81,0,1,0,0.869587,0.999971,1.87962e-09,5.94098e-06,2.27507e-05,5.22271e-09,0.99999,9.80788e-06,1.5635e-08
11723,0,12,1385.92,14,1440.81,0,1,0,0.869153,0.999938,4.05554e-09,1.28391e-05,4.91801e-05,1.11937e-08,0.999979,2.10527e-05,3.35173e-08
11724,0,12,1385.92,14,1440.81,0,1,0,0.868718,0.999868,8.61844e-09,2.73285e-05,0.00010471,2.36332e-08,0.999955,4.45155e-05,7.07804e-08
11725,0,12,1385.92,14,1440.81,0,1,9,0.868284,0.999723,1.80437e-08,5.73077e-05,0.000219634,4.91661e-08,0.999907,9.27491e-05,1.47283e-07
11726,0,12,1385.92,14,1440.81,0,1,0,0.86785,0.999913,5.68967e-09,1.80999e-05,6.93871e-05,1.54041e-08,0.999971,2.91028e-05,4.61548e-08
11727,0,12,1385.92,14,1440.81,0,1,0,0.867416,0.999815,1.20127e-08,3.82762e-05,0.000146774,3.23247e-08,0.999939,6.11631e-05,9.68749e-08
11728,0,12,1385.92,14,1440.81,0,1,9,0.866982,0.999614,2.49892e-08,7.9752e-05,0.000305899,6.68463e-08,0.999873,0.000126674,2.00378e-07
11729,0,12,1385.92,14,1440.81,0,1,0,0.866548,0.999879,7.82262e-09,2.50059e-05,9.59393e-05,2.07982e-08,0.99996,3.94722e-05,6.23582e-08
11730,0,12,1385.92,14,1440.81,0,1,0,0.866115,0.999746,1.64153e-08,5.25581e-05,0.000201702,4.33948e-08,0.999917,8.24821e-05,1.30137e-07
11731,0,12,1385.92,14,1440.81,0,1,0,0.865682,0.999473,3.39421e-08,0.000108851,0.000417849,8.92357e-08,0.99983,0.00016987,2.67668e-07
11732,0,12,1385.92,14,1440.81,0,1,0,0.865249,0.998925,6.9166e-08,0.000222171,0.000853082,1.80898e-07,0.999654,0.000344879,5.42734e-07
11733,0,12,1385.92,14,1440.81,0,1,0,0.864817,0.997837,1.38904e-07,0.000446902,0.00171646,3.61582e-07,0.999308,0.000690394,1.08507e-06
11734,0,12,1385.92,14,1440.81,0,1,0,0.864384,0.995711,2.74861e-07,0.000885749,0.00340289,7.1271e-07,0.998634,0.00136288,2.13923e-06
11735,0,12,1385.92,14,1440.81,0,1,0,0.863952,0.991628,5.35544e-07,0.0017286,0.00664277,1.38529e-06,0.997341,0.00265304,4.15892e-06
11736,0,12,1385.92,14,1440.81,0,1,9,0.86352,0.983932,1.02598e-06,0.00331696,0.01275,2.65443e-06,0.994898,0.00509132,7.9709e-06
11737,0,12,1385.92,14,1440.81,0,1,9,0.863088,0.995278,3.00931e-07,0.000974474,0.00374679,7.68623e-07,0.99852,0.00147649,2.30858e-06
11738,1,12,1385.92,14,1440.81,0,1,0,0.862657,0.99859,8.96963e-08,0.000290924,0.00111889,2.27452e-07,0.999562,0.000437586,6.8331e-07
11739,1,12,1385.92,14,1440.81,3,2,0,0.862225,0.000335363,0.000331656,0.000363986,0.998969,0.00439959,0.00368895,0.991539,0.000372853
11740,1,12,1385.92,14,1440.81,3,2,0,0.861794,0.000583262,0.000576814,0.000633054,0.998207,0.00740155,0.00620579,0.985766,0.00062695
11741,1,12,1385.92,14,1440.81,3,2,9,0.861363,0.00100288,0.000991794,0.00108851,0.996917,0.0122781,0.0102941,0.976388,0.0010395
11742,1,12,1385.92,14,1440.81,3,2,0,0.860933,0.000260006,0.000257131,0.000282212,0.999201,0.00314674,0.00263818,0.993949,0.000266282
11743,1,12,1385.92,14,1440.81,3,2,0,0.860502,0.000454672,0.000449642,0.00049351,0.998602,0.00533916,0.00447612,0.989733,0.000451586
11744,1,12,1385.92,14,1440.81,3,2,0,0.860072,0.000786053,0.000777356,0.000853212,0.997583,0.00893996,0.00749461,0.98281,0.000755767
11745,1,12,1385.92,14,1440.81,3,2,9,0.859642,0.00134344,0.00132858,0.00145825,0.99587,0.0147511,0.0123658,0.971637,0.00124641
11746,1,12,1385.92,14,1440.81,3,2,0,0.859212,0.000346141,0.00034231,0.000375727,0.998936,0.00377585,0.00316518,0.99274,0.000318888
11747,1,12,1385.92,14,1440.81,3,2,0,0.858783,0.000601949,0.000595285,0.00065341,0.998149,0.00638036,0.00534826,0.987733,0.000538584
11748,1,12,1385.92,14,1440.81,3,2,0,0.858353,0.0010349,0.00102344,0.00112339,0.996818,0.0106351,0.00891442,0.979553,0.000897293
11749,1,12,1385.92,14,1440.81,3,2,0,0.857924,0.00175876,0.00173928,0.00190918,0.994593,0.0174568,0.0146319,0.966439,0.00147212
11750,1,12,1385.92,14,1440.81,3,2,0,0.857495,0.00295348,0.00292076,0.00320613,0.99092,0.028143,0.023588,0.945897,0.00237211
11751,1,12,1385.92,14,1440.81,3,2,0,0.857066,0.00489761,0.00484334,0.00531666,0.984942,0.0443885,0.0372029,0.914669,0.00373955
11752,1,12,1385.92,14,1440.81,3,2,0,0.856638,0.0080104,0.00792163,0.00869593,0.975372,0.0681319,0.0571007,0.86903,0.00573699
11753,1,12,1385.92,14,1440.81,3,2,9,0.856209,0.0128985,0.0127556,0.0140026,0.960343,0.101088,0.0847181,0.805686,0.00850785
11754,1,12,1385.92,14,1440.81,3,2,0,0.855781,0.00325567,0.00321958,0.00353441,0.98999,0.0284317,0.0238266,0.94535,0.0023917
11755,1,12,1385.92,14,1440.81,3,2,0,0.855353,0.00538674,0.00532702,0.00584804,0.983438,0.0448339,0.0375709,0.913826,0.0037696
11756,1,12,1385.92,14,1440.81,3,2,0,0.854926,0.0087882,0.00869074,0.00954093,0.97298,0.0687887,0.057643,0.867787,0.00578084
11757,1,12,1385.92,14,1440.81,3,0,0,0.854498,0.0141087,0.0139522,0.0153173,0.956622,0.102002,0.0854717,0.803959,0.00856776
11758,1,12,1385.92,14,1440.81,3,2,0,0.854071,0.0222217,0.0219752,0.0241258,0.931677,0.0808707,0.0874482,0.822919,0.00876185
11759,1,12,1385.92,14,1440.81,3,2,0,0.853644,0.0341931,0.0338137,0.0371236,0.89487,0.116198,0.125651,0.745566,0.0125838
11760,1,12,1385.92,14,1440.81,3,2,0,0.853217,0.0511174,0.05055,0.0554993,0.842833,0.159433,0.172406,0.650902,0.0172583
11761,1,12,1385.92,14,1440.81,0,2,9,0.852791,0.0737619,0.0729431,0.0800864,0.773209,0.207882,0.224801,0.544824,0.0224928
11762,1,12,1385.92,14,1440.81,3,2,0,0.852364,0.299895,0.0551129,0.0605112,0.584481,0.0743475,0.0803995,0.837212,0.00804078
11763,1,12,1385.92,14,1440.81,2,2,0,0.851938,0.379504,0.0697194,0.0765499,0.474227,0.107835,0.116615,0.763893,0.0116573
11764,1,12,1385.92,14,1440.81,1,2,0,0.851512,0.386129,0.0709124,0.060433,0.482526,0.149554,0.161733,0.672553,0.0161601
11765,1,12,1385.92,14,1440.81,3,2,9,0.851086,0.392159,0.0564024,0.0613541,0.490084,0.197244,0.213309,0.568143,0.0213037
11766,1,12,1385.92,14,1440.81,0,2,0,0.850661,0.149916,0.0215533,0.0234459,0.805085,0.0686952,0.0742917,0.849597,0.00741627
11767,0,12,1385.92,13,1545.94,2,2,13,0.850235,0.115815,0.0224025,0.0243701,0.837412,0.100476,0.108664,0.780017,0.0108425
11768,0,12,1385.92,13,1545.94,0,1,9,0.84981,0.995209,2.88457e-07,0.000982242,0.00380842,8.06759e-07,0.998372,0.00162436,2.43975e-06
11769,0,12,1385.92,13,1515.09,0,1,13,0.849385,0.998581,8.52506e-08,0.000290764,0.00112768,2.36323e-07,0.999523,0.000476547,7.14832e-07
11770,0,12,1385.92,13,1515.09,0,1,9,0.848961,0.999815,1.10894e-08,3.78843e-05,0.000146968,3.05165e-08,0.999938,6.16305e-05,9.23271e-08
11771,0,12,1385.92,13,1511.7,0,1,13,0.848536,0.999942,3.48267e-09,1.19171e-05,4.62434e-05,9.52207e-09,0.999981,1.92599e-05,2.88152e-08
11772,0,12,1385.92,13,1511.7,0,1,0,0.848112,0.999992,4.81631e-10,1.65074e-06,6.40731e-06,1.30859e-09,0.999997,2.65087e-06,3.96088e-09
11773,0,12,1385.92,13,1511.7,0,1,0,0.847688,0.999982,1.0716e-09,3.67879e-06,1.4283e-05,2.8938e-09,0.999994,5.87102e-06,8.76097e-09
11774,0,12,1385.92,13,1511.7,0,1,0,0.847264,0.999961,2.34695e-09,8.07015e-06,3.13412e-05,6.29998e-09,0.999987,1.28011e-05,1.90774e-08
11775,0,12,1385.92,13,1511.7,0,1,0,0.84684,0.999915,5.06117e-09,1.74316e-05,6.77156e-05,1.35067e-08,0.999972,2.74863e-05,4.09095e-08
11776,0,12,1385.92,13,1511.7,0,1,0,0.846417,0.999819,1.07498e-08,3.70846e-05,0.0001441,2.8525e-08,0.999942,5.81374e-05,8.64167e-08
11777,0,12,1385.92,13,1511.7,0,1,0,0.845994,0.99962,2.24935e-08,7.77247e-05,0.000302097,5.93598e-08,0.999879,0.000121167,1.79871e-07
11778,0,12,1385.92,13,1511.7,0,1,0,0.845571,0.999215,4.63774e-08,0.000160515,0.000624051,1.21748e-07,0.999751,0.000248894,3.68999e-07
11779,0,12,1385.92,13,1491.4,0,1,13,0.845148,0.998403,9.42286e-08,0.000326663,0.00127035,2.46166e-07,0.999495,0.000504016,7.46258e-07
11780,0,12,1385.92,13,1491.4,0,1,0,0.844725,0.999793,1.21771e-08,4.22834e-05,0.000164479,3.16136e-08,0.999935,6.48265e-05,9.58586e-08
11781,0,12,1385.92,13,1491.4,0,1,0,0.844303,0.999567,2.54243e-08,8.84264e-05,0.000344065,6.56732e-08,0.999865,0.000134874,1.99178e-07
11782,0,12,1385.92,13,1491.4,0,1,0,0.843881,0.999109,5.23058e-08,0.000182218,0.0007092,1.34467e-07,0.999723,0.00027658,4.07912e-07
11783,0,12,1385.92,13,1491.4,0,1,0,0.843459,0.998189,1.06041e-07,0.00037002,0.00144052,2.71427e-07,0.99944,0.000559138,8.23566e-07
11784,0,12,1385.92,13,1491.4,0,1,0,0.843037,0.996377,2.11815e-07,0.000740315,0.0028829,5.40207e-07,0.998883,0.00111452,1.63947e-06
11785,0,12,1385.92,13,1491.4,0,1,0,0.842616,0.99286,4.16638e-07,0.00145857,0.00568144,1.06011e-06,0.997805,0.0021905,3.21802e-06
11786,0,12,1385.92,13,1491.4,0,1,0,0.842194,0.986161,8.0601e-07,0.00282629,0.011012,2.05087e-06,0.995748,0.00424418,6.22693e-06
11787,0,12,1385.92,13,1491.4,0,1,0,0.841773,0.973685,1.52979e-06,0.00537301,0.0209404,3.90908e-06,0.991882,0.00810203,1.18715e-05
11788,0,12,1385.92,13,1491.4,0,1,0,0.841352,0.951128,2.83586e-06,0.00997653,0.0388924,7.33195e-06,0.984751,0.0152196,2.22714e-05
11789,0,12,1385.92,13,1491.4,3,1,0,0.840932,0.91202,5.09571e-06,0.017956,0.0700185,1.35004e-05,0.971879,0.0280667,4.10177e-05
11790,0,12,1385.92,13,1491.4,0,1,0,0.840511,0.931844,5.19389e-06,0.0183319,0.0498188,2.43024e-05,0.949301,0.0506009,7.38533e-05
11791,0,12,1385.92,13,1491.4,0,1,0,0.840091,0.880564,9.08552e-06,0.0321199,0.0873066,4.24783e-05,0.911247,0.088581,0.000129118
11792,0,12,1385.92,13,1491.4,0,1,0,0.839671,0.800963,1.51139e-05,0.0535193,0.145503,7.13608e-05,0.850674,0.149038,0.000216957
11793,0,12,1385.92,13,1491.4,3,2,0,0.839251,0.689705,2.35203e-05,0.0834233,0.226848,0.000113675,0.761766,0.237775,0.000345681
11794,0,12,1385.92,13,1491.4,0,1,0,0.838832,0.754003,2.56602e-05,0.091162,0.15481,0.000124178,0.833618,0.16588,0.000377705
11795,0,12,1385.92,13,1491.4,0,1,9,0.838412,0.631371,3.83867e-05,0.136598,0.231993,0.000193869,0.739869,0.259348,0.00058981
11796,0,12,1385.92,13,1491.4,0,1,0,0.837993,0.866786,1.38484e-05,0.0493599,0.0838399,6.2154e-05,0.916482,0.0832664,0.000189134
11797,0,12,1385.92,13,1491.4,0,1,0,0.837574,0.781723,2.26527e-05,0.0808732,0.137381,0.000104195,0.859789,0.139789,0.000317136
11798,0,12,1385.92,13,1491.4,0,1,0,0.837155,0.666045,3.45987e-05,0.123725,0.210196,0.000166157,0.776089,0.223239,0.00050584
11799,0,12,1385.92,13,1491.4,3,1,0,0.836737,0.529079,4.87057e-05,0.174456,0.296416,0.000248561,0.66456,0.334434,0.000756876
11800,0,12,1385.92,13,1491.4,2,2,0,0.836318,0.599564,5.50919e-05,0.197654,0.202727,0.000344974,0.533779,0.464826,0.00105069
11801,0,12,1385.92,13,1491.4,0,1,0,0.8359,0.646039,5.92521e-05,0.135508,0.218394,0.000425026,0.658609,0.339671,0.00129479
11802,0,12,1385.92,13,1491.4,0,2,0,0.835482,0.509724,8.19392e-05,0.187683,0.302511,0.000584566,0.529837,0.467797,0.00178121
11803,0,12,1385.92,13,1491.4,0,1,0,0.835064,0.374529,0.000104366,0.239423,0.385944,0.000719104,0.652668,0.344421,0.00219165
11804,0,12,1385.92,13,1491.4,3,1,0,0.834647,0.258966,0.000123451,0.283642,0.457268,0.000980345,0.525907,0.470124,0.00298851
11805,0,12,1385.92,13,1491.11,2,2,13,0.834229,0.320186,0.000152401,0.350702,0.328959,0.00124292,0.39819,0.596777,0.00378978
11806,0,12,1385.92,13,1491.11,2,2,0,0.833812,0.0821864,3.9059e-05,0.833336,0.0844386,0.000206017,0.0660772,0.933088,0.000628306
11807,0,12,1385.92,13,1487.12,2,2,13,0.833395,0.129439,6.14215e-05,0.737514,0.132986,0.000342738,0.110056,0.888556,0.00104551
11808,0,12,1385.92,13,1487.12,2,2,0,0.832979,0.0188236,8.91854e-06,0.961828,0.0193396,4.16667e-05,0.0133949,0.986436,0.000127131
11809,0,12,1385.92,13,1487.12,2,1,0,0.832562,0.0335232,1.58589e-05,0.932018,0.0344424,7.44129e-05,0.0239498,0.975749,0.000227095
11810,0,12,1385.92,13,1487.12,2,2,0,0.832146,0.0576799,2.7245e-05,0.883031,0.0592619,7.46119e-05,0.0194819,0.980216,0.000227753
11811,0,12,1385.92,13,1481.59,3,2,13,0.83173,0.0947228,4.46736e-05,0.807911,0.0973212,0.000131127,0.0342769,0.965192,0.000400356
11812,0,12,1385.92,13,1481.59,3,2,0,0.831314,0.0479749,2.25915e-05,0.409364,0.542639,1.50983e-05,0.00395111,0.995988,4.61082e-05
11813,0,12,1385.92,13,1481.59,2,2,0,0.830898,0.0629913,2.96173e-05,0.537728,0.399251,2.7733e-05,0.00726562,0.992622,8.4712e-05
11814,0,12,1385.92,13,1479.72,3,2,13,0.830483,0.0822992,3.86363e-05,0.395841,0.521821,5.01977e-05,0.0131657,0.986631,0.000153366
11815,0,12,1385.92,13,1479.72,3,2,0,0.830068,0.0159413,7.47237e-06,0.0766984,0.907353,5.77144e-06,0.0015154,0.998461,1.7637e-05
11816,0,12,1385.92,13,1479.72,3,2,0,0.829653,0.0272526,1.27548e-05,0.131161,0.841573,1.083e-05,0.0028468,0.997109,3.31031e-05
11817,0,12,1385.92,13,1479.72,3,2,0,0.829238,0.0439154,2.05219e-05,0.211422,0.744642,2.00493e-05,0.00527605,0.994643,6.12962e-05
11818,0,12,1385.92,13,1479.72,2,2,0,0.828823,0.0656294,3.0622e-05,0.31606,0.61828,3.65947e-05,0.0096408,0.990211,0.000111905
11819,0,12,1385.92,13,1479.72,3,2,0,0.828409,0.0750771,3.49765e-05,0.217286,0.707602,6.57737e-05,0.0173473,0.982386,0.000201179
11820,0,12,1385.92,13,1479.75,2,2,9,0.827995,0.108792,5.06058e-05,0.31493,0.576227,0.000116154,0.0306689,0.96886,0.000355354
11821,0,12,1385.92,13,1479.75,3,2,0,0.827581,0.0550733,2.55786e-05,0.653103,0.291798,3.10143e-05,0.00819804,0.991676,9.49044e-05
11822,0,12,1385.92,13,1479.75,0,2,0,0.827167,0.0622019,2.88452e-05,0.738005,0.199765,5.60048e-05,0.0148203,0.984952,0.000171414
11823,0,12,1385.92,13,1479.75,2,2,0,0.826753,0.04531,2.93068e-05,0.75134,0.203321,9.94367e-05,0.0263429,0.973253,0.000304414
11824,0,12,1385.92,13,1479.75,2,2,0,0.82634,0.0677404,4.37506e-05,0.628151,0.304065,0.000173023,0.0458887,0.953408,0.00052981
11825,0,12,1385.92,13,1479.75,2,2,0,0.825927,0.0931475,6.00716e-05,0.488558,0.418235,0.000293511,0.077931,0.920877,0.000898952
11826,0,12,1385.92,13,1479.75,2,2,0,0.825514,0.117757,7.5831e-05,0.353276,0.528891,0.000481655,0.128029,0.870014,0.00147552
11827,0,12,1385.92,13,1479.75,2,2,0,0.825101,0.137265,8.82635e-05,0.245953,0.616693,0.000756745,0.201375,0.795549,0.00231877
11828,0,12,1385.92,13,1479.75,3,2,0,0.824688,0.151028,9.69705e-05,0.170146,0.678729,0.00112503,0.299713,0.695714,0.00344802
11829,0,12,1385.92,13,1479.75,3,1,9,0.824276,0.212546,0.000136269,0.239458,0.547859,0.00156656,0.417805,0.575826,0.0048023
11830,0,12,1385.92,13,1479.75,3,1,0,0.823864,0.0812706,5.20283e-05,0.0915631,0.827114,0.000667501,0.75164,0.245646,0.00204669
11831,0,12,1385.92,13,1479.75,0,1,0,0.823452,0.127071,8.12295e-05,0.143168,0.72968,0.000967275,0.63968,0.356386,0.00296652
11832,0,12,1385.92,13,1478.18,3,2,13,0.82304,0.0899699,8.45324e-05,0.149212,0.760734,0.00130647,0.512756,0.48193,0.00400768
11833,0,12,1385.92,13,1478.18,3,2,0,0.822629,0.0125239,1.17506e-05,0.0207726,0.966692,0.000252678,0.0992884,0.899684,0.000775281
11834,0,12,1385.92,13,1478.18,3,2,9,0.822217,0.0223166,2.09094e-05,0.0370187,0.940644,0.000409672,0.161171,0.837162,0.00125726
11835,0,12,1385.92,13,1468.74,3,2,13,0.821806,0.00618935,5.79101e-06,0.0102679,0.983537,0.000117825,0.0464094,0.953111,0.000361679
11836,0,12,1385.92,13,1468.09,3,2,13,0.821395,0.000728187,6.80371e-07,0.00120816,0.998063,1.35891e-05,0.00535893,0.994586,4.17229e-05
11837,0,12,1385.92,13,1451.63,3,2,13,0.820985,8.82164e-05,8.23088e-08,0.000146378,0.999765,1.57567e-06,0.000622118,0.999371,4.8389e-06
11838,0,12,1385.92,13,1444.83,3,2,13,0.820574,1.11219e-05,1.03626e-08,1.84564e-05,0.99997,1.89785e-07,7.5022e-05,0.999924,5.82963e-07
11839,0,12,1385.92,13,1444.83,3,2,9,0.820164,1.45997e-06,1.35841e-09,2.42303e-06,0.999996,2.38149e-08,9.42529e-06,0.99999,7.31686e-08
11840,0,12,1385.92,13,1444.83,3,2,0,0.819754,4.68577e-07,4.35371e-10,7.77748e-07,0.999999,7.3125e-09,2.89755e-06,0.999997,2.24719e-08
11841,0,12,1385.92,13,1444.83,3,2,0,0.819344,1.0515e-06,9.75621e-10,1.74546e-06,0.999997,1.57124e-08,6.23342e-06,0.999994,4.82962e-08
11842,0,12,1385.92,13,1444.83,3,2,0,0.818934,2.32236e-06,2.15177e-09,3.85545e-06,0.999994,3.32561e-08,1.32092e-05,0.999987,1.02245e-07
11843,0,12,1385.92,13,1444.83,3,2,9,0.818525,5.04985e-06,4.67237e-09,8.38434e-06,0.999987,6.9356e-08,2.75809e-05,0.999972,2.1328e-07
11844,0,12,1385.92,13,1444.83,3,2,0,0.818116,1.57964e-06,1.45952e-09,2.62296e-06,0.999996,2.08248e-08,8.29136e-06,0.999992,6.40538e-08
11845,0,12,1385.92,13,1444.83,3,2,0,0.817707,3.46188e-06,3.19416e-09,5.74897e-06,0.999991,4.3842e-08,1.74765e-05,0.999982,1.34881e-07
11846,0,12,1385.92,13,1444.83,3,2,0,0.817298,7.4707e-06,6.88334e-09,1.24075e-05,0.99998,9.0955e-08,3.63004e-05,0.999963,2.79889e-07
11847,0,12,1385.92,13,1426.57,3,2,13,0.816889,1.58795e-05,1.46105e-08,2.63756e-05,0.999958,1.85999e-07,7.4322e-05,0.999925,5.72491e-07
11848,0,12,1385.92,13,1426.57,3,2,0,0.816481,2.06148e-06,1.8941e-09,3.42444e-06,0.999995,2.32492e-08,9.30108e-06,0.999991,7.15751e-08
11849,0,12,1385.92,13,1426.26,3,2,13,0.816072,4.49598e-06,4.12515e-09,7.46928e-06,0.999988,4.88546e-08,1.95683e-05,0.99998,1.50438e-07
11850,0,12,1385.92,13,1426.26,3,2,0,0.815664,5.97884e-07,5.47803e-10,9.9338e-07,0.999998,6.26418e-09,2.51207e-06,0.999997,1.92936e-08
11851,0,12,1385.92,13,1426.26,3,2,0,0.815256,1.3366e-06,1.22293e-09,2.22097e-06,0.999996,1.35118e-08,5.42503e-06,0.999995,4.16257e-08
11852,0,12,1385.92,13,1426.26,3,2,9,0.814849,2.9411e-06,2.68721e-09,4.8876e-06,0.999992,2.87068e-08,1.15397e-05,0.999988,8.84566e-08
11853,0,12,1385.92,13,1423.4,3,2,13,0.814441,9.27549e-07,8.46294e-10,1.54159e-06,0.999998,8.74716e-09,3.52044e-06,0.999996,2.69594e-08
11854,0,12,1385.92,13,1423.4,3,2,9,0.814034,1.27033e-07,1.15742e-10,2.11149e-07,1,1.1582e-09,4.66697e-07,1,3.57047e-09
11855,0,12,1385.92,13,1423.4,3,2,0,0.813627,4.26109e-08,3.87693e-11,7.08336e-08,1,3.75844e-10,1.51628e-07,1,1.1589e-09
11856,0,12,1385.92,13,1423.4,3,2,0,0.81322,1.00426e-07,9.12448e-11,1.6696e-07,1,8.57487e-10,3.46354e-07,1,2.64462e-09
11857,0,12,1385.92,13,1423.4,3,2,9,0.812814,2.32728e-07,2.11154e-10,3.8695e-07,0.999999,1.92481e-09,7.78398e-07,0.999999,5.93775e-09
11858,0,12,1385.92,13,1423.4,3,2,0,0.812407,7.70689e-08,6.98268e-11,1.28154e-07,1,6.17792e-10,2.50137e-07,1,1.90623e-09
11859,0,12,1385.92,13,1423.4,3,2,9,0.812001,1.79575e-07,1.62473e-10,2.98636e-07,1,1.39602e-09,5.65911e-07,0.999999,4.30845e-09
11860,0,12,1385.92,13,1423.4,3,2,0,0.811595,5.97397e-08,5.39745e-11,9.93581e-08,1,4.50653e-10,1.82903e-07,1,1.39114e-09
11861,0,12,1385.92,13,1423.4,3,2,0,0.811189,1.3993e-07,1.26249e-10,2.32753e-07,1,1.02488e-09,4.1646e-07,1,3.16445e-09
11862,0,12,1385.92,13,1423.4,3,2,0,0.810784,3.22318e-07,2.90397e-10,5.36183e-07,0.999999,2.29335e-09,9.33024e-07,0.999999,7.08262e-09
11863,0,12,1385.92,13,1423.4,3,2,9,0.810378,7.30342e-07,6.57089e-10,1.21506e-06,0.999998,5.05097e-09,2.0574e-06,0.999998,1.56026e-08
11864,0,12,1385.92,13,1423.4,3,2,0,0.809973,2.36041e-07,2.12069e-10,3.9274e-07,0.999999,1.58757e-09,6.4744e-07,0.999999,4.90515e-09
11865,0,12,1385.92,13,1423.4,3,2,0,0.809568,5.3827e-07,4.82924e-10,8.95696e-07,0.999999,3.52265e-09,1.43833e-06,0.999999,1.08865e-08
11866,0,12,1385.92,13,1423.4,3,2,0,0.809163,1.20772e-06,1.08202e-09,2.00989e-06,0.999997,7.69459e-09,3.14555e-06,0.999997,2.37849e-08
11867,0,12,1385.92,13,1423.4,3,2,9,0.808759,2.66703e-06,2.38609e-09,4.43891e-06,0.999993,1.65506e-08,6.77405e-06,0.999993,5.11716e-08
11868,0,12,1385.92,13,1423.4,3,2,0,0.808354,8.39191e-07,7.49741e-10,1.39687e-06,0.999998,5.07496e-09,2.07964e-06,0.999998,1.56944e-08
11869,0,12,1385.92,13,1423.4,3,2,9,0.80795,1.867e-06,1.66565e-09,3.10801e-06,0.999995,1.10081e-08,4.51638e-06,0.999995,3.40503e-08
11870,0,12,1385.92,13,1423.4,3,2,9,0.807546,5.91288e-07,5.2678e-10,9.84422e-07,0.999998,3.4007e-09,1.39692e-06,0.999999,1.05215e-08
11871,0,12,1385.92,13,1423.4,3,2,0,0.807143,1.91522e-07,1.70388e-10,3.18894e-07,0.999999,1.07497e-09,4.42098e-07,1,3.3266e-09
11872,0,12,1385.92,13,1423.4,3,2,0,0.806739,4.38881e-07,3.89903e-10,7.30832e-07,0.999999,2.40506e-09,9.90314e-07,0.999999,7.44441e-09
11873,0,12,1385.92,13,1423.4,3,2,0,0.806336,9.89435e-07,8.77782e-10,1.64779e-06,0.999997,5.29621e-09,2.18341e-06,0.999998,1.63971e-08
11874,0,12,1385.92,13,1423.4,3,2,0,0.805932,2.19523e-06,1.94478e-09,3.65628e-06,0.999994,1.14828e-08,4.73961e-06,0.999995,3.5559e-08
11875,0,12,1385.92,13,1423.4,3,2,0,0.805529,4.79473e-06,4.24172e-09,7.9867e-06,0.999987,2.45194e-08,1.01327e-05,0.99999,7.59467e-08
11876,0,12,1385.92,13,1423.4,3,2,0,0.805127,1.03126e-05,9.1104e-09,1.71798e-05,0.999972,5.15796e-08,2.13412e-05,0.999978,1.59799e-07
11877,0,12,1385.92,13,1423.4,3,2,0,0.804724,2.18488e-05,1.92745e-08,3.64015e-05,0.999942,1.06925e-07,4.42938e-05,0.999955,3.31341e-07
11878,0,12,1385.92,13,1423.4,3,2,0,0.804322,4.56099e-05,4.01795e-08,7.59968e-05,0.999878,2.18492e-07,9.06196e-05,0.999908,6.77218e-07
11879,0,12,1385.92,13,1423.4,3,2,0,0.80392,9.38375e-05,8.25489e-08,0.000156372,0.99975,4.40208e-07,0.000182797,0.999815,1.36474e-06
11880,0,12,1385.92,13,1423.4,3,2,0,0.803518,0.000190317,1.67187e-07,0.000317178,0.999492,8.74684e-07,0.000363652,0.999633,2.71232e-06
11881,0,12,1385.92,13,1423.4,3,2,0,0.803116,0.000380568,3.33844e-07,0.000634311,0.998985,1.71434e-06,0.000713602,0.999279,5.31724e-06
11882,0,12,1385.92,13,1423.4,2,2,9,0.802714,0.000750341,6.57294e-07,0.00125076,0.997998,3.31473e-06,0.00138144,0.998605,1.02834e-05
11883,0,12,1385.92,13,1423.4,3,2,0,0.802313,0.000743734,6.50589e-07,0.00862058,0.990635,9.1181e-07,0.000380461,0.999616,2.82937e-06
11884,0,12,1385.92,13,1423.4,3,2,0,0.801912,0.00143578,1.2542e-06,0.0166502,0.981913,1.78603e-06,0.00074614,0.999247,5.54336e-06
11885,0,12,1385.92,13,1423.4,3,2,0,0.801511,0.0027147,2.36803e-06,0.0314967,0.965786,3.45126e-06,0.00144355,0.998542,1.07142e-05
11886,0,12,1385.92,13,1423.4,3,2,9,0.80111,0.00499825,4.35383e-06,0.0580197,0.936978,6.57899e-06,0.00275511,0.997218,2.04286e-05
11887,0,12,1385.92,13,1423.4,3,2,0,0.80071,0.00141064,1.22704e-06,0.0163827,0.982205,1.7849e-06,0.000748372,0.999244,5.54361e-06
11888,0,12,1385.92,13,1423.4,3,2,0,0.800309,0.00266959,2.31886e-06,0.031019,0.966309,3.44993e-06,0.00144823,0.998538,1.07173e-05
11889,0,12,1385.92,13,1423.4,3,2,0,0.799909,0.00492049,4.268e-06,0.0572011,0.937874,6.57803e-06,0.00276471,0.997208,2.04396e-05
11890,0,12,1385.92,13,1423.4,3,2,0,0.799509,0.00875093,7.57981e-06,0.10178,0.889461,1.23697e-05,0.00520518,0.994744,3.84443e-05
11891,0,12,1385.92,13,1423.4,2,2,9,0.799109,0.0148122,1.28118e-05,0.172362,0.812813,2.2925e-05,0.00965854,0.990247,7.12659e-05
11892,0,12,1385.92,13,1423.4,3,2,0,0.79871,0.00928561,8.02027e-06,0.480754,0.509952,6.08896e-06,0.00256845,0.997407,1.89328e-05
11893,0,12,1385.92,13,1423.4,3,2,0,0.79831,0.012074,1.0414e-05,0.625613,0.362303,1.14722e-05,0.00484507,0.995108,3.56794e-05
11894,0,12,1385.92,13,1423.4,2,2,0,0.797911,0.0142472,1.22711e-05,0.738802,0.246938,2.1305e-05,0.00900866,0.990904,6.62751e-05
11895,0,12,1385.92,13,1423.4,2,2,0,0.797512,0.0214119,1.8416e-05,0.607238,0.371332,3.89498e-05,0.0164896,0.98335,0.000121192
11896,0,12,1385.92,13,1423.4,3,2,0,0.797114,0.0293706,2.52254e-05,0.460961,0.509644,6.99401e-05,0.0296453,0.970067,0.000217667
11897,0,12,1385.92,13,1423.4,2,2,0,0.796715,0.0378789,3.24871e-05,0.594823,0.367265,0.00012287,0.0521435,0.947351,0.000382481
11898,0,12,1385.92,13,1423.4,3,2,9,0.796317,0.0513033,4.39385e-05,0.451001,0.497652,0.000209871,0.0891729,0.909964,0.000653455
11899,0,12,1385.92,13,1420.14,3,2,13,0.795918,0.0207765,1.77688e-05,0.182723,0.796482,5.65769e-05,0.0240683,0.975699,0.000176198
11900,0,12,1385.92,13,1420.14,3,2,9,0.795521,0.00277838,2.37281e-06,0.0244457,0.972774,6.29203e-06,0.00267992,0.997294,1.95998e-05
11901,0,12,1385.92,13,1420.14,3,2,9,0.795123,0.000769599,6.56331e-07,0.00677429,0.992455,1.70109e-06,0.000725413,0.999268,5.30013e-06
11902,0,12,1385.92,13,1420.14,3,2,0,0.794725,0.000215525,1.83545e-07,0.00189796,0.997886,4.7116e-07,0.000201165,0.999797,1.46834e-06
11903,0,12,1385.92,13,1420.14,3,2,0,0.794328,0.000430204,3.65852e-07,0.00379011,0.995779,9.36621e-07,0.000400381,0.999596,2.91958e-06
11904,0,12,1385.92,13,1420.14,3,2,0,0.793931,0.000845416,7.17938e-07,0.00745138,0.991702,1.83654e-06,0.000786027,0.999206,5.72606e-06
11905,0,12,1385.92,13,1420.14,3,2,9,0.793534,0.00163322,1.38499e-06,0.0144013,0.983964,3.55242e-06,0.00152225,0.998463,1.10784e-05
11906,0,12,1385.92,13,1420.14,3,2,0,0.793137,0.000452851,3.8348e-07,0.00399484,0.995552,9.69041e-07,0.000415749,0.99958,3.0227e-06
11907,0,12,1385.92,13,1420.14,3,2,9,0.79274,0.000889101,7.51838e-07,0.00784666,0.991263,1.89926e-06,0.000815831,0.999176,5.92565e-06
11908,0,12,1385.92,13,1420.14,3,2,0,0.792344,0.00024807,2.09475e-07,0.00219026,0.997561,5.2396e-07,0.000225341,0.999772,1.63512e-06
11909,0,12,1385.92,13,1420.14,3,2,0,0.791948,0.000493941,4.16504e-07,0.00436302,0.995143,1.03987e-06,0.000447762,0.999548,3.24584e-06
11910,0,12,1385.92,13,1420.14,3,2,0,0.791552,0.000968038,8.15119e-07,0.00855448,0.990477,2.03565e-06,0.000877607,0.999114,6.35554e-06
11911,0,12,1385.92,13,1420.14,3,2,9,0.791156,0.00186416,1.56746e-06,0.0164806,0.981654,3.93108e-06,0.00169682,0.998287,1.22761e-05
11912,0,12,1385.92,13,1420.14,3,2,0,0.79076,0.000515514,4.32851e-07,0.00455953,0.994925,1.06833e-06,0.000461697,0.999534,3.33698e-06
11913,0,12,1385.92,13,1420.14,3,2,9,0.790365,0.00100957,8.46485e-07,0.00893316,0.990056,2.09073e-06,0.000904642,0.999087,6.53197e-06
11914,0,12,1385.92,13,1420.14,3,2,0,0.78997,0.000280737,2.35054e-07,0.00248518,0.997234,5.74655e-07,0.00024895,0.999749,1.79577e-06
11915,0,12,1385.92,13,1420.14,3,2,9,0.789575,0.000557792,4.66364e-07,0.00493993,0.994502,1.13891e-06,0.000493995,0.999501,3.55986e-06
11916,0,12,1385.92,13,1420.14,3,2,0,0.78918,0.000156357,1.30543e-07,0.00138534,0.998458,3.16538e-07,0.000137463,0.999861,9.89618e-07
11917,0,12,1385.92,13,1420.14,3,2,0,0.788786,0.00031473,2.62397e-07,0.00278975,0.996895,6.34972e-07,0.000276085,0.999721,1.98562e-06
11918,0,12,1385.92,13,1420.14,3,2,9,0.788391,0.00062391,5.19429e-07,0.00553272,0.993843,1.25624e-06,0.000546874,0.999448,3.92927e-06
11919,0,12,1385.92,13,1420.14,3,2,0,0.787997,0.000174436,1.45019e-07,0.00154754,0.998278,3.48158e-07,0.000151747,0.999847,1.08922e-06
11920,0,12,1385.92,13,1420.14,3,2,0,0.787603,0.000350408,2.90902e-07,0.00311007,0.996539,6.97243e-07,0.000304268,0.999693,2.18184e-06
11921,0,12,1385.92,13,1420.14,3,2,9,0.787209,0.000693141,5.74617e-07,0.00615471,0.993152,1.37718e-06,0.000601712,0.999393,4.31049e-06
11922,0,12,1385.92,13,1420.14,3,2,0,0.786816,0.000193319,1.60034e-07,0.00171731,0.998089,3.80641e-07,0.000166511,0.999832,1.19166e-06
11923,0,12,1385.92,13,1420.14,3,2,0,0.786422,0.0003876,3.20411e-07,0.00344468,0.996167,7.61122e-07,0.000333357,0.999663,2.38336e-06
11924,0,12,1385.92,13,1420.14,3,2,9,0.786029,0.000765148,6.31615e-07,0.006803,0.992431,1.50106e-06,0.000658236,0.999336,4.70146e-06
11925,0,12,1385.92,13,1420.14,3,2,0,0.785636,0.000212911,1.75505e-07,0.00189384,0.997893,4.13804e-07,0.00018168,0.999817,1.29637e-06
11926,0,12,1385.92,13,1420.14,3,2,0,0.785243,0.00042612,3.50756e-07,0.00379198,0.995782,8.26254e-07,0.000363208,0.999633,2.58909e-06
11927,0,12,1385.92,13,1420.14,3,2,9,0.784851,0.000839566,6.90098e-07,0.00747445,0.991685,1.6272e-06,0.000716164,0.999277,5.10005e-06
11928,0,12,1385.92,13,1420.14,3,2,9,0.784458,0.000233115,1.91341e-07,0.00207627,0.99769,4.47465e-07,0.000197178,0.999801,1.40278e-06
11929,0,12,1385.92,13,1420.14,3,2,0,0.784066,6.60893e-05,5.41693e-08,0.000588892,0.999345,1.26149e-07,5.56558e-05,0.999944,3.95561e-07
11930,0,12,1385.92,13,1420.14,3,2,0,0.783674,0.000135626,1.11006e-07,0.00120903,0.998655,2.57996e-07,0.000113964,0.999885,8.09176e-07
11931,0,12,1385.92,13,1420.14,3,2,9,0.783282,0.000274228,2.24129e-07,0.00244566,0.99728,5.20233e-07,0.000230083,0.999768,1.63203e-06
11932,0,12,1385.92,13,1420.14,3,2,0,0.78289,7.74515e-05,6.32119e-08,0.000691042,0.999231,1.46093e-07,6.46913e-05,0.999935,4.58415e-07
11933,0,12,1385.92,13,1420.14,3,2,9,0.782499,0.000158476,1.29156e-07,0.00141458,0.998427,2.97988e-07,0.000132112,0.999867,9.35247e-07
11934,0,12,1385.92,13,1420.14,3,2,0,0.782108,4.51855e-05,3.67733e-08,0.00040351,0.999551,8.45518e-08,3.75316e-05,0.999962,2.6543e-07
11935,0,12,1385.92,13,1419.72,3,2,13,0.781717,9.34983e-05,7.59834e-08,0.000835312,0.999071,1.74372e-07,7.74961e-05,0.999922,5.47524e-07
11936,0,12,1385.92,13,1419.72,3,2,9,0.781326,1.12667e-05,9.14312e-09,0.000100701,0.999888,2.09182e-08,9.30802e-06,0.999991,6.56977e-08
11937,0,12,1385.92,13,1419.72,3,2,0,0.780935,3.37875e-06,2.73801e-09,3.02122e-05,0.999966,6.2496e-09,2.7843e-06,0.999997,1.96326e-08
11938,0,12,1385.92,13,1418.7,3,2,13,0.780545,7.36542e-06,5.96016e-09,6.58891e-05,0.999927,1.35747e-08,6.05513e-06,0.999994,4.26536e-08
11939,0,12,1385.92,13,1418.7,3,2,0,0.780154,9.31381e-07,7.52609e-10,8.33554e-06,0.999991,1.71031e-09,7.63833e-07,0.999999,5.37527e-09
11940,0,12,1385.92,13,1418.7,3,2,9,0.779764,2.08332e-06,1.68105e-09,1.86532e-05,0.999979,3.81215e-09,1.7046e-06,0.999998,1.19838e-08
11941,0,12,1385.92,13,1418.7,3,2,0,0.779374,6.45221e-07,5.19892e-10,5.77957e-06,0.999994,1.17651e-09,5.26719e-07,0.999999,3.6993e-09
11942,0,12,1385.92,13,1418.56,3,2,13,0.778985,1.45408e-06,1.16997e-09,1.30306e-05,0.999986,2.64227e-09,1.18438e-06,0.999999,8.31e-09
11943,0,12,1385.92,13,1418.56,3,2,0,0.778595,1.89518e-07,1.52271e-10,1.6991e-06,0.999998,3.43204e-10,1.54027e-07,1,1.07963e-09
11944,0,12,1385.92,13,1418.56,3,2,9,0.778206,4.37684e-07,3.51163e-10,3.92572e-06,0.999996,7.89951e-10,3.54956e-07,1,2.48555e-09
11945,0,12,1385.92,13,1418.56,3,2,9,0.777817,1.39646e-07,1.11881e-10,1.25308e-06,0.999999,2.51201e-10,1.13013e-07,1,7.90576e-10
11946,0,12,1385.92,13,1418.56,3,2,0,0.777428,4.55616e-08,3.64508e-11,4.09014e-07,1,8.16885e-11,3.67957e-08,1,2.57148e-10
11947,0,12,1385.92,13,1418.56,3,2,0,0.777039,1.0827e-07,8.64964e-11,9.72386e-07,0.999999,1.9349e-10,8.72622e-08,1,6.09229e-10
11948,0,12,1385.92,13,1418.56,3,2,0,0.776651,2.52941e-07,2.01785e-10,2.27269e-06,0.999997,4.50584e-10,2.03457e-07,1,1.41905e-09
11949,0,12,1385.92,13,1418.56,3,2,0,0.776262,5.81136e-07,4.62943e-10,5.22384e-06,0.999994,1.03195e-09,4.66537e-07,1,3.25071e-09
11950,0,12,1385.92,13,1418.56,3,2,0,0.775874,1.31349e-06,1.04486e-09,1.18121e-05,0.999987,2.32512e-09,1.05246e-06,0.999999,7.32599e-09
11951,0,12,1385.92,13,1418.56,3,2,0,0.775486,2.92148e-06,2.32067e-09,2.62843e-05,0.999971,5.15565e-09,2.33655e-06,0.999998,1.62481e-08
11952,0,12,1385.92,13,1417.58,3,2,13,0.775099,6.3965e-06,5.07379e-09,5.75741e-05,0.999936,1.1254e-08,5.10655e-06,0.999995,3.54752e-08
11953,0,12,1385.92,13,1417.58,3,2,0,0.774711,8.05895e-07,6.38335e-10,7.25695e-06,0.999992,1.41352e-09,6.42181e-07,0.999999,4.45679e-09
11954,0,12,1385.92,13,1417.58,3,2,0,0.774324,1.8105e-06,1.43202e-09,1.63104e-05,0.999982,3.16611e-09,1.44016e-06,0.999999,9.98493e-09
11955,0,12,1385.92,13,1417.58,3,2,0,0.773936,4.00311e-06,3.16174e-09,3.6079e-05,0.99996,6.97987e-09,3.17881e-06,0.999997,2.20174e-08
11956,0,12,1385.92,13,1417.58,3,2,0,0.773549,8.71379e-06,6.87251e-09,7.85697e-05,0.999913,1.51497e-08,6.90801e-06,0.999993,4.77994e-08
11957,0,12,1385.92,13,1417.58,3,2,0,0.773163,1.86788e-05,1.47108e-08,0.000168496,0.999813,3.23838e-08,1.47846e-05,0.999985,1.02199e-07
11958,0,12,1385.92,13,1417.58,3,2,0,0.772776,3.94396e-05,3.1017e-08,0.000355928,0.999605,6.81946e-08,3.11719e-05,0.999969,2.15262e-07
11959,0,12,1385.92,13,1417.58,3,2,0,0.77239,8.2042e-05,6.44291e-08,0.000740727,0.999177,1.41512e-07,6.47648e-05,0.999935,4.46799e-07
11960,0,12,1385.92,13,1417.58,3,2,9,0.772004,0.000168149,1.31861e-07,0.00151882,0.998313,2.89454e-07,0.000132634,0.999866,9.14108e-07
11961,0,12,1385.92,13,1417.58,3,2,0,0.771618,4.7522e-05,3.72133e-08,0.000429436,0.999523,8.14876e-08,3.73853e-05,0.999962,2.57401e-07
11962,0,12,1385.92,13,1417.58,3,2,0,0.771232,9.85136e-05,7.70333e-08,0.000890618,0.999011,1.68541e-07,7.74191e-05,0.999922,5.32505e-07
11963,0,12,1385.92,13,1417.58,3,2,0,0.770846,0.000201207,1.5711e-07,0.00181983,0.997979,3.43627e-07,0.000158038,0.999841,1.08594e-06
11964,0,12,1385.92,13,1417.58,3,2,0,0.770461,0.000404803,3.15633e-07,0.00366287,0.995932,6.90782e-07,0.000318089,0.999679,2.18353e-06
11965,0,12,1385.92,13,1417.58,3,2,0,0.770075,0.000801691,6.24201e-07,0.00725732,0.99194,1.36948e-06,0.000631387,0.999363,4.32986e-06
11966,0,12,1385.92,13,1417.58,3,2,9,0.76969,0.00156061,1.21336e-06,0.0141336,0.984305,2.67787e-06,0.00123612,0.998753,8.4685e-06
11967,0,12,1385.92,13,1417.58,3,2,0,0.769306,0.000425542,3.30381e-07,0.00385562,0.995719,7.206e-07,0.000333043,0.999664,2.27936e-06
11968,0,12,1385.92,13,1417.58,3,2,0,0.768921,0.000842023,6.52793e-07,0.00763251,0.991525,1.42772e-06,0.000660668,0.999333,4.51713e-06
11969,0,12,1385.92,13,1417.58,3,2,0,0.768536,0.0016374,1.26761e-06,0.0148488,0.983513,2.79005e-06,0.00129266,0.998696,8.82938e-06
11970,0,12,1385.92,13,1417.58,3,2,0,0.768152,0.00311976,2.41172e-06,0.028304,0.968574,5.37771e-06,0.00249461,0.997483,1.70222e-05
11971,0,12,1385.92,13,1417.58,3,2,0,0.767768,0.00579229,4.47131e-06,0.0525737,0.94163,1.02211e-05,0.00474721,0.99521,3.23607e-05
11972,0,12,1385.92,13,1417.58,3,2,0,0.767384,0.010385,8.00511e-06,0.0943008,0.895306,1.91448e-05,0.00890274,0.991017,6.06275e-05
11973,0,12,1385.92,13,1417.58,3,2,0,0.767001,0.0177375,1.36531e-05,0.161136,0.821113,3.52936e-05,0.0164324,0.98342,0.000111793
11974,0,12,1385.92,13,1417.58,3,2,0,0.766617,0.0283672,2.18038e-05,0.257816,0.713795,6.38855e-05,0.0297811,0.969953,0.000202405
11975,0,12,1385.92,13,1417.58,3,2,0,0.766234,0.0417792,3.20666e-05,0.379878,0.57831,0.000113082,0.0527797,0.946749,0.000358354
11976,0,12,1385.92,13,1417.58,2,2,0,0.765851,0.0561744,4.30535e-05,0.510993,0.43279,0.000194456,0.0908714,0.908318,0.000616367
11977,0,12,1385.92,13,1417.58,2,2,9,0.765468,0.072395,5.54058e-05,0.369562,0.557988,0.000321724,0.150531,0.848128,0.00102001
11978,0,12,1385.92,13,1417.58,2,2,0,0.765085,0.0329906,2.52124e-05,0.712604,0.254381,8.82933e-05,0.0413621,0.95827,0.000279993
11979,0,12,1385.92,13,1417.58,2,2,9,0.764702,0.0484782,3.69953e-05,0.577531,0.373954,0.00015394,0.0722042,0.927154,0.000488284
11980,0,12,1385.92,13,1417.58,2,2,0,0.76432,0.0176342,1.34379e-05,0.846269,0.136083,4.01886e-05,0.0188732,0.980959,0.000127504
11981,0,12,1385.92,13,1417.58,2,2,0,0.763938,0.0287618,2.18861e-05,0.74917,0.222046,7.24544e-05,0.0340677,0.96563,0.000229924
11982,0,12,1385.92,13,1417.58,3,2,9,0.763556,0.0434173,3.29907e-05,0.621224,0.335325,0.000127568,0.0600559,0.939412,0.000404914
11983,0,12,1385.92,13,1417.58,3,2,0,0.763174,0.0206987,1.57053e-05,0.296319,0.682967,3.30804e-05,0.0155926,0.984269,0.000105025
11984,0,12,1385.92,13,1417.58,2,2,0,0.762793,0.0299754,2.27115e-05,0.429351,0.540651,6.00442e-05,0.028337,0.971412,0.000190674
11985,0,12,1385.92,13,1417.58,2,2,0,0.762411,0.0368255,2.78615e-05,0.29856,0.664587,0.000106616,0.0503776,0.949177,0.000338643
11986,0,12,1385.92,13,1417.58,3,2,0,0.76203,0.0418146,3.15908e-05,0.203092,0.755062,0.000184016,0.0870576,0.912174,0.000584624
11987,0,12,1385.92,13,1417.58,3,2,0,0.761649,0.0631101,4.76109e-05,0.30662,0.630222,0.000305821,0.144862,0.853861,0.000971828
11988,0,12,1385.92,13,1417.58,2,2,0,0.761268,0.0873527,6.5805e-05,0.424537,0.488045,0.00048335,0.229237,0.768743,0.00153633
11989,0,12,1385.92,13,1417.58,3,2,0,0.760887,0.106626,8.02089e-05,0.297361,0.595933,0.0007168,0.340373,0.656631,0.00227888
11990,0,12,1385.92,13,1417.58,3,1,0,0.760507,0.143832,0.000108041,0.401203,0.454857,0.000987169,0.469337,0.526537,0.00313917
11991,0,12,1385.92,13,1417.58,0,2,9,0.760127,0.178565,0.000133938,0.498188,0.323113,0.00121766,0.344616,0.650293,0.00387303
11992,0,12,1385.92,13,1417.58,2,2,9,0.759747,0.500427,8.13262e-05,0.302994,0.196498,0.00038958,0.110382,0.887989,0.00123943
11993,0,12,1385.92,13,1417.58,3,2,0,0.759367,0.249081,4.04085e-05,0.653093,0.097786,0.000102632,0.029112,0.970459,0.000326594
11994,0,12,1385.92,13,1417.58,2,2,0,0.758987,0.257274,4.16648e-05,0.674704,0.0679808,0.000180396,0.0512279,0.948018,0.000574185
11995,0,12,1385.92,13,1417.58,2,2,0,0.758608,0.367041,5.93377e-05,0.53594,0.0969595,0.000308346,0.0876616,0.911048,0.000981668
11996,0,12,1385.92,13,1417.58,0,2,0,0.758228,0.479241,7.73413e-05,0.394117,0.126565,0.000507899,0.144557,0.853318,0.00161735
11997,0,12,1385.92,13,1417.58,2,2,9,0.757849,0.343055,9.7406e-05,0.497211,0.159636,0.000796724,0.227018,0.769647,0.00253767
11998,0,12,1385.92,13,1417.58,2,2,0,0.75747,0.133908,3.79595e-05,0.803751,0.062303,0.000228726,0.0652469,0.933796,0.000728693
11999,0,12,1385.92,13,1417.58,2,2,0,0.757092,0.208811,5.90957e-05,0.693993,0.0971376,0.000385226,0.110015,0.888372,0.00122757
12000,0,12,1385.92,13,1417.58,0,2,0,0.756713,0.300555,8.49214e-05,0.559565,0.139795,0.000622107,0.177865,0.81953,0.00198287
12001,0,12,1385.92,13,1417.58,2,1,0,0.756335,0.205736,9.62695e-05,0.635457,0.158711,0.000951228,0.272272,0.723745,0.0030326
12002,0,12,1385.92,13,1415.12,0,1,13,0.755957,0.283943,0.000132661,0.496893,0.219031,0.00105231,0.193878,0.801714,0.00335563
12003,0,12,1385.92,13,1415.12,0,1,0,0.755579,0.808801,3.53663e-05,0.132685,0.0584783,0.000339058,0.73992,0.258659,0.00108145
12004,0,12,1385.92,13,1415.12,3,2,0,0.755201,0.700412,5.53268e-05,0.207914,0.0916189,0.000496119,0.618942,0.37898,0.00158277
12005,0,12,1385.92,13,1415.12,0,2,0,0.754823,0.721276,5.68674e-05,0.214056,0.0646113,0.000582335,0.727539,0.27002,0.00185826
12006,0,12,1385.92,13,1415.12,3,1,0,0.754446,0.591301,8.32534e-05,0.313893,0.0947237,0.000644673,0.806571,0.190727,0.00205766
12007,0,12,1385.92,13,1415.12,0,1,0,0.754069,0.609881,8.57173e-05,0.323715,0.0663189,0.000977159,0.706481,0.289422,0.00311961
12008,0,12,1385.92,13,1415.12,2,2,9,0.753692,0.4692,0.000116442,0.440473,0.0902104,0.00138304,0.584096,0.410105,0.00441642
12009,0,12,1385.92,13,1415.12,2,2,0,0.753315,0.194672,4.82318e-05,0.767864,0.0374161,0.000571011,0.241446,0.75616,0.00182382
12010,0,12,1385.92,13,1415.12,0,2,0,0.752938,0.295256,7.30312e-05,0.647941,0.0567298,0.000839106,0.355236,0.641244,0.00268074
12011,0,12,1385.92,13,1413.5,2,2,13,0.752562,0.203186,8.24255e-05,0.732619,0.0641124,0.00114435,0.485049,0.51015,0.00365678
12012,0,12,1385.92,13,1413.5,2,2,0,0.752185,0.0268571,1.08779e-05,0.96466,0.00847239,0.00019682,0.0835259,0.915648,0.000629086
12013,0,12,1385.92,13,1413.5,2,2,0,0.751809,0.048477,1.9604e-05,0.936214,0.0152891,0.000328173,0.139438,0.859185,0.00104917
12014,0,12,1385.92,13,1413.5,0,1,0,0.751433,0.0845529,3.41397e-05,0.888752,0.026661,0.000520912,0.221598,0.776215,0.00166574
12015,0,12,1385.92,13,1413.5,2,2,0,0.751058,0.0604241,3.49691e-05,0.912196,0.027345,0.000563717,0.156406,0.841227,0.00180303
12016,0,12,1385.92,13,1413.5,2,2,0,0.750682,0.102376,5.91595e-05,0.851242,0.0463231,0.000876667,0.243509,0.752809,0.00280465
12017,0,12,1385.92,13,1413.5,0,1,0,0.750307,0.164297,9.48001e-05,0.761279,0.0743294,0.00127908,0.355685,0.638943,0.00409299
12018,0,12,1385.92,13,1413.5,2,1,9,0.749932,0.11435,0.00010029,0.806811,0.0787385,0.00147558,0.25578,0.738022,0.00472291
12019,0,12,1385.92,13,1413.5,2,1,0,0.749557,0.0324171,2.8391e-05,0.945235,0.0223198,0.000748797,0.621873,0.374981,0.00239724
12020,0,12,1385.92,13,1413.5,2,1,0,0.749182,0.0565992,4.95e-05,0.904384,0.0389668,0.0010112,0.488733,0.507018,0.00323807
12021,0,12,1385.92,13,1413.5,2,2,0,0.748807,0.0947907,8.27845e-05,0.839871,0.0652556,0.00126367,0.360296,0.634393,0.00404745
12022,0,12,1385.92,13,1413.5,2,2,0,0.748433,0.150162,0.000130958,0.74634,0.103367,0.00171032,0.488198,0.504613,0.00547933
12023,0,12,1385.92,13,1413.5,2,1,9,0.748059,0.221775,0.00019314,0.62538,0.152651,0.00214968,0.614305,0.376657,0.00688851
12024,0,12,1385.92,13,1413.5,2,1,0,0.747685,0.0736718,6.40691e-05,0.875558,0.0507056,0.000700765,0.874141,0.122912,0.00224608
12025,0,12,1385.92,13,1413.5,2,1,0,0.747311,0.120264,0.000104441,0.796864,0.0827673,0.00111159,0.800154,0.19517,0.00356367
12026,0,12,1385.92,13,1413.5,2,1,9,0.746937,0.184306,0.000159832,0.688701,0.126832,0.00166705,0.699988,0.292999,0.00534567
12027,0,12,1385.92,13,1413.5,2,1,0,0.746564,0.0575911,4.9873e-05,0.90273,0.039629,0.00049978,0.909965,0.0879318,0.001603
12028,0,12,1385.92,13,1413.5,2,2,0,0.74619,0.0963628,8.33311e-05,0.837251,0.0663032,0.000817724,0.852539,0.14402,0.0026234
12029,0,12,1385.92,13,1413.5,0,1,0,0.745817,0.152416,0.000131618,0.742589,0.104863,0.0008547,0.892329,0.104074,0.00274266
12030,0,12,1385.92,13,1413.5,0,1,0,0.745444,0.106681,0.000138487,0.782697,0.110484,0.00136904,0.827373,0.166864,0.00439417
12031,0,12,1385.92,13,1413.5,2,1,0,0.745072,0.0763027,0.000142956,0.809353,0.114202,0.00208411,0.736962,0.254263,0.00669085
12032,0,12,1385.92,13,1413.5,2,1,0,0.744699,0.117452,0.000219775,0.706525,0.175803,0.00298132,0.623372,0.364073,0.00957351
12033,0,12,1385.92,13,1413.5,0,1,0,0.744327,0.168112,0.000314174,0.579922,0.251652,0.00397822,0.496965,0.48628,0.0127777
12034,0,12,1385.92,13,1413.5,2,1,9,0.743955,0.117034,0.00033298,0.61556,0.267073,0.00495152,0.373308,0.605833,0.0159076
12035,0,12,1385.92,13,1413.5,2,2,0,0.743583,0.0387833,0.000110215,0.872588,0.0885183,0.00208698,0.735613,0.255594,0.00670632
12036,0,12,1385.92,13,1413.5,0,2,0,0.743211,0.0626656,0.000177876,0.794106,0.14305,0.00228539,0.806495,0.183874,0.00734563
12037,0,12,1385.92,13,1413.5,2,1,0,0.742839,0.0467527,0.000180601,0.80763,0.145437,0.00242342,0.856208,0.133578,0.00779109
12038,0,12,1385.92,13,1413.5,3,1,0,0.742468,0.0716611,0.000276512,0.705091,0.222972,0.00372866,0.778595,0.205687,0.0119901
12039,0,12,1385.92,13,1413.5,2,1,0,0.742096,0.0777742,0.000299767,0.765588,0.156338,0.00543121,0.677253,0.299846,0.017469
12040,0,12,1385.92,13,1413.5,3,2,9,0.741725,0.115171,0.000443413,0.652842,0.231543,0.00742434,0.558478,0.410212,0.0238854
12041,0,12,1385.92,13,1413.5,2,2,0,0.741355,0.0614483,0.000236315,0.348438,0.589878,0.00297372,0.223884,0.763573,0.00956919
12042,0,12,1385.92,13,1413.5,2,2,0,0.740984,0.0711732,0.000273411,0.245012,0.683542,0.00430581,0.324455,0.65738,0.013859
12043,0,12,1385.92,13,1413.5,2,2,0,0.740613,0.0780724,0.00029958,0.171487,0.750141,0.00583616,0.440151,0.535223,0.0187891
12044,0,12,1385.92,13,1413.5,3,1,0,0.740243,0.0827667,0.00031724,0.121311,0.795605,0.00738851,0.557708,0.411111,0.0237923
12045,0,12,1385.92,13,1413.5,3,2,9,0.739873,0.124925,0.000478297,0.183117,0.69148,0.00944478,0.434186,0.525949,0.030421
12046,0,12,1385.92,13,1413.5,3,2,0,0.739503,0.0379528,0.000145148,0.055636,0.906266,0.00329954,0.151799,0.834271,0.0106301
12047,0,12,1385.92,13,1413.5,3,1,9,0.739133,0.0626115,0.000239186,0.0917909,0.845358,0.00498543,0.229536,0.749413,0.0160652
12048,0,12,1385.92,13,1413.5,3,2,0,0.738764,0.0167418,6.38851e-05,0.024546,0.958648,0.0025939,0.598737,0.390309,0.00836066
12049,0,12,1385.92,13,1413.5,3,1,0,0.738394,0.0291678,0.000111178,0.0427677,0.927953,0.00304123,0.702754,0.2844,0.00980476
12050,0,12,1385.92,13,1413.5,3,2,0,0.738025,0.0491367,0.000187084,0.0720528,0.878623,0.00424783,0.584458,0.397596,0.013698
12051,0,12,1385.92,13,1413.5,3,2,0,0.737656,0.079147,0.00030101,0.116068,0.804484,0.00498849,0.687043,0.291878,0.0160902
12052,0,12,1385.92,13,1413.5,3,1,0,0.737287,0.120298,0.000457005,0.176429,0.702816,0.00554265,0.764118,0.212458,0.0178818
12053,0,12,1385.92,13,1413.5,2,1,0,0.736919,0.170497,0.000646986,0.25007,0.578787,0.00796832,0.660658,0.30566,0.0257135
12054,0,12,1385.92,13,1413.5,3,2,9,0.73655,0.187408,0.000710365,0.175532,0.63635,0.0107552,0.541667,0.412863,0.0347148
12055,0,12,1385.92,13,1413.5,3,2,0,0.736182,0.0596262,0.00022576,0.0558471,0.884301,0.00426275,0.214855,0.76712,0.0137622
12056,0,12,1385.92,13,1413.5,0,2,0,0.735814,0.0961743,0.000363734,0.0900776,0.813384,0.00616129,0.31079,0.663152,0.0198963
12057,0,12,1385.92,13,1413.5,3,1,9,0.735446,0.0705431,0.000373489,0.0925954,0.836488,0.00835148,0.4216,0.543073,0.0269753
12058,0,12,1385.92,13,1413.5,3,1,9,0.735078,0.0187862,9.93587e-05,0.0246602,0.956454,0.00328332,0.772426,0.213683,0.0106076
12059,0,12,1385.92,13,1413.5,3,1,0,0.734711,0.0046563,2.4601e-05,0.00611255,0.989207,0.00089943,0.937609,0.0585852,0.00290652
12060,0,12,1385.92,13,1413.5,3,1,0,0.734343,0.00847617,4.47359e-05,0.0111277,0.980351,0.00148945,0.896598,0.0970979,0.00481431
12061,0,12,1385.92,13,1413.5,3,1,9,0.733976,0.0151418,7.98324e-05,0.0198796,0.964899,0.0023761,0.834913,0.155028,0.00768202
12062,1,12,1385.92,13,1413.5,3,1,9,0.733609,0.00374137,1.9705e-05,0.00491228,0.991327,0.000618932,0.956964,0.0404159,0.0020015
12063,1,12,1385.92,13,1413.5,3,2,0,0.733242,0.0591889,0.0103575,0.447598,0.482856,0.00408581,0.00443991,0.991089,0.000384917
12064,1,12,1385.92,13,1413.5,2,2,0,0.732876,0.0728782,0.0127485,0.551342,0.363031,0.00703637,0.00764631,0.984655,0.00066257
12065,1,12,1385.92,13,1413.5,3,2,0,0.732509,0.0927319,0.0162158,0.428975,0.462078,0.0119349,0.0129696,0.973972,0.0011233
12066,1,12,1385.92,13,1413.5,2,2,0,0.732143,0.112687,0.0196984,0.521445,0.34617,0.0198893,0.0216141,0.956626,0.00187108
12067,1,12,1385.92,13,1413.5,3,2,0,0.731777,0.140764,0.0245979,0.402119,0.432519,0.032442,0.0352559,0.929252,0.00305053
12068,1,12,1385.92,13,1413.5,3,2,0,0.731411,0.168233,0.0293877,0.480691,0.321689,0.0515113,0.0559802,0.887667,0.00484133
12069,1,12,1385.92,13,1413.5,2,2,0,0.731045,0.189651,0.0331176,0.542003,0.235228,0.0790386,0.0858971,0.827639,0.00742499
12070,1,12,1385.92,13,1413.5,0,2,0,0.73068,0.23834,0.0416054,0.424424,0.295631,0.116196,0.126281,0.746612,0.0109105
12071,1,12,1385.92,13,1413.5,3,2,9,0.730314,0.172496,0.0451835,0.461139,0.321182,0.162301,0.17639,0.646077,0.0152323
12072,1,12,1385.92,13,1413.5,3,0,0,0.729949,0.0767599,0.020101,0.205245,0.697894,0.0480209,0.0521905,0.895284,0.00450475
12073,1,12,1385.92,13,1413.5,2,2,0,0.729584,0.105079,0.0275096,0.281022,0.586389,0.0393354,0.0526386,0.903485,0.0045412
12074,1,12,1385.92,13,1413.5,3,2,0,0.72922,0.115907,0.0303361,0.206724,0.647033,0.0610383,0.0816861,0.850232,0.00704371
12075,1,12,1385.92,13,1413.5,3,0,0,0.728855,0.153742,0.0402279,0.274237,0.531793,0.0910363,0.121839,0.776624,0.0105009
12076,1,12,1385.92,13,1413.5,0,1,0,0.728491,0.191973,0.050218,0.342472,0.415337,0.0712186,0.124456,0.793604,0.0107212
12077,1,12,1385.92,13,1413.5,0,2,9,0.728126,0.139391,0.0534656,0.36476,0.442383,0.0735342,0.095598,0.819802,0.0110656
12078,1,12,1385.92,13,1413.5,0,2,0,0.727762,0.462703,0.0333671,0.227728,0.276201,0.0184515,0.0239891,0.954784,0.00277558
12079,1,12,1385.92,13,1413.5,3,2,0,0.727398,0.349777,0.0403647,0.275592,0.334266,0.029866,0.0388313,0.926812,0.00449092
12080,1,12,1385.92,13,1413.5,0,2,0,0.727035,0.398658,0.0459857,0.314091,0.241265,0.0470617,0.0611922,0.884672,0.00707394
12081,1,12,1385.92,13,1413.5,2,2,0,0.726671,0.294748,0.0539139,0.368384,0.282954,0.0716829,0.0932109,0.824335,0.0107707
12082,1,12,1385.92,13,1413.5,3,2,0,0.726308,0.340786,0.0623137,0.269754,0.327147,0.104671,0.136113,0.743494,0.0157214
12083,1,12,1385.92,13,1413.5,0,2,0,0.725945,0.386483,0.0706455,0.305911,0.236961,0.145354,0.189027,0.643795,0.0218236
12084,1,12,1385.92,13,1413.5,1,2,0,0.725582,0.286073,0.0821878,0.355996,0.275743,0.190909,0.248282,0.532157,0.0286524
12085,1,12,1385.92,13,1415.12,0,3,9,0.725219,0.292323,0.0621199,0.363791,0.281766,0.236914,0.308129,0.419414,0.0355435
12086,1,12,1385.92,13,1415.41,0,3,9,0.724856,0.670141,0.0289463,0.169577,0.131335,0.200101,0.260264,0.354284,0.185352
12087,0,12,1385.92,13,1415.12,0,3,13,0.724494,0.904913,0.00834173,0.048886,0.0378597,0.113099,0.147111,0.200267,0.539522
12088,0,12,1385.92,13,1415.12,3,1,0,0.724132,0.00145641,7.46363e-06,0.00191493,0.996621,0.000147698,0.989515,0.00985706,0.000480557
12089,0,12,1385.92,13,1415.12,3,1,0,0.72377,0.00273766,1.40148e-05,0.00359975,0.993649,0.000263791,0.981258,0.0176196,0.000858483
12090,0,12,1385.92,13,1415.12,3,1,9,0.723408,0.0050698,2.59263e-05,0.00666665,0.988238,0.000462852,0.967089,0.0309417,0.00150667
12091,0,12,1385.92,13,1415.12,3,1,0,0.723046,0.0012468,6.36924e-06,0.0016396,0.997107,0.000110754,0.992118,0.00741015,0.000360609
12092,0,12,1385.92,13,1415.12,3,1,0,0.722684,0.00235257,1.20054e-05,0.00309391,0.994542,0.000199395,0.985799,0.013352,0.000649373
12093,0,12,1385.92,13,1415.12,3,1,0,0.722323,0.00437436,2.22992e-05,0.00575312,0.98985,0.00035311,0.974832,0.0236651,0.00115025
12094,0,12,1385.92,13,1413.5,3,1,13,0.721962,0.00800384,4.07581e-05,0.0105271,0.981428,0.000613243,0.956255,0.0411335,0.0019981
12095,0,12,1385.92,13,1413.5,3,1,0,0.721601,0.000799136,4.06516e-06,0.00105113,0.998146,6.01878e-05,0.995703,0.00404052,0.000196154
12096,0,12,1385.92,13,1413.5,3,1,9,0.72124,0.00152322,7.74037e-06,0.00200366,0.996465,0.000110028,0.992139,0.00739256,0.000358667
12097,0,12,1385.92,13,1413.5,3,1,0,0.72088,0.000380598,1.93199e-06,0.000500668,0.999117,2.65255e-05,0.998103,0.0017837,8.6488e-05
12098,0,12,1385.92,13,1413.5,3,1,9,0.720519,0.000736984,3.73713e-06,0.000969539,0.99829,4.93901e-05,0.996466,0.00332403,0.000161078
12099,0,12,1385.92,13,1413.5,3,1,0,0.720159,0.000186448,9.4445e-07,0.000245295,0.999567,1.20506e-05,0.999137,0.000811706,3.93103e-05
12100,0,12,1385.92,13,1413.5,3,1,0,0.719799,0.000366401,1.85404e-06,0.000482072,0.99915,2.28155e-05,0.998365,0.0015381,7.44441e-05
12101,0,12,1385.92,13,1413.5,3,1,0,0.719439,0.000710265,3.59023e-06,0.000934542,0.998352,4.26291e-05,0.996942,0.00287626,0.000139126
12102,0,12,1385.92,13,1413.5,3,1,0,0.719079,0.00135806,6.85746e-06,0.00178699,0.996848,7.85819e-05,0.994358,0.00530653,0.000256525
12103,0,12,1385.92,13,1413.5,3,1,0,0.71872,0.00256043,1.29151e-05,0.0033693,0.994057,0.000142823,0.989738,0.00965276,0.000466344
12104,0,12,1385.92,13,1413.5,3,1,0,0.71836,0.00475617,2.39652e-05,0.00625904,0.988961,0.000255608,0.98162,0.01729,0.000834808
12105,0,12,1385.92,13,1413.5,3,1,0,0.718001,0.00869116,4.37464e-05,0.0114381,0.979827,0.000449434,0.967656,0.0304265,0.00146818
12106,0,12,1385.92,13,1413.5,3,1,0,0.717642,0.0155798,7.83369e-05,0.020505,0.963837,0.000773437,0.944294,0.0524056,0.00252722
12107,0,12,1385.92,13,1413.5,3,1,0,0.717283,0.0272691,0.000136967,0.0358916,0.936702,0.00129505,0.90665,0.0878225,0.0042326
12108,0,12,1385.92,13,1413.5,3,1,0,0.716925,0.0462624,0.00023212,0.0608939,0.892612,0.00209208,0.849077,0.141991,0.00683913
12109,0,12,1385.92,13,1413.5,2,1,0,0.716566,0.075287,0.000377351,0.0991037,0.825232,0.00322566,0.767113,0.219114,0.0105474
12110,0,12,1385.92,13,1413.5,3,2,0,0.716208,0.077485,0.000387956,0.0723954,0.849732,0.0046931,0.660894,0.319064,0.0153493
12111,0,12,1385.92,13,1413.5,3,1,9,0.71585,0.121388,0.000607126,0.113413,0.764593,0.00529172,0.745932,0.231465,0.0173113
12112,0,12,1385.92,13,1413.5,3,1,0,0.715492,0.0335838,0.000167793,0.031377,0.934871,0.00144957,0.930354,0.0634537,0.00474324
12113,0,12,1385.92,13,1413.5,3,1,9,0.715134,0.0567132,0.000283054,0.0529858,0.890018,0.00237735,0.885697,0.104145,0.00778091
12114,0,12,1385.92,13,1413.5,3,1,0,0.714776,0.0142666,7.11288e-05,0.0133288,0.972333,0.000583725,0.971915,0.0255907,0.00191095
12115,0,12,1385.92,13,1413.5,3,1,0,0.714419,0.0252024,0.000125518,0.0235454,0.951127,0.00100359,0.951679,0.0440311,0.00328626
12116,0,12,1385.92,13,1413.5,3,1,0,0.714062,0.0433259,0.000215551,0.0404768,0.915982,0.00168277,0.918921,0.073885,0.00551154
12117,0,12,1385.92,13,1413.5,3,1,0,0.713705,0.0718483,0.000357074,0.0671225,0.860672,0.00273143,0.868302,0.120019,0.00894828
12118,0,12,1385.92,13,1413.5,3,1,9,0.713348,0.113602,0.000563984,0.106128,0.779706,0.00425013,0.794931,0.186892,0.0139269
12119,0,12,1385.92,13,1413.5,3,1,0,0.712991,0.0309741,0.00015361,0.0289361,0.939936,0.00111478,0.946174,0.0490574,0.00365379
12120,0,12,1385.92,13,1413.5,0,1,0,0.712635,0.0526164,0.000260663,0.0491536,0.897969,0.00185875,0.910189,0.0818588,0.00609368
12121,0,12,1385.92,13,1413.5,3,1,0,0.712279,0.0402228,0.000263652,0.0497692,0.909744,0.00299459,0.855205,0.131981,0.00981973
12122,0,12,1385.92,13,1413.5,3,2,9,0.711922,0.0661911,0.000433432,0.0819043,0.851471,0.00461436,0.776727,0.203524,0.0151348
12123,0,12,1385.92,13,1413.5,2,1,0,0.711566,0.0170063,0.000111248,0.0210443,0.961838,0.00248548,0.418805,0.570555,0.00815416
12124,0,12,1385.92,13,1413.5,3,2,0,0.711211,0.0170584,0.000111477,0.0172629,0.965567,0.00296785,0.305266,0.682028,0.009739
12125,0,12,1385.92,13,1413.5,3,0,0,0.710855,0.0297417,0.000194168,0.0300984,0.939966,0.00411122,0.423262,0.559133,0.0134942
12126,0,12,1385.92,13,1413.5,3,2,0,0.7105,0.0503331,0.000328267,0.0509369,0.898402,0.00401081,0.423295,0.559208,0.0134859
12127,0,12,1385.92,13,1413.5,3,2,0,0.710144,0.0818812,0.000533483,0.0828635,0.834722,0.00517169,0.546322,0.431112,0.0173935
12128,0,12,1385.92,13,1413.5,3,1,9,0.709789,0.126499,0.000823352,0.128017,0.744661,0.00619546,0.655081,0.317882,0.0208417
12129,0,12,1385.92,13,1413.5,3,1,0,0.709434,0.0352702,0.000229335,0.0356935,0.928807,0.00184234,0.897356,0.0946028,0.00619919
12130,0,12,1385.92,13,1413.5,3,1,0,0.70908,0.0590355,0.000383475,0.0597442,0.880837,0.00294314,0.835904,0.151248,0.00990563
12131,0,12,1385.92,13,1413.5,3,1,0,0.708725,0.0946343,0.000614094,0.0957705,0.808981,0.0044808,0.749986,0.230449,0.0150845
12132,0,12,1385.92,13,1413.5,2,2,0,0.708371,0.14347,0.000930061,0.145193,0.710406,0.00643056,0.640929,0.330986,0.0216536
12133,0,12,1385.92,13,1413.5,3,1,9,0.708017,0.150288,0.000973273,0.104339,0.7444,0.00728842,0.727101,0.241063,0.0245483
12134,0,12,1385.92,13,1413.5,3,1,0,0.707663,0.0417213,0.000269917,0.0289634,0.929045,0.00200684,0.92481,0.0664222,0.00676092
12135,0,12,1385.92,13,1413.5,3,3,0,0.707309,0.0696724,0.000450294,0.0483638,0.881513,0.00326385,0.877636,0.108102,0.0109984
12136,0,12,1385.92,13,1413.5,3,1,0,0.706955,0.111488,0.000719823,0.0773849,0.810407,0.00326352,0.878529,0.108167,0.0100411
12137,0,12,1385.92,13,1413.5,2,2,0,0.706602,0.168851,0.00108909,0.117193,0.712867,0.00510263,0.809953,0.169241,0.0157032
12138,0,12,1385.92,13,1413.5,2,1,0,0.706248,0.174904,0.00112699,0.0853345,0.738635,0.00537416,0.853919,0.124165,0.0165425
12139,0,12,1385.92,13,1413.5,3,1,0,0.705895,0.17902,0.00115235,0.0635919,0.756236,0.00820635,0.776809,0.189719,0.0252661
12140,0,12,1385.92,13,1413.5,3,1,0,0.705542,0.26036,0.00167424,0.0924664,0.6455,0.011879,0.67674,0.274799,0.0365821
12141,0,12,1385.92,13,1413.5,0,1,0,0.705189,0.353123,0.00226847,0.125385,0.519223,0.0161662,0.559829,0.374209,0.0497957
12142,0,12,1385.92,13,1413.5,3,2,0,0.704837,0.253682,0.0026145,0.144627,0.599076,0.0206185,0.438286,0.477571,0.0635244
12143,0,12,1385.92,13,1413.5,2,1,0,0.704484,0.333855,0.00343763,0.190314,0.472393,0.0252005,0.536011,0.36113,0.0776584
12144,0,12,1385.92,13,1413.5,0,2,9,0.704132,0.356744,0.00366995,0.134771,0.504815,0.0316447,0.417098,0.453719,0.097539
12145,1,12,1385.92,13,1413.5,0,2,9,0.70378,0.72828,0.00154881,0.0569175,0.213254,0.0115818,0.152735,0.799976,0.035707
12146,1,12,1385.92,13,1413.5,0,3,0,0.703428,0.994784,0.000449444,0.0026898,0.0020768,0.00996492,0.0130022,0.0177652,0.959268
12147,1,12,1385.92,13,1413.5,0,3,9,0.703077,0.990808,0.000791767,0.00474021,0.00365973,0.0164539,0.0214702,0.0293371,0.932739
12148,1,12,1385.92,13,1413.5,0,3,0,0.702725,0.997903,0.00018058,0.0010815,0.000834939,0.00377909,0.00493147,0.00673884,0.984551
12149,1,12,1385.92,13,1413.5,0,3,0,0.702374,0.996228,0.000324745,0.0019456,0.00150197,0.00647314,0.00844749,0.0115442,0.973535
12150,1,12,1385.92,13,1413.5,0,3,0,0.702022,0.993301,0.000576556,0.00345548,0.00266743,0.0108872,0.0142086,0.0194184,0.955486
12151,1,12,1385.92,13,1413.5,0,3,0,0.701671,0.988261,0.00100991,0.00605488,0.00467378,0.0179061,0.02337,0.0319411,0.926783
12152,1,12,1385.92,13,1413.5,0,3,0,0.701321,0.979732,0.00174318,0.0104549,0.00806973,0.0286273,0.0373648,0.0510717,0.882936
12153,1,12,1385.92,13,1413.5,0,3,0,0.70097,0.965588,0.0029588,0.0177521,0.0137014,0.0441381,0.0576128,0.0787522,0.819497
12154,1,12,1385.92,13,1413.5,0,2,9,0.700619,0.942734,0.00492225,0.0295428,0.0228006,0.0650257,0.0848815,0.116034,0.734059
12155,1,12,1385.92,13,1413.5,0,2,0,0.700269,0.986945,0.00112178,0.00673523,0.00519786,0.0420139,0.0548459,0.428626,0.474514
12156,1,12,1385.92,13,1413.5,0,3,0,0.699919,0.97752,0.00193105,0.0115983,0.00895042,0.0501698,0.0654963,0.31743,0.566904
12157,1,12,1385.92,13,1413.5,0,3,0,0.699569,0.961956,0.00326706,0.0196297,0.0151475,0.0642201,0.0838434,0.406478,0.445458
12158,1,12,1385.92,13,1413.5,0,2,0,0.699219,0.936949,0.00541289,0.0325343,0.0251042,0.0773013,0.100927,0.489456,0.332315
12159,1,12,1385.92,13,1413.5,0,2,0,0.69887,0.898218,0.00873521,0.052522,0.040525,0.0949046,0.123917,0.373068,0.40811
12160,1,12,1385.92,13,1413.5,0,3,0,0.69852,0.841136,0.0136299,0.0819817,0.0632523,0.11003,0.143674,0.273003,0.473292
12161,1,12,1385.92,13,1413.5,0,3,0,0.698171,0.762396,0.0203793,0.122622,0.094603,0.133726,0.174624,0.331856,0.359794
12162,1,12,1385.92,13,1413.5,0,3,0,0.697822,0.662587,0.028931,0.17414,0.134342,0.154167,0.201329,0.382654,0.26185
12163,1,12,1385.92,13,1413.5,3,0,0,0.697473,0.548215,0.0387257,0.233179,0.17988,0.169383,0.221211,0.420497,0.188908
12164,1,12,1385.92,13,1413.5,0,2,0,0.697124,0.579851,0.0409387,0.246593,0.132617,0.12369,0.233367,0.443661,0.199283
12165,1,12,1385.92,13,1413.5,2,0,0,0.696776,0.462608,0.0523478,0.315429,0.169616,0.147803,0.278898,0.335143,0.238156
12166,1,12,1385.92,14,1492.65,2,3,9,0.696427,0.519318,0.0587393,0.231572,0.19037,0.107172,0.292194,0.351133,0.249502
12167,1,12,1385.92,14,1492.65,2,3,0,0.696079,0.259903,0.0293844,0.615457,0.0952555,0.052731,0.143795,0.172807,0.630667
12168,0,12,1385.92,13,1426.53,0,1,13,0.695731,0.339616,0.03838,0.497559,0.124446,0.0692495,0.188879,0.226994,0.514878
12169,0,12,1385.92,13,1426.53,0,2,0,0.695383,0.936809,0.00035227,0.0131722,0.049667,0.00258082,0.0344596,0.95496,0.00799994
12170,0,12,1385.92,13,1426.53,0,2,9,0.695035,0.894103,0.00058979,0.0220695,0.0832375,0.00427945,0.0571696,0.925283,0.0132683
12171,0,12,1385.92,13,1426.53,0,2,0,0.694688,0.974298,0.000143013,0.00535531,0.0202035,0.000987196,0.0131949,0.982756,0.00306146
12172,0,12,1385.92,13,1427.64,0,2,9,0.694341,0.954929,0.000250553,0.00938912,0.0354309,0.00170128,0.0227512,0.97027,0.00527715
12173,0,12,1385.92,13,1427.64,0,2,0,0.693993,0.989414,5.87927e-05,0.00220477,0.00832214,0.000385345,0.00515587,0.993263,0.00119556
12174,0,12,1385.92,13,1425.22,0,2,13,0.693646,0.980881,0.000106085,0.00398116,0.0150313,0.000681954,0.00912921,0.988073,0.00211629
12175,0,12,1385.92,13,1425.22,0,2,0,0.6933,0.998201,9.97438e-06,0.000374589,0.00141468,6.22884e-05,0.000834277,0.99891,0.000193342
12176,0,12,1385.92,13,1425.22,0,2,0,0.692953,0.996609,1.87798e-05,0.00070579,0.00266621,0.000114811,0.00153855,0.99799,0.000356452
12177,0,12,1385.92,13,1421.96,0,2,13,0.692606,0.993698,3.48737e-05,0.00131159,0.00495601,0.000208935,0.00280134,0.996341,0.000648823
12178,0,12,1385.92,13,1421.96,0,2,0,0.69226,0.999402,3.30846e-06,0.00012452,0.000470641,1.93621e-05,0.000259735,0.999661,6.01403e-05
12179,0,12,1385.92,13,1421.96,0,2,0,0.691914,0.998846,6.37514e-06,0.000240115,0.000907789,3.65564e-05,0.000490646,0.999359,0.000113573
12180,0,12,1385.92,13,1421.96,0,2,9,0.691568,0.997803,1.21208e-05,0.000456853,0.00172765,6.81447e-05,0.000915089,0.998805,0.00021176
12181,0,12,1385.92,13,1421.96,0,2,0,0.691222,0.999471,2.91443e-06,0.000109929,0.000415825,1.60516e-05,0.000215662,0.999718,4.98915e-05
12182,0,12,1385.92,13,1421.96,0,2,0,0.690877,0.998977,5.63173e-06,0.000212578,0.000804321,3.0428e-05,0.00040903,0.999466,9.45977e-05
12183,0,12,1385.92,13,1421.96,0,2,0,0.690531,0.998049,1.07376e-05,0.0004056,0.00153506,5.69468e-05,0.000765909,0.999,0.000177083
12184,0,12,1385.92,13,1421.96,0,2,9,0.690186,0.996326,2.01977e-05,0.000763498,0.00289036,0.00010523,0.00141604,0.998151,0.0003273
12185,0,12,1385.92,13,1421.96,0,2,9,0.689841,0.999125,4.8066e-06,0.000181828,0.000688524,2.45546e-05,0.000330593,0.999568,7.63901e-05
12186,0,12,1385.92,13,1421.96,0,2,0,0.689496,0.999786,1.17401e-06,4.44436e-05,0.000168339,5.88895e-06,7.93275e-05,0.999896,1.83248e-05
12187,0,12,1385.92,13,1422.87,0,2,9,0.689151,0.999578,2.31145e-06,8.75664e-05,0.000331763,1.13938e-05,0.000153561,0.9998,3.54626e-05
12188,0,12,1385.92,13,1422.87,0,2,0,0.688807,0.999896,5.72244e-07,2.16945e-05,8.2216e-05,2.77217e-06,3.73815e-05,0.999951,8.63015e-06
12189,0,12,1385.92,13,1422.87,0,2,0,0.688462,0.999791,1.14312e-06,4.33687e-05,0.000164398,5.44536e-06,7.34667e-05,0.999904,1.69561e-05
12190,0,12,1385.92,13,1422.87,0,2,9,0.688118,0.999588,2.25238e-06,8.5515e-05,0.00032425,1.05547e-05,0.000142474,0.999814,3.28732e-05
12191,0,12,1385.92,13,1422.87,0,2,0,0.687774,0.999898,5.57349e-07,2.1176e-05,8.03151e-05,2.56933e-06,3.47005e-05,0.999955,8.00416e-06
12192,0,12,1385.92,13,1422.87,0,2,0,0.68743,0.999796,1.11422e-06,4.23647e-05,0.000160721,5.05584e-06,6.8318e-05,0.999911,1.57539e-05
12193,0,12,1385.92,13,1422.87,0,2,0,0.687086,0.999597,2.1971e-06,8.35984e-05,0.000317236,9.81664e-06,0.000132718,0.999827,3.05954e-05
12194,0,12,1385.92,13,1422.87,0,2,0,0.686743,0.999215,4.27407e-06,0.000162745,0.000617743,1.88117e-05,0.000254462,0.999668,5.86436e-05
12195,0,12,1385.92,13,1422.87,0,2,0,0.686399,0.998492,8.20343e-06,0.000312591,0.00118684,3.55858e-05,0.000481612,0.999372,0.00011096
12196,0,12,1385.92,13,1422.87,0,2,0,0.686056,0.997142,1.55345e-05,0.000592372,0.00224971,6.64611e-05,0.000899942,0.998826,0.00020728
12197,0,12,1385.92,13,1417.9,0,2,13,0.685713,0.994657,2.90158e-05,0.00110726,0.00420627,0.000122553,0.00166034,0.997835,0.000382306
12198,0,12,1385.92,13,1417.9,0,2,0,0.68537,0.999496,2.73219e-06,0.000104338,0.000396465,1.13458e-05,0.000153793,0.999799,3.54016e-05
12199,0,12,1385.92,13,1417.9,0,2,0,0.685028,0.999023,5.29377e-06,0.000202307,0.00076894,2.16885e-05,0.000294141,0.999616,6.76886e-05
12200,0,12,1385.92,13,1417.9,0,2,0,0.684685,0.998131,1.012e-05,0.000387029,0.00147143,4.09277e-05,0.000555354,0.999276,0.000127762
12201,0,12,1385.92,13,1417.9,0,2,0,0.684343,0.996473,1.9086e-05,0.000730458,0.00277784,7.62524e-05,0.00103522,0.99865,0.000238088
12202,0,12,1385.92,13,1417.9,0,2,0,0.684001,0.993433,3.54986e-05,0.00135959,0.00517173,0.000140264,0.00190525,0.997516,0.000438056
12203,0,12,1385.92,13,1417.9,0,2,0,0.683659,0.987954,6.50584e-05,0.00249354,0.0094877,0.000254704,0.00346153,0.995488,0.000795641
12204,0,12,1385.92,13,1417.9,0,2,9,0.683317,0.97826,0.000117299,0.00449907,0.0171232,0.000456387,0.00620572,0.991912,0.00142598
12205,0,12,1385.92,13,1417.9,0,2,0,0.682975,0.994963,2.71519e-05,0.00104219,0.00396756,0.000103256,0.00140476,0.998169,0.000322697
12206,0,12,1385.92,13,1417.9,0,2,0,0.682634,0.990697,5.01018e-05,0.0019245,0.00732841,0.000188789,0.00256975,0.996651,0.000590141
12207,0,12,1385.92,13,1417.9,0,2,0,0.682292,0.983083,9.10231e-05,0.00349891,0.0133273,0.000340689,0.00463978,0.993954,0.00106521
12208,0,12,1385.92,13,1417.9,0,2,0,0.681951,0.96978,0.000162449,0.00624907,0.023809,0.000606433,0.00826322,0.989234,0.00189653
12209,0,12,1385.92,13,1417.9,0,2,0,0.68161,0.94717,0.000283721,0.0109221,0.0416244,0.00106348,0.0144985,0.981111,0.00332665
12210,0,12,1385.92,13,1417.9,0,2,0,0.681269,0.910166,0.000481993,0.0185683,0.0707833,0.00183355,0.0250099,0.96742,0.00573675
12211,0,12,1385.92,13,1417.9,0,2,0,0.680929,0.852726,0.000789443,0.0304348,0.11605,0.00309725,0.0422692,0.944941,0.00969282
12212,0,12,1385.92,13,1417.9,0,2,0,0.680588,0.769874,0.0012324,0.0475466,0.181347,0.00509924,0.0696273,0.909312,0.0159617
12213,0,12,1385.92,13,1417.34,0,2,13,0.680248,0.661463,0.00181129,0.0699312,0.266795,0.00812172,0.110956,0.855494,0.0254284
12214,0,12,1385.92,13,1410.99,0,2,13,0.679908,0.958301,0.000222897,0.00861201,0.0328645,0.000787055,0.010758,0.98599,0.00246477
12215,0,12,1385.92,13,1410.99,0,2,9,0.679568,0.996132,2.06549e-05,0.000798621,0.00304846,7.03657e-05,0.000962314,0.998747,0.00022041
12216,0,12,1385.92,13,1403.96,0,2,13,0.679228,0.999088,4.86373e-06,0.000188194,0.000718557,1.63756e-05,0.000224068,0.999708,5.13057e-05
12217,0,12,1385.92,13,1403.96,0,2,0,0.678889,0.999912,4.67991e-07,1.81214e-05,6.92091e-05,1.55978e-06,2.13537e-05,0.999972,4.88801e-06
12218,0,12,1385.92,13,1403.96,0,2,0,0.678549,0.999823,9.40835e-07,3.64573e-05,0.000139275,3.10664e-06,4.25529e-05,0.999945,9.73776e-06
12219,0,12,1385.92,13,1403.96,0,2,9,0.67821,0.999649,1.86544e-06,7.23386e-05,0.000276423,6.10406e-06,8.36535e-05,0.999891,1.91375e-05
12220,0,12,1385.92,13,1403.96,0,2,0,0.677871,0.999914,4.58869e-07,1.78072e-05,6.80639e-05,1.48777e-06,2.03999e-05,0.999973,4.66554e-06
12221,0,12,1385.92,13,1403.96,0,2,0,0.677532,0.999826,9.23084e-07,3.58481e-05,0.000137058,2.96676e-06,4.07007e-05,0.999947,9.30566e-06
12222,0,12,1385.92,13,1403.96,0,2,0,0.677193,0.999655,1.83139e-06,7.11743e-05,0.000272193,5.83603e-06,8.01059e-05,0.999896,1.83097e-05
12223,0,12,1385.92,13,1403.96,0,2,0,0.676854,0.999324,3.5842e-06,0.000139397,0.000533241,1.13279e-05,0.00015557,0.999798,3.55479e-05
12224,0,12,1385.92,13,1403.96,0,2,9,0.676516,0.998693,6.9204e-06,0.000269345,0.00103062,2.17008e-05,0.00029818,0.999612,6.81145e-05
12225,0,12,1385.92,13,1403.96,0,2,0,0.676178,0.999687,1.6571e-06,6.45425e-05,0.00024703,5.15059e-06,7.08088e-05,0.999908,1.61704e-05
12226,0,12,1385.92,13,1404.2,0,2,9,0.67584,0.999385,3.25043e-06,0.000126694,0.000485039,1.00249e-05,0.000137892,0.999821,3.14805e-05
12227,0,12,1385.92,13,1404.2,0,2,0,0.675502,0.999851,7.89125e-07,3.07807e-05,0.000117873,2.41406e-06,3.32227e-05,0.999957,7.58247e-06
12228,0,12,1385.92,13,1404.2,0,2,9,0.675164,0.999702,1.57129e-06,6.13351e-05,0.000234943,4.77071e-06,6.56895e-05,0.999915,1.4988e-05
12229,0,12,1385.92,13,1404.2,0,2,0,0.674826,0.999927,3.86654e-07,1.5104e-05,5.78712e-05,1.16499e-06,1.60495e-05,0.999979,3.66085e-06
12230,0,12,1385.92,13,1404.2,0,2,9,0.674489,0.999852,7.81041e-07,3.05325e-05,0.000117017,2.33617e-06,3.22013e-05,0.999958,7.34286e-06
12231,0,12,1385.92,13,1403.96,0,2,13,0.674152,0.999963,1.94721e-07,7.61763e-06,2.92028e-05,5.78207e-07,7.97407e-06,0.99999,1.81779e-06
12232,0,12,1385.92,13,1403.96,0,2,9,0.673815,0.999996,1.97993e-08,7.75132e-07,2.97232e-06,5.83776e-08,8.0551e-07,0.999999,1.83571e-07
12233,0,12,1385.92,13,1403.96,0,2,0,0.673478,0.999999,5.30471e-09,2.07829e-07,7.97155e-07,1.5533e-08,2.14441e-07,1,4.88555e-08
12234,0,12,1385.92,13,1403.96,0,2,0,0.673141,0.999998,1.16702e-08,4.57551e-07,1.75547e-06,3.39414e-08,4.68825e-07,0.999999,1.06779e-07
12235,0,12,1385.92,13,1403.96,0,2,0,0.672804,0.999995,2.52782e-08,9.91806e-07,3.80625e-06,7.30328e-08,1.00932e-06,0.999999,2.29813e-07
12236,0,12,1385.92,13,1403.96,0,2,9,0.672468,0.99999,5.39264e-08,2.11739e-06,8.1281e-06,1.54793e-07,2.14037e-06,0.999997,4.87203e-07
12237,0,12,1385.92,13,1403.96,0,2,9,0.672132,0.999997,1.41455e-08,5.55822e-07,2.13423e-06,4.03459e-08,5.58168e-07,0.999999,1.27015e-07
12238,0,12,1385.92,13,1404.94,0,2,9,0.671796,0.999999,3.80886e-09,1.49773e-07,5.75247e-07,1.07961e-08,1.49438e-07,1,3.39957e-08
12239,0,12,1385.92,13,1404.94,0,2,9,0.67146,1,1.05223e-09,4.14066e-08,1.59077e-07,2.96435e-09,4.10536e-08,1,9.33653e-09
12240,0,12,1385.92,13,1404.94,0,2,9,0.671124,1,2.98091e-10,1.17388e-08,4.51107e-08,8.34765e-10,1.15668e-08,1,2.62978e-09
12241,0,12,1385.92,13,1404.94,0,2,0,0.670789,1,8.6554e-11,3.411e-09,1.31116e-08,2.40965e-10,3.34066e-09,1,7.59294e-10
12242,0,12,1385.92,13,1404.94,0,2,9,0.670453,1,2.06722e-10,8.15267e-09,3.13465e-08,5.72211e-10,7.93713e-09,1,1.80348e-09
12243,0,12,1385.92,13,1404.94,0,2,0,0.670118,1,6.04202e-11,2.3846e-09,9.17111e-09,1.66306e-10,2.30803e-09,1,5.24278e-10
12244,0,12,1385.92,13,1404.94,0,2,0,0.669783,1,1.4536e-10,5.74112e-09,2.20861e-08,3.97898e-10,5.52505e-09,1,1.25466e-09
12245,0,12,1385.92,13,1404.94,0,2,0,0.669448,1,3.43709e-10,1.35851e-08,5.22761e-08,9.35775e-10,1.30006e-08,1,2.95139e-09
12246,0,12,1385.92,13,1404.94,0,2,9,0.669113,1,7.99046e-10,3.16055e-08,1.21652e-07,2.16398e-09,3.00797e-08,1,6.82664e-09
12247,0,12,1385.92,13,1404.94,0,2,0,0.668779,1,2.27069e-10,8.98813e-09,3.46054e-08,6.11768e-10,8.50818e-09,1,1.93037e-09
12248,0,12,1385.92,13,1403.96,0,2,13,0.668444,1,5.32324e-10,2.10866e-08,8.1208e-08,1.42691e-09,1.98553e-08,1,4.50351e-09
12249,0,12,1385.92,13,1403.96,0,2,0,0.66811,1,6.03014e-11,2.39044e-09,9.20844e-09,1.60837e-10,2.2392e-09,1,5.07738e-10
12250,0,12,1385.92,13,1403.96,0,2,0,0.667776,1,1.45151e-10,5.75825e-09,2.21879e-08,3.85267e-10,5.36658e-09,1,1.21651e-09
12251,0,12,1385.92,13,1403.96,0,2,0,0.667442,1,3.43396e-10,1.36328e-08,5.25445e-08,9.07112e-10,1.26423e-08,1,2.86493e-09
12252,0,12,1385.92,13,1403.96,0,2,0,0.667108,1,7.98727e-10,3.17328e-08,1.2234e-07,2.10006e-09,2.92837e-08,1,6.63416e-09
12253,0,12,1385.92,13,1403.96,0,2,0,0.666775,1,1.82716e-09,7.26452e-08,2.80146e-07,4.78212e-09,6.67181e-08,1,1.51103e-08
12254,0,12,1385.92,13,1403.96,0,2,0,0.666442,0.999999,4.11221e-09,1.63616e-07,6.31132e-07,1.07144e-08,1.49562e-07,1,3.38627e-08
12255,0,12,1385.92,13,1403.96,0,2,0,0.666108,0.999998,9.1082e-09,3.62662e-07,1.39931e-06,2.36274e-08,3.29986e-07,1,7.46911e-08
12256,0,12,1385.92,13,1403.96,0,2,0,0.665775,0.999996,1.98603e-08,7.9136e-07,3.05424e-06,5.12976e-08,7.16815e-07,0.999999,1.622e-07
12257,0,12,1385.92,13,1403.96,0,2,0,0.665442,0.999992,4.2645e-08,1.7005e-06,6.56484e-06,1.09685e-07,1.53351e-06,0.999998,3.46898e-07
12258,0,12,1385.92,13,1404.2,0,2,9,0.66511,0.999982,9.02011e-08,3.59949e-06,1.38997e-05,2.31047e-07,3.23198e-06,0.999996,7.30893e-07
12259,0,12,1385.92,13,1404.2,0,2,0,0.664777,0.999995,2.32492e-08,9.28448e-07,3.58624e-06,5.93107e-08,8.301e-07,0.999999,1.87666e-07
12260,0,12,1385.92,13,1404.2,0,2,9,0.664445,0.99999,4.97786e-08,1.98936e-06,7.6862e-06,1.26487e-07,1.77123e-06,0.999998,4.00314e-07
12261,0,12,1385.92,13,1404.2,0,2,0,0.664112,0.999997,1.29735e-08,5.18857e-07,2.00523e-06,3.28377e-08,4.60075e-07,0.999999,1.0395e-07
12262,0,12,1385.92,13,1404.94,0,2,9,0.66378,0.999994,2.81049e-08,1.12485e-06,4.34838e-06,7.08674e-08,9.93417e-07,0.999999,2.24388e-07
12263,0,12,1385.92,13,1404.94,0,2,9,0.663449,0.999999,7.40322e-09,2.96519e-07,1.14658e-06,1.85979e-08,2.60843e-07,1,5.89005e-08
12264,0,12,1385.92,13,1404.94,0,2,0,0.663117,1,2.00164e-09,8.02302e-08,3.10318e-07,5.01008e-09,7.03053e-08,1,1.58708e-08
12265,0,12,1385.92,13,1404.94,0,2,9,0.662785,0.999999,4.50084e-09,1.80537e-07,6.98479e-07,1.12254e-08,1.57606e-07,1,3.55676e-08
12266,0,12,1385.92,13,1404.94,0,2,0,0.662454,1,1.22814e-09,4.92993e-08,1.90785e-07,3.05234e-09,4.28781e-08,1,9.67358e-09
12267,0,12,1385.92,13,1404.94,0,2,9,0.662123,0.999999,2.78887e-09,1.12032e-07,4.33675e-07,6.90757e-09,9.70863e-08,1,2.18968e-08
12268,0,12,1385.92,13,1404.94,0,2,0,0.661792,1,7.67726e-10,3.08632e-08,1.19503e-07,1.89516e-09,2.66506e-08,1,6.00897e-09
12269,0,12,1385.92,13,1404.94,0,2,0,0.661461,1,1.75995e-09,7.08038e-08,2.74229e-07,4.33023e-09,6.0926e-08,1,1.3733e-08
12270,0,12,1385.92,13,1404.94,0,2,0,0.66113,0.999999,3.96913e-09,1.59798e-07,6.1908e-07,9.73437e-09,1.37034e-07,1,3.0879e-08
12271,0,12,1385.92,13,1404.94,0,2,9,0.660799,0.999998,8.8091e-09,3.54919e-07,1.37538e-06,2.15365e-08,3.03337e-07,1,6.83329e-08
12272,0,12,1385.92,13,1404.94,0,2,0,0.660469,1,2.36719e-09,9.54449e-08,3.69966e-07,5.76945e-09,8.13047e-08,1,1.83101e-08
12273,0,12,1385.92,13,1404.94,0,2,9,0.660139,0.999999,5.30868e-09,2.14204e-07,8.30528e-07,1.28996e-08,1.8188e-07,1,4.09478e-08
12274,0,12,1385.92,13,1404.94,0,2,9,0.659809,1,1.43997e-09,5.81452e-08,2.25506e-07,3.48862e-09,4.92147e-08,1,1.10767e-08
12275,0,12,1385.92,13,1404.94,0,2,9,0.659479,1,4.00675e-10,1.61911e-08,6.28114e-08,9.6791e-10,1.36617e-08,1,3.07392e-09
12276,0,12,1385.92,13,1404.94,0,2,0,0.659149,1,1.14311e-10,4.62268e-09,1.7938e-08,2.75359e-10,3.88865e-09,1,8.74694e-10
12277,0,12,1385.92,13,1404.94,0,2,0,0.658819,1,2.72303e-10,1.10199e-08,4.27736e-08,6.54114e-10,9.24239e-09,1,2.07831e-09
12278,0,12,1385.92,13,1404.94,0,2,9,0.65849,1,6.37654e-10,2.58245e-08,1.00265e-07,1.52758e-09,2.15956e-08,1,4.8547e-09
12279,0,12,1385.92,13,1404.94,0,2,0,0.658161,1,1.80072e-10,7.2982e-09,2.83433e-08,4.30238e-10,6.08554e-09,1,1.36763e-09
12280,0,12,1385.92,13,1404.94,0,2,9,0.657832,1,4.25215e-10,1.72464e-08,6.69964e-08,1.0133e-09,1.43403e-08,1,3.22178e-09
12281,0,12,1385.92,13,1404.94,0,2,0,0.657503,1,1.20966e-10,4.90993e-09,1.90785e-08,2.87529e-10,4.0713e-09,1,9.14411e-10
12282,0,12,1385.92,13,1403.96,0,2,13,0.657174,1,2.87951e-10,1.16964e-08,4.54612e-08,6.82734e-10,9.67237e-09,1,2.17176e-09
12283,0,12,1385.92,13,1403.96,0,2,0,0.656845,1,3.24375e-11,1.31857e-09,5.12635e-09,7.67213e-11,1.0875e-09,1,2.44105e-10
12284,0,12,1385.92,13,1403.96,0,2,0,0.656517,1,7.92675e-11,3.22458e-09,1.254e-08,1.87035e-10,2.65256e-09,1,5.95229e-10
12285,0,12,1385.92,13,1403.96,0,2,0,0.656189,1,1.90325e-10,7.74809e-09,3.01395e-08,4.48026e-10,6.35734e-09,1,1.42615e-09
12286,0,12,1385.92,13,1403.96,0,2,0,0.655861,1,4.49156e-10,1.82986e-08,7.11997e-08,1.05489e-09,1.49765e-08,1,3.35869e-09
12287,0,12,1385.92,13,1403.96,0,2,0,0.655533,1,1.0422e-09,4.24907e-08,1.65376e-07,2.44221e-09,3.4691e-08,1,7.77762e-09
12288,0,12,1385.92,13,1403.96,0,2,9,0.655205,1,2.37848e-09,9.70434e-08,3.778e-07,5.56131e-09,7.9039e-08,1,1.7715e-08
12289,0,12,1385.92,13,1403.96,0,2,0,0.654877,1,6.52193e-10,2.66296e-08,1.037e-07,1.52166e-09,2.16377e-08,1,4.8482e-09
12290,0,12,1385.92,13,1403.96,0,2,9,0.65455,1,1.50255e-09,6.1396e-08,2.39151e-07,3.49828e-09,4.97713e-08,1,1.11486e-08
12291,0,12,1385.92,13,1403.96,0,2,9,0.654223,1,4.15492e-10,1.69901e-08,6.6198e-08,9.65361e-10,1.37419e-08,1,3.0772e-09
12292,0,12,1385.92,13,1403.96,0,2,9,0.653896,1,1.17816e-10,4.82124e-09,1.879e-08,2.73183e-10,3.89081e-09,1,8.71004e-10
12293,0,12,1385.92,13,1403.96,0,2,0,0.653569,1,3.42404e-11,1.40222e-09,5.46642e-09,7.92373e-11,1.12914e-09,1,2.52695e-10
12294,0,12,1385.92,13,1403.96,0,2,9,0.653242,1,8.36534e-11,3.42834e-09,1.33687e-08,1.93212e-10,2.75474e-09,1,6.16312e-10
12295,0,12,1385.92,13,1403.96,0,2,0,0.652915,1,2.44608e-11,1.00321e-09,3.91305e-09,5.63893e-11,8.04407e-10,1,1.79914e-10
12296,0,12,1385.92,13,1403.96,0,2,0,0.652589,1,6.01699e-11,2.46959e-09,9.63531e-09,1.38453e-10,1.97611e-09,1,4.41845e-10
12297,0,12,1385.92,13,1403.96,0,2,9,0.652262,1,1.45406e-10,5.97243e-09,2.33083e-08,3.33977e-10,4.76933e-09,1,1.06607e-09
12298,0,12,1385.92,13,1403.96,0,2,9,0.651936,1,4.20122e-11,1.72689e-09,6.74129e-09,9.63245e-11,1.37629e-09,1,3.07545e-10
12299,0,12,1385.92,13,1403.96,0,2,9,0.65161,1,1.24365e-11,5.11578e-10,1.9976e-09,2.84646e-11,4.06919e-10,1,9.09028e-11
12300,0,12,1385.92,13,1403.96,0,2,9,0.651285,1,3.77003e-12,1.55196e-10,6.06171e-10,8.61417e-12,1.2321e-10,1,2.7516e-11
12301,0,12,1385.92,13,1403.96,0,2,0,0.650959,1,1.16979e-12,4.81913e-11,1.88279e-10,2.66843e-12,3.81874e-11,1,8.52568e-12
12302,0,12,1385.92,13,1403.96,0,2,0,0.650633,1,3.05762e-12,1.26057e-10,4.92626e-10,6.96343e-12,9.97056e-11,1,2.22535e-11
12303,0,12,1385.92,13,1403.96,0,2,0,0.650308,1,7.84208e-12,3.23546e-10,1.26475e-09,1.78311e-11,2.5545e-10,1,5.69973e-11
12304,0,12,1385.92,13,1403.2,0,2,13,0.649983,1,1.9743e-11,8.15159e-10,3.18735e-09,4.48213e-11,6.42456e-10,1,1.43305e-10
12305,0,12,1385.92,13,1403.2,0,2,0,0.649658,1,2.31834e-12,9.57918e-11,3.74658e-10,5.25515e-12,7.5366e-11,1,1.68059e-11
12306,0,12,1385.92,13,1403.43,0,2,9,0.649333,1,5.98016e-12,2.47279e-10,9.67415e-10,1.35355e-11,1.94221e-10,1,4.32965e-11
12307,0,12,1385.92,13,1403.43,0,2,0,0.649008,1,1.83496e-12,7.59322e-11,2.97146e-10,4.1472e-12,5.95399e-11,1,1.32689e-11
12308,0,12,1385.92,13,1400.69,0,2,13,0.648684,1,4.75606e-12,1.96956e-10,7.70959e-10,1.07338e-11,1.54184e-10,1,3.43507e-11
12309,0,12,1385.92,13,1400.69,0,2,9,0.64836,1,5.73242e-13,2.37566e-11,9.30174e-11,1.29193e-12,1.85676e-11,1,4.13544e-12
12310,0,12,1385.92,13,1400.69,0,2,0,0.648035,1,1.84068e-13,7.63393e-12,2.98984e-11,4.14274e-13,5.95711e-12,1,1.32639e-12
12311,0,12,1385.92,13,1400.69,0,2,0,0.647711,1,4.99442e-13,2.0729e-11,8.12074e-11,1.12257e-12,1.61508e-11,1,3.59499e-12
12312,0,12,1385.92,13,1400.69,0,2,0,0.647388,1,1.32875e-12,5.51898e-11,2.16269e-10,2.98266e-12,4.29353e-11,1,9.55408e-12
12313,0,12,1385.92,13,1400.69,0,2,9,0.647064,1,3.46753e-12,1.44132e-10,5.64956e-10,7.77368e-12,1.11962e-10,1,2.49065e-11
12314,0,12,1385.92,13,1400.45,0,2,13,0.64674,1,1.07298e-12,4.46329e-11,1.74996e-10,2.40246e-12,3.46203e-11,1,7.69916e-12
12315,0,12,1385.92,13,1400.45,0,2,0,0.646417,1,1.32775e-13,5.52718e-12,2.16768e-11,2.96927e-13,4.28111e-12,1,9.51784e-13
12316,0,12,1385.92,13,1400.45,0,2,9,0.646094,1,3.62754e-13,1.51121e-11,5.92837e-11,8.10268e-13,1.16887e-11,1,2.59787e-12
12317,0,12,1385.92,13,1400.45,0,2,0,0.645771,1,1.17262e-13,4.88871e-12,1.91833e-11,2.61618e-13,3.77604e-12,1,8.38993e-13
12318,0,12,1385.92,13,1400.45,0,2,0,0.645448,1,3.21215e-13,1.34016e-11,5.26023e-11,7.1583e-13,1.03374e-11,1,2.29616e-12
12319,0,12,1385.92,13,1400.45,0,2,9,0.645125,1,8.62589e-13,3.60154e-11,1.41402e-10,1.92014e-12,2.77438e-11,1,6.16064e-12
12320,0,12,1385.92,13,1400.45,0,2,9,0.644803,1,2.73815e-13,1.1441e-11,4.49316e-11,6.08853e-13,8.80192e-12,1,1.95392e-12
12321,0,12,1385.92,13,1400.45,0,2,9,0.64448,1,8.88858e-14,3.71676e-12,1.46006e-11,1.97435e-13,2.85576e-12,1,6.33753e-13
12322,0,12,1385.92,13,1400.45,0,2,9,0.644158,1,2.94942e-14,1.23422e-12,4.84973e-12,6.5445e-14,9.47122e-13,1,2.10123e-13
12323,0,12,1385.92,13,1400.45,0,2,0,0.643836,1,9.99958e-15,4.18758e-13,1.64591e-12,2.21656e-14,3.20952e-13,1,7.11832e-14
12324,0,12,1385.92,13,1400.45,0,2,9,0.643514,1,2.87748e-14,1.20592e-12,4.7411e-12,6.37201e-14,9.23146e-13,1,2.0468e-13
12325,0,12,1385.92,13,1400.45,0,2,0,0.643192,1,9.7538e-15,4.09076e-13,1.60874e-12,2.15783e-14,3.12782e-13,1,6.93294e-14
12326,0,12,1385.92,13,1400.45,0,2,9,0.642871,1,2.8086e-14,1.17881e-12,4.63708e-12,6.20755e-14,9.00282e-13,1,1.99491e-13
12327,0,12,1385.92,13,1400.45,0,2,9,0.642549,1,9.51844e-15,3.99802e-13,1.57313e-12,2.1018e-14,3.04988e-13,1,6.7561e-14
12328,0,12,1385.92,13,1400.45,0,2,9,0.642228,1,3.29458e-15,1.38485e-13,5.45056e-13,7.26828e-15,1.05525e-13,1,2.33688e-14
12329,0,12,1385.92,13,1400.45,0,2,0,0.641907,1,1.16416e-15,4.89711e-14,1.92795e-13,2.56601e-15,3.72747e-14,1,8.25211e-15
12330,0,12,1385.92,13,1400.45,0,2,9,0.641586,1,3.49748e-15,1.47234e-13,5.79809e-13,7.70241e-15,1.11948e-13,1,2.47762e-14
12331,0,12,1385.92,13,1400.45,0,2,0,0.641265,1,1.23355e-15,5.1968e-14,2.04706e-13,2.71432e-15,3.94713e-14,1,8.73314e-15
12332,0,12,1385.92,13,1400.45,0,2,0,0.640944,1,3.70234e-15,1.56092e-13,6.15026e-13,8.13994e-15,1.18433e-13,1,2.61959e-14
12333,0,12,1385.92,13,1400.45,0,2,0,0.640624,1,1.08737e-14,4.58784e-13,1.80818e-12,2.38877e-14,3.47744e-13,1,7.6893e-14
12334,0,12,1385.92,13,1400.45,0,2,0,0.640304,1,3.12646e-14,1.3201e-12,5.20425e-12,6.86285e-14,9.99593e-13,1,2.20963e-13
12335,0,12,1385.92,13,1400.45,0,2,0,0.639983,1,8.80396e-14,3.72012e-12,1.46699e-11,1.93106e-13,2.81415e-12,1,6.21889e-13
12336,0,12,1385.92,13,1400.45,0,2,0,0.639663,1,2.42905e-13,1.02717e-11,4.05164e-11,5.32388e-13,7.76269e-12,1,1.71493e-12
12337,0,12,1385.92,13,1400.45,0,2,9,0.639344,1,6.56904e-13,2.77991e-11,1.09683e-10,1.43872e-12,2.0989e-11,1,4.63548e-12
12338,0,12,1385.92,13,1400.45,0,2,9,0.639024,1,2.08372e-13,8.82458e-12,3.48275e-11,4.56039e-13,6.65658e-12,1,1.46968e-12
12339,0,12,1385.92,13,1400.45,0,2,0,0.638704,1,6.75933e-14,2.86473e-12,1.13092e-11,1.4783e-13,2.15896e-12,1,4.76525e-13
12340,0,12,1385.92,13,1400.45,0,2,9,0.638385,1,1.87534e-13,7.95401e-12,3.1409e-11,4.09868e-13,5.98907e-12,1,1.3215e-12
12341,0,12,1385.92,13,1400.45,0,2,9,0.638066,1,6.09193e-14,2.58575e-12,1.02135e-11,1.33055e-13,1.94526e-12,1,4.29097e-13
12342,0,12,1385.92,13,1400.45,0,2,0,0.637747,1,2.0228e-14,8.5923e-13,3.39481e-12,4.41515e-14,6.45842e-13,1,1.42421e-13
12343,0,12,1385.92,13,1400.45,0,2,9,0.637428,1,5.7493e-14,2.44398e-12,9.6588e-12,1.2541e-13,1.83547e-12,1,4.04634e-13
12344,0,12,1385.92,13,1400.45,0,2,9,0.637109,1,1.90992e-14,8.12499e-13,3.21194e-12,4.16354e-14,6.09692e-13,1,1.34368e-13
12345,0,12,1385.92,13,1400.45,0,2,0,0.636791,1,6.48251e-15,2.7598e-13,1.09129e-12,1.41231e-14,2.06924e-13,1,4.55894e-14
12346,0,12,1385.92,13,1400.45,0,2,0,0.636472,1,1.88496e-14,8.03087e-13,3.17648e-12,4.10426e-14,6.01656e-13,1,1.32516e-13
12347,0,12,1385.92,13,1400.45,0,2,0,0.636154,1,5.36683e-14,2.28825e-12,9.05331e-12,1.16789e-13,1.71297e-12,1,3.77171e-13
12348,0,12,1385.92,13,1400.45,0,2,0,0.635836,1,1.49683e-13,6.3868e-12,2.52759e-11,3.25545e-13,4.7774e-12,1,1.0516e-12
12349,0,12,1385.92,13,1400.45,0,2,0,0.635518,1,4.09109e-13,1.74694e-11,6.91543e-11,8.89288e-13,1.30574e-11,1,2.87331e-12
12350,0,12,1385.92,13,1400.45,0,2,9,0.6352,1,1.09621e-12,4.68446e-11,1.8549e-10,2.3816e-12,3.49877e-11,1,7.69681e-12
12351,0,12,1385.92,13,1400.45,0,2,0,0.634883,1,3.4269e-13,1.46552e-11,5.80462e-11,7.44132e-13,1.09378e-11,1,2.40544e-12
12352,0,12,1385.92,13,1400.45,0,2,9,0.634565,1,9.21627e-13,3.94432e-11,1.56269e-10,2.00025e-12,2.9417e-11,1,6.46741e-12
12353,0,12,1385.92,13,1400.45,0,2,0,0.634248,1,2.88906e-13,1.23737e-11,4.90366e-11,6.26718e-13,9.2219e-12,1,2.02684e-12
12354,0,12,1385.92,13,1400.45,0,2,0,0.633931,1,7.79743e-13,3.34211e-11,1.32483e-10,1.69067e-12,2.48909e-11,1,5.46902e-12
12355,0,12,1385.92,13,1400.45,0,2,0,0.633614,1,2.06369e-12,8.85196e-11,3.50994e-10,4.47248e-12,6.58816e-11,1,1.44711e-11
12356,0,12,1385.92,13,1400.45,0,2,0,0.633297,1,5.35798e-12,2.29998e-10,9.12228e-10,1.16067e-11,1.71064e-10,1,3.75633e-11
12357,0,12,1385.92,13,1400.45,0,2,0,0.63298,1,1.36518e-11,5.8646e-10,2.32669e-09,2.95601e-11,4.35901e-10,1,9.56889e-11
12358,0,12,1385.92,13,1400.45,0,2,9,0.632664,1,3.41484e-11,1.46807e-09,5.82593e-09,7.39094e-11,1.09048e-09,1,2.39308e-10
12359,0,12,1385.92,13,1400.45,0,2,0,0.632348,1,9.94516e-12,4.27873e-10,1.69845e-09,2.15159e-11,3.17621e-10,1,6.96818e-11
12360,0,12,1385.92,13,1400.45,0,2,0,0.632031,1,2.50375e-11,1.078e-09,4.28034e-09,5.41453e-11,7.99733e-10,1,1.75397e-10
12361,0,12,1385.92,13,1400.45,0,2,9,0.631715,1,6.18963e-11,2.66699e-09,1.05925e-08,1.33802e-10,1.97734e-09,1,4.33538e-10
12362,0,12,1385.92,13,1400.45,0,2,9,0.6314,1,1.77969e-11,7.67412e-10,3.04878e-09,3.8457e-11,5.68627e-10,1,1.24636e-10
12363,0,12,1385.92,13,1400.45,0,2,9,0.631084,1,5.24321e-12,2.2626e-10,8.99135e-10,1.13257e-11,1.67552e-10,1,3.67141e-11
12364,0,12,1385.92,13,1400.45,0,2,0,0.630768,1,1.58202e-12,6.83201e-11,2.71573e-10,3.41602e-12,5.05639e-11,1,1.10762e-11
12365,1,12,1385.92,13,1400.45,0,2,9,0.630453,1,4.13223e-12,1.78587e-10,7.10079e-10,8.91948e-12,1.32097e-10,1,2.89276e-11
12366,1,12,1385.92,13,1400.45,0,3,0,0.630138,0.913385,0.00461256,0.0663184,0.0156839,0.0143438,0.820677,0.0493279,0.115652
12367,1,12,1385.92,13,1400.45,0,2,0,0.629823,0.859843,0.0074605,0.107323,0.0253739,0.0148129,0.848203,0.0509538,0.0860303
12368,1,12,1385.92,13,1400.45,0,1,0,0.629508,0.782946,0.0115485,0.166219,0.0392871,0.0149668,0.857705,0.0403743,0.0869542
12369,1,12,1385.92,13,1400.45,2,1,0,0.629193,0.681846,0.0169198,0.24366,0.0575743,0.0230157,0.781121,0.0620994,0.133764
12370,1,12,1385.92,13,1400.45,0,1,0,0.628878,0.742487,0.018411,0.176438,0.0626638,0.033535,0.680995,0.0904999,0.19497
12371,1,12,1385.92,13,1400.45,0,1,0,0.628564,0.633784,0.0261731,0.250939,0.0891048,0.045895,0.563301,0.12388,0.266924
12372,1,12,1385.92,13,1400.45,2,1,0,0.62825,0.512009,0.0348633,0.334408,0.118719,0.0587899,0.440453,0.158717,0.34204
12373,1,12,1385.92,13,1400.45,0,3,0,0.627936,0.5824,0.0396351,0.242963,0.135001,0.0707312,0.326615,0.190994,0.41166
12374,1,12,1385.92,13,1400.45,0,1,0,0.627622,0.460581,0.0511823,0.313862,0.174375,0.0838589,0.387354,0.226487,0.3023
12375,1,12,1385.92,13,1400.45,3,3,0,0.627308,0.345467,0.0620867,0.380868,0.211578,0.0982219,0.282279,0.265332,0.354168
12376,1,12,1385.92,13,1400.45,2,3,0,0.626994,0.372216,0.0668709,0.410366,0.150547,0.113242,0.325514,0.305967,0.255277
12377,1,12,1385.92,13,1400.45,0,2,9,0.626681,0.440427,0.0790982,0.302371,0.178104,0.124567,0.358143,0.336633,0.180658
12378,1,12,1385.92,13,1400.45,0,3,0,0.626367,0.80681,0.027303,0.1044,0.0614876,0.050391,0.14491,0.731612,0.0730869
12379,1,12,1385.92,13,1400.45,0,0,0,0.626054,0.715977,0.0401322,0.153497,0.0903943,0.0512488,0.147408,0.744466,0.0568776
12380,1,12,1385.92,13,1400.45,3,2,0,0.625741,0.605797,0.0556896,0.213058,0.125456,0.0411124,0.148947,0.75248,0.0574604
12381,1,12,1385.92,13,1400.45,0,0,0,0.625428,0.627886,0.0576927,0.22078,0.0936405,0.0583152,0.211325,0.64885,0.0815092
12382,1,12,1385.92,13,1400.45,3,2,0,0.625115,0.509467,0.0760386,0.291065,0.123429,0.0461037,0.214036,0.657321,0.082539
12383,1,12,1385.92,13,1400.45,2,2,9,0.624803,0.528026,0.0787786,0.301635,0.0915605,0.0617805,0.286903,0.540698,0.110618
12384,1,12,1385.92,13,1400.45,2,2,0,0.624491,0.221142,0.0329807,0.707544,0.038333,0.0186288,0.0865372,0.861475,0.0333587
12385,1,12,1385.92,13,1400.45,0,2,0,0.624178,0.306323,0.0456669,0.59493,0.0530796,0.0284365,0.132138,0.788498,0.0509274
12386,1,12,1385.92,13,1400.45,2,1,0,0.623866,0.224338,0.0510417,0.665292,0.0593285,0.0412657,0.191811,0.693012,0.0739119
12387,1,12,1385.92,13,1400.45,2,1,0,0.623554,0.302141,0.0687233,0.549252,0.0798833,0.0438083,0.141589,0.736128,0.0784752
12388,1,12,1385.92,13,1400.45,2,3,0,0.623242,0.382149,0.0868956,0.429946,0.10101,0.04559,0.106235,0.766499,0.0816764
12389,1,12,1385.92,13,1400.45,2,3,0,0.622931,0.455693,0.103588,0.320303,0.120417,0.046462,0.108285,0.781601,0.0636515
12390,1,12,1385.92,13,1400.45,2,2,0,0.622619,0.513528,0.1167,0.234108,0.135664,0.0470835,0.109752,0.792503,0.0506612
12391,1,12,1385.92,13,1400.45,1,2,0,0.622308,0.555556,0.126214,0.171503,0.146727,0.0680339,0.158614,0.700147,0.0732045
12392,1,12,1385.92,13,1400.45,0,2,0,0.621997,0.575516,0.0949032,0.177623,0.151958,0.0929284,0.21669,0.590389,0.0999926
12393,1,12,1385.92,13,1400.45,0,3,0,0.621686,0.459147,0.12091,0.226325,0.193618,0.119509,0.278717,0.473178,0.128595
12394,1,12,1385.92,13,1400.45,3,2,0,0.621375,0.349153,0.145487,0.272364,0.232996,0.12401,0.289263,0.491134,0.0955926
12395,1,12,1385.92,13,1400.45,0,1,9,0.621064,0.378839,0.157829,0.295507,0.167826,0.151635,0.353763,0.37772,0.116882
12396,1,12,1385.92,13,1400.45,0,1,0,0.620754,0.769184,0.0586435,0.109813,0.0623588,0.0587016,0.749802,0.146251,0.0452453
12397,1,12,1385.92,13,1400.45,0,1,0,0.620443,0.672594,0.0831791,0.155777,0.0884499,0.0825704,0.648034,0.205756,0.0636392
12398,1,12,1385.92,13,1400.45,0,1,0,0.620133,0.561109,0.111495,0.208834,0.118562,0.10951,0.533157,0.272936,0.0843977
12399,1,12,1385.92,13,1400.45,0,2,0,0.619823,0.445391,0.140883,0.263912,0.149814,0.136761,0.416928,0.340917,0.105394
12400,1,12,1385.92,13,1400.45,2,1,0,0.619513,0.337342,0.16832,0.315347,0.178992,0.155589,0.474434,0.250079,0.119898
12401,1,12,1385.92,13,1400.45,3,2,0,0.619204,0.380039,0.189598,0.228741,0.201622,0.188507,0.36322,0.303016,0.145257
12402,1,12,1385.92,13,1400.45,1,3,0,0.618894,0.406161,0.202601,0.244439,0.146799,0.210915,0.40645,0.22012,0.162516
12403,1,12,1385.92,13,1400.45,0,3,0,0.618584,0.433836,0.148326,0.261068,0.15677,0.221764,0.427412,0.231444,0.119381
12404,1,12,1385.92,13,1400.45,0,0,0,0.618275,0.328867,0.175817,0.309489,0.185827,0.229304,0.442003,0.239315,0.0893769
12405,1,12,1385.92,13,1400.45,2,1,9,0.617966,0.240189,0.199037,0.350403,0.210372,0.168389,0.476975,0.258219,0.0964176
12406,1,12,1385.92,13,1400.45,2,2,0,0.617657,0.0924752,0.0766284,0.749903,0.0809931,0.0536304,0.833418,0.0822473,0.0307047
12407,1,12,1385.92,13,1400.45,2,1,9,0.617348,0.12876,0.106692,0.651778,0.11277,0.0546094,0.849097,0.0650318,0.0312617
12408,1,12,1385.92,13,1400.45,2,1,0,0.61704,0.0331391,0.0274582,0.91038,0.0290229,0.0117242,0.967603,0.0139623,0.00671088
12409,1,12,1385.92,13,1400.45,2,1,9,0.616731,0.0514397,0.04262,0.860891,0.0450491,0.0192457,0.946819,0.0229204,0.0110149
12410,1,12,1385.92,13,1400.45,2,1,0,0.616423,0.0109329,0.00905807,0.970435,0.00957444,0.00387325,0.989297,0.00461297,0.00221654
12411,1,12,1385.92,13,1400.45,2,1,9,0.616114,0.0180087,0.0149199,0.951301,0.0157705,0.00659528,0.981776,0.00785512,0.00377385
12412,1,12,1385.92,13,1400.45,2,1,9,0.615806,0.00361332,0.00299346,0.990229,0.00316417,0.00131687,0.996361,0.00156848,0.000753437
12413,1,12,1385.92,13,1400.45,2,1,0,0.615498,0.000724996,0.0006006,0.99804,0.000634859,0.000268253,0.999259,0.000319517,0.000153461
12414,1,12,1385.92,13,1400.45,2,1,0,0.615191,0.00128458,0.00106413,0.996526,0.00112484,0.000485197,0.998659,0.00057794,0.000277539
12415,1,12,1385.92,13,1400.45,2,1,0,0.614883,0.00224808,0.00186221,0.993921,0.00196848,0.000867017,0.997604,0.00103278,0.00049589
12416,1,12,1385.92,13,1400.45,2,1,0,0.614576,0.00388387,0.00321711,0.989498,0.00340073,0.0015305,0.995771,0.00182318,0.00087527
12417,1,12,1385.92,13,1400.45,2,1,0,0.614268,0.00661751,0.00548125,0.982107,0.00579416,0.00266808,0.992628,0.0031784,0.00152566
12418,1,12,1385.92,13,1400.45,2,1,0,0.613961,0.0111014,0.00919485,0.969984,0.00971987,0.00459026,0.987317,0.00546843,0.00262451
12419,1,12,1385.92,13,1400.45,2,1,0,0.613654,0.0182872,0.015146,0.950556,0.016011,0.00778449,0.978491,0.0092741,0.00445035
12420,1,12,1385.92,13,1400.45,2,1,0,0.613347,0.029461,0.0243996,0.920346,0.0257934,0.0129871,0.964116,0.0154728,0.00742383
12421,1,12,1385.92,13,1400.45,1,1,0,0.613041,0.0461529,0.0382224,0.875219,0.0404062,0.0212484,0.941291,0.0253162,0.0121449
12422,1,12,1385.92,13,1400.45,3,1,0,0.612734,0.0464165,0.0322105,0.880737,0.040636,0.0339359,0.906236,0.0404339,0.0193944
12423,1,12,1385.92,13,1400.45,3,1,0,0.612428,0.0467089,0.032411,0.886807,0.0340736,0.052572,0.854746,0.0626407,0.0300417
12424,1,12,1385.92,13,1400.45,2,1,0,0.612122,0.0469267,0.0325597,0.891466,0.0290476,0.0783784,0.783445,0.0933928,0.0447834
12425,1,12,1385.92,13,1400.45,2,1,0,0.611816,0.0716603,0.0497173,0.834269,0.0443534,0.111518,0.691885,0.132885,0.0637113
12426,1,12,1385.92,13,1400.45,2,1,0,0.61151,0.105085,0.0729016,0.756979,0.0650349,0.150375,0.58453,0.179194,0.0859011
12427,1,12,1385.92,13,1400.45,2,2,0,0.611204,0.146802,0.101835,0.660518,0.0908443,0.191544,0.470788,0.228261,0.109407
12428,1,12,1385.92,13,1400.45,2,2,0,0.610898,0.194219,0.134718,0.550887,0.120175,0.206326,0.50721,0.168628,0.117836
12429,1,12,1385.92,13,1400.45,0,1,0,0.610593,0.242917,0.168484,0.438305,0.150293,0.216836,0.533144,0.126194,0.123825
12430,1,12,1385.92,13,1400.45,1,0,0,0.610288,0.179263,0.182631,0.475197,0.162908,0.268721,0.421469,0.156373,0.153437
12431,1,12,1385.92,13,1400.45,2,0,0,0.609982,0.189414,0.136253,0.502203,0.17213,0.198299,0.462096,0.171412,0.168193
12432,1,12,1385.92,13,1400.45,1,1,0,0.609677,0.230974,0.166138,0.392996,0.209893,0.147624,0.491347,0.182226,0.178804
12433,1,12,1385.92,13,1400.45,0,1,0,0.609373,0.242849,0.123226,0.413245,0.22068,0.178967,0.383332,0.220926,0.216775
12434,1,12,1385.92,13,1400.45,3,3,0,0.609068,0.179601,0.133498,0.447799,0.239102,0.206775,0.287492,0.255264,0.250468
12435,1,12,1385.92,13,1400.45,3,1,0,0.608763,0.194008,0.144197,0.483807,0.177987,0.225786,0.313945,0.278745,0.181524
12436,1,12,1385.92,13,1400.45,2,0,0,0.608459,0.204352,0.151876,0.509695,0.134077,0.253247,0.230499,0.312661,0.203593
12437,1,12,1385.92,13,1400.45,0,3,0,0.608155,0.249166,0.185172,0.402197,0.163466,0.185155,0.251513,0.341185,0.222148
12438,1,12,1385.92,13,1400.45,2,2,0,0.607851,0.18514,0.200946,0.436527,0.177387,0.199084,0.270451,0.366898,0.163568
12439,1,12,1385.92,13,1400.45,3,2,0,0.607547,0.218223,0.236857,0.335839,0.209082,0.227836,0.309528,0.275453,0.187183
12440,1,12,1385.92,13,1400.45,3,1,9,0.607243,0.233335,0.253263,0.359127,0.154275,0.250791,0.340735,0.20244,0.206034
12441,1,12,1385.92,13,1400.45,1,1,0,0.606939,0.128841,0.139847,0.198317,0.532994,0.0955789,0.748754,0.0771486,0.0785185
12442,1,12,1385.92,13,1400.45,2,1,9,0.606636,0.133727,0.107053,0.205856,0.553364,0.13121,0.6551,0.105905,0.107785
12443,1,12,1385.92,13,1400.45,2,1,0,0.606333,0.0644007,0.0515528,0.61748,0.266566,0.0325692,0.91439,0.0262867,0.0267536
12444,1,12,1385.92,13,1400.45,2,1,0,0.606029,0.0831593,0.066566,0.505966,0.344309,0.0498202,0.869049,0.0402083,0.0409227
12445,1,12,1385.92,13,1400.45,2,0,0,0.605726,0.101652,0.0813653,0.395987,0.420996,0.0737016,0.806282,0.0594797,0.0605367
12446,1,12,1385.92,13,1400.45,3,1,0,0.605424,0.118043,0.0944807,0.298459,0.489017,0.0600763,0.818197,0.0603272,0.0613995
12447,1,12,1385.92,13,1400.45,1,2,0,0.605121,0.142828,0.114313,0.361192,0.381667,0.0858684,0.740144,0.0862271,0.0877601
12448,1,12,1385.92,13,1400.45,0,0,0,0.604818,0.147288,0.0865049,0.372542,0.393665,0.0874124,0.753777,0.069472,0.0893384
12449,1,12,1385.92,13,1400.45,2,2,0,0.604516,0.110271,0.0902361,0.388724,0.410769,0.0704686,0.767832,0.0707336,0.0909654
12450,1,12,1385.92,13,1400.45,1,1,0,0.604214,0.127383,0.104236,0.29374,0.474641,0.0714011,0.778364,0.0580607,0.0921738
12451,1,12,1385.92,13,1400.45,2,1,0,0.603912,0.130674,0.0809186,0.301378,0.487029,0.0993629,0.691565,0.0807949,0.128277
12452,1,12,1385.92,13,1400.45,2,1,0,0.60361,0.144488,0.0894646,0.227387,0.538659,0.131803,0.590864,0.107168,0.170165
12453,1,12,1385.92,13,1400.45,0,1,0,0.603308,0.15471,0.0957847,0.172586,0.576919,0.166204,0.484071,0.135134,0.214591
12454,1,12,1385.92,13,1400.45,3,3,0,0.603006,0.119496,0.0997481,0.179749,0.601007,0.199501,0.380706,0.1622,0.257594
12455,1,12,1385.92,13,1400.45,3,3,0,0.602705,0.151292,0.126284,0.227594,0.49483,0.21699,0.414135,0.176412,0.192463
12456,1,12,1385.92,13,1400.45,3,0,0,0.602403,0.182344,0.152199,0.27433,0.391126,0.22966,0.438372,0.186705,0.145263
12457,1,12,1385.92,13,1400.45,0,0,9,0.602102,0.210188,0.175433,0.316246,0.298133,0.173586,0.470321,0.200278,0.155815
12458,1,12,1385.92,13,1400.45,0,0,0,0.601801,0.619005,0.084619,0.152558,0.143818,0.574274,0.242305,0.103164,0.080257
12459,1,12,1385.92,13,1400.45,2,1,9,0.6015,0.512699,0.10822,0.195131,0.18395,0.466881,0.303454,0.129176,0.100489
12460,1,12,1385.92,13,1400.45,3,0,0,0.601199,0.251201,0.0530069,0.605683,0.0901093,0.185008,0.72401,0.0511747,0.0398077
12461,1,12,1385.92,13,1400.45,2,1,0,0.600899,0.256351,0.0540768,0.61821,0.0713624,0.142146,0.762133,0.0538408,0.0418795
12462,1,12,1385.92,13,1400.45,2,0,0,0.600598,0.329337,0.0694516,0.509555,0.0916568,0.196495,0.671216,0.0744119,0.0578776
12463,1,12,1385.92,13,1400.45,2,1,0,0.600298,0.401544,0.0846524,0.40208,0.111724,0.150862,0.70939,0.0786093,0.0611393
12464,1,12,1385.92,13,1400.45,0,0,0,0.599998,0.466741,0.0983663,0.305062,0.129831,0.202077,0.61076,0.105282,0.0818805
12465,2,12,1385.92,13,1400.45,2,1,0,0.599698,0.363613,0.117373,0.364089,0.154925,0.154935,0.646901,0.111473,0.0866908
12466,2,12,1385.92,13,1400.45,2,3,0,0.599398,0.0382806,0.0824941,0.429173,0.450053,0.269477,0.446056,0.0975457,0.186922
12467,2,12,1385.92,13,1400.45,3,1,0,0.599098,0.0580208,0.125053,0.134457,0.682469,0.314918,0.521326,0.113971,0.0497847
12468,2,12,1385.92,13,1400.45,2,1,0,0.598799,0.126702,0.273126,0.293669,0.306503,0.536001,0.185351,0.193944,0.084704
12469,2,12,1385.92,13,1400.45,3,0,0,0.598499,0.164764,0.355228,0.08136,0.398648,0.624678,0.050657,0.225984,0.0986811
12470,2,12,1385.92,13,1400.45,1,0,0,0.5982,0.240203,0.517952,0.118595,0.123251,0.259831,0.0998786,0.445698,0.194592
12471,2,12,1385.92,13,1400.45,2,2,0,0.597901,0.405696,0.185889,0.200275,0.20814,0.0738192,0.124952,0.557753,0.243475
12472,2,12,1385.92,13,1400.45,3,1,0,0.597602,0.479536,0.219688,0.0547857,0.24599,0.131277,0.222234,0.213397,0.433091
12473,2,12,1385.92,13,1400.45,0,3,0,0.597303,0.591548,0.270962,0.0675534,0.0699373,0.158199,0.0625853,0.257185,0.522031
12474,2,12,1385.92,13,1400.45,2,0,0,0.597005,0.237952,0.505579,0.126011,0.130458,0.267191,0.105684,0.434415,0.19271
12475,2,12,1385.92,13,1400.45,3,2,0,0.596706,0.262716,0.558279,0.0349866,0.144018,0.078179,0.132916,0.546508,0.242396
12476,2,12,1385.92,13,1400.45,1,3,0,0.596408,0.294481,0.625874,0.039201,0.0404446,0.136044,0.23132,0.210732,0.421904
12477,2,12,1385.92,13,1400.45,0,2,0,0.59611,0.576259,0.267948,0.07668,0.0791131,0.202111,0.343692,0.313096,0.141101
12478,2,12,1385.92,13,1400.45,1,1,0,0.595812,0.23194,0.485719,0.138966,0.143376,0.26632,0.452928,0.0948378,0.185915
12479,2,12,1385.92,13,1400.45,0,0,0,0.595514,0.371858,0.175522,0.222774,0.229846,0.409621,0.158609,0.145838,0.285931
12480,2,12,1385.92,13,1400.45,1,3,0,0.595216,0.119235,0.246104,0.312372,0.322289,0.137644,0.231665,0.213009,0.417682
12481,2,12,1385.92,13,1400.45,0,3,0,0.594918,0.146772,0.0718395,0.384588,0.396801,0.202679,0.341161,0.313681,0.142479
12482,2,12,1385.92,13,1400.45,0,1,0,0.594621,0.0419929,0.0806366,0.431827,0.445543,0.226709,0.381648,0.350901,0.0407433
12483,2,12,1385.92,13,1400.45,2,2,0,0.594323,0.0126373,0.0830817,0.445071,0.45921,0.320315,0.126311,0.495828,0.0575461
12484,2,12,1385.92,13,1400.45,1,1,0,0.594026,0.0191965,0.126251,0.156498,0.698055,0.516276,0.203547,0.187457,0.0927197
12485,2,12,1385.92,13,1400.45,0,0,0,0.593729,0.0211214,0.03801,0.172263,0.768606,0.607944,0.0622147,0.220696,0.109145
12486,2,12,1385.92,13,1400.45,2,1,0,0.593432,0.00706893,0.0385354,0.174697,0.779699,0.268356,0.116083,0.41189,0.203671
12487,2,12,1385.92,13,1400.45,3,2,0,0.593136,0.00809891,0.0441652,0.0535891,0.894147,0.293054,0.0347055,0.449837,0.222404
12488,2,12,1385.92,13,1400.45,2,3,0,0.592839,0.0259561,0.141593,0.171812,0.66064,0.444942,0.0526706,0.164732,0.337656
12489,2,12,1385.92,13,1400.45,3,0,0,0.592543,0.0296541,0.16182,0.0532755,0.75525,0.595883,0.0705084,0.220571,0.113037
12490,2,12,1385.92,13,1400.45,1,2,0,0.592246,0.0699457,0.381819,0.125677,0.422558,0.263935,0.128406,0.401783,0.205877
12491,2,12,1385.92,13,1400.45,3,0,0,0.59195,0.0981755,0.13209,0.17642,0.593315,0.378234,0.183986,0.142761,0.295018
12492,2,12,1385.92,13,1400.45,3,3,0,0.591654,0.178036,0.239552,0.319966,0.262447,0.131994,0.256843,0.199283,0.411881
12493,2,12,1385.92,13,1400.45,1,3,0,0.591359,0.221308,0.297794,0.397782,0.0831162,0.190845,0.37141,0.28816,0.149584
12494,2,12,1385.92,13,1400.45,3,1,0,0.591063,0.284173,0.0982864,0.510835,0.106705,0.21395,0.416431,0.323074,0.046545
12495,2,12,1385.92,13,1400.45,0,0,0,0.590767,0.307387,0.106293,0.55263,0.0336897,0.310475,0.153132,0.468869,0.0675234
12496,2,12,1385.92,13,1400.45,1,0,0,0.590472,0.105096,0.137303,0.714093,0.0435085,0.106713,0.198358,0.607479,0.0874511
12497,2,12,1385.92,13,1400.45,3,2,0,0.590177,0.116339,0.0447192,0.790788,0.0481545,0.0349096,0.214273,0.656366,0.0944521
12498,2,12,1385.92,13,1400.45,2,2,0,0.589882,0.120181,0.0461874,0.81722,0.0164115,0.0683376,0.419603,0.327127,0.184932
12499,2,12,1385.92,13,1400.45,1,1,0,0.589587,0.310861,0.119446,0.52726,0.0424332,0.0898784,0.552067,0.114781,0.243273
12500,2,12,1385.92,13,1400.45,2,2,0,0.589292,0.339331,0.0387594,0.575608,0.0463009,0.15192,0.242774,0.194023,0.411283
12501,2,12,1385.92,13,1400.45,0,0,0,0.588997,0.593386,0.067749,0.257931,0.0809339,0.176371,0.281874,0.0641826,0.477573
12502,2,12,1385.92,13,1400.45,0,1,0,0.588703,0.274249,0.120902,0.460414,0.144436,0.0588246,0.32209,0.0733181,0.545768
12503,2,12,1385.92,13,1400.45,2,1,0,0.588408,0.094801,0.150769,0.574307,0.180123,0.0766067,0.116844,0.0954855,0.711064
12504,2,12,1385.92,13,1400.45,0,3,0,0.588114,0.164335,0.261378,0.262008,0.312279,0.0832278,0.0401641,0.103743,0.772865
12505,2,12,1385.92,13,1400.45,1,2,0,0.58782,0.0534256,0.296064,0.296778,0.353733,0.192981,0.0931153,0.24056,0.473344
12506,2,12,1385.92,13,1400.45,3,3,0,0.587526,0.0680315,0.103316,0.378043,0.45061,0.232706,0.112267,0.0841442,0.570884
12507,2,12,1385.92,13,1400.45,2,3,0,0.587232,0.101417,0.15403,0.563755,0.180798,0.39859,0.192268,0.144097,0.265045
12508,2,12,1385.92,13,1400.45,0,2,0,0.586939,0.172331,0.261754,0.258662,0.307253,0.491451,0.237027,0.177632,0.0938903
12509,2,12,1385.92,13,1400.45,1,0,0,0.586645,0.0574009,0.298098,0.294575,0.349925,0.560681,0.270377,0.0618613,0.107081
12510,2,12,1385.92,13,1400.45,0,2,0,0.586352,0.0730519,0.106433,0.375018,0.445498,0.260324,0.45527,0.104134,0.180273
12511,2,12,1385.92,13,1400.45,2,1,0,0.586059,0.0253859,0.111879,0.394307,0.468428,0.280022,0.489775,0.0363021,0.1939
12512,2,12,1385.92,13,1400.45,3,3,0,0.585766,0.0354196,0.156145,0.154482,0.653954,0.432697,0.211634,0.0560718,0.299597
12513,2,12,1385.92,13,1400.45,3,0,0,0.585473,0.0672623,0.296609,0.293449,0.34268,0.548965,0.268463,0.0711095,0.111463
12514,2,12,1385.92,13,1400.45,1,1,0,0.58518,0.0891515,0.393251,0.389061,0.128536,0.255979,0.44289,0.11728,0.183851
12515,2,12,1385.92,13,1400.45,2,0,0,0.584888,0.124088,0.155305,0.541687,0.17892,0.374222,0.185593,0.171427,0.268758
12516,2,12,1385.92,13,1400.45,3,3,0,0.584595,0.202751,0.253768,0.251117,0.292364,0.147676,0.252774,0.233478,0.366072
12517,2,12,1385.92,13,1400.45,1,2,0,0.584303,0.255861,0.320255,0.31691,0.106974,0.199367,0.341289,0.31523,0.144114
12518,2,12,1385.92,13,1400.45,2,0,0,0.584011,0.331068,0.120458,0.410079,0.138394,0.256219,0.438659,0.119924,0.185198
12519,2,12,1385.92,13,1400.45,0,3,0,0.583719,0.466903,0.169847,0.168107,0.195143,0.096427,0.532945,0.145662,0.224965
12520,2,12,1385.92,13,1400.45,3,1,0,0.583427,0.2036,0.253734,0.251135,0.291531,0.113816,0.629268,0.171944,0.0849715
12521,2,12,1385.92,13,1400.45,1,2,0,0.583135,0.256084,0.319155,0.315884,0.108877,0.204907,0.332542,0.309583,0.152968
12522,2,12,1385.92,13,1400.45,0,2,0,0.582844,0.330072,0.122452,0.407167,0.14031,0.261297,0.424098,0.119551,0.195054
12523,2,12,1385.92,13,1400.45,2,1,0,0.582552,0.13026,0.15895,0.528655,0.182136,0.283631,0.460392,0.0442645,0.211713
12524,2,12,1385.92,13,1400.45,1,1,0,0.582261,0.207181,0.252824,0.250283,0.289711,0.418371,0.204091,0.0652683,0.31227
12525,2,12,1385.92,13,1400.45,2,3,0,0.58197,0.251099,0.0944052,0.303349,0.351147,0.485137,0.0771247,0.075656,0.362082
12526,2,12,1385.92,13,1400.45,3,0,0,0.581679,0.317771,0.119448,0.118367,0.444413,0.64605,0.102668,0.100713,0.15057
12527,2,12,1385.92,13,1400.45,0,3,0,0.581388,0.460172,0.172942,0.171377,0.195509,0.356342,0.186696,0.183139,0.273823
12528,2,12,1385.92,13,1400.45,0,1,0,0.581097,0.206775,0.25412,0.251819,0.287286,0.438087,0.229494,0.225121,0.107297
12529,2,12,1385.92,13,1400.45,1,0,0,0.580807,0.0772893,0.2956,0.292923,0.334188,0.517573,0.0897666,0.265931,0.126729
12530,2,12,1385.92,13,1400.45,2,2,0,0.580516,0.0968987,0.116664,0.367339,0.419098,0.249808,0.139571,0.413565,0.197055
12531,2,12,1385.92,13,1400.45,3,0,0,0.580226,0.129456,0.155869,0.154597,0.560078,0.348676,0.194787,0.181506,0.275031
12532,2,12,1385.92,13,1400.45,1,2,0,0.579936,0.210835,0.25386,0.251788,0.283517,0.145294,0.255604,0.238173,0.360928
12533,2,12,1385.92,13,1400.45,3,0,0,0.579646,0.254694,0.0986108,0.304178,0.342517,0.172739,0.30392,0.0941594,0.429182
12534,2,12,1385.92,13,1400.45,2,3,0,0.579356,0.332334,0.128647,0.396916,0.142103,0.0679657,0.342408,0.106059,0.483567
12535,2,12,1385.92,13,1400.45,3,1,0,0.579066,0.455562,0.176314,0.173363,0.194761,0.101323,0.510629,0.158127,0.229921
12536,2,12,1385.92,13,1400.45,0,3,0,0.578777,0.521868,0.201938,0.198557,0.0776366,0.155081,0.250914,0.242043,0.351963
12537,2,12,1385.92,13,1400.45,2,2,0,0.578488,0.258665,0.313111,0.307868,0.120355,0.20329,0.328946,0.317314,0.15045
12538,2,12,1385.92,13,1400.45,0,0,0,0.578198,0.326367,0.395079,0.126721,0.151833,0.258235,0.417893,0.13277,0.191102
12539,2,12,1385.92,13,1400.45,1,1,0,0.577909,0.138521,0.505292,0.162035,0.194152,0.107029,0.50312,0.159811,0.23004
12540,2,12,1385.92,13,1400.45,3,1,0,0.57762,0.21012,0.249561,0.245795,0.294524,0.161671,0.249374,0.241419,0.347536
12541,2,12,1385.92,13,1400.45,0,0,0,0.577331,0.261603,0.310719,0.306028,0.12165,0.193251,0.102663,0.2886,0.415486
12542,2,12,1385.92,13,1400.45,3,3,0,0.577043,0.107093,0.375749,0.370076,0.147082,0.0792934,0.11714,0.329362,0.474205
12543,2,12,1385.92,13,1400.45,1,3,0,0.576754,0.118093,0.414448,0.40819,0.0592688,0.11595,0.171305,0.48176,0.230984
12544,2,12,1385.92,13,1400.45,2,2,0,0.576466,0.163218,0.190573,0.564304,0.0819049,0.136004,0.200949,0.565244,0.0978033
12545,2,12,1385.92,13,1400.45,0,2,0,0.576178,0.2618,0.305685,0.301159,0.131356,0.217839,0.321887,0.303632,0.156642
12546,2,12,1385.92,13,1400.45,2,1,0,0.57589,0.109065,0.368944,0.36348,0.158512,0.271991,0.401935,0.130505,0.195569
12547,2,12,1385.92,13,1400.45,1,0,0,0.575602,0.143441,0.48535,0.162719,0.20849,0.369773,0.186971,0.177396,0.265859
12548,2,12,1385.92,13,1400.45,1,1,0,0.575314,0.211069,0.242681,0.239442,0.306809,0.168259,0.246748,0.23411,0.350883
12549,2,12,1385.92,13,1400.45,0,3,0,0.575026,0.250327,0.101786,0.283985,0.363902,0.199831,0.105328,0.278057,0.416784
12550,2,12,1385.92,13,1400.45,2,2,0,0.574739,0.106918,0.121233,0.338312,0.433538,0.274562,0.144699,0.382067,0.198672
12551,2,12,1385.92,13,1400.45,2,0,0,0.574451,0.136795,0.155114,0.153249,0.554842,0.365355,0.192524,0.177768,0.264353
12552,2,12,1385.92,13,1400.45,3,3,0,0.574164,0.150807,0.171008,0.0663354,0.611849,0.168462,0.252247,0.23291,0.346381
12553,2,12,1385.92,13,1400.45,3,1,0,0.573877,0.251605,0.285315,0.110655,0.352424,0.217,0.324952,0.300037,0.15801
12554,2,12,1385.92,13,1400.45,1,3,0,0.57359,0.325998,0.369684,0.143349,0.160969,0.274394,0.146401,0.379417,0.199789
12555,2,12,1385.92,13,1400.45,0,1,0,0.573303,0.42832,0.171906,0.188311,0.211463,0.313159,0.167063,0.433047,0.086731
12556,2,12,1385.92,13,1400.45,0,0,0,0.573017,0.209997,0.237552,0.260226,0.292225,0.348543,0.0729427,0.482009,0.096506
12557,2,12,1385.92,13,1400.45,3,2,0,0.57273,0.0899358,0.273648,0.299773,0.336643,0.164641,0.0935069,0.618132,0.12372
12558,2,12,1385.92,13,1400.45,1,2,0,0.572444,0.114628,0.348857,0.382169,0.154347,0.273354,0.155232,0.366012,0.205402
12559,2,12,1385.92,13,1400.45,2,3,0,0.572157,0.147308,0.163085,0.491243,0.198363,0.35632,0.202324,0.173627,0.267728
12560,2,12,1385.92,13,1400.45,1,1,0,0.571871,0.214793,0.237802,0.258153,0.289252,0.427737,0.242848,0.208396,0.121019
12561,2,12,1385.92,13,1400.45,3,1,0,0.571585,0.252345,0.104516,0.303297,0.339843,0.502563,0.110467,0.244817,0.142153
12562,2,12,1385.92,13,1400.45,1,0,0,0.5713,0.32154,0.133152,0.386478,0.15883,0.536657,0.0501962,0.261388,0.151759
12563,2,12,1385.92,13,1400.45,0,3,0,0.571014,0.349018,0.0590826,0.419521,0.172379,0.297604,0.0760743,0.396275,0.230047
12564,2,12,1385.92,13,1400.45,2,1,0,0.570728,0.167135,0.0755668,0.536778,0.22052,0.346027,0.0884283,0.460779,0.104766
12565,2,12,1385.92,13,1400.45,1,1,0,0.570443,0.253055,0.114395,0.298647,0.333902,0.364144,0.0406992,0.484932,0.110225
12566,2,12,1385.92,13,1400.45,3,0,0,0.570158,0.271159,0.051008,0.320024,0.35781,0.372095,0.01975,0.49555,0.112605
12567,2,12,1385.92,13,1400.45,2,2,0,0.569873,0.349453,0.0657141,0.412441,0.172391,0.184401,0.025639,0.643728,0.146232
12568,2,12,1385.92,13,1400.45,0,2,0,0.569588,0.470952,0.0885321,0.20822,0.232296,0.309956,0.0430792,0.401176,0.245788
12569,2,12,1385.92,13,1400.45,0,3,0,0.569303,0.250689,0.125372,0.294915,0.329023,0.413023,0.0573812,0.202094,0.327502
12570,2,12,1385.92,13,1400.45,3,0,0,0.569018,0.115821,0.147916,0.348004,0.38826,0.516419,0.0717177,0.25265,0.159213
12571,2,12,1385.92,13,1400.45,1,1,0,0.568734,0.152442,0.194693,0.458137,0.194728,0.288618,0.105482,0.371691,0.234208
12572,2,12,1385.92,13,1400.45,2,3,0,0.56845,0.171982,0.0913431,0.516976,0.219699,0.306841,0.0489913,0.395181,0.248986
12573,2,12,1385.92,13,1400.45,2,0,0,0.568165,0.252776,0.134238,0.29006,0.322926,0.360377,0.0575178,0.464153,0.117952
12574,2,12,1385.92,13,1400.45,3,0,0,0.567881,0.306861,0.162939,0.138162,0.392039,0.182028,0.0735315,0.593627,0.150814
12575,2,12,1385.92,13,1400.45,0,2,0,0.567597,0.403725,0.214345,0.181745,0.200186,0.087939,0.0819626,0.661968,0.16813
12576,2,12,1385.92,13,1400.45,3,2,0,0.567314,0.208892,0.284386,0.241126,0.265597,0.148302,0.138221,0.429902,0.283574
12577,2,12,1385.92,13,1400.45,1,2,0,0.56703,0.248676,0.338569,0.287057,0.125698,0.20073,0.187083,0.228313,0.383874
12578,2,12,1385.92,13,1400.45,1,3,0,0.566746,0.312768,0.168107,0.361052,0.158073,0.231563,0.215817,0.109725,0.442896
12579,2,12,1385.92,13,1400.45,0,1,0,0.566463,0.346085,0.0795017,0.399524,0.174889,0.31624,0.294732,0.149827,0.239201
12580,2,12,1385.92,13,1400.45,2,0,0,0.56618,0.175311,0.10024,0.503905,0.220544,0.383737,0.144247,0.181778,0.290238
12581,2,12,1385.92,13,1400.45,0,0,0,0.565897,0.252029,0.14409,0.286812,0.31707,0.199598,0.187333,0.236085,0.376984
12582,2,12,1385.92,13,1400.45,2,2,0,0.565614,0.121824,0.169152,0.336745,0.372279,0.0966448,0.211413,0.266443,0.4255
12583,2,12,1385.92,13,1400.45,3,3,0,0.565331,0.152239,0.211398,0.171033,0.465329,0.11422,0.249897,0.132858,0.503026
12584,2,12,1385.92,13,1400.45,1,3,0,0.565048,0.210889,0.292859,0.236928,0.259324,0.163282,0.357294,0.189932,0.289492
12585,2,12,1385.92,13,1400.45,0,1,0,0.564766,0.255064,0.144716,0.286564,0.313657,0.196435,0.429908,0.228503,0.145154
12586,2,12,1385.92,13,1400.45,0,2,0,0.564483,0.125207,0.169922,0.336524,0.368347,0.26349,0.235305,0.306514,0.194692
12587,2,12,1385.92,13,1400.45,3,0,0,0.564201,0.0612629,0.182321,0.361129,0.395287,0.321293,0.286918,0.154403,0.237387
12588,2,12,1385.92,13,1400.45,2,0,0,0.563919,0.0799007,0.23784,0.471161,0.211098,0.163969,0.353439,0.190177,0.292414
12589,2,12,1385.92,13,1400.45,3,1,0,0.563637,0.11064,0.329413,0.267578,0.292368,0.0808088,0.388612,0.209077,0.321502
12590,2,12,1385.92,13,1400.45,1,1,0,0.563355,0.133184,0.396622,0.322158,0.148036,0.104557,0.208771,0.270572,0.4161
12591,2,12,1385.92,13,1400.45,0,2,0,0.563074,0.173358,0.214543,0.419407,0.192693,0.118198,0.105352,0.305932,0.470518
12592,2,12,1385.92,13,1400.45,3,2,0,0.562792,0.087218,0.236884,0.463143,0.212754,0.142881,0.127349,0.160838,0.568931
12593,2,12,1385.92,13,1400.45,2,3,0,0.562511,0.0987324,0.268211,0.524462,0.108594,0.1561,0.139128,0.0830325,0.621739
12594,2,12,1385.92,13,1400.45,0,1,0,0.562229,0.142191,0.386346,0.315067,0.156397,0.244984,0.218343,0.130295,0.406377
12595,2,12,1385.92,13,1400.45,2,0,0,0.561948,0.0718359,0.418053,0.34091,0.169201,0.278357,0.111836,0.148025,0.461782
12596,2,12,1385.92,13,1400.45,1,3,0,0.561667,0.0890923,0.51866,0.182365,0.209883,0.14666,0.13222,0.175015,0.546105
12597,2,12,1385.92,13,1400.45,0,1,0,0.561386,0.127172,0.312838,0.260348,0.299642,0.214029,0.192951,0.255418,0.337601
12598,2,12,1385.92,13,1400.45,3,1,0,0.561106,0.0641009,0.335448,0.279155,0.321296,0.239142,0.0982121,0.285398,0.377248
12599,2,12,1385.92,13,1400.45,2,2,0,0.560825,0.0784042,0.410435,0.341546,0.169615,0.251671,0.0509205,0.300361,0.397048
12600,2,12,1385.92,13,1400.45,1,0,0,0.560545,0.0970245,0.508078,0.184968,0.209929,0.302247,0.0611339,0.159737,0.476882
12601,2,12,1385.92,13,1400.45,2,3,0,0.560264,0.136606,0.307317,0.26046,0.295616,0.163323,0.0732819,0.191516,0.571879
12602,2,12,1385.92,13,1400.45,3,3,0,0.559984,0.159718,0.35937,0.135227,0.345685,0.242191,0.108652,0.284006,0.365152
12603,2,12,1385.92,13,1400.45,3,0,0,0.559704,0.198182,0.445986,0.167786,0.188046,0.304762,0.136701,0.357392,0.201146
12604,2,12,1385.92,13,1400.45,2,3,0,0.559425,0.219831,0.494784,0.186109,0.0992766,0.163822,0.164393,0.429873,0.241912
12605,2,12,1385.92,13,1400.45,1,3,0,0.559145,0.243301,0.547699,0.0991421,0.109858,0.188114,0.188769,0.493711,0.129406
12606,2,12,1385.92,13,1400.45,0,2,0,0.558865,0.35193,0.345805,0.143382,0.158883,0.201033,0.201733,0.527717,0.069518
12607,2,12,1385.92,13,1400.45,3,1,0,0.558586,0.194104,0.430053,0.178282,0.197561,0.285428,0.286422,0.329468,0.0986815
12608,2,12,1385.92,13,1400.45,1,1,0,0.558307,0.216337,0.47939,0.1987,0.105573,0.338442,0.153901,0.390672,0.116985
12609,2,12,1385.92,13,1400.45,2,2,0,0.558027,0.295044,0.290008,0.270986,0.143962,0.367254,0.0818872,0.423942,0.126917
12610,2,12,1385.92,13,1400.45,1,2,0,0.557748,0.346245,0.340333,0.144501,0.168921,0.479825,0.106955,0.247435,0.165785
12611,2,12,1385.92,13,1400.45,3,0,0,0.557469,0.425785,0.188855,0.177664,0.207696,0.55095,0.122773,0.135958,0.190319
12612,2,12,1385.92,13,1400.45,2,3,0,0.557191,0.476943,0.211511,0.198976,0.11257,0.354681,0.176426,0.195378,0.273515
12613,2,12,1385.92,13,1400.45,0,3,0,0.556912,0.530684,0.235305,0.108793,0.125218,0.415237,0.206519,0.228708,0.149536
12614,2,12,1385.92,13,1400.45,0,0,0,0.556634,0.33742,0.332227,0.15358,0.176773,0.448544,0.223054,0.247024,0.0813777
12615,2,12,1385.92,13,1400.45,1,1,0,0.556355,0.188946,0.406702,0.187979,0.216373,0.270104,0.295236,0.32697,0.107691
12616,2,12,1385.92,13,1400.45,2,0,0,0.556077,0.242426,0.238767,0.241185,0.277623,0.320772,0.163041,0.388319,0.127868
12617,2,12,1385.92,13,1400.45,3,2,0,0.555799,0.277969,0.273773,0.129923,0.318335,0.181362,0.196487,0.46806,0.154091
12618,2,12,1385.92,13,1400.45,1,2,0,0.555521,0.335269,0.330208,0.156681,0.177842,0.242673,0.262916,0.288234,0.206177
12619,2,12,1385.92,13,1400.45,0,3,0,0.555243,0.40722,0.186523,0.190277,0.21598,0.286695,0.310615,0.159119,0.243571
12620,2,12,1385.92,13,1400.45,0,0,0,0.554966,0.241847,0.238557,0.243358,0.276239,0.328319,0.355717,0.182199,0.133765
12621,2,12,1385.92,13,1400.45,1,1,0,0.554688,0.131929,0.273139,0.278638,0.316294,0.187392,0.430384,0.220413,0.161811
12622,2,12,1385.92,13,1400.45,3,0,0,0.554411,0.153894,0.152008,0.325079,0.36902,0.24304,0.261227,0.285877,0.209857
12623,2,12,1385.92,13,1400.45,2,1,0,0.554134,0.191292,0.188947,0.404137,0.215624,0.133994,0.29886,0.327067,0.240079
12624,2,12,1385.92,13,1400.45,1,2,0,0.553857,0.243283,0.2403,0.242182,0.274235,0.15872,0.169375,0.387491,0.284415
12625,2,12,1385.92,13,1400.45,2,3,0,0.55358,0.277766,0.132613,0.276509,0.313113,0.199334,0.212719,0.230713,0.357235
12626,2,12,1385.92,13,1400.45,3,0,0,0.553303,0.324112,0.154716,0.155807,0.365365,0.245138,0.261601,0.283735,0.209526
12627,2,12,1385.92,13,1400.45,1,1,0,0.553026,0.400719,0.191257,0.192606,0.215418,0.136815,0.299143,0.324459,0.239583
12628,2,12,1385.92,13,1400.45,2,2,0,0.55275,0.441758,0.108493,0.2123,0.23745,0.16172,0.171467,0.383587,0.283227
12629,2,12,1385.92,13,1400.45,0,3,0,0.552474,0.492598,0.120945,0.121713,0.264744,0.201916,0.214088,0.230333,0.353663
12630,2,12,1385.92,13,1400.45,0,1,0,0.552197,0.316918,0.162807,0.163841,0.356434,0.247012,0.261905,0.281783,0.2093
12631,2,12,1385.92,13,1400.45,0,0,0,0.551921,0.185057,0.194219,0.195452,0.425272,0.284971,0.148476,0.325095,0.241457
12632,2,12,1385.92,13,1400.45,2,2,0,0.551645,0.106619,0.212895,0.214247,0.466239,0.164556,0.173463,0.379864,0.282118
12633,2,12,1385.92,13,1400.45,1,2,0,0.551369,0.11874,0.237132,0.124729,0.519399,0.204304,0.215365,0.230031,0.3503
12634,2,12,1385.92,13,1400.45,3,3,0,0.551094,0.133861,0.139814,0.140614,0.585711,0.230152,0.242615,0.132571,0.394662
12635,2,12,1385.92,13,1400.45,0,0,0,0.550818,0.191909,0.200447,0.201593,0.406051,0.288085,0.303688,0.165923,0.242304
12636,2,12,1385.92,13,1400.45,3,2,0,0.550543,0.111527,0.22037,0.22163,0.446474,0.167666,0.355072,0.193973,0.283289
12637,2,12,1385.92,13,1400.45,1,2,0,0.550267,0.144356,0.285278,0.286909,0.283457,0.184627,0.391049,0.112345,0.311979
12638,2,12,1385.92,13,1400.45,3,3,0,0.549992,0.168494,0.165677,0.334929,0.330899,0.194192,0.411371,0.0662603,0.328177
12639,2,12,1385.92,13,1400.45,2,0,0,0.549717,0.202062,0.198684,0.401711,0.197542,0.231723,0.49095,0.0790494,0.198277
12640,2,12,1385.92,13,1400.45,1,1,0,0.549442,0.253213,0.248979,0.250261,0.247548,0.138595,0.550508,0.0886067,0.22229
12641,2,12,1385.92,13,1400.45,0,0,0,0.549168,0.288829,0.143343,0.285461,0.282366,0.191966,0.3774,0.122716,0.307918
12642,2,12,1385.92,13,1400.45,2,3,0,0.548893,0.169863,0.167304,0.333223,0.32961,0.113106,0.414252,0.134669,0.337972
12643,2,12,1385.92,13,1400.45,2,1,0,0.548619,0.203492,0.200425,0.201165,0.394917,0.135421,0.496108,0.161243,0.207228
12644,2,12,1385.92,13,1400.45,0,0,0,0.548344,0.224276,0.220895,0.119518,0.43531,0.17988,0.330645,0.214188,0.275286
12645,2,12,1385.92,13,1400.45,1,1,0,0.54807,0.134685,0.246393,0.133298,0.485624,0.105968,0.360457,0.23348,0.300096
12646,2,12,1385.92,13,1400.45,0,0,0,0.547796,0.151914,0.149851,0.150349,0.547885,0.128764,0.222756,0.283751,0.364729
12647,2,12,1385.92,13,1400.45,2,3,0,0.547522,0.0930194,0.16023,0.160763,0.585987,0.0772139,0.235923,0.300538,0.386326
12648,2,12,1385.92,13,1400.45,0,2,0,0.547249,0.0998463,0.172009,0.0989196,0.629225,0.095212,0.29098,0.370692,0.243116
12649,2,12,1385.92,13,1400.45,2,1,0,0.546975,0.0629056,0.179037,0.10295,0.655107,0.116181,0.355141,0.231964,0.296714
12650,2,12,1385.92,13,1400.45,3,2,0,0.546701,0.0655421,0.18658,0.0649942,0.682883,0.140328,0.221006,0.280215,0.358451
12651,2,12,1385.92,13,1400.45,1,0,0,0.546428,0.0991421,0.282289,0.0983131,0.520256,0.161604,0.254537,0.170984,0.412876
12652,2,12,1385.92,13,1400.45,3,3,0,0.546155,0.113819,0.175845,0.112867,0.59747,0.0986156,0.273652,0.183809,0.443924
12653,2,12,1385.92,13,1400.45,3,1,0,0.545882,0.160875,0.248566,0.159529,0.43103,0.125525,0.348395,0.233995,0.292084
12654,2,12,1385.92,13,1400.45,1,2,0,0.545609,0.203147,0.313908,0.201447,0.281499,0.150604,0.21812,0.280779,0.350498
12655,2,12,1385.92,13,1400.45,1,0,0,0.545336,0.238935,0.193018,0.236935,0.331112,0.173188,0.250847,0.172839,0.403126
12656,2,12,1385.92,13,1400.45,1,1,0,0.545063,0.261499,0.116785,0.25931,0.362405,0.106579,0.271047,0.186743,0.435631
12657,2,12,1385.92,13,1400.45,2,2,0,0.544791,0.274762,0.0719644,0.272462,0.380811,0.121406,0.169473,0.212746,0.496375
12658,2,12,1385.92,13,1400.45,1,1,0,0.544518,0.313984,0.082215,0.168602,0.435199,0.13362,0.186535,0.133377,0.546467
12659,2,12,1385.92,13,1400.45,3,3,0,0.544246,0.324151,0.0524893,0.17404,0.44932,0.144877,0.117839,0.144614,0.592671
12660,2,12,1385.92,13,1400.45,1,1,0,0.543974,0.412461,0.0667651,0.221428,0.299346,0.201928,0.164236,0.201561,0.432274
12661,2,12,1385.92,13,1400.45,0,0,0,0.543702,0.422873,0.0432564,0.226989,0.306882,0.216731,0.102898,0.216337,0.464033
12662,2,12,1385.92,13,1400.45,0,3,0,0.54343,0.278536,0.0540563,0.283755,0.383652,0.136587,0.113402,0.238456,0.511555
12663,2,12,1385.92,13,1400.45,3,0,0,0.543159,0.174467,0.0618328,0.324684,0.439016,0.179827,0.149297,0.313981,0.356895
12664,2,12,1385.92,13,1400.45,2,2,0,0.542887,0.219794,0.0778811,0.409089,0.293236,0.111869,0.161646,0.340002,0.386482
12665,2,12,1385.92,13,1400.45,3,1,0,0.542616,0.27166,0.0962388,0.269649,0.362452,0.132409,0.191339,0.218698,0.457554
12666,2,12,1385.92,13,1400.45,3,2,0,0.542344,0.326483,0.115637,0.324067,0.233813,0.143801,0.121617,0.237538,0.497044
12667,2,12,1385.92,13,1400.45,0,3,0,0.542073,0.364116,0.128939,0.361421,0.145523,0.159824,0.135163,0.152447,0.552565
12668,2,12,1385.92,13,1400.45,2,1,0,0.541802,0.236098,0.154879,0.43422,0.174803,0.214877,0.181716,0.204957,0.39845
12669,2,12,1385.92,13,1400.45,1,0,0,0.541531,0.295071,0.193548,0.292929,0.218452,0.232291,0.115351,0.221565,0.430794
12670,2,12,1385.92,13,1400.45,0,1,0,0.54126,0.321879,0.120294,0.319542,0.238285,0.148717,0.127884,0.245671,0.477728
12671,2,12,1385.92,13,1400.45,3,0,0,0.54099,0.205894,0.140849,0.374217,0.27904,0.156308,0.0832261,0.258237,0.502229
12672,2,12,1385.92,13,1400.45,2,3,0,0.540719,0.234514,0.160415,0.426286,0.178785,0.101504,0.0886071,0.274996,0.534894
12673,2,12,1385.92,13,1400.45,1,3,0,0.540449,0.290766,0.198879,0.288697,0.221658,0.134355,0.117281,0.364069,0.384295
12674,2,12,1385.92,13,1400.45,3,2,0,0.540179,0.317685,0.124727,0.315423,0.242165,0.162484,0.141832,0.440381,0.255303
12675,2,12,1385.92,13,1400.45,1,3,0,0.539909,0.354835,0.139286,0.352308,0.153572,0.202654,0.176891,0.302007,0.318448
12676,2,12,1385.92,13,1400.45,0,0,0,0.539639,0.375416,0.0893892,0.372742,0.162452,0.236042,0.206029,0.351792,0.206137
12677,2,12,1385.92,13,1400.45,1,2,0,0.539369,0.249301,0.107417,0.448044,0.195238,0.151718,0.228759,0.390645,0.228878
12678,2,12,1385.92,13,1400.45,2,0,0,0.539099,0.259399,0.0712181,0.466246,0.203136,0.183523,0.276738,0.262858,0.276882
12679,2,12,1385.92,13,1400.45,0,2,0,0.53883,0.327809,0.0899767,0.325519,0.256696,0.116323,0.299515,0.28449,0.299671
12680,2,12,1385.92,13,1400.45,3,1,0,0.53856,0.214179,0.105165,0.380566,0.30009,0.132733,0.341832,0.183426,0.34201
12681,2,12,1385.92,13,1400.45,2,2,0,0.538291,0.245704,0.120627,0.436632,0.197037,0.156086,0.225943,0.215712,0.40226
12682,2,12,1385.92,13,1400.45,3,0,0,0.538022,0.304329,0.149388,0.302244,0.244039,0.170886,0.247386,0.141241,0.440487
12683,2,12,1385.92,13,1400.45,2,1,0,0.537753,0.339295,0.166528,0.33697,0.157207,0.112911,0.264673,0.151094,0.471322
12684,2,12,1385.92,13,1400.45,2,3,0,0.537484,0.397511,0.195073,0.223264,0.184152,0.126438,0.176416,0.169206,0.52794
12685,2,12,1385.92,13,1400.45,3,3,0,0.537215,0.436672,0.21426,0.146805,0.202263,0.164482,0.229513,0.220131,0.385873
12686,2,12,1385.92,13,1400.45,1,3,0,0.536946,0.474086,0.232585,0.159348,0.13398,0.197358,0.275405,0.264144,0.263094
12687,2,12,1385.92,13,1400.45,0,2,0,0.536678,0.521877,0.155301,0.175373,0.147449,0.222084,0.309931,0.297256,0.170729
12688,2,12,1385.92,13,1400.45,2,3,0,0.53641,0.381465,0.200907,0.22688,0.190748,0.254075,0.354599,0.196014,0.195312
12689,2,12,1385.92,13,1400.45,3,3,0,0.536141,0.419383,0.220849,0.150089,0.209679,0.275071,0.383927,0.212201,0.128802
12690,2,12,1385.92,13,1400.45,1,2,0,0.535873,0.456535,0.240383,0.163351,0.139731,0.288443,0.402617,0.222505,0.0864351
12691,2,12,1385.92,13,1400.45,0,0,0,0.535605,0.50394,0.16158,0.180276,0.154203,0.315942,0.441032,0.148373,0.0946528
12692,2,12,1385.92,13,1400.45,3,2,0,0.535338,0.367216,0.206114,0.229968,0.196702,0.215049,0.506126,0.170235,0.10859
12693,2,12,1385.92,13,1400.45,0,0,0,0.53507,0.397356,0.223005,0.248819,0.130819,0.229086,0.539254,0.115999,0.115662
12694,2,12,1385.92,13,1400.45,1,2,0,0.534802,0.27577,0.268002,0.29903,0.157198,0.156591,0.590018,0.126879,0.126511
12695,2,12,1385.92,13,1400.45,1,1,0,0.534535,0.30989,0.177447,0.336034,0.176628,0.163435,0.615968,0.0885621,0.132034
12696,2,12,1385.92,13,1400.45,2,1,0,0.534268,0.332233,0.118157,0.360268,0.189342,0.221658,0.479181,0.120097,0.179063
12697,2,12,1385.92,13,1400.45,3,3,0,0.534001,0.391043,0.139044,0.247079,0.222833,0.277536,0.347916,0.150354,0.224194
12698,2,12,1385.92,16,1679.27,0,3,9,0.533734,0.427529,0.151986,0.270108,0.150376,0.30395,0.381045,0.164644,0.150361
12699,0,12,1385.92,15,1724.4,0,3,13,0.533467,0.810298,0.0503617,0.0895124,0.0498281,0.169117,0.212023,0.0915963,0.527264
12700,0,12,1385.92,14,1699.23,0,2,13,0.5332,1,1.06161e-12,5.95641e-11,2.60607e-10,2.60153e-12,4.64414e-11,1,9.15405e-12
12701,0,12,1385.92,14,1683.02,0,2,13,0.532933,1,1.06344e-13,5.97151e-12,2.61345e-11,2.60127e-13,4.64635e-12,1,9.15544e-13
12702,0,12,1385.92,14,1676.46,0,2,13,0.532667,1,1.11431e-14,6.26218e-13,2.74147e-12,2.72083e-14,4.86271e-13,1,9.57865e-14
12703,0,12,1385.92,14,1580.76,0,2,13,0.532401,1,1.22026e-15,6.86312e-14,3.00544e-13,2.97432e-15,5.31882e-14,1,1.04737e-14
12704,0,12,1385.92,14,1580.76,0,2,0,0.532134,1,1.39532e-16,7.85404e-15,3.44039e-14,3.39521e-16,6.07498e-15,1,1.19588e-15
12705,0,12,1385.92,14,1580.76,0,2,0,0.531868,1,4.51688e-16,2.54454e-14,1.11494e-13,1.09725e-15,1.96443e-14,1,3.86579e-15
12706,0,12,1385.92,14,1580.76,0,2,0,0.531602,1,1.4287e-15,8.05494e-14,3.53048e-13,3.46496e-15,6.20695e-14,1,1.22107e-14
12707,0,12,1385.92,14,1580.76,0,2,0,0.531337,1,4.41752e-15,2.49258e-13,1.09282e-12,1.06965e-14,1.91722e-13,1,3.77043e-14
12708,0,12,1385.92,14,1580.76,0,2,0,0.531071,1,1.33582e-14,7.54342e-13,3.30824e-12,3.22945e-14,5.79175e-13,1,1.13865e-13
12709,0,12,1385.92,14,1580.76,0,2,0,0.530805,1,3.95219e-14,2.23362e-12,9.79864e-12,9.54013e-14,1.71193e-12,1,3.36452e-13
12710,0,12,1385.92,14,1565.16,0,2,13,0.53054,1,1.14456e-13,6.47381e-12,2.84083e-11,2.7587e-13,4.95321e-12,1,9.73156e-13
12711,0,12,1385.92,14,1535.1,0,2,13,0.530275,1,1.19143e-14,6.74437e-13,2.96043e-12,2.86747e-14,5.15148e-13,1,1.01178e-13
12712,0,12,1385.92,14,1533.19,0,2,13,0.53001,1,1.29631e-15,7.34402e-14,3.2246e-13,3.11543e-15,5.60018e-14,1,1.09955e-14
12713,0,12,1385.92,14,1533.19,0,2,0,0.529745,1,1.47293e-16,8.35135e-15,3.66798e-14,3.53494e-16,6.35795e-15,1,1.24793e-15
12714,0,12,1385.92,14,1533.19,0,2,0,0.52948,1,4.76691e-16,2.70497e-14,1.1884e-13,1.14246e-15,2.05602e-14,1,4.0342e-15
12715,0,12,1385.92,14,1527.6,0,2,13,0.529215,1,1.5074e-15,8.56062e-14,3.76212e-13,3.60787e-15,6.49664e-14,1,1.27432e-14
12716,0,12,1385.92,14,1527.6,0,2,0,0.52895,1,1.70475e-16,9.68918e-15,4.25935e-14,4.07486e-16,7.34178e-15,1,1.43962e-15
12717,0,12,1385.92,14,1527.6,0,2,0,0.528686,1,5.50269e-16,3.13006e-14,1.37638e-13,1.31363e-15,2.36816e-14,1,4.64213e-15
12718,0,12,1385.92,13,1508.59,0,2,13,0.528422,1,1.73561e-15,9.88053e-14,4.34604e-13,4.13812e-15,7.4644e-14,1,1.46271e-14
12719,0,12,1385.92,13,1508.59,0,2,9,0.528157,1,1.954e-16,1.11328e-14,4.89833e-14,4.65313e-16,8.39824e-15,1,1.64517e-15
12720,0,12,1385.92,13,1508.59,0,2,0,0.527893,1,6.35844e-17,3.62562e-15,1.59571e-14,1.51235e-16,2.73115e-15,1,5.34843e-16
12721,0,12,1385.92,13,1494.6,0,2,13,0.527629,1,2.09366e-16,1.19478e-14,5.26002e-14,4.97391e-16,8.98758e-15,1,1.75947e-15
12722,0,12,1385.92,13,1494.6,0,2,0,0.527365,1,2.45372e-17,1.40139e-15,6.17146e-15,5.82265e-17,1.05273e-15,1,2.06023e-16
12723,0,12,1385.92,13,1494.6,0,2,9,0.527102,1,8.23472e-17,4.70689e-15,2.07344e-14,1.9519e-16,3.53107e-15,1,6.90816e-16
12724,0,12,1385.92,13,1485.69,0,2,13,0.526838,1,2.72187e-17,1.55705e-15,6.86103e-15,6.44469e-17,1.16654e-15,1,2.28148e-16
12725,0,12,1385.92,13,1485.69,0,2,0,0.526575,1,3.3158e-18,1.89835e-16,8.36743e-16,7.8426e-18,1.4204e-16,1,2.77705e-17
12726,0,12,1385.92,13,1485.69,0,2,0,0.526312,1,1.1581e-17,6.63566e-16,2.92569e-15,2.73629e-17,4.95867e-16,1,9.69161e-17
12727,0,12,1385.92,13,1477.67,0,2,13,0.526048,1,3.94623e-17,2.26295e-15,9.98037e-15,9.31446e-17,1.68893e-15,1,3.2999e-16
12728,0,12,1385.92,13,1475.54,0,2,13,0.525785,1,4.76391e-18,2.73406e-16,1.20617e-15,1.12333e-17,2.03804e-16,1,3.9807e-17
12729,0,12,1385.92,13,1475.54,0,2,0,0.525522,1,5.99351e-19,3.44252e-17,1.51917e-16,1.41189e-18,2.56306e-17,1,5.00454e-18
12730,0,12,1385.92,13,1475.54,0,2,0,0.52526,1,2.16624e-18,1.24524e-16,5.49684e-16,5.09816e-18,9.26027e-17,1,1.80754e-17
12731,0,12,1385.92,13,1468.12,0,2,13,0.524997,1,7.63345e-18,4.39157e-16,1.93914e-15,1.79483e-17,3.26201e-16,1,6.36513e-17
12732,0,12,1385.92,13,1463.39,0,2,13,0.524735,1,9.4981e-19,5.46875e-17,2.41549e-16,2.23124e-18,4.05751e-17,1,7.91479e-18
12733,0,12,1385.92,13,1463.39,0,2,9,0.524472,1,1.23091e-19,7.09302e-18,3.13385e-17,2.88903e-19,5.25676e-18,1,1.02508e-18
12734,0,12,1385.92,13,1462.58,0,2,13,0.52421,1,4.61105e-20,2.65923e-18,1.17525e-17,1.08131e-19,1.96864e-18,1,3.83762e-19
12735,0,12,1385.92,13,1462.47,0,2,13,0.523948,1,6.33742e-21,3.6578e-19,1.61706e-18,1.48489e-20,2.70498e-19,1,5.2713e-20
12736,0,12,1385.92,13,1462.47,0,2,0,0.523686,1,9.0541e-22,5.23004e-20,2.31281e-19,2.11967e-21,3.86359e-20,1,7.52665e-21
12737,0,12,1385.92,13,1462.47,0,2,0,0.523424,1,3.72401e-21,2.1529e-19,9.52327e-19,8.71133e-21,1.58876e-19,1,3.09405e-20
12738,0,12,1385.92,13,1462.47,0,2,0,0.523162,1,1.48954e-20,8.61823e-19,3.81338e-18,3.48165e-20,6.35348e-19,1,1.23691e-19
12739,0,12,1385.92,13,1461.85,0,2,13,0.522901,1,5.79711e-20,3.35683e-18,1.48577e-17,1.35397e-19,2.47223e-18,1,4.81143e-19
12740,0,12,1385.92,13,1461.85,0,2,9,0.522639,1,7.90879e-21,4.58332e-19,2.02923e-18,1.84579e-20,3.37221e-19,1,6.56081e-20
12741,0,12,1385.92,13,1461.85,0,2,0,0.522378,1,3.1201e-21,1.80964e-19,8.01441e-19,7.27654e-21,1.33017e-19,1,2.58707e-20
12742,0,12,1385.92,13,1461.85,0,2,0,0.522117,1,1.25283e-20,7.27221e-19,3.22163e-18,2.91969e-20,5.34039e-19,1,1.03832e-19
12743,0,12,1385.92,13,1447.55,0,2,13,0.521856,1,4.89436e-20,2.84331e-18,1.25998e-17,1.13983e-19,2.08607e-18,1,4.05457e-19
12744,0,12,1385.92,13,1446.83,0,2,13,0.521595,1,6.68426e-21,3.88628e-19,1.72267e-18,1.55561e-20,2.84868e-19,1,5.53499e-20
12745,0,12,1385.92,13,1446.83,0,2,0,0.521334,1,9.49039e-22,5.52228e-20,2.44859e-19,2.20722e-21,4.04426e-20,1,7.85543e-21
12746,0,12,1385.92,13,1446.83,0,2,0,0.521073,1,3.90302e-21,2.27294e-19,1.00812e-18,9.07154e-21,1.66313e-19,1,3.22936e-20
12747,0,12,1385.92,13,1446.83,0,2,9,0.520813,1,1.56097e-20,9.09777e-19,4.03637e-18,3.62578e-20,6.65121e-19,1,1.29106e-19
12748,0,12,1385.92,13,1446.83,0,2,0,0.520552,1,6.06013e-21,3.53489e-19,1.56878e-18,1.40677e-20,2.5821e-19,1,5.01046e-20
12749,0,12,1385.92,13,1446.83,0,2,9,0.520292,1,2.4031e-20,1.40287e-18,6.22777e-18,5.57508e-20,1.0239e-18,1,1.98617e-19
12750,0,12,1385.92,13,1447.12,0,2,9,0.520032,1,9.24328e-21,5.4004e-19,2.39812e-18,2.14315e-20,3.93831e-19,1,7.63711e-20
12751,0,12,1385.92,13,1447.12,0,2,0,0.519772,1,3.62191e-21,2.11783e-19,9.40731e-19,8.393e-21,1.54322e-19,1,2.9916e-20
12752,0,12,1385.92,13,1447.12,0,2,0,0.519512,1,1.45135e-20,8.49337e-19,3.77384e-18,3.36133e-20,6.18407e-19,1,1.19842e-19
12753,0,12,1385.92,13,1447.12,0,2,9,0.519252,1,5.6586e-20,3.31413e-18,1.473e-17,1.30982e-19,2.41118e-18,1,4.67112e-19
12754,0,12,1385.92,13,1447.12,0,2,0,0.518993,1,2.13676e-20,1.25248e-18,5.56842e-18,4.94345e-20,9.10541e-19,1,1.76339e-19
12755,0,12,1385.92,13,1447.12,0,2,0,0.518733,1,8.26883e-20,4.85078e-18,2.15727e-17,1.91204e-19,3.52386e-18,1,6.82221e-19
12756,0,12,1385.92,13,1447.12,0,2,0,0.518474,1,3.11554e-19,1.82917e-17,8.13724e-17,7.2006e-19,1.32784e-17,1,2.56985e-18
12757,0,12,1385.92,13,1447.12,0,2,0,0.518215,1,1.14355e-18,6.71938e-17,2.99007e-16,2.64167e-18,4.87424e-17,1,9.43035e-18
12758,0,12,1385.92,13,1447.12,0,2,0,0.517956,1,4.09101e-18,2.4058e-16,1.07088e-15,9.44602e-18,1.74394e-16,1,3.37295e-17
12759,0,12,1385.92,13,1447.12,0,2,0,0.517697,1,1.4272e-17,8.39976e-16,3.74005e-15,3.29383e-17,6.08467e-16,1,1.17645e-16
12760,0,12,1385.92,13,1439.98,0,2,13,0.517438,1,4.85769e-17,2.86132e-15,1.27441e-14,1.12061e-16,2.07129e-15,1,4.00345e-16
12761,0,12,1385.92,13,1439.98,0,2,0,0.517179,1,5.73049e-18,3.37818e-16,1.50506e-15,1.32137e-17,2.44381e-16,1,4.72191e-17
12762,0,12,1385.92,13,1435.57,0,2,13,0.51692,1,1.98639e-17,1.17195e-15,5.22289e-15,4.57841e-17,8.47248e-16,1,1.63651e-16
12763,0,12,1385.92,13,1436.26,0,2,9,0.516662,1,2.38242e-18,1.40675e-16,6.27115e-16,5.48893e-18,1.01634e-16,1,1.96246e-17
12764,0,12,1385.92,13,1430.17,0,2,13,0.516404,1,8.32312e-19,4.91858e-17,2.19331e-16,1.91682e-18,3.55128e-17,1,6.85498e-18
12765,0,12,1385.92,13,1430.17,0,2,9,0.516145,1,1.06175e-19,6.27959e-18,2.80105e-17,2.44427e-19,4.53112e-18,1,8.74348e-19
12766,0,12,1385.92,13,1430.17,0,2,0,0.515887,1,3.94207e-20,2.33339e-18,1.04113e-17,9.07163e-20,1.68266e-18,1,3.24587e-19
12767,0,12,1385.92,13,1430.17,0,2,9,0.515629,1,1.50877e-19,8.93797e-18,3.98923e-17,3.47075e-19,6.44149e-18,1,1.24217e-18
12768,0,12,1385.92,13,1430.17,0,2,0,0.515372,1,5.55876e-20,3.29572e-18,1.4714e-17,1.27827e-19,2.37378e-18,1,4.57605e-19
12769,0,12,1385.92,13,1430.17,0,2,0,0.515114,1,2.11349e-19,1.25408e-17,5.60061e-17,4.85841e-19,9.02745e-18,1,1.73969e-18
12770,0,12,1385.92,13,1430.17,0,2,9,0.514856,1,7.82661e-19,4.64788e-17,2.07632e-16,1.79855e-18,3.34385e-17,1,6.44185e-18
12771,0,12,1385.92,13,1430.17,0,2,9,0.514599,1,2.78796e-19,1.657e-17,7.40445e-17,6.40461e-19,1.19144e-17,1,2.29452e-18
12772,0,12,1385.92,13,1430.17,0,2,0,0.514342,1,1.01325e-19,6.0271e-18,2.69406e-17,2.32694e-19,4.33129e-18,1,8.33864e-19
12773,0,12,1385.92,13,1430.17,0,2,0,0.514084,1,3.80832e-19,2.26715e-17,1.0137e-16,8.74313e-19,1.62837e-17,1,3.13392e-18
12774,0,12,1385.92,13,1430.17,0,2,9,0.513827,1,1.39445e-18,8.30813e-17,3.71589e-16,3.20041e-18,5.96413e-17,1,1.14746e-17
12775,0,12,1385.92,13,1430.17,0,2,0,0.51357,1,4.90346e-19,2.92388e-17,1.30812e-16,1.12507e-18,2.09786e-17,1,4.03481e-18
12776,0,12,1385.92,13,1430.17,0,2,0,0.513314,1,1.78681e-18,1.06632e-16,4.77209e-16,4.09857e-18,7.64684e-17,1,1.47024e-17
12777,0,12,1385.92,13,1426.03,0,2,13,0.513057,1,6.34702e-18,3.79085e-16,1.69702e-15,1.45548e-17,2.71713e-16,1,5.22243e-17
12778,0,12,1385.92,13,1426.03,0,2,0,0.5128,1,7.71923e-19,4.61419e-17,2.06622e-16,1.76969e-18,3.30563e-17,1,6.35145e-18
12779,0,12,1385.92,13,1426.03,0,2,0,0.512544,1,2.78846e-18,1.66818e-16,7.47228e-16,6.39112e-18,1.19451e-16,1,2.29437e-17
12780,0,12,1385.92,13,1426.03,0,2,9,0.512288,1,9.82086e-18,5.88006e-16,2.63465e-15,2.25037e-17,4.20844e-16,1,8.08076e-17
12781,0,12,1385.92,13,1426.03,0,2,0,0.512032,1,3.31506e-18,1.98646e-16,8.9033e-16,7.59438e-18,1.42106e-16,1,2.72773e-17
12782,0,12,1385.92,13,1426.03,0,2,9,0.511776,1,1.16377e-17,6.97929e-16,3.12905e-15,2.66544e-17,4.9905e-16,1,9.5761e-17
12783,0,12,1385.92,13,1425.21,0,2,13,0.51152,1,3.91225e-18,2.34815e-16,1.05307e-15,8.95839e-18,1.67826e-16,1,3.2193e-17
12784,0,12,1385.92,13,1425.21,0,2,0,0.511264,1,4.78722e-19,2.87567e-17,1.29003e-16,1.09596e-18,2.05437e-17,1,3.93946e-18
12785,0,12,1385.92,13,1425.21,0,2,9,0.511008,1,1.74672e-18,1.05011e-16,4.71223e-16,3.998e-18,7.49864e-17,1,1.43746e-17
12786,0,12,1385.92,13,1425.21,0,2,9,0.510753,1,6.08986e-19,3.66416e-17,1.64474e-16,1.39361e-18,2.61538e-17,1,5.01194e-18
12787,0,12,1385.92,13,1425.21,0,2,0,0.510497,1,2.16717e-19,1.30501e-17,5.85962e-17,4.9584e-19,9.31087e-18,1,1.78368e-18
12788,0,12,1385.92,13,1425.21,0,2,9,0.510242,1,8.03467e-19,4.84224e-17,2.17486e-16,1.83796e-18,3.45334e-17,1,6.61338e-18
12789,0,12,1385.92,13,1425.21,0,2,9,0.509987,1,2.84149e-19,1.71388e-17,7.70008e-17,6.49884e-19,1.22178e-17,1,2.33902e-18
12790,0,12,1385.92,13,1425.21,0,2,0,0.509732,1,1.02542e-19,6.19002e-18,2.78187e-17,2.34486e-19,4.41093e-18,1,8.44163e-19
12791,0,12,1385.92,13,1425.21,0,2,9,0.509477,1,3.85951e-19,2.33174e-17,1.04823e-16,8.82421e-19,1.6609e-17,1,3.17758e-18
12792,0,12,1385.92,13,1425.21,0,2,0,0.509223,1,1.38334e-19,8.36438e-18,3.76132e-17,3.16231e-19,5.95563e-18,1,1.13903e-18
12793,0,12,1385.92,13,1425.21,0,2,9,0.508968,1,5.17686e-19,3.13275e-17,1.40917e-16,1.18324e-18,2.22973e-17,1,4.26302e-18
12794,0,12,1385.92,13,1425.21,0,2,0,0.508713,1,1.84338e-19,1.11643e-17,5.0234e-17,4.21268e-19,7.94313e-18,1,1.51815e-18
12795,0,12,1385.92,13,1425.21,0,2,0,0.508459,1,6.86058e-19,4.15847e-17,1.87168e-16,1.56763e-18,2.95755e-17,1,5.65081e-18
12796,0,12,1385.92,13,1425.21,0,2,9,0.508205,1,2.48796e-18,1.50929e-16,6.79521e-16,5.6842e-18,1.07303e-16,1,2.0495e-17
12797,0,12,1385.92,13,1425.21,0,2,9,0.507951,1,8.57835e-19,5.20823e-17,2.34558e-16,1.95962e-18,3.70145e-17,1,7.06744e-18
12798,0,12,1385.92,13,1425.21,0,2,0,0.507697,1,3.01967e-19,1.83486e-17,8.26594e-17,6.89723e-19,1.30355e-17,1,2.48814e-18
12799,0,12,1385.92,13,1425.21,0,2,9,0.507443,1,1.11332e-18,6.77049e-17,3.051e-16,2.54264e-18,4.80834e-17,1,9.17482e-18
12800,0,12,1385.92,13,1425.21,0,2,0,0.507189,1,3.89591e-19,2.37119e-17,1.06885e-16,8.89664e-19,1.68341e-17,1,3.21107e-18
12801,0,12,1385.92,13,1425.21,0,2,0,0.506936,1,1.42942e-18,8.70709e-17,3.92605e-16,3.26385e-18,6.17946e-17,1,1.17833e-17
12802,0,12,1385.92,13,1425.21,0,2,0,0.506682,1,5.11175e-18,3.11631e-16,1.40557e-15,1.16707e-17,2.21091e-16,1,4.21447e-17
12803,0,12,1385.92,13,1425.21,0,2,0,0.506429,1,1.78262e-17,1.08765e-15,4.90718e-15,4.06954e-17,7.71394e-16,1,1.46995e-16
12804,0,12,1385.92,13,1425.21,0,2,0,0.506176,1,6.06522e-17,3.70366e-15,1.6715e-14,1.3845e-16,2.62591e-15,1,5.00221e-16
12805,0,12,1385.92,13,1425.21,0,2,9,0.505922,1,2.01438e-16,1.23107e-14,5.55763e-14,4.59781e-16,8.72556e-15,1,1.66162e-15
12806,0,12,1385.92,13,1425.21,0,2,0,0.50567,1,6.34524e-17,3.88103e-15,1.75261e-14,1.44818e-16,2.74992e-15,1,5.23498e-16
12807,0,12,1385.92,13,1425.21,0,2,0,0.505417,1,2.10589e-16,1.28912e-14,5.82318e-14,4.80592e-16,9.13125e-15,1,1.73773e-15
12808,0,12,1385.92,13,1425.21,0,2,0,0.505164,1,6.82566e-16,4.18176e-14,1.88955e-13,1.5576e-15,2.96118e-14,1,5.63342e-15
12809,0,12,1385.92,13,1425.21,0,2,0,0.504911,1,2.16163e-15,1.32542e-13,5.99076e-13,4.93245e-15,9.3827e-14,1,1.78439e-14
12810,0,12,1385.92,13,1425.21,0,2,0,0.504659,1,6.69178e-15,4.10649e-13,1.85666e-12,1.52685e-14,2.90615e-13,1,5.52505e-14
12811,0,12,1385.92,13,1425.21,0,2,0,0.504407,1,2.02593e-14,1.24426e-12,5.62734e-12,4.62226e-14,8.80302e-13,1,1.67304e-13
12812,0,12,1385.92,13,1425.21,0,2,9,0.504154,1,6.00093e-14,3.68861e-12,1.66873e-11,1.36907e-13,2.60891e-12,1,4.95666e-13
12813,0,12,1385.92,13,1425.21,0,2,9,0.503902,1,1.68419e-14,1.03608e-12,4.68864e-12,3.84217e-14,7.32598e-13,1,1.3914e-13
12814,0,12,1385.92,13,1425.21,0,2,0,0.50365,1,4.84537e-15,2.98323e-13,1.35043e-12,1.10534e-14,2.10882e-13,1,4.00388e-14
12815,0,12,1385.92,13,1425.21,0,2,9,0.503399,1,1.47688e-14,9.10048e-13,4.1208e-12,3.36896e-14,6.43129e-13,1,1.22066e-13
12816,0,12,1385.92,13,1425.21,0,2,0,0.503147,1,4.25684e-15,2.62521e-13,1.18908e-12,9.71005e-15,1.85473e-13,1,3.5191e-14
12817,0,12,1385.92,13,1425.21,0,2,9,0.502895,1,1.30107e-14,8.03036e-13,3.63843e-12,2.96771e-14,5.67199e-13,1,1.07583e-13
12818,0,12,1385.92,13,1425.21,0,2,9,0.502644,1,3.7567e-15,2.32059e-13,1.05174e-12,8.56869e-15,1.63864e-13,1,3.10705e-14
12819,0,12,1385.92,13,1425.21,0,2,9,0.502393,1,1.1113e-15,6.87042e-14,3.11476e-13,2.53472e-15,4.85017e-14,1,9.19341e-15
12820,0,12,1385.92,13,1425.21,0,2,9,0.502141,1,3.36645e-16,2.08296e-14,9.44613e-14,7.67822e-16,1.47009e-14,1,2.7856e-15
12821,0,12,1385.92,13,1425.21,0,2,9,0.50189,1,1.04381e-16,6.46379e-15,2.93219e-14,2.38068e-16,4.5608e-15,1,8.63916e-16
12822,0,12,1385.92,13,1425.21,0,2,9,0.501639,1,3.31113e-17,2.05212e-15,9.31189e-15,7.55182e-17,1.4476e-15,1,2.74116e-16
12823,0,12,1385.92,13,1425.21,0,2,9,0.501388,1,1.0741e-17,6.66237e-16,3.0241e-15,2.44972e-17,4.6986e-16,1,8.89426e-17
12824,0,12,1385.92,13,1425.21,0,2,9,0.501138,1,3.56149e-18,2.21093e-16,1.00386e-15,8.12271e-18,1.55887e-16,1,2.9499e-17
12825,0,12,1385.92,13,1425.21,0,2,0,0.500887,1,1.20657e-18,7.4964e-17,3.40473e-16,2.75181e-18,5.28427e-17,1,9.99625e-18
12826,0,12,1385.92,13,1425.21,0,2,0,0.500637,1,4.33892e-18,2.698e-16,1.22575e-15,9.89576e-18,1.90139e-16,1,3.59567e-17
12827,0,12,1385.92,13,1425.21,0,2,0,0.500386,1,1.5214e-17,9.46811e-16,4.30285e-15,3.46987e-17,6.67103e-16,1,1.26112e-16
12828,0,12,1385.92,13,1425.21,0,2,0,0.500136,1,5.20423e-17,3.24141e-15,1.47353e-14,1.18694e-16,2.28331e-15,1,4.31502e-16
12829,0,12,1385.92,13,1425.21,0,2,9,0.499886,1,1.73753e-16,1.0831e-14,4.92521e-14,3.96286e-16,7.62784e-15,1,1.44104e-15
12830,0,12,1385.92,13,1425.21,0,2,9,0.499636,1,5.44001e-17,3.39387e-15,1.54377e-14,1.24074e-16,2.38964e-15,1,4.51295e-16
12831,0,12,1385.92,13,1425.21,0,2,9,0.499386,1,1.74218e-17,1.0878e-15,4.94956e-15,3.97358e-17,7.65753e-16,1,1.44568e-16
12832,0,12,1385.92,13,1425.21,0,2,9,0.499137,1,5.70446e-18,3.56475e-16,1.62248e-15,1.3011e-17,2.50886e-16,1,4.73495e-17
12833,0,12,1385.92,13,1425.21,0,2,0,0.498887,1,1.90887e-18,1.19385e-16,5.43541e-16,4.35394e-18,8.40048e-17,1,1.58489e-17
12834,1,12,1385.92,13,1425.21,0,2,9,0.498638,1,6.80742e-18,4.26103e-16,1.94057e-15,1.55275e-17,2.99763e-16,1,5.65363e-17
12835,1,12,1385.92,13,1425.21,2,1,0,0.498388,0.0102779,0.00304165,0.982579,0.00410132,0.00260086,0.994183,0.00182454,0.00139177
12836,1,12,1385.92,13,1425.21,2,1,0,0.498139,0.0174304,0.00515711,0.970458,0.00695421,0.00450619,0.989922,0.00316094,0.00241105
12837,1,12,1385.92,13,1425.21,2,1,0,0.49789,0.0290146,0.00858242,0.950829,0.0115738,0.0077001,0.982779,0.00540097,0.00411945
12838,1,12,1385.92,13,1425.21,2,1,0,0.497641,0.0472032,0.0139591,0.920012,0.0188257,0.012956,0.971027,0.00908689,0.00693042
12839,1,12,1385.92,13,1425.21,0,1,0,0.497392,0.0745976,0.022055,0.873602,0.0297458,0.0214088,0.952126,0.0150143,0.0114506
12840,1,12,1385.92,13,1425.21,2,1,0,0.497144,0.0588353,0.022415,0.888516,0.0302332,0.0346043,0.922623,0.0242668,0.0185059
12841,1,12,1385.92,13,1425.21,2,1,0,0.496895,0.0904215,0.0344421,0.828678,0.046458,0.0544029,0.878359,0.0381482,0.0290903
12842,1,12,1385.92,13,1425.21,2,1,0,0.496647,0.133139,0.0507036,0.747761,0.0683968,0.0825795,0.815367,0.057902,0.0441513
12843,1,12,1385.92,13,1425.21,2,1,0,0.496398,0.186235,0.0709105,0.647194,0.0956607,0.120012,0.73169,0.0841421,0.0641564
12844,1,12,1385.92,13,1425.21,2,2,0,0.49615,0.24601,0.0936523,0.53399,0.126348,0.165672,0.629627,0.116147,0.0885545
12845,1,12,1385.92,13,1425.21,2,1,0,0.495902,0.306515,0.116663,0.41942,0.157402,0.170705,0.648929,0.0891331,0.0912334
12846,1,12,1385.92,13,1425.21,0,1,9,0.495654,0.361737,0.137655,0.314873,0.185735,0.224822,0.537661,0.117375,0.120141
12847,1,12,1385.92,13,1425.21,0,1,0,0.495406,0.792008,0.0448535,0.102615,0.0605234,0.0555791,0.885711,0.0290129,0.0296969
12848,1,12,1385.92,13,1425.21,0,1,9,0.495159,0.701222,0.0644252,0.147415,0.0869378,0.0847509,0.825736,0.0442352,0.0452782
12849,1,12,1385.92,13,1425.21,0,1,0,0.494911,0.938811,0.0131927,0.0301922,0.0178039,0.0153262,0.968488,0.00799839,0.00818701
12850,1,12,1385.92,13,1425.21,2,1,0,0.494664,0.901936,0.0211411,0.0483904,0.0285321,0.0252244,0.94814,0.0131623,0.0134728
12851,1,12,1385.92,13,1425.21,0,1,0,0.494416,0.910325,0.0213217,0.0395762,0.0287776,0.0405786,0.916579,0.0211715,0.021671
12852,1,12,1385.92,13,1425.21,2,1,0,0.494169,0.860068,0.0332686,0.061759,0.0449047,0.0634291,0.869612,0.0330893,0.03387
12853,1,12,1385.92,13,1425.21,0,1,9,0.493922,0.871146,0.0336752,0.0497227,0.0454563,0.0956119,0.803468,0.0498716,0.0510487
12854,1,12,1385.92,13,1425.21,0,1,9,0.493675,0.977544,0.00586843,0.00866563,0.00792194,0.0175985,0.963828,0.00917828,0.00939494
12855,1,12,1385.92,13,1425.21,0,1,9,0.493428,0.996313,0.000963382,0.00142269,0.00130057,0.0028892,0.994062,0.00150663,0.0015422
12856,1,12,1385.92,13,1425.21,0,1,0,0.493181,0.999383,0.00016132,0.00023825,0.000217796,0.000479142,0.999015,0.000249825,0.000255725
12857,1,12,1385.92,13,1425.21,0,1,0,0.492935,0.998875,0.000293994,0.000434228,0.000396941,0.000863112,0.998226,0.000449969,0.000460597
12858,1,12,1385.92,13,1425.21,0,1,9,0.492688,0.997974,0.000529284,0.000781812,0.000714665,0.00153596,0.996844,0.000800644,0.000819559
12859,1,12,1385.92,13,1425.21,0,1,0,0.492442,0.999658,8.94617e-05,0.000132155,0.000120803,0.000257045,0.999472,0.000133971,0.000137137
12860,1,12,1385.92,13,1425.21,0,1,0,0.492196,0.999368,0.000165032,0.000243808,0.000222861,0.000469073,0.999036,0.000244448,0.000250225
12861,1,12,1385.92,13,1425.21,0,1,0,0.49195,0.998849,0.000300722,0.000444305,0.000406123,0.000845639,0.998263,0.00044063,0.000451046
12862,1,12,1385.92,13,1425.21,0,1,0,0.491704,0.997928,0.000541329,0.000799853,0.000731104,0.00150604,0.996906,0.00078464,0.000803192
12863,1,12,1385.92,13,1425.21,0,1,9,0.491458,0.996315,0.000962561,0.00142237,0.00130009,0.00264923,0.994558,0.00138005,0.00141269
12864,1,12,1385.92,13,1425.21,0,1,0,0.491212,0.999385,0.000160688,0.000237466,0.000217047,0.000438573,0.999099,0.000228434,0.000233838
12865,1,12,1385.92,13,1425.21,0,1,0,0.490967,0.998878,0.000293067,0.000433129,0.00039588,0.000792025,0.998373,0.000412478,0.000422237
12866,1,12,1385.92,13,1425.21,0,1,0,0.490721,0.997978,0.00052801,0.000780418,0.000713288,0.00141301,0.997098,0.000735783,0.000753194
12867,1,12,1385.92,13,1425.21,0,1,0,0.490476,0.996402,0.000939699,0.00138902,0.00126951,0.00248994,0.994887,0.00129639,0.00132708
12868,1,12,1385.92,13,1425.21,0,1,0,0.49023,0.993676,0.00165157,0.00244146,0.00223137,0.00433201,0.991104,0.00225518,0.00230857
12869,1,12,1385.92,13,1425.21,0,1,0,0.489985,0.989028,0.002865,0.00423556,0.00387102,0.00743508,0.984733,0.00387009,0.00396173
12870,1,12,1385.92,13,1425.21,0,1,0,0.48974,0.981234,0.00490015,0.00724486,0.0066212,0.0125703,0.97419,0.00654221,0.00669714
12871,1,12,1385.92,13,1425.21,0,1,9,0.489495,0.968409,0.00824842,0.0121962,0.0111461,0.0208849,0.957121,0.0108681,0.0111255
12872,1,12,1385.92,13,1425.21,0,1,0,0.489251,0.994843,0.00134655,0.00199119,0.00181971,0.00341452,0.99299,0.00177662,0.00181871
12873,1,12,1385.92,13,1425.21,0,1,0,0.489006,0.991006,0.00234813,0.00347253,0.00317343,0.00589804,0.987892,0.00306843,0.00314114
12874,1,12,1385.92,13,1425.21,0,1,9,0.488762,0.984529,0.004039,0.00597352,0.00545891,0.0100429,0.979385,0.00522408,0.0053479
12875,1,12,1385.92,13,1425.21,0,1,0,0.488517,0.997476,0.000658998,0.000974708,0.000890721,0.0016329,0.996648,0.000849288,0.000869421
12876,1,12,1385.92,13,1425.21,0,1,9,0.488273,0.995525,0.00116813,0.00172789,0.00157898,0.00287049,0.994109,0.00149277,0.00152817
12877,1,12,1385.92,13,1425.21,0,1,0,0.488029,0.999259,0.000193412,0.000286116,0.000261453,0.000472258,0.999031,0.000245562,0.000251386
12878,1,12,1385.92,13,1425.21,0,1,0,0.487785,0.998652,0.000351812,0.00052048,0.000475606,0.000852533,0.99825,0.000443237,0.000453751
12879,1,12,1385.92,13,1425.21,0,1,9,0.487541,0.997578,0.000632153,0.000935295,0.000854643,0.00152033,0.99688,0.000790323,0.000809074
12880,1,12,1385.92,13,1425.21,0,1,0,0.487297,0.999595,0.000105647,0.000156322,0.000142839,0.000252427,0.999482,0.000131204,0.000134317
12881,1,12,1385.92,13,1425.21,0,1,9,0.487053,0.999254,0.000194589,0.000287947,0.000263108,0.000461665,0.999053,0.000239928,0.000245623
12882,1,12,1385.92,13,1425.21,0,1,0,0.48681,0.999873,3.32168e-05,4.91572e-05,4.49159e-05,7.82835e-05,0.999839,4.06787e-05,4.16444e-05
12883,1,12,1385.92,13,1425.21,0,1,0,0.486567,0.99976,6.26247e-05,9.26848e-05,8.46863e-05,0.0001466,0.999699,7.61686e-05,7.79772e-05
12884,1,12,1385.92,13,1425.21,0,1,9,0.486323,0.999553,0.000116594,0.000172572,0.000157677,0.000271139,0.999444,0.000140856,0.000144201
12885,1,12,1385.92,13,1425.21,0,1,0,0.48608,0.999923,2.00775e-05,2.97194e-05,2.71537e-05,4.63951e-05,0.999905,2.4099e-05,2.46714e-05
12886,1,12,1385.92,13,1425.21,0,1,9,0.485837,0.999853,3.82435e-05,5.66139e-05,5.17254e-05,8.78166e-05,0.99982,4.56085e-05,4.66922e-05
12887,1,12,1385.92,13,1425.21,0,1,0,0.485594,0.999974,6.7257e-06,9.95718e-06,9.09724e-06,1.53492e-05,0.999969,7.97073e-06,8.16015e-06
12888,1,12,1385.92,13,1425.21,0,1,0,0.485351,0.99995,1.30944e-05,1.93874e-05,1.77127e-05,2.97033e-05,0.999939,1.54227e-05,1.57893e-05
12889,1,12,1385.92,13,1425.21,0,1,0,0.485109,0.999904,2.51614e-05,3.72565e-05,3.40376e-05,5.67377e-05,0.999884,2.94558e-05,3.01561e-05
12890,1,12,1385.92,13,1425.21,0,1,9,0.484866,0.999817,4.77292e-05,7.06782e-05,6.45706e-05,0.000107002,0.999781,5.55434e-05,5.68641e-05
12891,1,12,1385.92,13,1425.21,0,1,0,0.484624,0.999968,8.34442e-06,1.23575e-05,1.12895e-05,1.86013e-05,0.999962,9.65446e-06,9.88408e-06
12892,1,12,1385.92,13,1425.21,0,1,0,0.484381,0.999938,1.61822e-05,2.39667e-05,2.18948e-05,3.58723e-05,0.999926,1.86161e-05,1.90589e-05
12893,1,12,1385.92,13,1425.21,0,1,0,0.484139,0.999881,3.09749e-05,4.58789e-05,4.19121e-05,6.82893e-05,0.99986,3.54343e-05,3.62774e-05
12894,1,12,1385.92,13,1425.21,0,1,0,0.483897,0.999776,5.85346e-05,8.67062e-05,7.92079e-05,0.000128358,0.999737,6.65941e-05,6.81788e-05
12895,1,12,1385.92,13,1425.21,0,1,0,0.483655,0.999581,0.000109229,0.000161812,0.000147816,0.000238262,0.999512,0.000123598,0.00012654
12896,1,12,1385.92,13,1425.21,0,1,0,0.483413,0.999228,0.000201311,0.000298245,0.000272443,0.000436845,0.999105,0.000226583,0.000231977
12897,1,12,1385.92,13,1425.21,0,1,0,0.483172,0.998595,0.000366479,0.000542987,0.000496003,0.00079119,0.998378,0.000410321,0.000420092
12898,1,12,1385.92,13,1425.21,0,1,9,0.48293,0.997472,0.000659019,0.000976501,0.000891989,0.00141552,0.997099,0.000734011,0.000751493
12899,1,12,1385.92,13,1425.21,0,1,0,0.482689,0.999581,0.000109248,0.000161891,0.000147877,0.000233597,0.999521,0.000121115,0.000124
12900,1,12,1385.92,13,1425.21,0,1,0,0.482447,0.999227,0.000201414,0.000298492,0.000272649,0.000428614,0.999122,0.000222197,0.000227491
12901,1,12,1385.92,13,1425.21,0,1,0,0.482206,0.998593,0.000366789,0.000543618,0.000496543,0.00077686,0.998408,0.000402678,0.000412274
12902,1,12,1385.92,13,1425.21,0,1,0,0.481965,0.997469,0.000659792,0.000977953,0.000893251,0.00139091,0.99715,0.00072087,0.000738053
12903,1,12,1385.92,13,1425.21,0,1,0,0.481724,0.995503,0.00117222,0.00173761,0.00158709,0.00245961,0.994961,0.00127458,0.00130497
12904,1,12,1385.92,13,1425.21,0,1,0,0.481483,0.992112,0.00205618,0.00304818,0.00278407,0.004294,0.991203,0.00222487,0.00227793
12905,1,12,1385.92,13,1425.21,0,1,9,0.481242,0.986348,0.00355828,0.00527538,0.00481821,0.00739473,0.984852,0.00383097,0.00392234
12906,1,12,1385.92,13,1425.21,0,1,0,0.481002,0.997797,0.000574206,0.000851364,0.000777569,0.00118983,0.997563,0.000616333,0.000631036
12907,1,12,1385.92,13,1425.21,0,1,0,0.480761,0.996072,0.00102358,0.00151776,0.00138618,0.00211196,0.995674,0.00109385,0.00111995
12908,1,12,1385.92,13,1425.21,0,1,9,0.480521,0.993087,0.00180166,0.00267172,0.00244005,0.00370146,0.992419,0.00191685,0.00196259
12909,1,12,1385.92,13,1425.21,0,1,9,0.480281,0.998877,0.000292697,0.000434079,0.000396432,0.000599311,0.998773,0.00031032,0.000317727
12910,1,12,1385.92,13,1425.21,0,1,9,0.48004,0.999812,4.90405e-05,7.27344e-05,6.64251e-05,0.000100035,0.999795,5.17906e-05,5.30271e-05
12911,1,12,1385.92,13,1425.21,0,1,9,0.4798,0.999967,8.50271e-06,1.26118e-05,1.15176e-05,1.72789e-05,0.999965,8.94456e-06,9.15816e-06
12912,1,12,1385.92,13,1425.21,0,1,0,0.479561,0.999994,1.52548e-06,2.26287e-06,2.0665e-06,3.08856e-06,0.999994,1.59861e-06,1.63679e-06
12913,1,12,1385.92,13,1425.21,0,1,0,0.479321,0.999988,3.06522e-06,4.54725e-06,4.15258e-06,6.18351e-06,0.999987,3.20011e-06,3.27655e-06
12914,1,12,1385.92,13,1425.21,0,1,0,0.479081,0.999977,6.07506e-06,9.01306e-06,8.23063e-06,1.22118e-05,0.999975,6.31904e-06,6.47003e-06
12915,1,12,1385.92,13,1425.21,0,1,9,0.478842,0.999954,1.18792e-05,1.76256e-05,1.60952e-05,2.3796e-05,0.999951,1.23117e-05,1.2606e-05
12916,1,12,1385.92,13,1425.21,0,1,0,0.478602,0.999992,2.11392e-06,3.13674e-06,2.86433e-06,4.2201e-06,0.999991,2.18313e-06,2.23532e-06
12917,1,12,1385.92,13,1425.21,0,1,0,0.478363,0.999984,4.2217e-06,6.26487e-06,5.7207e-06,8.39982e-06,0.999983,4.3448e-06,4.44868e-06
12918,1,12,1385.92,13,1425.21,0,1,0,0.478124,0.999968,8.31708e-06,1.23433e-05,1.12709e-05,1.64942e-05,0.999966,8.53049e-06,8.73449e-06
12919,1,12,1385.92,13,1425.21,0,1,9,0.477885,0.999938,1.61679e-05,2.39965e-05,2.19113e-05,3.19611e-05,0.999935,1.65275e-05,1.69228e-05
12920,1,12,1385.92,13,1425.21,0,1,0,0.477646,0.999989,2.85516e-06,4.23797e-06,3.86965e-06,5.62645e-06,0.999988,2.90912e-06,2.97872e-06
12921,1,12,1385.92,13,1425.21,0,1,0,0.477407,0.999978,5.67014e-06,8.41697e-06,7.68531e-06,1.11394e-05,0.999977,5.75879e-06,5.89658e-06
12922,1,12,1385.92,13,1425.21,0,1,0,0.477168,0.999957,1.11094e-05,1.64924e-05,1.50585e-05,2.17593e-05,0.999955,1.12476e-05,1.15168e-05
12923,1,12,1385.92,13,1425.21,0,1,0,0.47693,0.999918,2.14797e-05,3.18904e-05,2.91172e-05,4.19472e-05,0.999914,2.168e-05,2.2199e-05
12924,1,12,1385.92,13,1425.21,0,1,0,0.476691,0.999843,4.0994e-05,6.08674e-05,5.55734e-05,7.98246e-05,0.999837,4.12511e-05,4.22388e-05
12925,1,12,1385.92,13,1425.21,0,1,0,0.476453,0.999703,7.72434e-05,0.000114699,0.000104721,0.000149984,0.999693,7.74975e-05,7.93534e-05
12926,1,12,1385.92,13,1425.21,0,1,0,0.476214,0.999448,0.000143728,0.000213439,0.000194868,0.000278302,0.999431,0.000143781,0.000147225
12927,1,12,1385.92,13,1425.21,0,1,0,0.475976,0.998985,0.000264134,0.000392276,0.000358137,0.000510052,0.998957,0.000263476,0.000269788
12928,1,12,1385.92,13,1425.21,0,1,0,0.475738,0.998158,0.000479455,0.000712115,0.000650131,0.000923369,0.998111,0.000476919,0.000488347
12929,1,12,1385.92,13,1425.21,0,1,0,0.475501,0.996698,0.000859606,0.00127684,0.00116568,0.00165113,0.996623,0.000852695,0.000873132
12930,1,12,1385.92,13,1425.21,0,1,0,0.475263,0.994153,0.00152188,0.00226074,0.00206388,0.00291565,0.994037,0.00150553,0.00154162
12931,1,12,1385.92,13,1425.21,0,1,0,0.475025,0.989784,0.00265926,0.00395062,0.00360655,0.00508164,0.989608,0.00262362,0.00268653
12932,1,12,1385.92,13,1425.21,0,1,0,0.474788,0.982398,0.00458143,0.00680676,0.00621383,0.00873263,0.982143,0.00450801,0.00461612
12933,1,12,1385.92,13,1425.21,0,1,0,0.47455,0.970151,0.00776857,0.0115429,0.0105372,0.0147706,0.969799,0.00762396,0.00780683
12934,2,12,1385.92,13,1425.21,0,1,0,0.474313,0.950323,0.0129285,0.0192113,0.0175372,0.0245208,0.949866,0.0126549,0.0129585
12935,2,12,1385.92,13,1425.21,0,3,0,0.474076,0.998027,0.000516876,0.000944588,0.000511136,0.00259486,0.00328893,0.00136437,0.992752
12936,2,12,1385.92,13,1425.21,0,3,0,0.473839,0.996063,0.00103159,0.00188545,0.00102013,0.00505293,0.00640478,0.00265647,0.985886
12937,2,12,1385.92,13,1425.21,0,3,0,0.473602,0.992262,0.00202726,0.00370571,0.00200474,0.00965049,0.0122329,0.00507288,0.973044
12938,2,12,1385.92,13,1425.21,0,3,0,0.473365,0.985047,0.00391749,0.00716178,0.00387396,0.0179926,0.0228084,0.00945677,0.949742
12939,2,12,1385.92,13,1425.21,0,1,0,0.473128,0.97166,0.00742422,0.0135743,0.0073417,0.0324881,0.0411858,0.0170733,0.909253
12940,2,12,1385.92,13,1425.21,0,3,0,0.472892,0.947574,0.013733,0.0251122,0.0135804,0.0328318,0.0304316,0.0172517,0.919485
12941,2,12,1385.92,13,1425.21,0,3,0,0.472655,0.906095,0.0245972,0.0449838,0.0243237,0.0571903,0.0530086,0.0300472,0.859754
12942,2,12,1385.92,13,1425.21,2,2,0,0.472419,0.839099,0.0421437,0.0770824,0.041675,0.0941535,0.0872677,0.0494609,0.769118
12943,2,12,1385.92,13,1425.21,3,1,0,0.472183,0.859422,0.0431386,0.0547803,0.0426587,0.0954292,0.0884488,0.036255,0.779867
12944,2,12,1385.92,13,1425.21,0,3,0,0.471947,0.869195,0.043603,0.0553727,0.0318294,0.098147,0.0621586,0.0372803,0.802414
12945,2,12,1385.92,13,1425.21,0,3,0,0.471711,0.784218,0.071929,0.0913492,0.0525035,0.153659,0.0973063,0.0583547,0.69068
12946,2,12,1385.92,13,1425.21,0,2,0,0.471475,0.667927,0.110693,0.140586,0.0807938,0.221566,0.140297,0.0841273,0.55401
12947,2,12,1385.92,13,1425.21,1,3,0,0.471239,0.529673,0.156778,0.199125,0.114423,0.22769,0.144161,0.0587193,0.569429
12948,2,12,1385.92,13,1425.21,1,0,0,0.471004,0.561462,0.106249,0.211035,0.121253,0.30321,0.191959,0.0781739,0.426658
12949,2,12,1385.92,13,1425.21,0,2,0,0.470768,0.58201,0.0736218,0.218715,0.125652,0.203954,0.219286,0.0892866,0.487474
12950,2,12,1385.92,13,1425.21,0,1,0,0.470533,0.440833,0.0984733,0.292608,0.168085,0.210047,0.225841,0.0619858,0.502126
12951,2,12,1385.92,13,1425.21,2,3,0,0.470297,0.311003,0.12132,0.360573,0.207104,0.229963,0.152359,0.0678464,0.549831
12952,2,12,1385.92,13,1425.21,3,3,0,0.470062,0.366972,0.143126,0.245547,0.244355,0.301417,0.199684,0.0889058,0.409994
12953,2,12,1385.92,13,1425.21,2,0,0,0.469827,0.406446,0.158492,0.271938,0.163124,0.364996,0.241784,0.107633,0.285587
12954,2,12,1385.92,13,1425.21,0,0,0,0.469592,0.455753,0.177685,0.183682,0.18288,0.249618,0.285719,0.12717,0.337493
12955,2,12,1385.92,13,1425.21,2,3,0,0.469357,0.326434,0.219904,0.227328,0.226334,0.166214,0.31748,0.141284,0.375022
12956,2,12,1385.92,13,1425.21,1,1,0,0.469123,0.358521,0.241501,0.151414,0.248564,0.197149,0.376616,0.167573,0.258661
12957,2,12,1385.92,13,1425.21,1,1,0,0.468888,0.395988,0.162284,0.167208,0.27452,0.233839,0.26059,0.198754,0.306817
12958,2,12,1385.92,13,1425.21,0,0,0,0.468654,0.420633,0.1102,0.177584,0.291583,0.261252,0.173899,0.222046,0.342803
12959,2,12,1385.92,13,1425.21,2,0,0,0.468419,0.298047,0.1335,0.215151,0.353302,0.175943,0.193966,0.24768,0.382411
12960,2,12,1385.92,13,1425.21,0,2,0,0.468185,0.324672,0.145402,0.145052,0.384875,0.119369,0.207266,0.264676,0.408689
12961,2,12,1385.92,13,1425.21,2,2,0,0.467951,0.223605,0.167143,0.166741,0.442511,0.132949,0.23087,0.180886,0.455294
12962,2,12,1385.92,13,1425.21,3,3,0,0.467717,0.237484,0.177507,0.114969,0.470041,0.142073,0.246741,0.124527,0.486659
12963,2,12,1385.92,13,1425.21,2,1,0,0.467483,0.294378,0.22002,0.142491,0.34311,0.177757,0.308749,0.155801,0.357694
12964,2,12,1385.92,13,1425.21,1,2,0,0.46725,0.309851,0.231571,0.097424,0.361155,0.202621,0.212005,0.177589,0.407785
12965,2,12,1385.92,13,1425.21,2,0,0,0.467016,0.339583,0.157846,0.106748,0.395823,0.216245,0.226262,0.122228,0.435265
12966,2,12,1385.92,13,1425.21,0,3,0,0.466782,0.351674,0.163441,0.0749567,0.409928,0.149357,0.245559,0.132636,0.472448
12967,2,12,1385.92,13,1425.21,0,2,0,0.466549,0.246792,0.189863,0.0870605,0.476285,0.184856,0.303954,0.164158,0.347032
12968,2,12,1385.92,13,1425.21,3,3,0,0.466316,0.172262,0.208629,0.0956508,0.523458,0.196242,0.322708,0.112596,0.368454
12969,2,12,1385.92,13,1425.21,3,1,0,0.466083,0.218632,0.264799,0.121384,0.395184,0.230206,0.378597,0.132069,0.259128
12970,2,12,1385.92,13,1425.21,2,3,0,0.46585,0.25957,0.314394,0.144096,0.281941,0.271168,0.26804,0.15555,0.305242
12971,2,12,1385.92,13,1425.21,1,3,0,0.465617,0.273157,0.330863,0.0992769,0.296703,0.308297,0.30474,0.176829,0.210133
12972,2,12,1385.92,13,1425.21,3,2,0,0.465384,0.314159,0.230441,0.114156,0.341245,0.334254,0.330397,0.191696,0.143653
12973,2,12,1385.92,13,1425.21,3,0,0,0.465151,0.362855,0.266144,0.131824,0.239177,0.358934,0.354792,0.13204,0.154233
12974,2,12,1385.92,13,1425.21,0,0,0,0.464919,0.397729,0.291705,0.144464,0.166103,0.25359,0.413127,0.15372,0.179563
12975,2,12,1385.92,13,1425.21,0,0,0,0.464686,0.286411,0.345642,0.171152,0.196794,0.177954,0.455028,0.169277,0.197741
12976,2,12,1385.92,13,1425.21,0,3,0,0.464454,0.200045,0.387501,0.191852,0.220602,0.126078,0.483782,0.179938,0.210202
12977,2,12,1385.92,13,1425.21,3,1,0,0.464222,0.140396,0.416422,0.206142,0.23704,0.135776,0.521134,0.193793,0.149297
12978,2,12,1385.92,13,1425.21,1,2,0,0.463989,0.153206,0.454516,0.224968,0.16731,0.170764,0.397716,0.243748,0.187772
12979,2,12,1385.92,13,1425.21,2,0,0,0.463757,0.186068,0.337486,0.273244,0.203201,0.187002,0.435608,0.17176,0.205631
12980,2,12,1385.92,13,1425.21,0,1,0,0.463526,0.206956,0.375418,0.191608,0.226017,0.132948,0.464606,0.183159,0.219287
12981,2,12,1385.92,13,1425.21,2,2,0,0.463294,0.145982,0.404308,0.206325,0.243385,0.162113,0.347117,0.223353,0.267418
12982,2,12,1385.92,13,1425.21,1,1,0,0.463062,0.156973,0.434837,0.146452,0.261737,0.175996,0.376901,0.156755,0.290348
12983,2,12,1385.92,13,1425.21,1,0,0,0.462831,0.188317,0.32196,0.175692,0.314031,0.20554,0.272275,0.183064,0.339122
12984,2,12,1385.92,13,1425.21,2,3,0,0.462599,0.214321,0.228297,0.19995,0.357432,0.144628,0.29315,0.197084,0.365138
12985,2,12,1385.92,13,1425.21,0,1,0,0.462368,0.229919,0.244915,0.141681,0.383485,0.167796,0.340159,0.22867,0.263375
12986,2,12,1385.92,13,1425.21,3,0,0,0.462137,0.163753,0.265952,0.153833,0.416461,0.19237,0.243484,0.262174,0.301972
12987,2,12,1385.92,13,1425.21,0,3,0,0.461906,0.194224,0.315471,0.182456,0.307849,0.135193,0.260716,0.280733,0.323358
12988,2,12,1385.92,13,1425.21,1,0,0,0.461675,0.13723,0.337794,0.195345,0.329631,0.153696,0.296437,0.319202,0.230665
12989,2,12,1385.92,13,1425.21,3,1,0,0.461444,0.156895,0.242815,0.223355,0.376935,0.109444,0.31194,0.3359,0.242716
12990,2,12,1385.92,13,1425.21,2,1,0,0.461213,0.182397,0.282307,0.259677,0.275618,0.123542,0.223182,0.379253,0.274024
12991,2,12,1385.92,13,1425.21,0,3,0,0.460983,0.201212,0.311455,0.18326,0.304073,0.133561,0.160041,0.410103,0.296295
12992,2,12,1385.92,13,1425.21,1,1,0,0.460752,0.143033,0.334148,0.196592,0.326227,0.149009,0.178557,0.457638,0.214796
12993,2,12,1385.92,13,1425.21,2,2,0,0.460522,0.162928,0.241453,0.223952,0.371666,0.157693,0.130562,0.484416,0.22733
12994,2,12,1385.92,13,1425.21,3,3,0,0.460291,0.176021,0.260877,0.161503,0.401599,0.192248,0.159166,0.371421,0.277165
12995,2,12,1385.92,13,1425.21,1,2,0,0.460061,0.206295,0.305769,0.189277,0.298659,0.212663,0.176061,0.410917,0.200358
12996,2,12,1385.92,13,1425.21,3,2,0,0.459831,0.231813,0.219874,0.212686,0.335627,0.250237,0.20716,0.306847,0.235755
12997,2,12,1385.92,13,1425.21,0,0,0,0.459601,0.263656,0.250074,0.241898,0.244372,0.281287,0.232856,0.220852,0.265005
12998,2,12,1385.92,13,1425.21,3,0,0,0.459372,0.187579,0.275912,0.266889,0.26962,0.20102,0.25886,0.245513,0.294607
12999,2,12,1385.92,13,1425.21,3,0,0,0.459142,0.207301,0.304946,0.294971,0.192782,0.143992,0.277335,0.263032,0.315641
13000,2,12,1385.92,13,1425.21,3,1,0,0.458912,0.221117,0.325294,0.314652,0.138938,0.104798,0.290032,0.275071,0.3301
13001,2,12,1385.92,13,1425.21,0,3,0,0.458683,0.230636,0.339324,0.328221,0.101818,0.116548,0.210285,0.305972,0.367196
13002,2,12,1385.92,13,1425.21,2,2,0,0.458453,0.167393,0.36723,0.355212,0.110165,0.134089,0.241962,0.352089,0.271861
13003,2,12,1385.92,13,1425.21,1,1,0,0.458224,0.191344,0.419841,0.262897,0.125918,0.153182,0.276448,0.259753,0.310616
13004,2,12,1385.92,13,1425.21,0,2,0,0.457995,0.224826,0.318315,0.30892,0.147939,0.169234,0.20055,0.287003,0.343213
13005,2,12,1385.92,13,1425.21,0,2,0,0.457766,0.163476,0.343518,0.333377,0.159628,0.187481,0.222182,0.210064,0.380273
13006,2,12,1385.92,13,1425.21,0,3,0,0.457537,0.120459,0.361195,0.35053,0.167816,0.200593,0.237728,0.154754,0.406926
13007,2,12,1385.92,13,1425.21,2,1,0,0.457308,0.0904474,0.373531,0.3625,0.173521,0.234031,0.277366,0.180541,0.308062
13008,2,12,1385.92,13,1425.21,2,2,0,0.45708,0.103457,0.427379,0.270659,0.198505,0.258294,0.202439,0.199248,0.340019
13009,2,12,1385.92,13,1425.21,1,0,0,0.456851,0.113211,0.467808,0.20173,0.21725,0.275283,0.215744,0.146569,0.362404
13010,2,12,1385.92,13,1425.21,3,3,0,0.456623,0.135316,0.363835,0.241146,0.259703,0.203475,0.237112,0.161073,0.398339
13011,2,12,1385.92,13,1425.21,1,0,0,0.456395,0.147621,0.396997,0.263105,0.192277,0.23597,0.274987,0.186788,0.302254
13012,2,12,1385.92,13,1425.21,2,3,0,0.456166,0.17095,0.301655,0.304719,0.222676,0.172775,0.297736,0.202224,0.327265
13013,2,12,1385.92,13,1425.21,1,1,0,0.455938,0.190604,0.336374,0.224733,0.248289,0.194415,0.335065,0.227561,0.242959
13014,2,12,1385.92,13,1425.21,3,3,0,0.45571,0.215087,0.251108,0.253608,0.280197,0.219329,0.249836,0.25673,0.274105
13015,2,12,1385.92,13,1425.21,1,3,0,0.455482,0.237329,0.277083,0.279843,0.205746,0.241494,0.275091,0.282683,0.200733
13016,2,12,1385.92,13,1425.21,0,0,0,0.455255,0.26142,0.203695,0.30826,0.226625,0.257565,0.293406,0.301505,0.147523
13017,2,12,1385.92,13,1425.21,3,1,0,0.455027,0.193475,0.222425,0.336632,0.247468,0.190061,0.320092,0.328929,0.160918
13018,2,12,1385.92,13,1425.21,2,2,0,0.4548,0.209683,0.241065,0.364873,0.18438,0.212678,0.239148,0.368112,0.180061
13019,2,12,1385.92,13,1425.21,1,1,0,0.454572,0.238721,0.274455,0.276916,0.209907,0.242513,0.272702,0.279472,0.205314
13020,2,12,1385.92,13,1425.21,1,1,0,0.454345,0.262293,0.20281,0.304269,0.230628,0.266273,0.201444,0.306862,0.225422
13021,2,12,1385.92,13,1425.21,0,1,0,0.454118,0.279305,0.151101,0.324013,0.245581,0.283407,0.150058,0.326617,0.239919
13022,2,12,1385.92,13,1425.21,1,3,0,0.453891,0.209026,0.165819,0.355628,0.269527,0.295595,0.113502,0.340673,0.250229
13023,2,12,1385.92,13,1425.21,2,0,0,0.453664,0.219001,0.125956,0.372638,0.282404,0.320287,0.12296,0.369141,0.187612
13024,2,12,1385.92,13,1425.21,2,3,0,0.453437,0.249519,0.143492,0.285216,0.321773,0.24281,0.136956,0.411249,0.208985
13025,2,12,1385.92,13,1425.21,3,2,0,0.45321,0.274269,0.157708,0.214316,0.353707,0.258018,0.145518,0.437054,0.15941
13026,2,12,1385.92,13,1425.21,2,1,0,0.452984,0.309855,0.178151,0.242112,0.269882,0.301381,0.169954,0.342481,0.186183
13027,2,12,1385.92,13,1425.21,0,2,0,0.452757,0.334513,0.192307,0.18183,0.29135,0.316154,0.129278,0.359278,0.19529
13028,2,12,1385.92,13,1425.21,3,3,0,0.452531,0.254384,0.215455,0.203715,0.326447,0.357809,0.146285,0.274906,0.221
13029,2,12,1385.92,13,1425.21,1,3,0,0.452304,0.284006,0.240536,0.227427,0.248031,0.382225,0.156239,0.29365,0.167886
13030,2,12,1385.92,13,1425.21,3,2,0,0.452078,0.306473,0.180474,0.245407,0.267645,0.399991,0.163472,0.307282,0.129255
13031,2,12,1385.92,13,1425.21,3,0,0,0.451852,0.333909,0.196609,0.267365,0.202117,0.441277,0.180313,0.235846,0.142564
13032,2,12,1385.92,13,1425.21,0,0,0,0.451626,0.354036,0.208438,0.283468,0.154059,0.348639,0.210207,0.274962,0.166192
13033,2,12,1385.92,13,1425.21,3,3,0,0.4514,0.272598,0.234713,0.319221,0.173468,0.267676,0.236333,0.309153,0.186838
13034,2,12,1385.92,13,1425.21,3,0,0,0.451175,0.286001,0.246246,0.334927,0.132827,0.282373,0.249302,0.326136,0.142189
13035,2,12,1385.92,13,1425.21,1,1,0,0.450949,0.295698,0.254588,0.346293,0.103421,0.214974,0.272716,0.356784,0.155525
13036,2,12,1385.92,13,1425.21,1,2,0,0.450724,0.319446,0.194733,0.374117,0.111704,0.2338,0.208997,0.388069,0.169134
13037,2,12,1385.92,13,1425.21,0,1,0,0.450498,0.336984,0.150536,0.394669,0.117811,0.266254,0.238002,0.303144,0.192599
13038,2,12,1385.92,13,1425.21,2,2,0,0.450273,0.261717,0.167607,0.439511,0.131165,0.286147,0.181076,0.325801,0.206976
13039,2,12,1385.92,13,1425.21,0,3,0,0.450048,0.303551,0.19438,0.349959,0.15211,0.318192,0.201336,0.250334,0.230139
13040,2,12,1385.92,13,1425.21,3,3,0,0.449823,0.234162,0.213736,0.384853,0.167249,0.340498,0.21543,0.26787,0.176202
13041,2,12,1385.92,13,1425.21,2,1,0,0.449598,0.244303,0.222989,0.401561,0.131146,0.356875,0.225771,0.280741,0.136613
13042,2,12,1385.92,13,1425.21,2,0,0,0.449373,0.278849,0.254516,0.316963,0.149672,0.380515,0.174526,0.299323,0.145635
13043,2,12,1385.92,13,1425.21,1,3,0,0.449149,0.30853,0.281602,0.244285,0.165583,0.298466,0.197633,0.33899,0.164911
13044,2,12,1385.92,13,1425.21,0,1,0,0.448924,0.336528,0.216446,0.266441,0.180586,0.311423,0.206196,0.353715,0.128666
13045,2,12,1385.92,13,1425.21,3,0,0,0.4487,0.261549,0.240904,0.296561,0.200985,0.329477,0.160191,0.374231,0.136101
13046,2,12,1385.92,13,1425.21,3,2,0,0.448475,0.2766,0.254763,0.313635,0.155002,0.257207,0.177442,0.4146,0.150752
13047,2,12,1385.92,14,1707.05,0,2,9,0.448251,0.287632,0.264919,0.326152,0.121297,0.294344,0.203047,0.330109,0.1725
13048,0,12,1385.92,14,1682.86,0,2,13,0.448027,0.768244,0.0861872,0.106113,0.039456,0.0880298,0.0607208,0.799665,0.0515841
13049,0,12,1385.92,14,1648.33,0,2,13,0.447803,1,7.52687e-18,5.65055e-16,2.75066e-15,1.68111e-17,3.69634e-16,1,6.47867e-17
13050,0,12,1385.92,14,1648.33,0,2,0,0.447579,1,7.76156e-19,5.83178e-17,2.83978e-16,1.73555e-18,3.81839e-17,1,6.69027e-18
13051,0,12,1385.92,14,1648.33,0,2,0,0.447355,1,2.87624e-18,2.16298e-16,1.0536e-15,6.43887e-18,1.41749e-16,1,2.48275e-17
13052,0,12,1385.92,14,1648.33,0,2,0,0.447131,1,1.03867e-17,7.81771e-16,3.80924e-15,2.32782e-17,5.12778e-16,1,8.97822e-17
13053,0,12,1385.92,14,1644.63,0,2,13,0.446908,1,3.65702e-17,2.7549e-15,1.34277e-14,8.20503e-17,1.80854e-15,1,3.16547e-16
13054,0,12,1385.92,14,1644.14,0,2,13,0.446684,1,3.64591e-18,2.7489e-16,1.34027e-15,8.18898e-18,1.80612e-16,1,3.16013e-17
13055,0,12,1385.92,14,1609.87,0,2,13,0.446461,1,3.80232e-19,2.86931e-17,1.39942e-16,8.54943e-19,1.88679e-17,1,3.30012e-18
13056,0,12,1385.92,14,1601.31,0,2,13,0.446238,1,4.14447e-20,3.13021e-18,1.52715e-17,9.32854e-20,2.06001e-18,1,3.60183e-19
13057,0,12,1385.92,14,1590.56,0,2,13,0.446015,1,4.71722e-21,3.56587e-19,1.74026e-18,1.06287e-20,2.34857e-19,1,4.10494e-20
13058,0,12,1385.92,14,1590.56,0,2,0,0.445792,1,5.60181e-22,4.23823e-20,2.06904e-19,1.26347e-21,2.79355e-20,1,4.881e-21
13059,0,12,1385.92,14,1590.56,0,2,0,0.445569,1,2.39749e-21,1.81547e-19,8.86568e-19,5.41286e-21,1.19754e-19,1,2.09165e-20
13060,0,12,1385.92,14,1590.56,0,2,0,0.445346,1,9.97066e-21,7.55669e-19,3.69141e-18,2.25331e-20,4.98828e-19,1,8.70964e-20
13061,0,12,1385.92,14,1542.89,0,2,13,0.445123,1,4.03157e-20,3.05815e-18,1.49436e-17,9.11993e-20,2.02018e-18,1,3.52605e-19
13062,0,12,1385.92,14,1542.89,0,2,0,0.444901,1,4.57721e-21,3.47505e-19,1.69862e-18,1.03641e-20,2.29721e-19,1,4.00817e-20
13063,0,12,1385.92,14,1542.89,0,2,0,0.444678,1,1.87989e-20,1.42846e-18,6.98461e-18,4.26058e-20,9.44945e-19,1,1.64817e-19
13064,0,12,1385.92,14,1534.49,0,2,13,0.444456,1,7.50853e-20,5.71041e-18,2.79305e-17,1.7033e-19,3.78006e-18,1,6.59085e-19
13065,0,12,1385.92,14,1519.37,0,2,13,0.444234,1,8.40495e-21,6.39769e-19,3.13021e-18,1.90838e-20,4.23781e-19,1,7.38639e-20
13066,0,12,1385.92,14,1515.47,0,2,13,0.444012,1,9.81936e-22,7.4808e-20,3.66131e-19,2.23152e-21,4.95846e-20,1,8.63944e-21
13067,0,12,1385.92,14,1515.47,0,2,0,0.44379,1,1.19628e-22,9.12164e-21,4.46579e-20,2.72101e-22,6.04986e-21,1,1.05374e-21
13068,0,12,1385.92,14,1515.47,0,2,0,0.443568,1,5.28346e-22,4.03215e-20,1.9747e-19,1.2028e-21,2.67594e-20,1,4.65921e-21
13069,0,12,1385.92,14,1515.47,0,2,0,0.443346,1,2.26607e-21,1.73088e-19,8.47947e-19,5.16315e-21,1.1494e-19,1,2.00057e-20
13070,0,12,1385.92,14,1506.83,0,2,13,0.443124,1,9.44377e-21,7.21966e-19,3.53799e-18,2.15353e-20,4.79706e-19,1,8.34654e-20
13071,0,12,1385.92,14,1506.83,0,2,0,0.442903,1,1.09739e-21,8.39669e-20,4.1161e-19,2.50452e-21,5.58236e-20,1,9.7095e-21
13072,0,12,1385.92,14,1506.83,0,2,9,0.442681,1,4.64039e-21,3.55369e-19,1.74259e-18,1.05991e-20,2.36392e-19,1,4.11018e-20
13073,0,12,1385.92,14,1506.23,0,2,13,0.44246,1,1.62978e-21,1.2492e-19,6.12753e-19,3.72556e-21,8.31429e-20,1,1.44511e-20
13074,0,12,1385.92,14,1498.33,0,2,13,0.442239,1,1.9573e-22,1.50153e-20,7.36762e-20,4.47775e-22,9.99914e-21,1,1.73734e-21
13075,0,12,1385.92,14,1498.33,0,2,0,0.442018,1,2.44989e-23,1.88105e-21,9.23277e-21,5.60899e-23,1.25331e-21,1,2.17685e-22
13076,0,12,1385.92,14,1498.33,0,2,0,0.441797,1,1.1174e-22,8.58701e-21,4.2161e-20,2.56023e-22,5.72429e-21,1,9.93896e-22
13077,0,12,1385.92,14,1498.33,0,2,0,0.441576,1,4.9461e-22,3.80428e-20,1.86844e-19,1.13412e-21,2.53729e-20,1,4.40391e-21
13078,0,12,1385.92,14,1485.7,0,2,13,0.441355,1,2.12601e-21,1.63663e-19,8.04076e-19,4.87844e-21,1.0921e-19,1,1.89486e-20
13079,0,12,1385.92,14,1485.7,0,2,0,0.441134,1,2.53205e-22,1.95091e-20,9.58783e-20,5.81439e-22,1.30244e-20,1,2.25902e-21
13080,0,12,1385.92,14,1466.48,0,2,13,0.440914,1,1.10311e-21,8.50666e-20,4.18197e-19,2.5349e-21,5.68176e-20,1,9.8513e-21
13081,0,12,1385.92,14,1465.8,0,2,13,0.440693,1,1.32933e-22,1.02601e-20,5.04561e-20,3.05692e-22,6.85609e-21,1,1.18832e-21
13082,0,12,1385.92,14,1465.8,0,2,9,0.440473,1,1.66949e-23,1.28968e-21,6.34424e-21,3.8418e-23,8.6218e-22,1,1.49384e-22
13083,0,12,1385.92,14,1465.8,0,2,9,0.440253,1,6.52896e-24,5.04799e-22,2.48402e-21,1.50346e-23,3.37618e-22,1,5.84762e-23
13084,0,12,1385.92,14,1465.8,0,2,0,0.440033,1,2.6002e-24,2.01214e-22,9.90455e-22,5.99167e-24,1.34633e-22,1,2.33106e-23
13085,0,12,1385.92,14,1465.8,0,2,9,0.439812,1,1.24092e-23,9.61109e-22,4.73246e-21,2.86136e-23,6.43349e-22,1,1.11351e-22
13086,0,12,1385.92,14,1464.52,0,2,13,0.439593,1,4.87572e-24,3.77961e-22,1.86165e-21,1.125e-23,2.53103e-22,1,4.3792e-23
13087,0,12,1385.92,14,1464.52,0,2,0,0.439373,1,6.51754e-25,5.05673e-23,2.4915e-22,1.5048e-24,3.38761e-23,1,5.85919e-24
13088,0,12,1385.92,14,1464.52,0,2,0,0.439153,1,3.19777e-24,2.4832e-22,1.22389e-21,7.38786e-24,1.66419e-22,1,2.87737e-23
13089,0,12,1385.92,14,1464.52,0,2,0,0.438934,1,1.52046e-23,1.18172e-21,5.82618e-21,3.51493e-23,7.92269e-22,1,1.36934e-22
13090,0,12,1385.92,14,1464.52,0,2,0,0.438714,1,7.01023e-23,5.45322e-21,2.68943e-20,1.6216e-22,3.65738e-21,1,6.31914e-22
13091,0,12,1385.92,14,1464.52,0,2,9,0.438495,1,3.13609e-22,2.44167e-20,1.20457e-19,7.2588e-22,1.63818e-20,1,2.82941e-21
13092,0,12,1385.92,14,1462.79,0,2,13,0.438275,1,1.15312e-22,8.98569e-21,4.43441e-20,2.67062e-22,6.03086e-21,1,1.04127e-21
13093,0,12,1385.92,14,1464.01,0,2,9,0.438056,1,1.44248e-23,1.12503e-21,5.55375e-21,3.34274e-23,7.55338e-22,1,1.30368e-22
13094,0,12,1385.92,14,1460.59,0,2,13,0.437837,1,5.63292e-24,4.39711e-22,2.17135e-21,1.30611e-23,2.95319e-22,1,5.09528e-23
13095,0,12,1385.92,13,1446.14,0,2,13,0.437618,1,7.47134e-25,5.83728e-23,2.88344e-22,1.73339e-24,3.92172e-23,1,6.76395e-24
13096,0,12,1385.92,13,1446.14,0,2,0,0.4374,1,1.03079e-25,8.06048e-24,3.98291e-23,2.39284e-25,5.41709e-24,1,9.33979e-25
13097,0,12,1385.92,13,1446.14,0,2,0,0.437181,1,5.25021e-25,4.1091e-23,2.03107e-22,1.21945e-24,2.7624e-23,1,4.76108e-24
13098,0,12,1385.92,13,1436.68,0,2,13,0.436962,1,2.58955e-24,2.02849e-22,1.00297e-21,6.01799e-24,1.3641e-22,1,2.35023e-23
13099,0,12,1385.92,13,1436.68,0,2,0,0.436744,1,3.47938e-25,2.72791e-23,1.34923e-22,8.09032e-25,1.83498e-23,1,3.16041e-24
13100,0,12,1385.92,13,1436.68,0,2,0,0.436525,1,1.7305e-24,1.35794e-22,6.71852e-22,4.02596e-24,9.13705e-23,1,1.57314e-23
13101,0,12,1385.92,13,1436.68,0,2,9,0.436307,1,8.33853e-24,6.54899e-22,3.24121e-21,1.94096e-23,4.40782e-22,1,7.58633e-23
13102,0,12,1385.92,13,1436.68,0,2,9,0.436089,1,3.28133e-24,2.57937e-22,1.27699e-21,7.64195e-24,1.73653e-22,1,2.9877e-23
13103,0,12,1385.92,13,1436.68,0,2,9,0.435871,1,1.3148e-24,1.03443e-22,5.12288e-22,3.06364e-24,6.96607e-23,1,1.19809e-23
13104,0,12,1385.92,13,1436.68,0,2,0,0.435653,1,5.36244e-25,4.22265e-23,2.09187e-22,1.25015e-24,2.84435e-23,1,4.89027e-24
13105,0,12,1385.92,13,1436.68,0,2,0,0.435435,1,2.64561e-24,2.0851e-22,1.03328e-21,6.17083e-24,1.40487e-22,1,2.41453e-23
13106,0,12,1385.92,13,1436.68,0,2,9,0.435217,1,1.26475e-23,9.97665e-22,4.94553e-21,2.95146e-23,6.72359e-22,1,1.15517e-22
13107,0,12,1385.92,13,1436.68,0,2,0,0.435,1,4.92627e-24,3.88937e-22,1.92862e-21,1.15018e-23,2.62181e-22,1,4.50288e-23
13108,0,12,1385.92,13,1436.68,0,2,9,0.434782,1,2.32667e-23,1.83855e-21,9.11971e-21,5.4349e-23,1.23965e-21,1,2.12831e-22
13109,0,12,1385.92,13,1432.61,0,2,13,0.434565,1,8.94667e-24,7.0759e-22,3.51097e-21,2.09086e-23,4.77205e-22,1,8.19009e-23
13110,0,12,1385.92,13,1432.61,0,2,0,0.434348,1,1.165e-24,9.22204e-23,4.57732e-22,2.72393e-24,6.22081e-23,1,1.06728e-23
13111,0,12,1385.92,13,1432.61,0,2,0,0.434131,1,5.66333e-24,4.48696e-22,2.2278e-21,1.32478e-23,3.02737e-22,1,5.19211e-23
13112,0,12,1385.92,13,1432.61,0,2,0,0.433913,1,2.66845e-23,2.11602e-21,1.05095e-20,6.24497e-23,1.42799e-21,1,2.44821e-22
13113,0,12,1385.92,13,1428.34,0,2,13,0.433696,1,1.21943e-22,9.67824e-21,4.80838e-20,2.85513e-22,6.53269e-21,1,1.1196e-21
13114,0,12,1385.92,13,1428.34,0,2,0,0.43348,1,1.50412e-23,1.19482e-21,5.93803e-21,3.52326e-23,8.06646e-22,1,1.38198e-22
13115,0,12,1385.92,13,1424.58,0,2,13,0.433263,1,6.95337e-23,5.52834e-21,2.74837e-20,1.62949e-22,3.73303e-21,1,6.39332e-22
13116,0,12,1385.92,13,1424.58,0,2,0,0.433046,1,8.66191e-24,6.89276e-22,3.42778e-21,2.03077e-23,4.65524e-22,1,7.96991e-23
13117,0,12,1385.92,13,1420.39,0,2,13,0.43283,1,4.04911e-23,3.22492e-21,1.60427e-20,9.49715e-23,2.17845e-21,1,3.72826e-22
13118,0,12,1385.92,13,1420.4,0,2,9,0.432613,1,5.09203e-24,4.05911e-22,2.0199e-21,1.19484e-23,2.74244e-22,1,4.69183e-23
13119,0,12,1385.92,13,1420.4,0,2,0,0.432397,1,2.00982e-24,1.60353e-22,7.98207e-22,4.71803e-24,1.08358e-22,1,1.85315e-23
13120,0,12,1385.92,13,1420.4,0,2,0,0.432181,1,9.67375e-24,7.72495e-22,3.84657e-21,2.27185e-23,5.22097e-22,1,8.92583e-23
13121,0,12,1385.92,13,1420.4,0,2,0,0.431965,1,4.51399e-23,3.6078e-21,1.79705e-20,1.06053e-22,2.43876e-21,1,4.16786e-22
13122,0,12,1385.92,13,1420.4,0,2,0,0.431749,1,2.04325e-22,1.63449e-20,8.14403e-20,4.80244e-22,1.10504e-20,1,1.88786e-21
13123,0,12,1385.92,13,1420.4,0,2,0,0.431533,1,8.97712e-22,7.18753e-20,3.58241e-19,2.11083e-21,4.86006e-20,1,8.30003e-21
13124,0,12,1385.92,13,1420.4,0,2,9,0.431317,1,3.83059e-21,3.06965e-19,1.53047e-18,9.01064e-21,2.07595e-19,1,3.54405e-20
13125,0,12,1385.92,13,1420.4,0,2,0,0.431101,1,1.32291e-21,1.06104e-19,5.29187e-19,3.11308e-21,7.17669e-20,1,1.22477e-20
13126,0,12,1385.92,13,1420.4,0,2,0,0.430886,1,5.60284e-21,4.49773e-19,2.24393e-18,1.31898e-20,3.0426e-19,1,5.19065e-20
13127,0,12,1385.92,13,1420.4,0,2,0,0.43067,1,2.3063e-20,1.85303e-18,9.24775e-18,5.43143e-20,1.2537e-18,1,2.13804e-19
13128,0,12,1385.92,13,1420.4,0,2,0,0.430455,1,9.23199e-20,7.42408e-18,3.70627e-17,2.175e-19,5.02356e-18,1,8.56408e-19
13129,0,12,1385.92,13,1420.4,0,2,0,0.43024,1,3.59574e-19,2.89412e-17,1.44528e-16,8.47456e-19,1.95858e-17,1,3.33777e-18
13130,0,12,1385.92,13,1420.4,0,2,9,0.430025,1,1.36342e-18,1.09835e-16,5.48673e-16,3.21456e-18,7.43393e-17,1,1.26643e-17
13131,0,12,1385.92,13,1420.4,0,2,9,0.42981,1,4.18145e-19,3.37146e-17,1.68473e-16,9.86231e-19,2.28217e-17,1,3.88648e-18
13132,0,12,1385.92,13,1420.4,0,2,0,0.429595,1,1.31225e-19,1.05898e-17,5.29348e-17,3.09618e-19,7.16917e-18,1,1.22046e-18
13133,0,12,1385.92,13,1420.4,0,2,0,0.42938,1,5.07756e-19,4.10118e-17,2.0507e-16,1.19846e-18,2.77676e-17,1,4.72541e-18
13134,0,12,1385.92,13,1420.39,0,2,13,0.429165,1,1.91293e-18,1.54645e-16,7.73514e-16,4.51673e-18,1.04716e-16,1,1.78139e-17
13135,0,12,1385.92,13,1409.14,0,2,13,0.428951,1,1.92346e-19,1.55633e-17,7.78706e-17,4.5432e-19,1.05396e-17,1,1.79232e-18
13136,0,12,1385.92,13,1407.03,0,2,13,0.428736,1,2.02281e-20,1.63815e-18,8.19909e-18,4.77952e-20,1.10948e-18,1,1.88607e-19
13137,0,12,1385.92,13,1407.03,0,2,9,0.428522,1,2.22293e-21,1.8018e-19,9.02108e-19,5.25421e-21,1.22044e-19,1,2.07396e-20
13138,0,12,1385.92,13,1407.03,0,2,0,0.428308,1,7.71996e-22,6.26293e-20,3.13668e-19,1.82535e-21,4.24255e-20,1,7.20707e-21
13139,0,12,1385.92,13,1407.03,0,2,9,0.428094,1,3.30889e-21,2.68674e-19,1.34604e-18,7.82639e-21,1.82019e-19,1,3.09096e-20
13140,0,12,1385.92,13,1407.03,0,2,9,0.427879,1,1.13921e-21,9.25825e-20,4.63982e-19,2.69543e-21,6.27273e-20,1,1.06483e-20
13141,0,12,1385.92,13,1407.03,0,2,0,0.427666,1,4.00424e-22,3.25708e-20,1.63283e-19,9.47745e-22,2.20695e-20,1,3.74509e-21
13142,0,12,1385.92,13,1407.03,0,2,0,0.427452,1,1.73925e-21,1.41596e-19,7.10076e-19,4.11791e-21,9.59515e-20,1,1.62767e-20
13143,0,12,1385.92,13,1407.03,0,2,9,0.427238,1,7.33862e-21,5.97981e-19,2.99971e-18,1.73809e-20,4.05248e-19,1,6.87197e-20
13144,0,12,1385.92,13,1407.03,0,2,9,0.427024,1,2.48307e-21,2.02509e-19,1.01619e-18,5.88285e-21,1.37249e-19,1,2.32657e-20
13145,0,12,1385.92,13,1407.03,0,2,9,0.426811,1,8.58044e-22,7.00401e-20,3.51576e-19,2.03352e-21,4.74728e-20,1,8.04446e-21
13146,0,12,1385.92,13,1407.03,0,2,0,0.426597,1,3.02688e-22,2.47295e-20,1.24173e-19,7.17585e-22,1.67627e-20,1,2.83949e-21
13147,0,12,1385.92,13,1407.03,0,2,9,0.426384,1,1.32269e-21,1.08158e-19,5.43267e-19,3.1367e-21,7.3319e-20,1,1.24154e-20
13148,0,12,1385.92,13,1407.03,0,2,0,0.426171,1,4.62247e-22,3.7832e-20,1.90087e-19,1.09654e-21,2.56474e-20,1,4.34142e-21
13149,0,12,1385.92,13,1407.03,0,2,0,0.425958,1,2.00346e-21,1.64115e-19,8.24862e-19,4.75409e-21,1.11265e-19,1,1.88275e-20
13150,0,12,1385.92,13,1407.03,0,2,0,0.425745,1,8.43562e-21,6.91619e-19,3.47729e-18,2.00234e-20,4.68924e-19,1,7.93201e-20
13151,0,12,1385.92,13,1407.03,0,2,0,0.425532,1,3.45248e-20,2.83312e-18,1.42488e-17,8.19757e-20,1.92099e-18,1,3.24826e-19
13152,0,12,1385.92,13,1407.03,0,2,9,0.425319,1,1.37426e-19,1.12872e-17,5.67858e-17,3.26403e-19,7.65362e-18,1,1.29372e-18
13153,0,12,1385.92,13,1407.03,0,2,0,0.425107,1,4.37197e-20,3.59399e-18,1.80872e-17,1.03871e-19,2.43714e-18,1,4.11811e-19
13154,0,12,1385.92,13,1407.03,0,2,0,0.424894,1,1.73249e-19,1.42545e-17,7.17608e-17,4.11733e-19,9.66666e-18,1,1.63282e-18
13155,0,12,1385.92,13,1407.03,0,2,0,0.424682,1,6.68132e-19,5.50209e-17,2.77079e-16,1.58831e-18,3.7314e-17,1,6.30058e-18
13156,0,12,1385.92,13,1407.03,0,2,0,0.424469,1,2.50893e-18,2.06794e-16,1.04173e-15,5.9661e-18,1.40249e-16,1,2.36731e-17
13157,0,12,1385.92,13,1407.03,0,2,9,0.424257,1,9.17866e-18,7.572e-16,3.81564e-15,2.18327e-17,5.13559e-16,1,8.66543e-17
13158,0,12,1385.92,13,1407.03,0,2,9,0.424045,1,2.68151e-18,2.21409e-16,1.11607e-15,6.38018e-18,1.50173e-16,1,2.533e-17
13159,0,12,1385.92,13,1407.03,0,2,0,0.423833,1,8.02396e-19,6.63113e-17,3.34368e-16,1.90971e-18,4.49779e-17,1,7.58385e-18
13160,0,12,1385.92,13,1407.04,0,2,9,0.423621,1,3.00339e-18,2.48425e-16,1.25306e-15,7.15013e-18,1.68508e-16,1,2.84025e-17
13161,0,12,1385.92,13,1407.04,0,2,0,0.423409,1,8.95979e-19,7.4176e-17,3.74267e-16,2.13364e-18,5.03157e-17,1,8.47782e-18
13162,0,12,1385.92,13,1407.04,0,2,0,0.423197,1,3.34702e-18,2.77337e-16,1.3998e-15,7.97268e-18,1.88131e-16,1,3.16874e-17
13163,0,12,1385.92,13,1407.04,0,2,0,0.422986,1,1.21822e-17,1.01032e-15,5.10106e-15,2.90265e-17,6.85369e-16,1,1.15397e-16
13164,0,12,1385.92,13,1407.03,0,2,13,0.422774,1,4.32243e-17,3.58794e-15,1.81211e-14,1.03018e-16,2.43399e-15,1,4.09672e-16
13165,0,12,1385.92,13,1407.03,0,2,0,0.422563,1,4.01033e-18,3.33181e-16,1.6833e-15,9.56061e-18,2.2603e-16,1,3.80301e-17
13166,0,12,1385.92,13,1407.03,0,2,0,0.422352,1,1.45487e-17,1.20978e-15,6.11406e-15,3.46934e-17,8.20732e-16,1,1.38041e-16
13167,0,12,1385.92,13,1407.03,0,2,0,0.422141,1,5.14548e-17,4.28247e-15,2.165e-14,1.22735e-16,2.90534e-15,1,4.88482e-16
13168,0,12,1385.92,13,1407.03,0,2,0,0.421929,1,1.77503e-16,1.47863e-14,7.47762e-14,4.23511e-16,1.00316e-14,1,1.68604e-15
13169,0,12,1385.92,13,1407.03,0,2,0,0.421718,1,5.97559e-16,4.98216e-14,2.52036e-13,1.42612e-15,3.38013e-14,1,5.67906e-15
13170,0,12,1385.92,13,1407.03,0,2,0,0.421508,1,1.96407e-15,1.639e-13,8.29401e-13,4.68864e-15,1.11199e-13,1,1.86762e-14
13171,0,12,1385.92,13,1407.03,0,2,0,0.421297,1,6.30585e-15,5.26683e-13,2.66609e-12,1.50573e-14,3.57336e-13,1,5.99941e-14
13172,0,12,1385.92,13,1407.03,0,2,9,0.421086,1,1.97852e-14,1.65398e-12,8.37524e-12,4.7256e-14,1.12218e-12,1,1.88338e-13
13173,0,12,1385.92,13,1407.03,0,2,0,0.420876,1,4.93518e-15,4.12932e-13,2.09164e-12,1.17905e-14,2.80164e-13,1,4.7004e-14
13174,0,12,1385.92,13,1407.03,0,2,0,0.420665,1,1.5563e-14,1.30333e-12,6.60392e-12,3.71908e-14,8.84281e-13,1,1.48306e-13
13175,0,12,1385.92,13,1407.03,0,2,0,0.420455,1,4.79788e-14,4.02155e-12,2.03837e-11,1.14684e-13,2.72856e-12,1,4.57452e-13
13176,0,12,1385.92,13,1407.03,0,2,0,0.420245,1,1.44666e-13,1.21365e-11,6.15354e-11,3.45883e-13,8.23445e-12,1,1.38004e-12
13177,0,12,1385.92,13,1407.03,0,2,0,0.420035,1,4.26807e-13,3.58381e-11,1.81768e-10,1.02072e-12,2.43157e-11,1,4.07369e-12
13178,0,12,1385.92,13,1407.03,0,2,9,0.419825,1,1.23264e-12,1.03594e-10,5.2559e-10,2.94862e-12,7.02871e-11,1,1.17712e-11
13179,0,12,1385.92,13,1407.03,0,2,0,0.419615,1,2.82625e-13,2.37736e-11,1.20656e-10,6.76243e-13,1.613e-11,1,2.70039e-12
13180,0,12,1385.92,13,1407.03,0,2,0,0.419405,1,8.23089e-13,6.92971e-11,3.51812e-10,1.96991e-12,4.70169e-11,1,7.86847e-12
13181,0,12,1385.92,13,1407.03,0,2,0,0.419195,1,2.3471e-12,1.97781e-10,1.00443e-09,5.61874e-12,1.34191e-10,1,2.24493e-11
13182,0,12,1385.92,13,1407.03,0,2,0,0.418986,1,6.55613e-12,5.52951e-10,2.80908e-09,1.56986e-11,3.75164e-10,1,6.27403e-11
13183,0,12,1385.92,13,1407.03,0,2,9,0.418776,1,1.79462e-11,1.51494e-09,7.69865e-09,4.29826e-11,1.02784e-09,1,1.71829e-10
13184,0,12,1385.92,13,1407.03,0,2,9,0.418567,1,3.89436e-12,3.29038e-10,1.67265e-09,9.32959e-12,2.23241e-10,1,3.73068e-11
13185,0,12,1385.92,13,1407.03,0,2,9,0.418357,1,8.70695e-13,7.3631e-11,3.74423e-10,2.0864e-12,4.99555e-11,1,8.34532e-12
13186,0,12,1385.92,13,1407.03,0,2,9,0.418148,1,2.00449e-13,1.69662e-11,8.63032e-11,4.80441e-13,1.15107e-11,1,1.92223e-12
13187,0,12,1385.92,13,1407.03,0,2,9,0.417939,1,4.74897e-14,4.02314e-12,2.04715e-11,1.13852e-13,2.72946e-12,1,4.55644e-13
13188,0,12,1385.92,13,1407.03,0,2,9,0.41773,1,1.15719e-14,9.81196e-13,4.99437e-12,2.7749e-14,6.65674e-13,1,1.11085e-13
13189,0,12,1385.92,13,1407.03,0,2,0,0.417521,1,2.89853e-15,2.45989e-13,1.25251e-12,6.95222e-15,1.66884e-13,1,2.78389e-14
13190,0,12,1385.92,13,1407.03,0,2,0,0.417312,1,9.252e-15,7.85885e-13,4.00283e-12,2.21965e-14,5.33152e-13,1,8.89064e-14
13191,0,12,1385.92,13,1407.03,0,2,0,0.417104,1,2.88639e-14,2.45394e-12,1.2503e-11,6.92638e-14,1.66475e-12,1,2.77507e-13
13192,0,12,1385.92,13,1407.03,0,2,9,0.416895,1,8.80506e-14,7.49251e-12,3.81872e-11,2.11341e-13,5.0828e-12,1,8.46981e-13
13193,0,12,1385.92,13,1407.03,0,2,9,0.416687,1,2.11519e-14,1.80149e-12,9.18466e-12,5.07812e-14,1.22208e-12,1,2.0357e-13
13194,0,12,1385.92,13,1407.03,0,2,9,0.416478,1,5.22466e-15,4.45374e-13,2.27143e-12,1.25462e-14,3.02122e-13,1,5.03086e-14
13195,0,12,1385.92,13,1407.03,0,2,0,0.41627,1,1.32622e-15,1.13154e-13,5.77279e-13,3.18545e-15,7.6757e-14,1,1.27768e-14
13196,0,12,1385.92,13,1407.03,0,2,0,0.416062,1,4.30189e-15,3.67366e-13,1.8748e-12,1.03351e-14,2.49194e-13,1,4.14653e-14
13197,0,12,1385.92,13,1407.03,0,2,9,0.415854,1,1.3634e-14,1.16534e-12,5.94907e-12,3.27625e-14,7.90456e-13,1,1.31483e-13
13198,0,12,1385.92,13,1407.03,0,2,9,0.415646,1,3.39162e-15,2.90148e-13,1.4817e-12,8.15189e-15,1.96805e-13,1,3.27244e-14
13199,0,12,1385.92,13,1407.03,0,2,0,0.415438,1,8.66921e-16,7.42298e-14,3.79193e-13,2.08415e-15,5.03481e-14,1,8.36879e-15
13200,0,12,1385.92,13,1407.03,0,2,0,0.415231,1,2.83695e-15,2.43129e-13,1.2424e-12,6.8218e-15,1.64903e-13,1,2.74002e-14
13201,0,12,1385.92,13,1407.03,0,2,0,0.415023,1,9.06924e-15,7.77935e-13,3.97657e-12,2.1813e-14,5.27622e-13,1,8.76378e-14
13202,0,12,1385.92,13,1407.03,0,2,0,0.414815,1,2.8336e-14,2.43275e-12,1.24395e-11,6.81679e-14,1.64992e-12,1,2.73953e-13
13203,0,12,1385.92,13,1407.03,0,2,9,0.414608,1,8.65666e-14,7.43869e-12,3.80492e-11,2.083e-13,5.04487e-12,1,8.37348e-13
13204,0,12,1385.92,13,1407.03,0,2,9,0.414401,1,2.071e-14,1.7812e-12,9.11388e-12,4.98443e-14,1.20796e-12,1,2.00426e-13
13205,0,12,1385.92,13,1407.03,0,2,9,0.414194,1,5.0949e-15,4.38587e-13,2.24485e-12,1.2265e-14,2.97427e-13,1,4.93316e-14
13206,0,12,1385.92,13,1407.03,0,2,0,0.413986,1,1.28818e-15,1.1099e-13,5.68274e-13,3.10172e-15,7.52652e-14,1,1.24791e-14
13207,0,12,1385.92,13,1407.03,0,2,0,0.413779,1,4.18549e-15,3.60944e-13,1.84866e-12,1.00802e-14,2.44758e-13,1,4.05666e-14
13208,0,12,1385.92,13,1407.03,0,2,0,0.413573,1,1.32869e-14,1.14685e-12,5.87575e-12,3.20067e-14,7.77654e-13,1,1.28843e-13
13209,0,12,1385.92,13,1407.03,0,2,9,0.413366,1,4.12297e-14,3.56188e-12,1.82549e-11,9.93393e-14,2.41515e-12,1,4.00004e-13
13210,0,12,1385.92,13,1407.03,0,2,9,0.413159,1,9.98535e-15,8.63414e-13,4.42651e-12,2.4064e-14,5.85421e-13,1,9.69241e-14
13211,0,12,1385.92,13,1407.03,0,2,0,0.412953,1,2.4862e-15,2.15169e-13,1.10348e-12,5.99287e-15,1.45886e-13,1,2.41446e-14
13212,0,12,1385.92,13,1407.03,0,2,0,0.412746,1,7.97751e-15,6.91033e-13,3.54507e-12,1.92336e-14,4.68505e-13,1,7.75114e-14
13213,0,12,1385.92,13,1407.03,0,2,0,0.41254,1,2.50158e-14,2.16887e-12,1.11302e-11,6.03254e-14,1.47039e-12,1,2.4318e-13
13214,0,12,1385.92,13,1407.03,0,2,0,0.412333,1,7.66967e-14,6.65553e-12,3.41659e-11,1.84993e-13,4.51195e-12,1,7.45938e-13
13215,1,12,1385.92,13,1407.03,0,2,0,0.412127,1,2.30009e-13,1.99774e-11,1.02587e-10,5.54902e-13,1.35426e-11,1,2.23813e-12
13216,1,12,1385.92,13,1407.03,0,1,9,0.411921,0.966783,0.00851447,0.0129463,0.0117558,0.0179616,0.96397,0.00892074,0.00914733
13217,1,12,1385.92,13,1407.03,0,1,9,0.411715,0.99527,0.00121238,0.00184359,0.00167402,0.00255415,0.994877,0.00126836,0.00130058
13218,1,12,1385.92,13,1407.03,0,1,9,0.411509,0.999317,0.000175026,0.000266174,0.000241688,0.00036747,0.999263,0.000182455,0.000187091
13219,1,12,1385.92,13,1407.03,0,1,0,0.411304,0.999898,2.61553e-05,3.97795e-05,3.61193e-05,5.47133e-05,0.99989,2.71622e-05,2.78526e-05
13220,1,12,1385.92,13,1407.03,0,1,0,0.411098,0.999801,5.10542e-05,7.76546e-05,7.0508e-05,0.000106411,0.999787,5.28202e-05,5.4163e-05
13221,1,12,1385.92,13,1407.03,0,1,0,0.410892,0.999616,9.83449e-05,0.000149597,0.000135827,0.00020425,0.99959,0.000101371,0.000103948
13222,1,12,1385.92,13,1407.03,0,1,0,0.410687,0.99927,0.000186983,0.000284452,0.000258264,0.000386985,0.999224,0.000192037,0.00019692
13223,1,12,1385.92,13,1407.03,0,1,0,0.410482,0.99863,0.000350941,0.000533923,0.000484758,0.000723823,0.998549,0.000359139,0.000368274
13224,1,12,1385.92,13,1407.03,0,1,0,0.410276,0.997462,0.000650214,0.000989321,0.000898204,0.00133653,0.99732,0.000663053,0.000679923
13225,1,12,1385.92,13,1407.03,0,1,9,0.410071,0.995359,0.00118904,0.00180931,0.00164264,0.00243589,0.995117,0.00120827,0.00123902
13226,1,12,1385.92,13,1407.03,0,1,0,0.409866,0.999332,0.000171142,0.000260441,0.000236445,0.000349558,0.999299,0.000173367,0.000177779
13227,1,12,1385.92,13,1407.03,0,1,9,0.409661,0.998743,0.000321908,0.000489917,0.00044477,0.000655426,0.998686,0.00032502,0.000333294
13228,1,12,1385.92,13,1407.03,0,1,0,0.409456,0.999815,4.73734e-05,7.21044e-05,6.54585e-05,9.61644e-05,0.999807,4.76803e-05,4.88944e-05
13229,1,12,1385.92,13,1407.03,0,1,9,0.409252,0.999643,9.14584e-05,0.000139215,0.000126381,0.000185095,0.999629,9.17611e-05,9.40981e-05
13230,1,12,1385.92,13,1407.51,0,1,9,0.409047,0.999946,1.37772e-05,2.09731e-05,1.90392e-05,2.78009e-05,0.999944,1.37804e-05,1.41314e-05
13231,1,12,1385.92,13,1407.51,0,1,0,0.408843,0.999992,2.15323e-06,3.27813e-06,2.97581e-06,4.33247e-06,0.999991,2.14722e-06,2.20193e-06
13232,1,12,1385.92,13,1407.51,0,1,9,0.408638,0.999983,4.42138e-06,6.73179e-06,6.11085e-06,8.87106e-06,0.999982,4.39599e-06,4.50801e-06
13233,1,12,1385.92,13,1407.51,0,1,0,0.408434,0.999997,7.06134e-07,1.07522e-06,9.76021e-07,1.41287e-06,0.999997,7.00041e-07,7.17884e-07
13234,1,12,1385.92,13,1407.51,0,1,0,0.40823,0.999994,1.48261e-06,2.25773e-06,2.0494e-06,2.95846e-06,0.999994,1.46563e-06,1.503e-06
13235,0,12,1385.92,13,1407.03,0,1,13,0.408026,0.999988,3.06778e-06,4.67205e-06,4.24085e-06,6.10536e-06,0.999988,3.02419e-06,3.10131e-06
13236,0,12,1385.92,13,1407.03,0,2,9,0.407822,1,5.03214e-12,4.45356e-10,2.30277e-09,1.23849e-11,3.06351e-10,1,5.0247e-11
13237,0,12,1385.92,13,1407.03,0,2,0,0.407618,1,1.09601e-12,9.70862e-11,5.02161e-10,2.69715e-12,6.67593e-11,1,1.09458e-11
13238,0,12,1385.92,13,1407.03,0,2,0,0.407414,1,3.12543e-12,2.77104e-10,1.43375e-09,7.69055e-12,1.90477e-10,1,3.1219e-11
13239,0,12,1385.92,13,1407.03,0,2,0,0.40721,1,8.73046e-12,7.74748e-10,4.00988e-09,2.14804e-11,5.32361e-10,1,8.7222e-11
13240,0,12,1385.92,13,1407.03,0,2,0,0.407006,1,2.38986e-11,2.12269e-09,1.09901e-08,5.87947e-11,1.45808e-09,1,2.38805e-10
13241,0,12,1385.92,13,1407.03,0,2,0,0.406803,1,6.41344e-11,5.70157e-09,2.95292e-08,1.57768e-10,3.91508e-09,1,6.40983e-10
13242,0,12,1385.92,13,1407.03,0,2,9,0.4066,1,1.68796e-10,1.50195e-08,7.78137e-08,4.15199e-10,1.03099e-08,1,1.68735e-09
13243,0,12,1385.92,13,1407.03,0,2,9,0.406396,1,3.42095e-11,3.0467e-09,1.57897e-08,8.41408e-11,2.09067e-09,1,3.42041e-10
13244,0,12,1385.92,13,1407.03,0,2,9,0.406193,1,7.1529e-12,6.3761e-10,3.30553e-09,1.75918e-11,4.37391e-10,1,7.15326e-11
13245,0,12,1385.92,13,1407.03,0,2,0,0.40599,1,1.54206e-12,1.37582e-10,7.13496e-10,3.79228e-12,9.43492e-11,1,1.54246e-11
13246,0,12,1385.92,13,1407.03,0,2,0,0.405787,1,4.37129e-12,3.90357e-10,2.02504e-09,1.07494e-11,2.67608e-10,1,4.3734e-11
13247,0,12,1385.92,13,1407.03,0,2,0,0.405584,1,1.21395e-11,1.08504e-09,5.63065e-09,2.98504e-11,7.43611e-10,1,1.21481e-10
13248,0,12,1385.92,13,1407.03,0,2,0,0.405381,1,3.30408e-11,2.95587e-09,1.53441e-08,8.12414e-11,2.02513e-09,1,3.30718e-10
13249,0,12,1385.92,13,1407.03,0,2,0,0.405179,1,8.81725e-11,7.8951e-09,4.09976e-08,2.1679e-10,5.40747e-09,1,8.82758e-10
13250,0,12,1385.92,13,1407.03,0,2,0,0.404976,1,2.3079e-10,2.06839e-08,1.07442e-07,5.6742e-10,1.41625e-08,1,2.31115e-09
13251,0,12,1385.92,13,1407.03,0,2,9,0.404774,1,5.92747e-10,5.31709e-08,2.76287e-07,1.45727e-09,3.6396e-08,1,5.93726e-09
13252,0,12,1385.92,13,1407.03,0,2,0,0.404571,1,1.16749e-10,1.04821e-08,5.44852e-08,2.87018e-10,7.17302e-09,1,1.16971e-09
13253,0,12,1385.92,13,1407.03,0,2,9,0.404369,1,3.03986e-10,2.73174e-08,1.42041e-07,7.47302e-10,1.86883e-08,1,3.0464e-09
13254,0,12,1385.92,13,1407.03,0,2,9,0.404167,1,6.06212e-11,5.45257e-09,2.83608e-08,1.49024e-10,3.72914e-09,1,6.07671e-10
13255,0,12,1385.92,13,1407.03,0,2,0,0.403965,1,1.24763e-11,1.12319e-09,5.84404e-09,3.06696e-11,7.67963e-10,1,1.25096e-10
13256,0,12,1385.92,13,1407.03,0,2,0,0.403763,1,3.39664e-11,3.06062e-09,1.59299e-08,8.34959e-11,2.09208e-09,1,3.4066e-10
13257,0,12,1385.92,13,1407.03,0,2,9,0.403561,1,9.06661e-11,8.17702e-09,4.25737e-08,2.22871e-10,5.58787e-09,1,9.09563e-10
13258,0,12,1385.92,13,1407.03,0,2,9,0.403359,1,1.84889e-11,1.66898e-09,8.69242e-09,4.5448e-11,1.14022e-09,1,1.85531e-10
13259,0,12,1385.92,13,1407.03,0,2,0,0.403157,1,3.88931e-12,3.51402e-10,1.83079e-09,9.56037e-12,2.40009e-10,1,3.90389e-11
13260,0,12,1385.92,13,1407.03,0,2,0,0.402956,1,1.08402e-11,9.80306e-10,5.10902e-09,2.66464e-11,6.69378e-10,1,1.08839e-10
13261,0,12,1385.92,13,1407.03,0,2,0,0.402754,1,2.96095e-11,2.68007e-09,1.39722e-08,7.27835e-11,1.82955e-09,1,2.97372e-10
13262,0,12,1385.92,13,1407.03,0,2,0,0.402553,1,7.92914e-11,7.18344e-09,3.74624e-08,1.94908e-10,4.90255e-09,1,7.96562e-10
13263,0,12,1385.92,13,1407.03,0,2,9,0.402352,1,2.08254e-10,1.88838e-08,9.85138e-08,5.11917e-10,1.28846e-08,1,2.09272e-09
13264,0,12,1385.92,13,1407.03,0,2,0,0.40215,1,4.16713e-11,3.78205e-09,1.97368e-08,1.02435e-10,2.5799e-09,1,4.18875e-10
13265,0,12,1385.92,13,1407.03,0,2,9,0.401949,1,1.10873e-10,1.00718e-08,5.25775e-08,2.72548e-10,6.86873e-09,1,1.11481e-09
13266,0,12,1385.92,13,1407.03,0,2,0,0.401748,1,2.24458e-11,2.04083e-09,1.06573e-08,5.51775e-11,1.39147e-09,1,2.25757e-10
13267,0,12,1385.92,13,1407.03,0,2,0,0.401547,1,6.04688e-11,5.50296e-09,2.8746e-08,1.48651e-10,3.75112e-09,1,6.08372e-10
13268,0,12,1385.92,13,1407.03,0,2,0,0.401347,1,1.59753e-10,1.45514e-08,7.60378e-08,3.92731e-10,9.91675e-09,1,1.60775e-09
13269,0,12,1385.92,13,1407.03,0,2,0,0.401146,1,4.14051e-10,3.77487e-08,1.9732e-07,1.01792e-09,2.57198e-08,1,4.1683e-09
13270,0,12,1385.92,13,1407.03,0,2,0,0.400945,0.999999,1.0532e-09,9.61063e-08,5.02532e-07,2.58931e-09,6.54665e-08,1,1.0606e-08
13271,0,12,1385.92,13,1407.03,0,2,9,0.400745,0.999999,2.63017e-09,2.40224e-07,1.25653e-06,6.46652e-09,1.63601e-07,1,2.64949e-08
13272,0,12,1385.92,13,1407.03,0,2,0,0.400545,1,4.98874e-10,4.56053e-08,2.38625e-07,1.22657e-09,3.1052e-08,1,5.02699e-09
13273,0,12,1385.92,13,1407.03,0,2,9,0.400344,0.999999,1.26467e-09,1.15716e-07,6.05673e-07,3.10955e-09,7.87726e-08,1,1.27478e-08
13274,0,12,1385.92,13,1407.03,0,2,9,0.400144,1,2.43179e-10,2.22708e-08,1.16606e-07,5.97949e-10,1.51573e-08,1,2.45201e-09
13275,0,12,1385.92,13,1407.03,0,2,0,0.399944,1,4.8292e-11,4.42667e-09,2.31851e-08,1.1875e-10,3.01212e-09,1,4.87097e-10
13276,0,12,1385.92,13,1407.03,0,2,9,0.399744,1,1.28256e-10,1.17672e-08,6.1652e-08,3.15396e-10,8.00528e-09,1,1.29408e-09
13277,0,12,1385.92,13,1407.03,0,2,9,0.399544,1,2.57735e-11,2.36679e-09,1.24045e-08,6.33831e-11,1.60981e-09,1,2.60136e-10
13278,0,12,1385.92,13,1407.03,0,2,0,0.399344,1,5.34431e-12,4.91215e-10,2.57534e-09,1.31436e-11,3.34039e-10,1,5.39591e-11
13279,0,12,1385.92,13,1407.03,0,2,0,0.399145,1,1.48306e-11,1.36437e-09,7.15546e-09,3.64759e-11,9.27616e-10,1,1.49788e-10
13280,0,12,1385.92,13,1407.03,0,2,0,0.398945,1,4.03358e-11,3.71412e-09,1.94853e-08,9.92117e-11,2.52468e-09,1,4.07529e-10
13281,0,12,1385.92,13,1407.03,0,2,0,0.398746,1,1.07563e-10,9.91334e-09,5.20253e-08,2.64582e-10,6.73729e-09,1,1.08712e-09
13282,0,12,1385.92,13,1407.03,0,2,0,0.398546,1,2.81346e-10,2.59533e-08,1.36248e-07,6.92096e-10,1.76349e-08,1,2.84451e-09
13283,0,12,1385.92,13,1407.03,0,2,9,0.398347,1,7.22094e-10,6.66712e-08,3.50123e-07,1.77643e-09,4.52935e-08,1,7.30317e-09
13284,0,12,1385.92,13,1407.03,0,2,0,0.398148,1,1.39822e-10,1.29215e-08,6.78796e-08,3.44e-10,8.77662e-09,1,1.41464e-09
13285,0,12,1385.92,13,1407.03,0,2,9,0.397949,1,3.6394e-10,3.36636e-08,1.76902e-07,8.95455e-10,2.28609e-08,1,3.68343e-09
13286,1,12,1385.92,13,1407.03,0,2,0,0.39775,1,7.13751e-11,6.60801e-09,3.47365e-08,1.75627e-10,4.48666e-09,1,7.22642e-10
13287,1,12,1385.92,13,1407.03,0,1,0,0.397551,1,3.92073e-08,5.99735e-08,5.43833e-08,7.76034e-08,1,3.81583e-08,3.91416e-08
13288,1,12,1385.92,13,1407.03,0,1,9,0.397352,1,8.76087e-08,1.34022e-07,1.21527e-07,1.72993e-07,1,8.50503e-08,8.72423e-08
13289,1,12,1385.92,13,1407.03,0,1,9,0.397154,1,1.47716e-08,2.25993e-08,2.0492e-08,2.91005e-08,1,1.43049e-08,1.46737e-08
13290,1,12,1385.92,13,1407.03,0,1,9,0.396955,1,2.57892e-09,3.94586e-09,3.57785e-09,5.06898e-09,1,2.4914e-09,2.55564e-09
13291,1,12,1385.92,13,1407.03,0,1,0,0.396756,1,4.65883e-10,7.12881e-10,6.46381e-10,9.13671e-10,1,4.49005e-10,4.60584e-10
13292,1,12,1385.92,13,1407.03,0,1,0,0.396558,1,1.13696e-09,1.73989e-09,1.57755e-09,2.22489e-09,1,1.09322e-09,1.12142e-09
13293,1,12,1385.92,13,1407.03,0,1,9,0.39636,1,2.72632e-09,4.17246e-09,3.78309e-09,5.32369e-09,1,2.61548e-09,2.68296e-09
13294,1,12,1385.92,13,1407.03,0,1,0,0.396162,1,4.91348e-10,7.52039e-10,6.81847e-10,9.57448e-10,1,4.70318e-10,4.82454e-10
13295,1,12,1385.92,13,1407.03,0,1,0,0.395964,1,1.19817e-09,1.83404e-09,1.66282e-09,2.33e-09,1,1.14438e-09,1.17392e-09
13296,1,12,1385.92,13,1407.03,0,1,0,0.395766,1,2.87094e-09,4.39491e-09,3.98455e-09,5.5717e-09,1,2.73615e-09,2.80679e-09
13297,1,12,1385.92,13,1407.03,0,1,9,0.395568,1,6.76168e-09,1.03518e-08,9.38507e-09,1.30968e-08,1,6.43064e-09,6.59669e-09
13298,1,12,1385.92,13,1407.03,0,1,0,0.39537,1,1.19488e-09,1.82946e-09,1.65857e-09,2.30992e-09,1,1.13403e-09,1.16332e-09
13299,1,12,1385.92,13,1407.03,0,1,9,0.395172,1,2.864e-09,4.3854e-09,3.97569e-09,5.52622e-09,1,2.71266e-09,2.78273e-09
13300,1,12,1385.92,13,1407.03,0,1,0,0.394975,1,5.14356e-10,7.87657e-10,7.14056e-10,9.90644e-10,1,4.86209e-10,4.98771e-10
13301,1,12,1385.92,13,1407.03,0,1,9,0.394777,1,1.25385e-09,1.92024e-09,1.74077e-09,2.41054e-09,1,1.18293e-09,1.21349e-09
13302,1,12,1385.92,13,1407.03,0,1,9,0.39458,1,2.28704e-10,3.50284e-10,3.1754e-10,4.3891e-10,1,2.15356e-10,2.20922e-10
13303,1,12,1385.92,13,1407.03,0,1,0,0.394382,1,4.31275e-11,6.606e-11,5.98836e-11,8.26236e-11,1,4.05344e-11,4.15823e-11
13304,1,12,1385.92,13,1407.03,0,1,9,0.394185,1,1.10453e-10,1.69199e-10,1.53376e-10,2.11247e-10,1,1.03621e-10,1.063e-10
13305,1,12,1385.92,13,1407.03,0,1,0,0.393988,1,2.1113e-11,3.23451e-11,2.93198e-11,4.03129e-11,1,1.97715e-11,2.02829e-11
13306,1,12,1385.92,13,1407.03,0,1,9,0.393791,1,5.48525e-11,8.40411e-11,7.61791e-11,1.04565e-10,1,5.12766e-11,5.2603e-11
13307,1,12,1385.92,13,1407.03,0,1,0,0.393594,1,1.06224e-11,1.62763e-11,1.47534e-11,2.02173e-11,1,9.91276e-12,1.01692e-11
13308,1,12,1385.92,13,1407.03,0,1,9,0.393398,1,2.79808e-11,4.28775e-11,3.88648e-11,5.3172e-11,1,2.60671e-11,2.67417e-11
13309,1,12,1385.92,13,1407.03,0,1,0,0.393201,1,5.48669e-12,8.40847e-12,7.62141e-12,1.04105e-11,1,5.10294e-12,5.23503e-12
13310,1,12,1385.92,13,1407.03,0,1,0,0.393004,1,1.46457e-11,2.24467e-11,2.03452e-11,2.77475e-11,1,1.35991e-11,1.39512e-11
13311,1,12,1385.92,13,1407.03,0,1,9,0.392808,1,3.83446e-11,5.8774e-11,5.32705e-11,7.25415e-11,1,3.55476e-11,3.64681e-11
13312,1,12,1385.92,13,1407.03,0,1,0,0.392611,1,7.46268e-12,1.14397e-11,1.03683e-11,1.4098e-11,1,6.90748e-12,7.08638e-12
13313,1,12,1385.92,13,1407.03,0,1,0,0.392415,1,1.98048e-11,3.03617e-11,2.75176e-11,3.73616e-11,1,1.83032e-11,1.87773e-11
13314,1,12,1385.92,13,1407.03,0,1,0,0.392219,1,5.15576e-11,7.90469e-11,7.16408e-11,9.71302e-11,1,4.75765e-11,4.88093e-11
13315,1,12,1385.92,13,1407.03,0,1,9,0.392023,1,1.31712e-10,2.01955e-10,1.8303e-10,2.47803e-10,1,1.21362e-10,1.24507e-10
13316,1,12,1385.92,13,1407.03,0,1,9,0.391827,1,2.49729e-11,3.82944e-11,3.47052e-11,4.69226e-11,1,2.29772e-11,2.35727e-11
13317,1,12,1385.92,13,1407.03,0,1,0,0.391631,1,4.89137e-12,7.50125e-12,6.79804e-12,9.17882e-12,1,4.49406e-12,4.61058e-12
13318,1,12,1385.92,13,1407.03,0,1,9,0.391435,1,1.30961e-11,2.00855e-11,1.82022e-11,2.45446e-11,1,1.20156e-11,1.23272e-11
13319,1,12,1385.92,13,1407.03,0,1,9,0.391239,1,2.5959e-12,3.98168e-12,3.60827e-12,4.85924e-12,1,2.37846e-12,2.44015e-12
13320,1,12,1385.92,13,1407.03,0,1,0,0.391044,1,5.31091e-13,8.14674e-13,7.38258e-13,9.92951e-13,1,4.85953e-13,4.98559e-13
13321,1,12,1385.92,13,1407.03,0,1,0,0.390848,1,1.48628e-12,2.28009e-12,2.06618e-12,2.77555e-12,1,1.35817e-12,1.39341e-12
13322,1,12,1385.92,13,1407.03,0,1,0,0.390653,1,4.07587e-12,6.25331e-12,5.66653e-12,7.60277e-12,1,3.71975e-12,3.81629e-12
13323,1,12,1385.92,13,1407.03,0,1,0,0.390457,1,1.09574e-11,1.68125e-11,1.52346e-11,2.04159e-11,1,9.98733e-12,1.02466e-11
13324,1,12,1385.92,13,1407.03,0,1,0,0.390262,1,2.88886e-11,4.43292e-11,4.0168e-11,5.37666e-11,1,2.62985e-11,2.69813e-11
13325,1,12,1385.92,13,1407.03,0,1,9,0.390067,1,7.47222e-11,1.1467e-10,1.03904e-10,1.38921e-10,1,6.79399e-11,6.97042e-11
13326,1,12,1385.92,13,1407.03,0,1,9,0.389872,1,1.42669e-11,2.18962e-11,1.984e-11,2.64968e-11,1,1.29565e-11,1.3293e-11
13327,1,12,1385.92,13,1407.03,0,1,0,0.389677,1,2.81364e-12,4.3186e-12,3.91298e-12,5.22018e-12,1,2.55221e-12,2.61851e-12
13328,1,12,1385.92,13,1407.03,0,1,0,0.389482,1,7.62333e-12,1.17019e-11,1.06026e-11,1.41295e-11,1,6.90708e-12,7.08655e-12
13329,1,12,1385.92,13,1407.03,0,1,0,0.389287,1,2.0253e-11,3.10913e-11,2.817e-11,3.7501e-11,1,1.83295e-11,1.88059e-11
13330,1,12,1385.92,13,1407.03,0,1,0,0.389093,1,5.27802e-11,8.10324e-11,7.34171e-11,9.76355e-11,1,4.77147e-11,4.8955e-11
13331,1,12,1385.92,13,1407.03,0,1,9,0.388898,1,1.34976e-10,2.07243e-10,1.87763e-10,2.4945e-10,1,1.2189e-10,1.25059e-10
13332,1,12,1385.92,13,1407.03,0,1,9,0.388704,1,2.54066e-11,3.90129e-11,3.53451e-11,4.69111e-11,1,2.2919e-11,2.3515e-11
13333,1,12,1385.92,13,1407.51,0,1,9,0.388509,1,4.94102e-12,7.58779e-12,6.8743e-12,9.11497e-12,1,4.4526e-12,4.56841e-12
13334,1,12,1385.92,13,1407.51,0,1,9,0.388315,1,9.9217e-13,1.52378e-12,1.38047e-12,1.8287e-12,1,8.9318e-13,9.16416e-13
13335,1,12,1385.92,13,1407.51,0,1,9,0.388121,1,2.05579e-13,3.15756e-13,2.86054e-13,3.78584e-13,1,1.84883e-13,1.89694e-13
13336,1,12,1385.92,13,1407.51,0,1,0,0.387927,1,4.39264e-14,6.7474e-14,6.11256e-14,8.08248e-14,1,3.94654e-14,4.04925e-14
13337,1,12,1385.92,13,1407.51,0,1,0,0.387733,1,1.29344e-13,1.98698e-13,1.8e-13,2.37799e-13,1,1.16096e-13,1.19118e-13
13338,1,12,1385.92,13,1407.51,0,1,9,0.387539,1,3.72838e-13,5.72803e-13,5.1889e-13,6.84911e-13,1,3.34335e-13,3.43039e-13
13339,1,12,1385.92,13,1407.51,0,1,0,0.387345,1,7.8631e-14,1.20814e-13,1.0944e-13,1.44334e-13,1,7.04453e-14,7.22798e-14
13340,1,12,1385.92,13,1407.51,0,1,0,0.387152,1,2.28944e-13,3.51795e-13,3.18671e-13,4.19924e-13,1,2.04924e-13,2.10262e-13
13341,1,12,1385.92,13,1407.51,0,1,0,0.386958,1,6.52702e-13,1.00303e-12,9.08566e-13,1.19627e-12,1,5.83701e-13,5.98908e-13
13342,1,12,1385.92,13,1407.51,0,1,0,0.386765,1,1.82276e-12,2.80134e-12,2.53747e-12,3.33832e-12,1,1.62864e-12,1.67108e-12
13343,1,12,1385.92,13,1407.51,0,1,0,0.386571,1,4.98832e-12,7.66701e-12,6.9447e-12,9.12938e-12,1,4.45325e-12,4.56931e-12
13344,1,12,1385.92,13,1407.51,0,1,0,0.386378,1,1.33832e-11,2.05717e-11,1.86332e-11,2.44762e-11,1,1.19376e-11,1.22488e-11
13345,1,12,1385.92,13,1407.51,0,1,9,0.386185,1,3.52143e-11,5.41335e-11,4.90316e-11,6.43585e-11,1,3.13846e-11,3.22029e-11
13346,1,12,1385.92,13,1407.51,0,1,0,0.385992,1,6.76681e-12,1.04032e-11,9.42257e-12,1.23589e-11,1,6.02601e-12,6.18316e-12
13347,1,12,1385.92,13,1407.51,0,1,9,0.385799,1,1.80505e-11,2.77531e-11,2.51365e-11,3.29462e-11,1,1.60617e-11,1.64806e-11
13348,1,12,1385.92,13,1407.51,0,1,0,0.385606,1,3.51183e-12,5.39998e-12,4.89076e-12,6.40577e-12,1,3.12244e-12,3.20391e-12
13349,1,12,1385.92,13,1407.51,0,1,0,0.385413,1,9.49211e-12,1.45968e-11,1.32201e-11,1.73034e-11,1,8.43319e-12,8.65325e-12
13350,1,12,1385.92,13,1407.51,0,1,9,0.38522,1,2.51583e-11,3.86914e-11,3.50414e-11,4.58338e-11,1,2.23349e-11,2.29179e-11
13351,1,12,1385.92,13,1407.51,0,1,0,0.385028,1,4.8564e-12,7.46939e-12,6.76462e-12,8.84222e-12,1,4.30822e-12,4.42068e-12
13352,1,12,1385.92,13,1407.51,0,1,0,0.384835,1,1.3046e-11,2.00672e-11,1.81734e-11,2.37397e-11,1,1.15651e-11,1.1867e-11
13353,1,12,1385.92,13,1407.51,0,1,9,0.384643,1,3.43704e-11,5.28726e-11,4.78819e-11,6.2508e-11,1,3.04472e-11,3.12423e-11
13354,1,12,1385.92,13,1407.51,0,1,0,0.38445,1,6.58536e-12,1.01312e-11,9.17477e-12,1.19699e-11,1,5.82961e-12,5.98188e-12
13355,1,12,1385.92,13,1407.51,0,1,0,0.384258,1,1.75893e-11,2.70625e-11,2.45071e-11,3.1954e-11,1,1.55601e-11,1.59666e-11
13356,1,12,1385.92,13,1407.51,0,1,0,0.384066,1,4.60794e-11,7.09031e-11,6.42067e-11,8.36675e-11,1,4.07362e-11,4.18007e-11
13357,1,12,1385.92,13,1407.51,0,1,9,0.383874,1,1.18447e-10,1.82272e-10,1.65054e-10,2.14957e-10,1,1.04644e-10,1.07379e-10
13358,1,12,1385.92,13,1407.51,0,1,9,0.383682,1,2.21074e-11,3.40228e-11,3.08083e-11,4.01002e-11,1,1.95185e-11,2.00287e-11
13359,1,12,1385.92,13,1407.51,0,1,0,0.38349,1,4.26385e-12,6.56255e-12,5.9424e-12,7.73036e-12,1,3.76215e-12,3.86052e-12
13360,1,12,1385.92,13,1407.51,0,1,9,0.383299,1,1.14925e-11,1.76898e-11,1.60178e-11,2.0826e-11,1,1.01339e-11,1.0399e-11
13361,1,12,1385.92,13,1407.51,0,1,0,0.383107,1,2.24355e-12,3.45367e-12,3.12718e-12,4.06373e-12,1,1.97713e-12,2.02885e-12
13362,1,12,1385.92,13,1407.51,0,1,0,0.382915,1,6.12565e-12,9.4305e-12,8.53883e-12,1.10903e-11,1,5.39502e-12,5.53617e-12
13363,1,12,1385.92,13,1407.51,0,1,0,0.382724,1,1.63973e-11,2.52459e-11,2.28584e-11,2.96737e-11,1,1.4433e-11,1.48107e-11
13364,1,12,1385.92,13,1407.51,0,1,0,0.382532,1,4.3049e-11,6.62859e-11,6.0016e-11,7.78712e-11,1,3.78704e-11,3.88616e-11
13365,1,12,1385.92,13,1407.51,0,1,9,0.382341,1,1.10891e-10,1.70761e-10,1.54606e-10,2.00505e-10,1,9.74958e-11,1.00048e-10
13366,1,12,1385.92,13,1407.51,0,1,9,0.38215,1,2.06534e-11,3.18072e-11,2.87974e-11,3.73289e-11,1,1.81486e-11,1.86238e-11
13367,1,12,1385.92,13,1407.51,0,1,0,0.381959,1,3.9752e-12,6.12251e-12,5.54307e-12,7.1819e-12,1,3.4912e-12,3.58263e-12
13368,1,12,1385.92,13,1407.51,0,1,9,0.381768,1,1.07375e-11,1.65391e-11,1.49735e-11,1.93916e-11,1,9.42512e-12,9.67201e-12
13369,1,12,1385.92,13,1407.51,0,1,9,0.381577,1,2.09183e-12,3.22234e-12,2.91725e-12,3.77635e-12,1,1.83519e-12,1.88328e-12
13370,1,12,1385.92,13,1407.51,0,1,9,0.381386,1,4.20756e-13,6.48207e-13,5.86824e-13,7.59306e-13,1,3.68947e-13,3.78616e-13
13371,1,12,1385.92,13,1407.51,0,1,0,0.381196,1,8.7326e-14,1.34544e-13,1.21801e-13,1.57534e-13,1,7.65346e-14,7.85407e-14
13372,1,12,1385.92,13,1407.51,0,1,0,0.381005,1,2.54502e-13,3.92147e-13,3.54998e-13,4.58954e-13,1,2.22942e-13,2.28786e-13
13373,1,12,1385.92,13,1407.51,0,1,9,0.380815,1,7.26241e-13,1.11912e-12,1.01308e-12,1.30921e-12,1,6.35872e-13,6.52545e-13
13374,1,12,1385.92,13,1407.51,0,1,0,0.380624,1,1.48916e-13,2.29496e-13,2.07747e-13,2.68366e-13,1,1.30324e-13,1.33742e-13
13375,1,12,1385.92,13,1407.51,0,1,0,0.380434,1,4.29559e-13,6.62054e-13,5.993e-13,7.73871e-13,1,3.75752e-13,3.85609e-13
13376,1,12,1385.92,13,1407.51,0,1,0,0.380244,1,1.21348e-12,1.87043e-12,1.69311e-12,2.18546e-12,1,1.06099e-12,1.08883e-12
13377,1,12,1385.92,13,1407.51,0,1,0,0.380053,1,3.35857e-12,5.17725e-12,4.68634e-12,6.04686e-12,1,2.9352e-12,3.01223e-12
13378,0,12,1385.92,13,1400.5,0,1,13,0.379863,1,9.11086e-12,1.40457e-11,1.27136e-11,1.63986e-11,1,7.95887e-12,8.16778e-12
13379,0,12,1385.92,13,1400.5,0,2,9,0.379674,1,2.45878e-10,2.47838e-08,1.34405e-07,6.21322e-10,1.68684e-08,1,2.62533e-09
13380,0,12,1385.92,13,1400.5,0,2,0,0.379484,1,4.67341e-11,4.715e-09,2.55785e-08,1.18081e-10,3.20791e-09,1,4.99081e-10
13381,0,12,1385.92,13,1400.5,0,2,0,0.379294,1,1.25541e-10,1.26775e-08,6.87979e-08,3.17164e-10,8.6221e-09,1,1.34091e-09
13382,0,12,1385.92,13,1400.5,0,2,9,0.379104,1,3.30737e-10,3.34297e-08,1.81477e-07,8.35479e-10,2.27275e-08,1,3.53328e-09
13383,0,12,1385.92,13,1400.5,0,2,0,0.378915,1,6.24165e-11,6.31467e-09,3.42914e-08,1.57655e-10,4.29153e-09,1,6.66924e-10
13384,0,12,1385.92,13,1400.5,0,2,0,0.378725,1,1.66762e-10,1.68869e-08,9.17342e-08,4.21178e-10,1.14725e-08,1,1.78221e-09
13385,0,12,1385.92,13,1400.5,0,2,0,0.378536,1,4.37006e-10,4.42936e-08,2.40697e-07,1.10362e-09,3.00813e-08,1,4.67129e-09
13386,0,12,1385.92,13,1400.5,0,2,9,0.378347,0.999999,1.12367e-09,1.13997e-07,6.1968e-07,2.83748e-09,7.73922e-08,1,1.20137e-08
13387,0,12,1385.92,13,1400.5,0,2,0,0.378157,1,2.06636e-10,2.09827e-08,1.141e-07,5.21755e-10,1.42403e-08,1,2.20971e-09
13388,0,12,1385.92,13,1400.5,0,2,0,0.377968,1,5.3937e-10,5.48206e-08,2.98204e-07,1.36181e-09,3.71925e-08,1,5.76914e-09
13389,0,12,1385.92,13,1400.5,0,2,0,0.377779,0.999999,1.38153e-09,1.40546e-07,7.64781e-07,3.48788e-09,9.5321e-08,1,1.47802e-08
13390,0,12,1385.92,13,1400.5,0,2,0,0.377591,0.999998,3.47369e-09,3.53713e-07,1.92537e-06,8.7693e-09,2.39817e-07,1,3.71715e-08
13391,0,12,1385.92,13,1400.5,0,2,9,0.377402,0.999994,8.57698e-09,8.74171e-07,4.76001e-06,2.16514e-08,5.92498e-07,0.999999,9.18028e-08
13392,0,12,1385.92,13,1400.5,0,2,0,0.377213,0.999999,1.51185e-09,1.54232e-07,8.40102e-07,3.81624e-09,1.04502e-07,1,1.61857e-08
13393,0,12,1385.92,13,1400.5,0,2,0,0.377024,0.999997,3.79576e-09,3.87583e-07,2.11189e-06,9.58087e-09,2.62532e-07,1,4.06468e-08
13394,0,12,1385.92,13,1400.5,0,2,0,0.376836,0.999994,9.35868e-09,9.56494e-07,5.21357e-06,2.36213e-08,6.47691e-07,0.999999,1.00242e-07
13395,0,12,1385.92,13,1400.5,0,2,9,0.376647,0.999985,2.26679e-08,2.3189e-06,1.26439e-05,5.72121e-08,1.56978e-06,0.999998,2.42862e-07
13396,0,12,1385.92,13,1400.5,0,2,0,0.376459,0.999997,3.91292e-09,4.00656e-07,2.18535e-06,9.87544e-09,2.71142e-07,1,4.19329e-08
13397,0,12,1385.92,13,1400.5,0,2,0,0.376271,0.999994,9.64473e-09,9.88471e-07,5.39336e-06,2.43408e-08,6.68747e-07,0.999999,1.03385e-07
13398,0,12,1385.92,13,1400.5,0,2,9,0.376083,0.999985,2.33541e-08,2.39574e-06,1.30762e-05,5.89387e-08,1.62037e-06,0.999998,2.50409e-07
13399,0,12,1385.92,13,1400.5,0,2,0,0.375895,0.999997,4.0239e-09,4.13167e-07,2.25588e-06,1.01548e-08,2.79365e-07,1,4.31564e-08
13400,0,12,1385.92,13,1400.5,0,2,9,0.375707,0.999993,9.91588e-09,1.01909e-06,5.56608e-06,2.50235e-08,6.88873e-07,0.999999,1.06377e-07
13401,0,12,1385.92,13,1400.5,0,2,0,0.375519,0.999999,1.73625e-09,1.78606e-07,9.75846e-07,4.38149e-09,1.20698e-07,1,1.86315e-08
13402,0,12,1385.92,13,1400.5,0,2,0,0.375331,0.999997,4.35129e-09,4.48026e-07,2.4487e-06,1.09805e-08,3.02685e-07,1,4.67063e-08
13403,0,12,1385.92,13,1400.5,0,2,9,0.375144,0.999993,1.07094e-08,1.1037e-06,6.03438e-06,2.70252e-08,7.4546e-07,0.999999,1.14987e-07
13404,0,12,1385.92,13,1400.5,0,2,9,0.374956,0.999999,1.86997e-09,1.92897e-07,1.055e-06,4.71886e-09,1.30251e-07,1,2.00836e-08
13405,0,12,1385.92,13,1400.5,0,2,9,0.374768,1,3.37855e-10,3.48838e-08,1.90853e-07,8.52575e-10,2.35486e-08,1,3.62963e-09
13406,0,12,1385.92,13,1400.5,0,2,0,0.374581,1,6.31189e-11,6.52312e-09,3.57009e-08,1.59281e-10,4.40234e-09,1,6.78296e-10
13407,0,12,1385.92,13,1400.5,0,2,9,0.374394,1,1.69004e-10,1.74822e-08,9.57121e-08,4.26486e-10,1.17954e-08,1,1.81671e-09
13408,0,12,1385.92,13,1400.5,0,2,0,0.374207,1,3.19828e-11,3.31145e-09,1.81358e-08,8.07105e-11,2.23371e-09,1,3.43904e-10
13409,0,12,1385.92,13,1400.5,0,2,0,0.37402,1,8.68143e-11,8.99698e-09,4.92905e-08,2.19085e-10,6.06733e-09,1,9.33782e-10
13410,0,12,1385.92,13,1400.5,0,2,9,0.373832,1,2.31059e-10,2.3968e-08,1.31355e-07,5.83112e-10,1.61594e-08,1,2.48606e-09
13411,0,12,1385.92,13,1400.5,0,2,9,0.373646,1,4.34013e-11,4.50624e-09,2.47045e-08,1.09532e-10,3.03741e-09,1,4.67118e-10
13412,0,12,1385.92,13,1400.5,0,2,9,0.373459,1,8.42327e-12,8.75379e-10,4.80071e-09,2.12584e-11,5.89905e-10,1,9.06864e-11
13413,0,12,1385.92,13,1400.5,0,2,0,0.373272,1,1.68801e-12,1.75588e-10,9.63279e-10,4.26029e-12,1.18298e-10,1,1.81793e-11
13414,0,12,1385.92,13,1400.5,0,2,0,0.373085,1,4.85934e-12,5.05941e-10,2.77655e-09,1.22646e-11,3.40787e-10,1,5.23501e-11
13415,0,12,1385.92,13,1400.5,0,2,9,0.372899,1,1.37003e-11,1.42776e-09,7.83807e-09,3.45798e-11,9.61478e-10,1,1.47643e-10
13416,0,12,1385.92,13,1400.5,0,2,9,0.372712,1,2.71576e-12,2.83283e-10,1.55569e-09,6.85488e-12,1.90724e-10,1,2.92762e-11
13417,0,12,1385.92,13,1400.5,0,2,9,0.372526,1,5.55632e-13,5.80124e-11,3.18691e-10,1.40254e-12,3.90489e-11,1,5.99178e-12
13418,0,12,1385.92,13,1400.5,0,2,0,0.37234,1,1.17259e-13,1.22542e-11,6.73413e-11,2.96001e-13,8.24664e-12,1,1.26491e-12
13419,0,12,1385.92,13,1400.5,0,2,9,0.372154,1,3.56051e-13,3.72438e-11,2.04738e-10,8.98832e-13,2.50583e-11,1,3.84213e-12
13420,0,12,1385.92,13,1400.5,0,2,0,0.371968,1,7.57412e-14,7.93008e-12,4.36084e-11,1.91214e-13,5.33436e-12,1,8.17598e-13
13421,0,12,1385.92,13,1400.5,0,2,0,0.371782,1,2.32032e-13,2.43162e-11,1.33763e-10,5.85811e-13,1.63534e-11,1,2.50555e-12
13422,0,12,1385.92,13,1400.5,0,2,0,0.371596,1,6.9531e-13,7.29342e-11,4.01348e-10,1.75555e-12,4.90403e-11,1,7.51078e-12
13423,0,12,1385.92,13,1400.5,0,2,0,0.37141,1,2.03899e-12,2.14078e-10,1.17845e-09,5.14842e-12,1.43914e-10,1,2.2033e-11
13424,0,12,1385.92,13,1400.5,0,2,0,0.371224,1,5.85389e-12,6.15186e-10,3.3876e-09,1.47819e-11,4.13475e-10,1,6.32783e-11
13425,0,12,1385.92,13,1400.5,0,2,0,0.371039,1,1.64607e-11,1.73147e-09,9.53781e-09,4.15681e-11,1.16351e-09,1,1.77997e-10
13426,0,12,1385.92,13,1400.5,0,2,9,0.370853,1,4.5353e-11,4.77503e-09,2.63123e-08,1.14537e-10,3.20807e-09,1,4.90596e-10
13427,0,12,1385.92,13,1400.5,0,2,9,0.370668,1,8.73875e-12,9.20925e-10,5.07639e-09,2.20708e-11,6.18595e-10,1,9.45634e-11
13428,0,12,1385.92,13,1400.5,0,2,9,0.370482,1,1.73889e-12,1.83422e-10,1.01142e-09,4.39209e-12,1.23182e-10,1,1.88236e-11
13429,1,12,1385.92,13,1400.5,0,2,9,0.370297,1,3.57105e-13,3.77034e-11,2.07973e-10,9.02042e-13,2.53159e-11,1,3.86709e-12
13430,1,12,1385.92,13,1400.5,0,1,0,0.370112,1,4.57487e-13,7.0848e-13,6.4062e-13,8.27812e-13,1,3.98744e-13,4.09321e-13
13431,1,12,1385.92,13,1400.5,0,1,0,0.369927,1,1.29756e-12,2.00962e-12,1.8171e-12,2.34726e-12,1,1.13047e-12,1.16047e-12
13432,1,12,1385.92,13,1400.5,0,1,0,0.369742,1,3.60539e-12,5.5844e-12,5.04931e-12,6.52032e-12,1,3.13982e-12,3.22314e-12
13433,1,12,1385.92,13,1400.5,0,1,9,0.369557,1,9.81812e-12,1.52087e-11,1.37511e-11,1.77514e-11,1,8.54681e-12,8.77366e-12
13434,1,12,1385.92,13,1400.5,0,1,0,0.369372,1,1.8633e-12,2.88657e-12,2.60988e-12,3.36803e-12,1,1.62138e-12,1.66442e-12
13435,1,12,1385.92,13,1400.5,0,1,0,0.369188,1,5.14184e-12,7.96632e-12,7.20256e-12,9.29192e-12,1,4.47251e-12,4.59126e-12
13436,1,12,1385.92,13,1400.5,0,1,9,0.369003,1,1.39081e-11,2.15499e-11,1.94834e-11,2.51276e-11,1,1.20929e-11,1.24141e-11
13437,1,12,1385.92,13,1400.5,0,1,0,0.368818,1,2.61795e-12,4.05673e-12,3.66765e-12,4.72873e-12,1,2.27542e-12,2.33587e-12
13438,1,12,1385.92,13,1400.5,0,1,0,0.368634,1,7.17793e-12,1.11238e-11,1.00567e-11,1.29624e-11,1,6.23647e-12,6.40217e-12
13439,1,12,1385.92,13,1400.5,0,1,0,0.36845,1,1.92932e-11,2.99016e-11,2.70327e-11,3.48332e-11,1,1.67566e-11,1.72019e-11
13440,1,12,1385.92,13,1400.5,0,1,9,0.368265,1,5.08564e-11,7.8827e-11,7.12624e-11,9.18004e-11,1,4.41542e-11,4.53278e-11
13441,1,12,1385.92,13,1400.5,0,1,9,0.368081,1,9.314e-12,1.44379e-11,1.30521e-11,1.68092e-11,1,8.08369e-12,8.2986e-12
13442,1,12,1385.92,13,1400.5,0,1,9,0.367897,1,1.76335e-12,2.73365e-12,2.47122e-12,3.18172e-12,1,1.52989e-12,1.57058e-12
13443,1,12,1385.92,13,1400.5,0,1,0,0.367713,1,3.44878e-13,5.34699e-13,4.83357e-13,6.22165e-13,1,2.99118e-13,3.07073e-13
13444,1,12,1385.92,13,1400.5,0,1,0,0.367529,1,9.84889e-13,1.5271e-12,1.38044e-12,1.77642e-12,1,8.53924e-13,8.7664e-13
13445,1,12,1385.92,13,1400.5,0,1,9,0.367346,1,2.75502e-12,4.27214e-12,3.86177e-12,4.96828e-12,1,2.3879e-12,2.45143e-12
13446,1,12,1385.92,13,1400.5,0,1,9,0.367162,1,5.33397e-13,8.27195e-13,7.47723e-13,9.61735e-13,1,4.62169e-13,4.74469e-13
13447,1,12,1385.92,13,1400.5,0,1,0,0.366978,1,1.06637e-13,1.65388e-13,1.49495e-13,1.92238e-13,1,9.23682e-14,9.48268e-14
13448,1,12,1385.92,13,1400.5,0,1,9,0.366795,1,3.11812e-13,4.83645e-13,4.37161e-13,5.62022e-13,1,2.70005e-13,2.77193e-13
13449,1,12,1385.92,13,1400.5,0,1,0,0.366612,1,6.29493e-14,9.76479e-14,8.82611e-14,1.13445e-13,1,5.44927e-14,5.59438e-14
13450,1,12,1385.92,13,1400.5,0,1,9,0.366428,1,1.86034e-13,2.88604e-13,2.60855e-13,3.35211e-13,1,1.60994e-13,1.65282e-13
13451,1,12,1385.92,13,1400.5,0,1,0,0.366245,1,3.79102e-14,5.88171e-14,5.31609e-14,6.82997e-14,1,3.27979e-14,3.36716e-14
13452,1,12,1385.92,13,1400.5,0,1,0,0.366062,1,1.13188e-13,1.75626e-13,1.58733e-13,2.03894e-13,1,9.78965e-14,1.00505e-13
13453,1,12,1385.92,13,1400.5,0,1,0,0.365879,1,3.30737e-13,5.13224e-13,4.63851e-13,5.95696e-13,1,2.85973e-13,2.93594e-13
13454,1,12,1385.92,13,1400.5,0,1,0,0.365696,1,9.46199e-13,1.4684e-12,1.32711e-12,1.70399e-12,1,8.17906e-13,8.39708e-13
13455,1,12,1385.92,13,1400.5,0,1,9,0.365513,1,2.65145e-12,4.11514e-12,3.7191e-12,4.77435e-12,1,2.29132e-12,2.35241e-12
13456,1,12,1385.92,13,1400.5,0,1,0,0.36533,1,5.11507e-13,7.93946e-13,7.17523e-13,9.20936e-13,1,4.41914e-13,4.53698e-13
13457,1,12,1385.92,13,1400.5,0,1,0,0.365148,1,1.4512e-12,2.25271e-12,2.03583e-12,2.61249e-12,1,1.25343e-12,1.28686e-12
13458,1,12,1385.92,13,1400.5,0,1,9,0.364965,1,4.03344e-12,6.26169e-12,5.65872e-12,7.26029e-12,1,3.48285e-12,3.57576e-12
13459,1,12,1385.92,13,1400.5,0,1,0,0.364783,1,7.70672e-13,1.19653e-12,1.08129e-12,1.38708e-12,1,6.653e-13,6.83052e-13
13460,1,12,1385.92,13,1400.5,0,1,9,0.3646,1,2.16943e-12,3.3685e-12,3.04401e-12,3.90419e-12,1,1.87234e-12,1.92231e-12
13461,1,12,1385.92,13,1400.5,0,1,0,0.364418,1,4.19271e-13,6.51066e-13,5.88336e-13,7.54463e-13,1,3.61766e-13,3.71422e-13
13462,1,12,1385.92,13,1400.5,0,1,0,0.364236,1,1.19478e-12,1.85549e-12,1.67668e-12,2.14977e-12,1,1.03066e-12,1.05818e-12
13463,1,12,1385.92,13,1400.5,0,1,9,0.364054,1,3.33519e-12,5.17996e-12,4.68069e-12,6.00044e-12,1,2.87637e-12,2.95318e-12
13464,1,12,1385.92,13,1400.5,0,1,9,0.363872,1,6.38269e-13,9.91399e-13,8.95825e-13,1.14823e-12,1,5.50335e-13,5.65034e-13
13465,1,12,1385.92,13,1400.5,0,1,0,0.36369,1,1.26159e-13,1.95976e-13,1.7708e-13,2.26939e-13,1,1.08753e-13,1.11659e-13
13466,1,12,1385.92,13,1400.5,0,1,9,0.363508,1,3.68309e-13,5.72181e-13,5.16999e-13,6.62472e-13,1,3.17422e-13,3.25904e-13
13467,1,12,1385.92,13,1400.5,0,1,9,0.363326,1,7.35324e-14,1.14245e-13,1.03225e-13,1.32252e-13,1,6.33589e-14,6.50522e-14
13468,1,12,1385.92,13,1400.5,0,1,9,0.363144,1,1.515e-14,2.35403e-14,2.12692e-14,2.72462e-14,1,1.30511e-14,1.34e-14
13469,1,12,1385.92,13,1400.5,0,1,9,0.362963,1,3.21918e-15,5.00244e-15,4.51973e-15,5.78907e-15,1,2.7726e-15,2.84673e-15
13470,1,12,1385.92,13,1400.5,0,1,0,0.362781,1,7.05035e-16,1.09568e-15,9.89935e-16,1.26779e-15,1,6.071e-16,6.23335e-16
13471,1,12,1385.92,13,1400.5,0,1,0,0.3626,1,2.28205e-15,3.54681e-15,3.20443e-15,4.10332e-15,1,1.96465e-15,2.0172e-15
13472,1,12,1385.92,13,1400.5,0,1,0,0.362419,1,7.21738e-15,1.12184e-14,1.01353e-14,1.29767e-14,1,6.21228e-15,6.37848e-15
13473,1,12,1385.92,13,1400.5,0,1,0,0.362237,1,2.23138e-14,3.46867e-14,3.1337e-14,4.01176e-14,1,1.92025e-14,1.97163e-14
13474,1,12,1385.92,13,1400.5,0,1,9,0.362056,1,6.74685e-14,1.04889e-13,9.47578e-14,1.21295e-13,1,5.80497e-14,5.96033e-14
13475,1,12,1385.92,13,1400.5,0,1,0,0.361875,1,1.38819e-14,2.15832e-14,1.94982e-14,2.49558e-14,1,1.19417e-14,1.22613e-14
13476,1,12,1385.92,13,1400.5,0,1,0,0.361694,1,4.23784e-14,6.58944e-14,5.95274e-14,7.61809e-14,1,3.64482e-14,3.74241e-14
13477,1,12,1385.92,13,1400.5,0,1,0,0.361514,1,1.26556e-13,1.96799e-13,1.7778e-13,2.27492e-13,1,1.08826e-13,1.1174e-13
13478,1,12,1385.92,13,1400.5,0,1,0,0.361333,1,3.69871e-13,5.75217e-13,5.19616e-13,6.64843e-13,1,3.17996e-13,3.26513e-13
13479,1,12,1385.92,13,1400.5,0,1,9,0.361152,1,1.05837e-12,1.64611e-12,1.48696e-12,1.90236e-12,1,9.09767e-13,9.3414e-13
13480,1,12,1385.92,13,1400.5,0,1,9,0.360972,1,2.05761e-13,3.20052e-13,2.89104e-13,3.69831e-13,1,1.76839e-13,1.81577e-13
13481,1,12,1385.92,13,1400.5,0,1,0,0.360791,1,4.13033e-14,6.42511e-14,5.80371e-14,7.42357e-14,1,3.54914e-14,3.64426e-14
13482,1,12,1385.92,13,1400.5,0,1,0,0.360611,1,1.23468e-13,1.92082e-13,1.73502e-13,2.21907e-13,1,1.06076e-13,1.08919e-13
13483,1,12,1385.92,13,1400.5,0,1,9,0.36043,1,3.61198e-13,5.61977e-13,5.07604e-13,6.49163e-13,1,3.10267e-13,3.18586e-13
13484,1,12,1385.92,13,1400.5,0,1,0,0.36025,1,7.16074e-14,1.11422e-13,1.00639e-13,1.28694e-13,1,6.14999e-14,6.31493e-14
13485,1,12,1385.92,13,1400.5,0,1,9,0.36007,1,2.11797e-13,3.29587e-13,2.97686e-13,3.80638e-13,1,1.81872e-13,1.8675e-13
13486,1,12,1385.92,13,1400.5,0,1,0,0.35989,1,4.23978e-14,6.59829e-14,5.95953e-14,7.61955e-14,1,3.64015e-14,3.73781e-14
13487,1,12,1385.92,13,1400.5,0,1,0,0.35971,1,1.26735e-13,1.97253e-13,1.78154e-13,2.27761e-13,1,1.08794e-13,1.11713e-13
13488,1,12,1385.92,13,1400.5,0,1,9,0.35953,1,3.70746e-13,5.77087e-13,5.21199e-13,6.66275e-13,1,3.1821e-13,3.26751e-13
13489,1,12,1385.92,13,1400.5,0,1,0,0.35935,1,7.33017e-14,1.14108e-13,1.03056e-13,1.31731e-13,1,6.2905e-14,6.45937e-14
13490,1,12,1385.92,13,1400.5,0,1,0,0.359171,1,2.16813e-13,3.37542e-13,3.04841e-13,3.89636e-13,1,1.86034e-13,1.91029e-13
13491,1,12,1385.92,13,1400.5,0,1,0,0.358991,1,6.2773e-13,9.77357e-13,8.82652e-13,1.12809e-12,1,5.38534e-13,5.52997e-13
13492,1,12,1385.92,13,1400.5,0,1,9,0.358812,1,1.77975e-12,2.77126e-12,2.50268e-12,3.19839e-12,1,1.52663e-12,1.56764e-12
13493,1,12,1385.92,13,1400.5,0,1,0,0.358632,1,3.40521e-13,5.30276e-13,4.78873e-13,6.11953e-13,1,2.9205e-13,2.99897e-13
13494,1,12,1385.92,13,1400.5,0,1,0,0.358453,1,9.77406e-13,1.5222e-12,1.37461e-12,1.75651e-12,1,8.38159e-13,8.60683e-13
13495,1,12,1385.92,13,1400.5,0,1,9,0.358274,1,2.74776e-12,4.2797e-12,3.86469e-12,4.93809e-12,1,2.35597e-12,2.41929e-12
13496,1,12,1385.92,13,1400.5,0,1,0,0.358095,1,5.20545e-13,8.10833e-13,7.32189e-13,9.35496e-13,1,4.46261e-13,4.58258e-13
13497,1,12,1385.92,13,1400.5,0,1,9,0.357916,1,1.48206e-12,2.30875e-12,2.08478e-12,2.66351e-12,1,1.27039e-12,1.30455e-12
13498,1,12,1385.92,13,1400.5,0,1,9,0.357737,1,2.83971e-13,4.42409e-13,3.99483e-13,5.10351e-13,1,2.43381e-13,2.49927e-13
13499,1,12,1385.92,13,1400.5,0,1,0,0.357558,1,5.61957e-14,8.75571e-14,7.906e-14,1.00996e-13,1,4.81569e-14,4.94523e-14
13500,1,12,1385.92,13,1400.5,0,1,0,0.357379,1,1.67256e-13,2.60621e-13,2.35324e-13,3.00602e-13,1,1.43312e-13,1.47168e-13
13501,1,12,1385.92,13,1400.5,0,1,0,0.3572,1,4.87218e-13,7.59258e-13,6.85546e-13,8.75673e-13,1,4.17414e-13,4.28647e-13
13502,1,12,1385.92,13,1400.5,0,1,0,0.357022,1,1.38967e-12,2.16579e-12,1.95548e-12,2.49769e-12,1,1.19042e-12,1.22246e-12
13503,1,12,1385.92,13,1400.5,0,1,0,0.356843,1,3.88264e-12,6.05159e-12,5.46385e-12,6.97855e-12,1,3.32553e-12,3.41506e-12
13504,1,12,1385.92,13,1400.5,0,1,0,0.356665,1,1.06303e-11,1.65702e-11,1.49606e-11,1.91072e-11,1,9.10393e-12,9.34908e-12
13505,1,12,1385.92,13,1400.5,0,1,0,0.356486,1,2.8533e-11,4.44803e-11,4.01587e-11,5.12872e-11,1,2.4433e-11,2.50911e-11
13506,1,12,1385.92,13,1400.5,0,1,0,0.356308,1,7.51102e-11,1.171e-10,1.05721e-10,1.35012e-10,1,6.43097e-11,6.6042e-11
13507,1,12,1385.92,13,1400.5,0,1,9,0.35613,1,1.93985e-10,3.02457e-10,2.7306e-10,3.48702e-10,1,1.66071e-10,1.70545e-10
13508,1,12,1385.92,13,1400.5,0,1,9,0.355952,1,3.36006e-11,5.23941e-11,4.73007e-11,6.04016e-11,1,2.87623e-11,2.95374e-11
13509,1,12,1385.92,13,1400.5,0,1,9,0.355774,1,6.02302e-12,9.39266e-12,8.4794e-12,1.08276e-11,1,5.15515e-12,5.2941e-12
13510,1,12,1385.92,13,1400.5,0,1,0,0.355596,1,1.11654e-12,1.74136e-12,1.57201e-12,2.00728e-12,1,9.55551e-13,9.81312e-13
13511,1,12,1385.92,13,1400.5,0,1,9,0.355418,1,3.13554e-12,4.89061e-12,4.41491e-12,5.63716e-12,1,2.68313e-12,2.75548e-12
13512,1,12,1385.92,13,1400.5,0,1,0,0.355241,1,5.88309e-13,9.17689e-13,8.2841e-13,1.05772e-12,1,5.03371e-13,5.16947e-13
13513,1,12,1385.92,13,1400.5,0,1,9,0.355063,1,1.67354e-12,2.61075e-12,2.35671e-12,3.00899e-12,1,1.43177e-12,1.47039e-12
13514,1,12,1385.92,13,1400.5,0,1,0,0.354885,1,3.1765e-13,4.95583e-13,4.47351e-13,5.71152e-13,1,2.71731e-13,2.79063e-13
13515,1,12,1385.92,13,1400.5,0,1,9,0.354708,1,9.14885e-13,1.42749e-12,1.28853e-12,1.64508e-12,1,7.82547e-13,8.03666e-13
13516,1,12,1385.92,13,1400.5,0,1,0,0.354531,1,1.75586e-13,2.7399e-13,2.47314e-13,3.15741e-13,1,1.50172e-13,1.54226e-13
13517,1,12,1385.92,13,1400.5,0,1,9,0.354353,1,5.11789e-13,7.98682e-13,7.20907e-13,9.20348e-13,1,4.37669e-13,4.49485e-13
13518,1,12,1385.92,13,1400.5,0,1,0,0.354176,1,9.92724e-14,1.54935e-13,1.39845e-13,1.7853e-13,1,8.48867e-14,8.7179e-14
13519,1,12,1385.92,13,1400.5,0,1,0,0.353999,1,2.92697e-13,4.56856e-13,4.1235e-13,5.26408e-13,1,2.50257e-13,2.57016e-13
13520,1,12,1385.92,13,1400.5,0,1,0,0.353822,1,8.44795e-13,1.31871e-12,1.19022e-12,1.51942e-12,1,7.22232e-13,7.41743e-13
13521,1,12,1385.92,13,1400.5,0,1,0,0.353645,1,2.38787e-12,3.72776e-12,3.36448e-12,4.29495e-12,1,2.04124e-12,2.09639e-12
13522,1,12,1385.92,13,1400.5,0,1,0,0.353468,1,6.61263e-12,1.03241e-11,9.31776e-12,1.18945e-11,1,5.65219e-12,5.80494e-12
13523,1,12,1385.92,13,1400.5,0,1,9,0.353292,1,1.79482e-11,2.80244e-11,2.52923e-11,3.22861e-11,1,1.53399e-11,1.57545e-11
13524,0,12,1385.92,13,1400.02,0,1,13,0.353115,1,3.23605e-12,5.05323e-12,4.56049e-12,5.8215e-12,1,2.76552e-12,2.84029e-12
13525,0,12,1385.92,13,1400.02,0,2,0,0.352938,1,5.14304e-14,5.94342e-12,3.38877e-11,1.32405e-13,3.96413e-12,1,5.83873e-13
13526,0,12,1385.92,13,1400.02,0,2,0,0.352762,1,1.60534e-13,1.85694e-11,1.05914e-10,4.13312e-13,1.23827e-11,1,1.82314e-12
13527,0,12,1385.92,13,1400.02,0,2,0,0.352586,1,4.89974e-13,5.67303e-11,3.23685e-10,1.26156e-12,3.78217e-11,1,5.56645e-12
13528,0,12,1385.92,13,1400.02,0,2,9,0.352409,1,1.46294e-12,1.69544e-10,9.67701e-10,3.76693e-12,1.1301e-10,1,1.6626e-11
13529,0,12,1385.92,13,1400.02,0,2,9,0.352233,1,2.88831e-13,3.35051e-11,1.91303e-10,7.43757e-13,2.23283e-11,1,3.28368e-12
13530,0,12,1385.92,13,1400.02,0,2,0,0.352057,1,5.88607e-14,6.83449e-12,3.90362e-11,1.5158e-13,4.55367e-12,1,6.69421e-13
13531,0,12,1385.92,13,1400.02,0,2,0,0.351881,1,1.83335e-13,2.13078e-11,1.21745e-10,4.72161e-13,1.4194e-11,1,2.08582e-12
13532,0,12,1385.92,13,1400.02,0,2,0,0.351705,1,5.58391e-13,6.49599e-11,3.71287e-10,1.43819e-12,4.3264e-11,1,6.35522e-12
13533,0,12,1385.92,13,1400.02,0,2,0,0.351529,1,1.66379e-12,1.9374e-10,1.10773e-09,4.28556e-12,1.29007e-10,1,1.89432e-11
13534,0,12,1385.92,13,1400.02,0,2,0,0.351353,1,4.85196e-12,5.65523e-10,3.23458e-09,1.24985e-11,3.76496e-10,1,5.52626e-11
13535,0,12,1385.92,13,1400.02,0,2,9,0.351178,1,1.3854e-11,1.6163e-09,9.24786e-09,3.56902e-11,1.07584e-09,1,1.57853e-10
13536,0,12,1385.92,13,1400.02,0,2,0,0.351002,1,2.6082e-12,3.04579e-10,1.7433e-09,6.71968e-12,2.02695e-10,1,2.97291e-11
13537,0,12,1385.92,13,1400.02,0,2,0,0.350827,1,7.54102e-12,8.81463e-10,5.04691e-09,1.94301e-11,5.86496e-10,1,8.59876e-11
13538,0,12,1385.92,13,1400.02,0,2,0,0.350651,1,2.13518e-11,2.49817e-09,1.43086e-08,5.50193e-11,1.66189e-09,1,2.4356e-10
13539,0,12,1385.92,13,1400.02,0,2,9,0.350476,1,5.9229e-11,6.93642e-09,3.9743e-08,1.52634e-10,4.61354e-09,1,6.75884e-10
13540,0,12,1385.92,13,1400.02,0,2,0,0.350301,1,1.08156e-11,1.26784e-09,7.2668e-09,2.78745e-11,8.43113e-10,1,1.23469e-10
13541,0,12,1385.92,13,1400.02,0,2,0,0.350125,1,3.04154e-11,3.5688e-09,2.04621e-08,7.8395e-11,2.37281e-09,1,3.4735e-10
13542,0,12,1385.92,13,1400.02,0,2,0,0.34995,1,8.38086e-11,9.84309e-09,5.64562e-08,2.16035e-10,6.54327e-09,1,9.57485e-10
13543,0,12,1385.92,13,1400.02,0,2,0,0.349775,1,2.26367e-10,2.66115e-08,1.52687e-07,5.83565e-10,1.76871e-08,1,2.58718e-09
13544,0,12,1385.92,13,1400.02,0,2,0,0.3496,1,5.99567e-10,7.05519e-08,4.04942e-07,1.54581e-09,4.68834e-08,1,6.85523e-09
13545,0,12,1385.92,13,1400.02,0,2,0,0.349426,0.999999,1.55787e-09,1.83492e-07,1.05354e-06,4.0169e-09,1.21914e-07,1,1.78192e-08
13546,0,12,1385.92,13,1400.02,0,2,9,0.349251,0.999997,3.97245e-09,4.68336e-07,2.68996e-06,1.02438e-08,3.11114e-07,1,4.54557e-08
13547,0,12,1385.92,13,1400.02,0,2,0,0.349076,0.999999,6.65403e-10,7.85234e-08,4.51168e-07,1.71606e-09,5.21538e-08,1,7.61706e-09
13548,0,12,1385.92,13,1400.02,0,2,0,0.348902,0.999999,1.72592e-09,2.03868e-07,1.17177e-06,4.45158e-09,1.35383e-07,1,1.97651e-08
13549,0,12,1385.92,13,1400.02,0,2,0,0.348727,0.999996,4.39346e-09,5.19457e-07,2.98671e-06,1.1333e-08,3.44899e-07,1,5.03338e-08
13550,0,12,1385.92,13,1400.02,0,2,0,0.348553,0.999991,1.09799e-08,1.29945e-06,7.474e-06,2.83261e-08,8.62643e-07,0.999999,1.25844e-07
13551,0,12,1385.92,13,1400.02,0,2,0,0.348379,0.999978,2.695e-08,3.19251e-06,1.83687e-05,6.95342e-08,2.11904e-06,0.999998,3.09009e-07
13552,0,12,1385.92,13,1400.02,0,2,9,0.348205,0.999948,6.49882e-08,7.70587e-06,4.43528e-05,1.677e-07,5.11411e-06,0.999994,7.45479e-07
13553,0,12,1385.92,13,1400.02,0,2,0,0.34803,0.999992,1.02733e-08,1.2193e-06,7.02042e-06,2.65118e-08,8.09048e-07,0.999999,1.17889e-07
13554,0,12,1385.92,13,1400.5,0,2,9,0.347856,0.99998,2.52569e-08,3.00053e-06,1.72823e-05,6.51875e-08,1.99065e-06,0.999998,2.89952e-07
13555,0,12,1385.92,13,1400.5,0,2,0,0.347682,0.999997,4.0644e-09,4.83312e-07,2.78473e-06,1.04911e-08,3.20591e-07,1,4.66783e-08
13556,0,12,1385.92,13,1400.5,0,2,0,0.347509,0.999992,1.01798e-08,1.21167e-06,6.98382e-06,2.62795e-08,8.03606e-07,0.999999,1.1696e-07
13557,0,12,1385.92,13,1400.5,0,2,0,0.347335,0.99998,2.50396e-08,2.98325e-06,1.72008e-05,6.46491e-08,1.97827e-06,0.999998,2.87815e-07
13558,0,12,1385.92,13,1400.5,0,2,0,0.347161,0.999951,6.05083e-08,7.21593e-06,4.16202e-05,1.56247e-07,4.78445e-06,0.999994,6.95814e-07
13559,0,12,1385.92,13,1400.5,0,2,0,0.346988,0.999884,1.43695e-07,1.71528e-05,9.89692e-05,3.71124e-07,1.1372e-05,0.999987,1.65322e-06
13560,0,12,1385.92,13,1400.5,0,2,0,0.346814,0.999728,3.35459e-07,4.00819e-05,0.000231347,8.6662e-07,2.65731e-05,0.999969,3.86161e-06
13561,0,12,1385.92,13,1400.5,0,2,0,0.346641,0.999375,7.70024e-07,9.20934e-05,0.000531737,1.99013e-06,6.10652e-05,0.999928,8.87059e-06
13562,0,12,1385.92,13,1400.02,0,2,13,0.346467,0.998588,1.73811e-06,0.000208074,0.00120182,4.49585e-06,0.000138045,0.999837,2.00453e-05
13563,0,12,1385.92,13,1400.02,0,2,0,0.346294,0.999938,7.68568e-08,9.20953e-06,5.32122e-05,1.98588e-07,6.10182e-06,0.999993,8.85691e-07
13564,0,12,1385.92,13,1400.02,0,2,0,0.346121,0.999852,1.81752e-07,2.17996e-05,0.000126001,4.69717e-07,1.44424e-05,0.999983,2.09554e-06
13565,0,12,1385.92,13,1400.02,0,2,0,0.345948,0.999656,4.22541e-07,5.0729e-05,0.000293315,1.09234e-06,3.36094e-05,0.99996,4.87471e-06
13566,0,12,1385.92,13,1400.02,0,2,0,0.345775,0.999212,9.65921e-07,0.000116077,0.00067139,2.49838e-06,7.69233e-05,0.999909,1.11526e-05
13567,0,12,1385.92,13,1400.02,0,2,0,0.345602,0.998225,2.17125e-06,0.000261173,0.00151116,5.62164e-06,0.000173205,0.999796,2.51022e-05
13568,0,12,1385.92,13,1400.02,0,2,0,0.345429,0.996074,4.79779e-06,0.000577666,0.00334358,1.24475e-05,0.000383775,0.999548,5.55982e-05
13569,0,12,1385.92,13,1400.02,0,2,9,0.345257,0.99147,1.04113e-05,0.00125475,0.00726518,2.7126e-05,0.000836908,0.999015,0.000121198
13570,0,12,1385.92,13,1400.02,0,2,0,0.345084,0.998779,1.48801e-06,0.000179504,0.00103971,3.85229e-06,0.000118935,0.99986,1.72171e-05
13571,0,12,1385.92,13,1400.02,0,2,0,0.344911,0.997276,3.316e-06,0.000400404,0.00232002,8.59738e-06,0.000265616,0.999687,3.84358e-05
13572,0,12,1385.92,13,1400.02,0,2,0,0.344739,0.994028,7.26111e-06,0.000877614,0.00508686,1.88829e-05,0.000583787,0.999313,8.44438e-05
13573,0,12,1385.92,13,1400.02,0,2,0,0.344567,0.987156,1.55981e-05,0.00188708,0.0109418,4.08191e-05,0.00126284,0.998514,0.000182597
13574,0,12,1385.92,13,1400.02,0,2,9,0.344394,0.972993,3.27559e-05,0.00396665,0.0230078,8.68334e-05,0.00268825,0.996836,0.00038855
13575,0,12,1385.92,13,1400.02,0,2,0,0.344222,0.99617,4.63933e-06,0.000562348,0.00326294,1.20469e-05,0.000373212,0.999561,5.39218e-05
13576,0,12,1385.92,13,1400.02,0,2,9,0.34405,0.991666,1.00828e-05,0.00122334,0.00710076,2.62908e-05,0.000815047,0.999041,0.000117713
13577,0,12,1385.92,13,1400.02,0,2,9,0.343878,0.99881,1.43733e-06,0.000174559,0.00101357,3.72462e-06,0.000115547,0.999864,1.66814e-05
13578,0,12,1385.92,13,1400.02,0,2,9,0.343706,0.999825,2.11585e-07,2.57209e-05,0.000149399,5.47874e-07,1.70081e-05,0.99998,2.45449e-06
13579,0,12,1385.92,13,1400.02,0,2,0,0.343534,0.999973,3.23097e-08,3.93143e-06,2.28437e-05,8.3663e-08,2.59901e-06,0.999997,3.74925e-07
13580,0,12,1385.92,13,1400.02,0,2,0,0.343362,0.999935,7.78663e-08,9.48385e-06,5.51256e-05,2.01664e-07,6.26904e-06,0.999993,9.04002e-07
13581,0,12,1385.92,13,1400.02,0,2,0,0.343191,0.999847,1.84427e-07,2.24842e-05,0.000130737,4.7775e-07,1.48618e-05,0.999983,2.14226e-06
13582,0,12,1385.92,13,1400.02,0,2,9,0.343019,0.999642,4.29419e-07,5.24023e-05,0.000304807,1.11275e-06,3.46393e-05,0.999959,4.99116e-06
13583,0,12,1385.92,13,1400.02,0,2,0,0.342848,0.999946,6.45577e-08,7.88561e-06,4.58841e-05,1.67268e-07,5.21053e-06,0.999994,7.50492e-07
13584,0,12,1385.92,13,1400.02,0,2,0,0.342676,0.999872,1.53526e-07,1.8771e-05,0.000109261,3.9787e-07,1.24025e-05,0.999985,1.78568e-06
13585,0,12,1385.92,13,1400.02,0,2,0,0.342505,0.9997,3.58897e-07,4.3923e-05,0.000255755,9.30377e-07,2.90219e-05,0.999966,4.17688e-06
13586,0,12,1385.92,13,1400.02,0,2,0,0.342334,0.99931,8.24905e-07,0.000101052,0.000588613,2.13948e-06,6.67843e-05,0.999921,9.60799e-06
13587,0,12,1385.92,13,1400.02,0,2,9,0.342162,0.998438,1.86429e-06,0.000228598,0.00133202,4.83972e-06,0.000151177,0.999822,2.17408e-05
13588,0,12,1385.92,13,1400.02,0,2,0,0.341991,0.999772,2.7192e-07,3.33747e-05,0.00019454,7.0518e-07,2.20426e-05,0.999974,3.16873e-06
13589,0,12,1385.92,13,1400.02,0,2,0,0.34182,0.999472,6.28699e-07,7.72389e-05,0.000450383,1.63111e-06,5.10206e-05,0.99994,7.3316e-06
13590,0,12,1385.92,13,1400.02,0,2,9,0.341649,0.998798,1.42928e-06,0.000175763,0.00102524,3.71094e-06,0.000116157,0.999863,1.66851e-05
13591,0,12,1385.92,13,1400.02,0,2,0,0.341479,0.999824,2.09232e-07,2.57548e-05,0.000150283,5.42834e-07,1.70031e-05,0.99998,2.44143e-06
13592,0,12,1385.92,13,1400.02,0,2,0,0.341308,0.99959,4.86468e-07,5.99379e-05,0.00034987,1.26255e-06,3.95739e-05,0.999953,5.68011e-06
13593,0,12,1385.92,13,1400.02,0,2,9,0.341137,0.999061,1.11209e-06,0.000137153,0.000800871,2.88806e-06,9.05868e-05,0.999894,1.2997e-05
13594,0,12,1385.92,13,1400.02,0,2,0,0.340967,0.999862,1.63359e-07,2.01663e-05,0.000117798,4.24003e-07,1.33084e-05,0.999984,1.9087e-06
13595,0,12,1385.92,13,1400.02,0,2,0,0.340796,0.999677,3.8182e-07,4.71803e-05,0.000275693,9.91343e-07,3.11374e-05,0.999963,4.46399e-06
13596,0,12,1385.92,13,1400.02,0,2,0,0.340626,0.999256,8.77436e-07,0.000108527,0.000634387,2.27935e-06,7.16422e-05,0.999916,1.02669e-05
13597,0,12,1385.92,13,1400.02,0,2,0,0.340456,0.998317,1.98259e-06,0.000245455,0.00143531,5.15538e-06,0.00016215,0.999809,2.32285e-05
13598,0,12,1385.92,13,1400.02,0,2,0,0.340285,0.996258,4.40343e-06,0.000545694,0.00319208,1.14731e-05,0.00036111,0.999576,5.17099e-05
13599,0,12,1385.92,13,1400.02,0,2,9,0.340115,0.991827,9.60452e-06,0.00119139,0.00697157,2.51277e-05,0.000791423,0.99907,0.000113286
13600,0,12,1385.92,13,1400.02,0,2,0,0.339945,0.998844,1.35658e-06,0.000168438,0.000985989,3.52758e-06,0.000111182,0.999869,1.59085e-05
13601,0,12,1385.92,13,1400.02,0,2,9,0.339775,0.997408,3.03867e-06,0.000377657,0.00221148,7.91297e-06,0.000249572,0.999707,3.56963e-05
13602,0,12,1385.92,13,1400.02,0,2,9,0.339605,0.999627,4.36637e-07,5.43193e-05,0.000318195,1.13499e-06,3.58217e-05,0.999958,5.1216e-06
13603,0,12,1385.92,13,1400.02,0,2,0,0.339435,0.999944,6.50497e-08,8.10024e-06,4.74668e-05,1.69069e-07,5.33973e-06,0.999994,7.6315e-07
13604,0,12,1385.92,13,1400.02,0,2,0,0.339266,0.999867,1.55007e-07,1.93207e-05,0.000113258,4.02967e-07,1.27358e-05,0.999985,1.81948e-06
13605,0,12,1385.92,13,1400.02,0,2,0,0.339096,0.999689,3.6307e-07,4.52982e-05,0.000265632,9.44168e-07,2.9861e-05,0.999965,4.26439e-06
13606,0,12,1385.92,13,1400.02,0,2,0,0.338927,0.999282,8.36096e-07,0.000104416,0.000612519,2.17542e-06,6.88491e-05,0.999919,9.82837e-06
13607,0,12,1385.92,13,1400.02,0,2,0,0.338757,0.998373,1.89309e-06,0.000236647,0.0013887,4.93039e-06,0.000156148,0.999817,2.22818e-05
13608,0,12,1385.92,13,1400.02,0,2,9,0.338588,0.996374,4.21331e-06,0.000527196,0.0030948,1.09945e-05,0.000348444,0.999591,4.97024e-05
13609,0,12,1385.92,13,1400.03,0,2,9,0.338418,0.999483,6.00197e-07,7.5173e-05,0.000441445,1.56214e-06,4.95421e-05,0.999942,7.064e-06
13610,0,12,1385.92,13,1400.03,0,2,9,0.338249,0.999924,8.8593e-08,1.11068e-05,6.52463e-05,2.3053e-07,7.31615e-06,0.999991,1.04277e-06
13611,0,12,1385.92,13,1400.03,0,2,0,0.33808,0.999988,1.35709e-08,1.70301e-06,1.00078e-05,3.5317e-08,1.12161e-06,0.999999,1.59801e-07
13612,0,12,1385.92,13,1400.03,0,2,0,0.337911,0.999971,3.33885e-08,4.19396e-06,2.46547e-05,8.69062e-08,2.7619e-06,0.999997,3.93347e-07
13613,0,12,1385.92,13,1400.02,0,2,13,0.337742,0.99993,8.07007e-08,1.01467e-05,5.96698e-05,2.10097e-07,6.68156e-06,0.999992,9.5121e-07
13614,0,12,1385.92,13,1400.02,0,2,0,0.337573,0.999997,3.65828e-09,4.60409e-07,2.7085e-06,9.52504e-09,3.03127e-07,1,4.31374e-08
13615,0,12,1385.92,13,1400.02,0,2,0,0.337404,0.999992,9.24029e-09,1.16405e-06,6.85032e-06,2.4063e-08,7.66319e-07,0.999999,1.09011e-07
13616,0,12,1385.92,13,1400.02,0,2,0,0.337236,0.99998,2.29176e-08,2.88986e-06,1.70125e-05,5.96915e-08,1.90227e-06,0.999998,2.70497e-07
13617,0,12,1385.92,13,1400.02,0,2,0,0.337067,0.999951,5.58316e-08,7.04706e-06,4.15005e-05,1.45448e-07,4.6384e-06,0.999995,6.59309e-07
13618,0,12,1385.92,13,1400.02,0,2,0,0.336899,0.999884,1.33648e-07,1.68854e-05,9.94742e-05,3.48249e-07,1.11135e-05,0.999987,1.57908e-06
13619,0,12,1385.92,13,1400.02,0,2,0,0.33673,0.999726,3.14445e-07,3.97661e-05,0.000234351,8.19611e-07,2.6174e-05,0.999969,3.71751e-06
13620,0,12,1385.92,13,1400.02,0,2,9,0.336562,0.999364,7.2732e-07,9.20692e-05,0.000542778,1.89672e-06,6.06129e-05,0.999929,8.60553e-06
13621,0,12,1385.92,13,1400.02,0,2,9,0.336393,0.999907,1.06444e-07,1.34874e-05,7.95411e-05,2.77499e-07,8.87413e-06,0.99999,1.25941e-06
13622,0,12,1385.92,13,1400.02,0,2,9,0.336225,0.999986,1.6168e-08,2.05062e-06,1.20977e-05,4.21542e-08,1.34898e-06,0.999998,1.91372e-07
13623,0,12,1385.92,13,1400.02,0,2,0,0.336057,0.999998,2.54788e-09,3.23467e-07,1.90898e-06,6.64409e-09,2.12766e-07,1,3.01721e-08
13624,0,12,1385.92,13,1400.02,0,2,9,0.335889,0.999994,6.48819e-09,8.24509e-07,4.86766e-06,1.69222e-08,5.4228e-07,0.999999,7.68702e-08
13625,0,12,1385.92,13,1400.02,0,2,0,0.335721,0.999999,1.0402e-09,1.32315e-07,7.81424e-07,2.71345e-09,8.70141e-08,1,1.23297e-08
13626,0,12,1385.92,13,1400.02,0,2,0,0.335553,0.999998,2.69687e-09,3.43379e-07,2.02865e-06,7.03626e-09,2.25794e-07,1,3.1982e-08
13627,0,12,1385.92,13,1400.02,0,2,0,0.335386,0.999994,6.8621e-09,8.74564e-07,5.16868e-06,1.79067e-08,5.75026e-07,0.999999,8.14164e-08
13628,0,12,1385.92,13,1400.02,0,2,9,0.335218,0.999985,1.71422e-08,2.18687e-06,1.2929e-05,4.47409e-08,1.43773e-06,0.999998,2.03485e-07
13629,0,12,1385.92,13,1400.02,0,2,0,0.33505,0.999998,2.69116e-09,3.4365e-07,2.03241e-06,7.02503e-09,2.25903e-07,1,3.196e-08
13630,0,12,1385.92,13,1400.02,0,2,0,0.334883,0.999994,6.85008e-09,8.75577e-07,5.18018e-06,1.78848e-08,5.75517e-07,0.999999,8.13904e-08
13631,0,12,1385.92,13,1400.02,0,2,0,0.334715,0.999985,1.71184e-08,2.19019e-06,1.29625e-05,4.47022e-08,1.43948e-06,0.999998,2.03494e-07
13632,0,12,1385.92,13,1400.02,0,2,0,0.334548,0.999963,4.20139e-08,5.38064e-06,3.18562e-05,1.09735e-07,3.53609e-06,0.999996,4.99687e-07
13633,0,12,1385.92,13,1400.02,0,2,0,0.334381,0.99991,1.01306e-07,1.29867e-05,7.69151e-05,2.64657e-07,8.53421e-06,0.99999,1.2055e-06
13634,0,12,1385.92,13,1400.02,0,2,0,0.334213,0.999786,2.40062e-07,3.0804e-05,0.000182506,6.2733e-07,2.02431e-05,0.999976,2.85833e-06
13635,0,12,1385.92,13,1400.02,0,2,0,0.334046,0.999502,5.592e-07,7.18246e-05,0.000425693,1.46193e-06,4.72074e-05,0.999945,6.66309e-06
13636,0,12,1385.92,13,1400.02,0,2,9,0.333879,0.998858,1.28064e-06,0.000164647,0.000976186,3.35052e-06,0.000108267,0.999873,1.52754e-05
13637,0,12,1385.92,13,1400.02,0,2,9,0.333712,0.999836,1.84109e-07,2.36932e-05,0.000140526,4.81348e-07,1.55649e-05,0.999982,2.19519e-06
13638,0,12,1385.92,13,1400.02,0,2,0,0.333546,0.999975,2.74699e-08,3.53858e-06,2.0995e-05,7.18232e-08,2.3241e-06,0.999997,3.27649e-07
13639,0,12,1385.92,13,1400.02,0,2,0,0.333379,0.99994,6.68412e-08,8.61863e-06,5.11541e-05,1.74801e-07,5.66025e-06,0.999993,7.97664e-07
13640,0,12,1385.92,13,1400.02,0,2,0,0.333212,0.999857,1.59812e-07,2.06265e-05,0.000122468,4.18042e-07,1.35461e-05,0.999984,1.90822e-06
13641,0,12,1385.92,13,1400.02,0,2,0,0.333045,0.999663,3.75559e-07,4.85195e-05,0.000288183,9.82742e-07,3.18666e-05,0.999963,4.48724e-06
13642,0,12,1385.92,13,1400.02,0,2,0,0.332879,0.99922,8.67629e-07,0.000112201,0.000666655,2.27167e-06,7.37128e-05,0.999914,1.03757e-05
13643,0,12,1385.92,13,1400.02,0,2,9,0.332712,0.998227,1.97057e-06,0.00025508,0.00151613,5.16494e-06,0.000167713,0.999804,2.35977e-05
13644,0,12,1385.92,13,1400.02,0,2,0,0.332546,0.999748,2.80169e-07,3.63016e-05,0.000215845,7.33471e-07,2.38334e-05,0.999972,3.35211e-06
13645,0,12,1385.92,13,1400.02,0,2,0,0.33238,0.999412,6.51308e-07,8.44723e-05,0.000502441,1.70591e-06,5.54705e-05,0.999935,7.79874e-06
13646,0,12,1385.92,13,1400.02,0,2,0,0.332214,0.998655,1.48853e-06,0.000193245,0.00114983,3.90211e-06,0.000126972,0.999851,1.78443e-05
13647,0,12,1385.92,13,1400.02,0,2,0,0.332048,0.996976,3.34394e-06,0.000434543,0.0025865,8.78071e-06,0.000285917,0.999665,4.01662e-05
13648,0,12,1385.92,13,1400.02,0,2,0,0.331882,0.993318,7.37848e-06,0.000959762,0.00571477,1.94417e-05,0.000633502,0.999258,8.89609e-05
13649,0,12,1385.92,13,1400.02,0,2,9,0.331716,0.985527,1.5961e-05,0.00207816,0.0123786,4.23591e-05,0.00138122,0.998383,0.000193884
13650,0,12,1385.92,13,1400.02,0,2,0,0.33155,0.998007,2.19501e-06,0.000286075,0.00170461,5.76161e-06,0.000188002,0.99978,2.63798e-05
13651,0,12,1385.92,13,1400.02,0,2,0,0.331384,0.995553,4.89152e-06,0.00063813,0.00380373,1.28701e-05,0.000420244,0.999508,5.89442e-05
13652,0,12,1385.92,13,1400.02,0,2,9,0.331218,0.990261,1.06989e-05,0.0013971,0.00833074,2.82887e-05,0.000924352,0.998918,0.0001296
13653,0,12,1385.92,13,1400.02,0,2,9,0.331053,0.998656,1.4751e-06,0.000192811,0.00115012,3.87181e-06,0.000126602,0.999852,1.77435e-05
13654,0,12,1385.92,13,1400.02,0,2,0,0.330887,0.999808,2.09923e-07,2.74659e-05,0.000163893,5.50536e-07,1.80142e-05,0.999979,2.52373e-06
13655,0,12,1385.92,13,1400.02,0,2,0,0.330722,0.999551,4.91379e-07,6.43539e-05,0.000384146,1.2892e-06,4.22138e-05,0.999951,5.91168e-06
13656,0,12,1385.92,13,1400.02,0,2,9,0.330556,0.998965,1.13074e-06,0.000148232,0.000885156,2.96874e-06,9.72766e-05,0.999886,1.36174e-05
13657,0,12,1385.92,13,1400.02,0,2,0,0.330391,0.999852,1.61508e-07,2.11934e-05,0.0001266,4.23783e-07,1.38958e-05,0.999984,1.94445e-06
13658,0,12,1385.92,13,1400.02,0,2,0,0.330226,0.999651,3.80167e-07,4.99349e-05,0.000298394,9.97883e-07,3.27433e-05,0.999962,4.58001e-06
13659,0,12,1385.92,13,1400.02,0,2,0,0.330061,0.999192,8.79679e-07,0.000115659,0.000691385,2.3104e-06,7.58635e-05,0.999911,1.06073e-05
13660,0,12,1385.92,13,1400.02,0,2,0,0.329896,0.99816,2.00103e-06,0.000263348,0.00157481,5.26133e-06,0.00017288,0.999798,2.41628e-05
13661,0,12,1385.92,13,1400.02,0,2,9,0.329731,0.995881,4.47309e-06,0.000589263,0.00352502,1.17873e-05,0.000387584,0.999546,5.41498e-05
13662,0,12,1385.92,13,1400.02,0,2,9,0.329566,0.999427,6.21988e-07,8.20176e-05,0.000490812,1.63416e-06,5.37711e-05,0.999937,7.50948e-06
13663,0,12,1385.92,13,1400.02,0,2,0,0.329401,0.999917,8.96255e-08,1.18299e-05,7.08182e-05,2.35415e-07,7.75163e-06,0.999991,1.08214e-06
13664,1,12,1385.92,13,1400.02,0,2,9,0.329236,0.999803,2.13599e-07,2.8221e-05,0.000169002,5.61211e-07,1.84922e-05,0.999978,2.58052e-06
13665,1,12,1385.92,13,1400.02,0,1,0,0.329072,1,4.71986e-14,7.46482e-14,6.71719e-14,8.63671e-14,1,4.01646e-14,4.1282e-14
13666,1,12,1385.92,13,1400.02,0,1,0,0.328907,1,1.43298e-13,2.26658e-13,2.03953e-13,2.62231e-13,1,1.21931e-13,1.25324e-13
13667,1,12,1385.92,13,1400.02,0,1,0,0.328743,1,4.25644e-13,6.73312e-13,6.05852e-13,7.78957e-13,1,3.62139e-13,3.72218e-13
13668,1,12,1385.92,13,1400.02,0,1,0,0.328578,1,1.23746e-12,1.95768e-12,1.7615e-12,2.26477e-12,1,1.05273e-12,1.08204e-12
13669,1,12,1385.92,13,1400.02,0,1,0,0.328414,1,3.52275e-12,5.57354e-12,5.01491e-12,6.44761e-12,1,2.99659e-12,3.08002e-12
13670,1,12,1385.92,13,1400.02,0,1,9,0.32825,1,9.82376e-12,1.55442e-11,1.39859e-11,1.79813e-11,1,8.35569e-12,8.58839e-12
13671,1,12,1385.92,13,1400.02,0,1,0,0.328086,1,1.67844e-12,2.65604e-12,2.38972e-12,3.07237e-12,1,1.42748e-12,1.46724e-12
13672,1,12,1385.92,13,1400.02,0,1,9,0.327922,1,4.75077e-12,7.51854e-12,6.76453e-12,8.69681e-12,1,4.04007e-12,4.15263e-12
13673,1,12,1385.92,13,1400.02,0,1,0,0.327758,1,8.22708e-13,1.30213e-12,1.17152e-12,1.50615e-12,1,6.9957e-13,7.19064e-13
13674,1,12,1385.92,13,1400.02,0,1,9,0.327594,1,2.36225e-12,3.73916e-12,3.36403e-12,4.3249e-12,1,2.0085e-12,2.06448e-12
13675,1,12,1385.92,13,1400.02,0,1,0,0.32743,1,4.14401e-13,6.5601e-13,5.90183e-13,7.58753e-13,1,3.52314e-13,3.62135e-13
13676,1,12,1385.92,13,1400.02,0,1,0,0.327266,1,1.20639e-12,1.90992e-12,1.71824e-12,2.20899e-12,1,1.02555e-12,1.05415e-12
13677,1,12,1385.92,13,1400.02,0,1,0,0.327103,1,3.43879e-12,5.4447e-12,4.89815e-12,6.29713e-12,1,2.92307e-12,3.00458e-12
13678,1,12,1385.92,13,1400.02,0,1,0,0.326939,1,9.60193e-12,1.52043e-11,1.36778e-11,1.75843e-11,1,8.16122e-12,8.38887e-12
13679,1,12,1385.92,13,1400.02,0,1,0,0.326776,1,2.62739e-11,4.16076e-11,3.74294e-11,4.81195e-11,1,2.23298e-11,2.29527e-11
13680,1,12,1385.92,13,1400.02,0,1,0,0.326612,1,7.04816e-11,1.11626e-10,1.00414e-10,1.29093e-10,1,5.98962e-11,6.15677e-11
13681,1,12,1385.92,13,1400.02,0,1,9,0.326449,1,1.85432e-10,2.93706e-10,2.64201e-10,3.39659e-10,1,1.5757e-10,1.61968e-10
13682,1,12,1385.92,13,1400.02,0,1,9,0.326286,1,2.97422e-11,4.71131e-11,4.23793e-11,5.44833e-11,1,2.52712e-11,2.59767e-11
13683,1,12,1385.92,13,1400.02,0,1,0,0.326123,1,4.9443e-12,7.83273e-12,7.04557e-12,9.05789e-12,1,4.20071e-12,4.318e-12
13684,1,12,1385.92,13,1400.02,0,1,9,0.32596,1,1.37151e-11,2.17293e-11,1.95452e-11,2.51277e-11,1,1.16515e-11,1.19769e-11
13685,1,12,1385.92,13,1400.02,0,1,9,0.325797,1,2.31308e-12,3.66505e-12,3.29659e-12,4.23818e-12,1,1.9649e-12,2.01979e-12
13686,1,12,1385.92,13,1400.02,0,1,0,0.325634,1,4.03921e-13,6.40066e-13,5.75705e-13,7.40146e-13,1,3.43094e-13,3.52679e-13
13687,1,12,1385.92,13,1400.02,0,1,0,0.325471,1,1.17778e-12,1.86652e-12,1.6788e-12,2.15833e-12,1,1.00034e-12,1.02829e-12
13688,1,12,1385.92,13,1400.02,0,1,0,0.325308,1,3.36257e-12,5.32942e-12,4.79332e-12,6.16254e-12,1,2.85576e-12,2.93558e-12
13689,0,12,1385.92,13,1398.53,0,1,13,0.325146,1,9.40372e-12,1.49056e-11,1.34059e-11,1.72354e-11,1,7.98578e-12,8.20903e-12
13690,0,12,1385.92,13,1398.53,0,2,0,0.324983,0.99999,1.00467e-08,1.36161e-06,8.2305e-06,2.65315e-08,8.90303e-07,0.999999,1.22969e-07
13691,0,12,1385.92,13,1398.53,0,2,9,0.32482,0.999976,2.50808e-08,3.40252e-06,2.05745e-05,6.62469e-08,2.22458e-06,0.999997,3.07139e-07
13692,0,12,1385.92,13,1398.53,0,2,0,0.324658,0.999996,3.80012e-09,5.16039e-07,3.12153e-06,1.0039e-08,3.37349e-07,1,4.6558e-08
13693,0,12,1385.92,13,1398.53,0,2,0,0.324496,0.999991,9.67338e-09,1.31489e-06,7.95668e-06,2.55596e-08,8.59503e-07,0.999999,1.18574e-07
13694,0,12,1385.92,13,1398.53,0,2,0,0.324334,0.999977,2.41751e-08,3.28933e-06,1.99115e-05,6.38894e-08,2.14994e-06,0.999997,2.96482e-07
13695,0,12,1385.92,13,1398.53,0,2,0,0.324171,0.999943,5.93361e-08,8.08136e-06,4.89372e-05,1.56846e-07,5.28172e-06,0.999994,7.28072e-07
13696,0,12,1385.92,13,1398.53,0,2,9,0.324009,0.999862,1.43079e-07,1.95059e-05,0.000118162,3.78302e-07,1.27482e-05,0.999985,1.7566e-06
13697,0,12,1385.92,13,1398.53,0,2,0,0.323847,0.99998,2.08989e-08,2.85196e-06,1.72826e-05,5.52613e-08,1.86353e-06,0.999998,2.56679e-07
13698,0,12,1385.92,13,1398.53,0,2,9,0.323685,0.99995,5.14603e-08,7.02941e-06,4.26131e-05,1.36101e-07,4.59284e-06,0.999995,6.32359e-07
13699,0,12,1385.92,13,1398.53,0,2,9,0.323523,0.999993,7.66295e-09,1.04778e-06,6.35404e-06,2.02697e-08,6.84501e-07,0.999999,9.42072e-08
13700,0,12,1385.92,13,1398.53,0,2,0,0.323362,0.999999,1.18438e-09,1.62103e-07,9.83393e-07,3.13342e-09,1.05889e-07,1,1.45676e-08
13701,0,12,1385.92,13,1398.53,0,2,0,0.3232,0.999997,3.08804e-09,4.23069e-07,2.56746e-06,8.17133e-09,2.76331e-07,1,3.8001e-08
13702,0,12,1385.92,13,1398.53,0,2,0,0.323038,0.999992,7.90096e-09,1.08352e-06,6.57787e-06,2.09108e-08,7.07645e-07,0.999999,9.72765e-08
13703,0,12,1385.92,13,1398.53,0,2,9,0.322877,0.999981,1.98446e-08,2.72411e-06,1.65437e-05,5.25313e-08,1.77897e-06,0.999998,2.44449e-07
13704,0,12,1385.92,13,1398.53,0,2,0,0.322715,0.999997,3.00454e-09,4.12847e-07,2.50814e-06,7.95479e-09,2.69578e-07,1,3.70281e-08
13705,0,12,1385.92,13,1398.53,0,2,0,0.322554,0.999993,7.69405e-09,1.05826e-06,6.43152e-06,2.03745e-08,6.90954e-07,0.999999,9.48691e-08
13706,0,12,1385.92,13,1398.53,0,2,0,0.322393,0.999981,1.93415e-08,2.6629e-06,1.61895e-05,5.12279e-08,1.7385e-06,0.999998,2.38604e-07
13707,0,12,1385.92,13,1398.53,0,2,0,0.322232,0.999953,4.77459e-08,6.58007e-06,4.00188e-05,1.26487e-07,4.29555e-06,0.999995,5.89317e-07
13708,0,12,1385.92,13,1398.53,0,2,0,0.322071,0.999887,1.15782e-07,1.59722e-05,9.7175e-05,3.06801e-07,1.04265e-05,0.999988,1.42987e-06
13709,0,12,1385.92,13,1398.53,0,2,0,0.321909,0.99973,2.75891e-07,3.80967e-05,0.000231865,7.31297e-07,2.48703e-05,0.999971,3.4093e-06
13710,0,12,1385.92,13,1398.53,0,2,0,0.321749,0.999366,6.46131e-07,8.93098e-05,0.000543755,1.71356e-06,5.83166e-05,0.999932,7.99107e-06
13711,0,12,1385.92,13,1398.53,0,2,0,0.321588,0.998539,1.4874e-06,0.000205795,0.00125342,3.94829e-06,0.000134465,0.999843,1.84183e-05
13712,0,12,1385.92,13,1398.53,0,2,9,0.321427,0.996691,3.36482e-06,0.000466011,0.00283932,8.94832e-06,0.000304963,0.999644,4.17556e-05
13713,0,12,1385.92,13,1398.53,0,2,9,0.321266,0.999547,4.59625e-07,6.37187e-05,0.000388367,1.21942e-06,4.15879e-05,0.999952,5.69196e-06
13714,0,12,1385.92,13,1398.53,0,2,0,0.321106,0.999936,6.51213e-08,9.0368e-06,5.50994e-05,1.72745e-07,5.89554e-06,0.999993,8.06577e-07
13715,0,12,1385.92,13,1398.53,0,2,9,0.320945,0.999845,1.57067e-07,2.18175e-05,0.000133074,4.16757e-07,1.42334e-05,0.999983,1.94651e-06
13716,0,12,1385.92,13,1398.53,0,2,0,0.320785,0.999978,2.2706e-08,3.15711e-06,1.92635e-05,6.02516e-08,2.05921e-06,0.999998,2.81499e-07
13717,0,12,1385.92,13,1398.53,0,2,0,0.320624,0.999945,5.59352e-08,7.78508e-06,4.75189e-05,1.4846e-07,5.07747e-06,0.999994,6.93826e-07
13718,0,12,1385.92,13,1399.18,0,2,9,0.320464,0.999866,1.35364e-07,1.88587e-05,0.000115152,3.59368e-07,1.22994e-05,0.999986,1.68002e-06
13719,0,12,1385.92,13,1399.18,0,2,0,0.320304,0.999981,1.95996e-08,2.73326e-06,1.66955e-05,5.20377e-08,1.78226e-06,0.999998,2.43349e-07
13720,0,12,1385.92,13,1399.18,0,2,0,0.320143,0.999952,4.84399e-08,6.76187e-06,4.13183e-05,1.28638e-07,4.40887e-06,0.999995,6.01744e-07
13721,0,12,1385.92,13,1399.18,0,2,0,0.319983,0.999883,1.176e-07,1.64324e-05,0.000100446,3.12378e-07,1.07139e-05,0.999988,1.4617e-06
13722,0,12,1385.92,13,1396.75,0,2,13,0.319823,0.999721,2.80537e-07,3.92386e-05,0.00023994,7.45434e-07,2.55849e-05,0.99997,3.48916e-06
13723,0,12,1385.92,13,1396.75,0,2,0,0.319663,0.999989,1.15093e-08,1.61138e-06,9.85703e-06,3.05804e-08,1.05033e-06,0.999999,1.43183e-07
13724,0,12,1385.92,13,1396.75,0,2,0,0.319504,0.999971,2.87594e-08,4.03052e-06,2.46641e-05,7.64302e-08,2.62696e-06,0.999997,3.57969e-07
13725,0,12,1385.92,13,1396.75,0,2,0,0.319344,0.999929,7.05786e-08,9.90111e-06,6.06101e-05,1.8761e-07,6.45286e-06,0.999992,8.78965e-07
13726,0,12,1385.92,13,1396.75,0,2,0,0.319184,0.99983,1.70164e-07,2.3895e-05,0.000146328,4.52451e-07,1.55731e-05,0.999982,2.12041e-06
13727,0,12,1385.92,13,1396.75,0,2,0,0.319025,0.999596,4.03164e-07,5.66698e-05,0.000347159,1.07241e-06,3.69377e-05,0.999957,5.02739e-06
13728,0,12,1385.92,13,1396.75,0,2,0,0.318865,0.999057,9.38839e-07,0.000132096,0.000809514,2.49896e-06,8.61347e-05,0.9999,1.17186e-05
13729,0,12,1385.92,13,1396.75,0,2,0,0.318706,0.99784,2.14871e-06,0.000302627,0.00185523,5.72667e-06,0.000197528,0.99977,2.6863e-05
13730,0,12,1385.92,13,1396.75,0,2,9,0.318546,0.995137,4.83096e-06,0.000681071,0.00417677,1.2909e-05,0.00044558,0.999481,6.05729e-05
13731,0,12,1385.92,13,1396.75,0,2,0,0.318387,0.999344,6.50769e-07,9.18365e-05,0.000563407,1.73273e-06,5.98511e-05,0.99993,8.13302e-06
13732,0,12,1385.92,13,1396.75,0,2,0,0.318228,0.998485,1.50131e-06,0.000212074,0.00130152,4.0012e-06,0.000138305,0.999839,1.87864e-05
13733,0,12,1385.92,13,1396.75,0,2,0,0.318069,0.996561,3.40328e-06,0.000481224,0.00295439,9.08762e-06,0.000314345,0.999634,4.26814e-05
13734,0,12,1385.92,13,1396.75,0,2,0,0.31791,0.992337,7.57378e-06,0.00107199,0.00658372,2.03047e-05,0.000702846,0.999181,9.53936e-05
13735,0,12,1385.92,13,1396.75,0,2,0,0.317751,0.983274,1.65089e-05,0.00233899,0.0143703,4.46316e-05,0.00154602,0.9982,0.000209749
13736,0,12,1385.92,13,1396.75,0,2,0,0.317592,0.96442,3.50727e-05,0.00497404,0.0305706,9.64876e-05,0.00334466,0.996105,0.00045359
13737,0,12,1385.92,13,1396.75,0,2,0,0.317433,0.92695,7.19149e-05,0.0102091,0.0627685,0.000204974,0.00711027,0.991721,0.000963884
13738,0,12,1385.92,13,1396.75,0,2,0,0.317274,0.857743,0.000139865,0.0198752,0.122242,0.000426994,0.0148224,0.982742,0.00200855
13739,0,12,1385.92,13,1396.75,3,2,0,0.317116,0.744058,0.000251311,0.0357472,0.219943,0.000868533,0.0301711,0.964874,0.00408679
13740,0,12,1385.92,13,1396.75,0,2,0,0.316957,0.825366,0.000278327,0.0396294,0.134727,0.00171108,0.0594816,0.930754,0.00805378
13741,0,12,1385.92,13,1396.75,0,2,0,0.316799,0.698028,0.000480707,0.068513,0.232978,0.00321953,0.111999,0.869623,0.0151586
13742,0,12,1385.92,13,1396.75,0,2,0,0.31664,0.534134,0.000740735,0.105678,0.359447,0.0056656,0.197231,0.77042,0.0266836
13743,0,12,1385.92,13,1396.75,3,2,9,0.316482,0.365708,0.00100735,0.143858,0.489427,0.00909628,0.316885,0.631164,0.0428547
13744,0,12,1385.92,13,1396.75,3,3,0,0.316324,0.078768,0.000216712,0.030979,0.890036,0.00156663,0.054615,0.936435,0.00738302
13745,0,12,1385.92,13,1396.75,0,2,0,0.316166,0.145254,0.000399163,0.0571172,0.797229,0.00156696,0.0546655,0.937835,0.00593246
13746,0,12,1385.92,13,1383.03,3,2,13,0.316007,0.0902491,0.00042422,0.0607629,0.848564,0.00297478,0.103853,0.881907,0.0112654
13747,0,12,1385.92,13,1383.03,3,2,0,0.315849,0.00367957,1.72775e-05,0.00247719,0.993826,0.000114662,0.0040058,0.995445,0.000434335
13748,0,12,1385.92,13,1383.03,3,2,0,0.315692,0.00792641,3.71786e-05,0.00533585,0.986701,0.000242879,0.00849122,0.990346,0.000920264
13749,0,12,1385.92,13,1383.03,3,2,0,0.315534,0.0166862,7.81825e-05,0.0112319,0.972004,0.000504148,0.0176379,0.979947,0.00191072
13750,0,12,1385.92,13,1383.03,3,2,0,0.315376,0.0340761,0.00015949,0.0229355,0.942829,0.00102042,0.0357254,0.959386,0.00386842
13751,0,12,1385.92,13,1383.03,0,2,9,0.315218,0.066609,0.000311424,0.0448288,0.888251,0.00199551,0.0699136,0.920524,0.00756702
13752,0,12,1385.92,13,1383.03,0,2,0,0.315061,0.430484,0.000189721,0.0273371,0.541989,0.000257656,0.00903349,0.989732,0.000977295
13753,0,12,1385.92,13,1383.03,3,2,9,0.314903,0.274269,0.000241383,0.0348157,0.690674,0.000534087,0.0187386,0.978701,0.00202635
13754,0,12,1385.92,13,1382.63,3,2,13,0.314746,0.0459893,4.04181e-05,0.00583547,0.948135,6.71079e-05,0.00235618,0.997322,0.000254678
13755,0,12,1385.92,13,1382.63,3,2,0,0.314588,0.00176008,1.54468e-06,0.00022324,0.998015,2.46891e-06,8.6746e-05,0.999901,9.37216e-06
13756,0,12,1385.92,13,1382.63,3,2,0,0.314431,0.00400102,3.50644e-06,0.000507261,0.995488,5.67679e-06,0.000199598,0.999773,2.15552e-05
13757,0,12,1385.92,13,1382.63,3,2,0,0.314274,0.00892195,7.80808e-06,0.00113068,0.98994,1.28386e-05,0.000451732,0.999487,4.87624e-05
13758,0,12,1385.92,13,1382.63,3,2,9,0.314117,0.0194558,1.70028e-05,0.00246462,0.978063,2.85637e-05,0.00100574,0.998857,0.000108517
13759,0,12,1385.92,13,1382.63,3,2,0,0.31396,0.00256528,2.2387e-06,0.000324831,0.997108,3.72916e-06,0.000131399,0.999851,1.41713e-05
13760,0,12,1385.92,13,1382.63,3,2,0,0.313803,0.00578478,5.04122e-06,0.000732199,0.993478,8.50813e-06,0.000300002,0.999659,3.23406e-05
13761,0,12,1385.92,13,1382.63,3,2,0,0.313646,0.0127819,1.11233e-05,0.00161718,0.98559,1.90946e-05,0.000673767,0.999235,7.26004e-05
13762,0,12,1385.92,13,1382.63,3,2,9,0.313489,0.0275512,2.39422e-05,0.00348436,0.968941,4.21562e-05,0.00148857,0.998309,0.000160327
13763,0,12,1385.92,13,1382.63,3,2,0,0.313332,0.00363047,3.15046e-06,0.000458951,0.995907,5.45423e-06,0.000192731,0.999781,2.07489e-05
13764,0,12,1385.92,13,1382.63,3,2,0,0.313175,0.00812323,7.03929e-06,0.00102649,0.990843,1.23552e-05,0.000436895,0.999504,4.70139e-05
13765,0,12,1385.92,13,1382.63,3,2,0,0.313019,0.0177828,1.53882e-05,0.00224618,0.979956,2.75318e-05,0.000974256,0.998893,0.000104792
13766,0,12,1385.92,13,1382.63,3,2,0,0.312862,0.0378577,3.27136e-05,0.0047799,0.95733,6.03482e-05,0.00213704,0.997573,0.00022976
13767,0,12,1385.92,13,1382.63,3,2,0,0.312706,0.0774601,6.68405e-05,0.00977604,0.912697,0.000130057,0.00460885,0.994766,0.000495291
13768,0,12,1385.92,13,1382.63,3,2,0,0.31255,0.149251,0.000128607,0.0188288,0.831792,0.000275225,0.00976016,0.988916,0.00104841
13769,0,12,1385.92,13,1382.63,0,2,0,0.312393,0.263022,0.000226322,0.0331678,0.703584,0.000570295,0.0202385,0.977018,0.00217299
13770,0,12,1385.92,13,1382.19,0,1,13,0.312237,0.160855,0.00025729,0.0377438,0.801144,0.00115057,0.0408603,0.953604,0.00438518
13771,0,12,1385.92,13,1382.19,0,2,0,0.312081,0.866897,4.07463e-05,0.00598335,0.127079,0.000443676,0.629647,0.368218,0.00169144
13772,0,12,1385.92,13,1382.19,0,1,9,0.311925,0.753191,7.54351e-05,0.0110882,0.235645,0.000540217,0.767766,0.229633,0.00206004
13773,0,12,1385.92,13,1382.19,0,1,0,0.311769,0.960907,1.19297e-05,0.00175531,0.0373262,8.25489e-05,0.96447,0.0351321,0.000314873
13774,0,12,1385.92,13,1382.19,0,1,0,0.311613,0.918133,2.4943e-05,0.00367371,0.0781685,0.000170361,0.926588,0.072592,0.000649995
13775,0,12,1385.92,13,1382.19,2,2,0,0.311457,0.838616,4.90923e-05,0.00723776,0.154098,0.000333142,0.856269,0.142126,0.00127141
13776,0,12,1385.92,13,1382.19,0,1,9,0.311302,0.840145,4.90861e-05,0.00547923,0.154326,0.000354119,0.911616,0.0866779,0.00135183
13777,0,12,1385.92,13,1382.19,0,1,9,0.311146,0.976721,7.13677e-06,0.000797394,0.0224741,4.71628e-05,0.988216,0.0115568,0.000180089
13778,0,12,1385.92,13,1382.19,0,1,0,0.31099,0.9969,9.4884e-07,0.000106114,0.00299278,6.10004e-06,0.998474,0.0014964,2.3299e-05
13779,0,12,1385.92,13,1382.19,0,1,0,0.310835,0.992876,2.17702e-06,0.000243699,0.00687772,1.37883e-05,0.996547,0.00338613,5.26783e-05
13780,0,12,1385.92,13,1382.19,0,1,0,0.310679,0.983976,4.88934e-06,0.000547836,0.0154715,3.05988e-05,0.99233,0.00752274,0.000116934
13781,0,12,1385.92,13,1382.19,0,1,0,0.310524,0.964903,1.0692e-05,0.00119914,0.0338876,6.65169e-05,0.983308,0.0163712,0.000254265
13782,0,12,1385.92,13,1382.19,0,2,0,0.310369,0.925949,2.25229e-05,0.00252839,0.0715,0.000140953,0.96459,0.0347297,0.000538944
13783,0,12,1385.92,13,1382.19,0,1,0,0.310214,0.852418,4.48164e-05,0.00503579,0.142501,0.000142416,0.976331,0.0229815,0.000544688
13784,0,12,1385.92,13,1382.19,0,1,0,0.310059,0.730364,8.17506e-05,0.00919457,0.26036,0.000295172,0.950896,0.0476799,0.00112922
13785,0,12,1385.92,13,1382.19,0,1,0,0.309903,0.563186,0.000132227,0.0148857,0.421796,0.000587201,0.902217,0.0949488,0.00224702
13786,0,12,1385.92,13,1382.19,3,1,0,0.309749,0.383738,0.00018625,0.0209874,0.595088,0.00109862,0.816872,0.177824,0.00420518
13787,0,12,1385.92,13,1382.19,0,1,0,0.309594,0.55299,0.000267989,0.0302265,0.416515,0.00188024,0.686272,0.304649,0.00719893
13788,0,12,1385.92,13,1382.19,3,1,0,0.309439,0.37736,0.000372747,0.042082,0.580185,0.00286772,0.52103,0.465119,0.0109826
13789,0,12,1385.92,13,1382.19,3,2,0,0.309284,0.5348,0.000527531,0.059613,0.405059,0.00386284,0.354182,0.627157,0.0147977
13790,0,12,1385.92,13,1382.19,0,1,9,0.30913,0.667004,0.000657027,0.0743168,0.258022,0.00559561,0.513523,0.45944,0.0214413
13791,0,12,1385.92,13,1382.19,0,1,9,0.308975,0.944527,0.000109328,0.0123779,0.0429858,0.00112357,0.902235,0.0923345,0.00430646
13792,0,12,1385.92,13,1382.19,0,1,0,0.30882,0.992846,1.40826e-05,0.00159591,0.00554362,0.000146606,0.987233,0.0120586,0.000562068
13793,0,12,1385.92,13,1382.19,0,1,0,0.308666,0.984469,3.05405e-05,0.00346427,0.0120367,0.000307754,0.973176,0.0253357,0.0011802
13794,0,12,1385.92,13,1382.19,0,1,9,0.308512,0.967102,6.46157e-05,0.00733644,0.0254969,0.000627197,0.945288,0.0516794,0.00240589
13795,0,12,1385.92,13,1382.19,0,1,0,0.308357,0.995805,8.23103e-06,0.000935433,0.00325179,7.94503e-05,0.993063,0.00655228,0.000304848
13796,0,12,1385.92,13,1382.19,0,1,0,0.308203,0.990759,1.81097e-05,0.00206007,0.00716309,0.000169969,0.985148,0.0140298,0.000652342
13797,0,12,1385.92,13,1382.19,0,1,0,0.308049,0.980075,3.90024e-05,0.00444091,0.0154454,0.000355107,0.968944,0.0293375,0.00136327
13798,0,12,1385.92,13,1382.19,0,1,0,0.307895,0.958185,8.17571e-05,0.0093179,0.0324155,0.00071879,0.937085,0.0594359,0.0027602
13799,0,12,1385.92,12,1386.79,0,1,13,0.307741,0.915515,0.000164997,0.0188226,0.0654972,0.00138966,0.878262,0.115011,0.0053378
13800,0,12,1385.92,12,1386.79,0,1,9,0.307587,0.996852,6.14095e-06,0.000701214,0.00244063,5.26021e-05,0.995388,0.00435729,0.000202104
13801,0,12,1385.92,12,1386.79,0,1,0,0.307434,0.999591,7.96443e-07,9.10294e-05,0.000316914,6.67754e-06,0.999414,0.000553623,2.56629e-05
13802,0,12,1385.92,12,1386.79,0,1,0,0.30728,0.999052,1.84501e-06,0.000211075,0.000735029,1.51252e-05,0.998672,0.00125511,5.81443e-05
13803,0,12,1385.92,12,1386.79,0,1,0,0.307126,0.997839,4.20113e-06,0.000481079,0.00167569,3.3683e-05,0.997039,0.00279754,0.000129519
13804,0,12,1385.92,12,1386.79,0,1,0,0.306973,0.99516,9.39844e-06,0.00107725,0.00375321,7.36959e-05,0.993517,0.00612622,0.000283455
13805,0,12,1385.92,12,1386.79,0,1,9,0.306819,0.989365,2.06289e-05,0.00236674,0.00824792,0.000158138,0.986076,0.0131573,0.000608404
13806,0,12,1385.92,12,1386.79,0,1,9,0.306666,0.998646,2.6229e-06,0.000301208,0.00104995,1.97559e-05,0.998259,0.00164519,7.60276e-05
13807,0,12,1385.92,12,1386.79,0,1,0,0.306512,0.999822,3.44478e-07,3.95967e-05,0.000138061,2.54381e-06,0.999776,0.000212025,9.7921e-06
13808,0,12,1385.92,12,1386.79,0,1,9,0.306359,0.99958,8.12151e-07,9.34431e-05,0.000325886,5.87992e-06,0.999481,0.000490521,2.26402e-05
13809,0,12,1385.92,12,1386.79,0,1,0,0.306206,0.999944,1.08983e-07,1.25511e-05,4.37833e-05,7.7399e-07,0.999932,6.46258e-05,2.98099e-06
13810,0,12,1385.92,12,1386.79,0,1,9,0.306053,0.999864,2.62967e-07,3.03135e-05,0.000105772,1.83251e-06,0.999838,0.000153144,7.05973e-06
13811,0,12,1385.92,12,1386.79,0,1,0,0.3059,0.999981,3.60428e-08,4.15878e-06,1.45148e-05,2.46554e-07,0.999978,2.06229e-05,9.50104e-07
13812,0,12,1385.92,12,1386.79,0,1,9,0.305747,0.999954,8.89201e-08,1.02697e-05,3.5852e-05,5.97296e-07,0.999947,5.0005e-05,2.30233e-06
13813,0,12,1385.92,12,1386.79,0,1,0,0.305594,0.999994,1.24398e-08,1.43809e-06,5.02166e-06,8.20848e-08,0.999993,6.87814e-06,3.16488e-07
13814,0,12,1385.92,12,1386.79,0,1,0,0.305441,0.999984,3.13508e-08,3.62772e-06,1.26708e-05,2.03288e-07,0.999982,1.70492e-05,7.84011e-07
13815,0,12,1385.92,12,1386.79,0,1,0,0.305288,0.99996,7.7585e-08,8.98619e-06,3.13946e-05,4.94542e-07,0.999956,4.15127e-05,1.9078e-06
13816,0,12,1385.92,12,1386.79,0,1,0,0.305136,0.999902,1.88602e-07,2.18654e-05,7.64092e-05,1.18218e-06,0.999895,9.93225e-05,4.56174e-06
13817,0,12,1385.92,12,1386.79,0,1,0,0.304983,0.999765,4.50496e-07,5.22775e-05,0.000182731,2.7777e-06,0.999753,0.000233579,1.07213e-05
13818,0,12,1385.92,12,1386.79,0,1,0,0.304831,0.999447,1.05759e-06,0.000122843,0.000429494,6.41668e-06,0.999429,0.000540061,2.47737e-05
13819,0,12,1385.92,12,1386.79,0,1,0,0.304678,0.998722,2.44045e-06,0.000283739,0.000992277,1.45749e-05,0.998701,0.00122779,5.62864e-05
13820,0,12,1385.92,12,1386.79,0,1,0,0.304526,0.997097,5.53455e-06,0.000644088,0.00225303,3.25468e-05,0.997098,0.00274417,0.000125725
13821,0,12,1385.92,12,1386.79,0,1,0,0.304374,0.993528,1.23264e-05,0.00143586,0.00502394,7.14038e-05,0.993627,0.00602573,0.000275901
13822,0,12,1385.92,12,1386.79,0,1,0,0.304222,0.985854,2.691e-05,0.00313764,0.010981,0.000153634,0.986276,0.0129766,0.000593796
13823,0,12,1385.92,12,1386.79,0,1,0,0.304069,0.969821,5.7346e-05,0.00669277,0.0234291,0.000322962,0.971125,0.027303,0.00124859
13824,0,12,1385.92,12,1386.79,0,1,9,0.303917,0.937673,0.000118297,0.0138195,0.0483892,0.000658302,0.941094,0.0557018,0.00254572
13825,0,12,1385.92,12,1386.79,0,1,0,0.303765,0.992045,1.50814e-05,0.00176348,0.00617645,8.25062e-05,0.992611,0.00698742,0.000319146
13826,0,12,1385.92,12,1386.79,0,1,0,0.303614,0.982705,3.27511e-05,0.00383327,0.013429,0.000176892,0.984144,0.0149942,0.00068443
13827,0,12,1385.92,12,1386.79,0,1,9,0.303462,0.963358,6.93075e-05,0.00811966,0.0284527,0.000370122,0.966796,0.0314012,0.00143246
13828,0,12,1385.92,12,1386.79,0,1,0,0.30331,0.995388,8.71375e-06,0.00102182,0.00358154,4.57855e-05,0.995889,0.0038879,0.000177249
13829,0,12,1385.92,12,1386.79,0,1,0,0.303158,0.98982,1.92112e-05,0.00225497,0.00790576,9.97232e-05,0.991039,0.00847558,0.000386161
13830,0,12,1385.92,12,1386.79,0,1,9,0.303007,0.97802,4.14319e-05,0.00486781,0.0170705,0.000212725,0.980868,0.0180958,0.000823964
13831,0,12,1385.92,12,1386.79,0,1,0,0.302855,0.997245,5.18759e-06,0.000610069,0.00213993,2.62411e-05,0.997638,0.00223423,0.000101669
13832,0,12,1385.92,12,1386.79,0,1,9,0.302704,0.99384,1.15849e-05,0.0013637,0.00478463,5.7927e-05,0.994781,0.00493642,0.000224495
13833,0,12,1385.92,12,1386.79,0,1,0,0.302553,0.99922,1.46592e-06,0.000172724,0.000606166,7.23744e-06,0.999347,0.000617308,2.80561e-05
13834,0,12,1385.92,12,1386.79,0,1,0,0.302401,0.998206,3.36563e-06,0.000396938,0.00139338,1.64272e-05,0.998517,0.00140238,6.36976e-05
13835,0,12,1385.92,12,1386.79,0,1,9,0.30225,0.995949,7.59225e-06,0.000896274,0.00314701,3.66521e-05,0.996689,0.00313176,0.00014216
13836,0,12,1385.92,12,1386.79,0,1,0,0.302099,0.999484,9.65693e-07,0.00011411,0.000400765,4.60716e-06,0.999584,0.000394012,1.78743e-05
13837,0,12,1385.92,12,1386.79,0,1,0,0.301948,0.998804,2.23706e-06,0.000264593,0.000929508,1.05579e-05,0.999045,0.000903731,4.09723e-05
13838,0,12,1385.92,12,1386.79,0,1,0,0.301797,0.997273,5.09291e-06,0.000602948,0.00211868,2.37874e-05,0.997846,0.00203796,9.23377e-05
13839,0,12,1385.92,12,1386.79,0,1,0,0.301646,0.993896,1.13869e-05,0.00134938,0.00474273,5.26686e-05,0.995226,0.00451635,0.000204504
13840,0,12,1385.92,12,1386.79,0,1,0,0.301495,0.986606,2.49587e-05,0.00296051,0.010408,0.000114455,0.989618,0.00982331,0.000444532
13841,0,12,1385.92,12,1386.79,0,1,0,0.301344,0.971302,5.34174e-05,0.00634222,0.0223025,0.000243404,0.977902,0.0209092,0.000945613
13842,0,12,1385.92,12,1386.79,0,1,0,0.301194,0.940441,0.000110734,0.0131599,0.0462887,0.000503521,0.954247,0.0432926,0.00195669
13843,0,12,1385.92,12,1386.79,3,1,0,0.301043,0.882042,0.000219058,0.0260584,0.0916808,0.0010018,0.908893,0.0862115,0.00389406
13844,0,12,1385.92,12,1386.79,0,1,9,0.300893,0.915454,0.000226979,0.0270265,0.0572924,0.00188083,0.828805,0.162002,0.00731288
13845,0,12,1385.92,12,1386.79,0,1,0,0.300742,0.989226,2.88953e-05,0.00344387,0.00730162,0.000254991,0.976771,0.0219828,0.000991704
13846,0,12,1385.92,12,1386.79,0,2,0,0.300592,0.976897,6.18928e-05,0.00738371,0.0156571,0.0005266,0.951986,0.0454386,0.00204859
13847,0,12,1385.92,12,1386.79,0,1,9,0.300442,0.951861,0.000128829,0.0153838,0.0326263,0.000534361,0.967467,0.0299193,0.00207935
13848,0,12,1385.92,12,1386.79,0,1,0,0.300291,0.994008,1.60184e-05,0.00191463,0.00406119,6.49934e-05,0.99604,0.00364196,0.000252977
13849,0,12,1385.92,12,1386.79,0,1,0,0.300141,0.986925,3.4917e-05,0.00417751,0.0088624,0.000140942,0.991406,0.00790416,0.000548743
13850,1,12,1385.92,12,1386.79,0,1,0,0.299991,0.97213,7.43507e-05,0.00890393,0.0188921,0.000299453,0.981727,0.0168072,0.00116621
13851,1,12,1385.92,12,1386.79,0,1,0,0.299841,1,2.70311e-13,4.35011e-13,3.8988e-13,5.05338e-13,1,2.28283e-13,2.34878e-13
13852,1,12,1385.92,12,1386.79,0,1,0,0.299691,1,8.08062e-13,1.30054e-12,1.16559e-12,1.51078e-12,1,6.82375e-13,7.02093e-13
13853,1,12,1385.92,12,1386.79,0,1,9,0.299541,1,2.36403e-12,3.80516e-12,3.41024e-12,4.42025e-12,1,1.99618e-12,2.05387e-12
13854,1,12,1385.92,12,1386.79,0,1,0,0.299392,1,3.81764e-13,6.14548e-13,5.50755e-13,7.13882e-13,1,3.22337e-13,3.31655e-13
13855,1,12,1385.92,12,1386.79,0,1,0,0.299242,1,1.13382e-12,1.82535e-12,1.63583e-12,2.12038e-12,1,9.57256e-13,9.84933e-13
13856,1,12,1385.92,12,1386.79,0,1,0,0.299092,1,3.2959e-12,5.30662e-12,4.75555e-12,6.16428e-12,1,2.78246e-12,2.86293e-12
13857,1,12,1385.92,12,1386.79,0,1,0,0.298943,1,9.38151e-12,1.51063e-11,1.35373e-11,1.75477e-11,1,7.91949e-12,8.14856e-12
13858,1,12,1385.92,12,1386.79,0,1,0,0.298793,1,2.61589e-11,4.21256e-11,3.77495e-11,4.89335e-11,1,2.20808e-11,2.27196e-11
13859,1,12,1385.92,12,1386.79,0,1,0,0.298644,1,7.14814e-11,1.15123e-10,1.03161e-10,1.33727e-10,1,6.03334e-11,6.20793e-11
13860,1,12,1385.92,12,1386.79,0,1,9,0.298495,1,1.91499e-10,3.08443e-10,2.76389e-10,3.58287e-10,1,1.61622e-10,1.663e-10
13861,1,12,1385.92,12,1386.79,0,1,9,0.298345,1,2.8254e-11,4.55124e-11,4.07818e-11,5.28671e-11,1,2.38444e-11,2.45346e-11
13862,1,12,1385.92,12,1386.79,0,1,0,0.298196,1,4.3276e-12,6.97171e-12,6.24691e-12,8.09829e-12,1,3.65195e-12,3.75769e-12
13863,1,12,1385.92,12,1386.79,0,1,0,0.298047,1,1.22596e-11,1.97519e-11,1.76981e-11,2.29437e-11,1,1.03449e-11,1.06445e-11
13864,1,12,1385.92,12,1386.79,0,1,9,0.297898,1,3.40247e-11,5.48238e-11,4.91221e-11,6.36829e-11,1,2.87088e-11,2.95404e-11
13865,1,12,1385.92,12,1386.79,0,1,0,0.297749,1,5.18501e-12,8.35537e-12,7.48624e-12,9.70552e-12,1,4.37464e-12,4.50138e-12
13866,1,12,1385.92,12,1386.79,0,1,9,0.2976,1,1.46406e-11,2.35949e-11,2.11401e-11,2.74076e-11,1,1.23517e-11,1.27096e-11
13867,1,12,1385.92,12,1386.79,0,1,0,0.297451,1,2.26651e-12,3.65306e-12,3.27292e-12,4.24337e-12,1,1.91203e-12,1.96745e-12
13868,1,12,1385.92,12,1386.79,0,1,0,0.297303,1,6.50694e-12,1.04886e-11,9.39695e-12,1.21835e-11,1,5.48893e-12,5.64805e-12
13869,1,12,1385.92,12,1386.79,0,1,0,0.297154,1,1.82966e-11,2.94953e-11,2.64249e-11,3.42616e-11,1,1.54331e-11,1.58806e-11
13870,1,12,1385.92,12,1386.79,0,1,0,0.297005,1,5.04102e-11,8.12722e-11,7.28102e-11,9.44056e-11,1,4.25183e-11,4.37514e-11
13871,1,12,1385.92,12,1386.79,0,1,0,0.296857,1,1.36143e-10,2.19513e-10,1.96653e-10,2.54986e-10,1,1.14822e-10,1.18153e-10
13872,1,12,1385.92,12,1386.79,0,1,9,0.296708,1,3.60555e-10,5.81405e-10,5.20846e-10,6.75363e-10,1,3.04072e-10,3.12894e-10
13873,1,12,1385.92,12,1386.79,0,1,0,0.29656,1,5.22377e-11,8.42426e-11,7.54663e-11,9.78571e-11,1,4.40516e-11,4.533e-11
13874,1,12,1385.92,12,1386.79,0,1,0,0.296412,1,1.41023e-10,2.27447e-10,2.03747e-10,2.64206e-10,1,1.18917e-10,1.22368e-10
13875,1,12,1385.92,12,1386.79,0,1,0,0.296264,1,3.73337e-10,6.02188e-10,5.39429e-10,6.99515e-10,1,3.14795e-10,3.23934e-10
13876,1,12,1385.92,12,1386.79,0,1,0,0.296115,1,9.69581e-10,1.56407e-09,1.40104e-09,1.81687e-09,1,8.17495e-10,8.41233e-10
13877,1,12,1385.92,12,1386.79,0,1,0,0.295967,1,2.47118e-09,3.98674e-09,3.5711e-09,4.63114e-09,1,2.08344e-09,2.14394e-09
13878,1,12,1385.92,12,1386.79,0,1,0,0.295819,1,6.18334e-09,9.97651e-09,8.93619e-09,1.15891e-08,1,5.21283e-09,5.36426e-09
13879,1,12,1385.92,12,1386.79,0,1,0,0.295672,1,1.51949e-08,2.45187e-08,2.19614e-08,2.84821e-08,1,1.28093e-08,1.31815e-08
13880,1,12,1385.92,12,1386.79,0,1,9,0.295524,1,3.6685e-08,5.92007e-08,5.30251e-08,6.8771e-08,1,3.09236e-08,3.18222e-08
13881,1,12,1385.92,12,1386.79,0,1,0,0.295376,1,4.8317e-09,7.79795e-09,6.98434e-09,9.05863e-09,1,4.07265e-09,4.19103e-09
13882,1,12,1385.92,12,1386.79,0,1,0,0.295228,1,1.19353e-08,1.92644e-08,1.72541e-08,2.23791e-08,1,1.00597e-08,1.03522e-08
13883,1,12,1385.92,12,1386.79,0,1,0,0.295081,1,2.89626e-08,4.6752e-08,4.18722e-08,5.43113e-08,1,2.44099e-08,2.51197e-08
13884,1,12,1385.92,12,1386.79,0,1,0,0.294933,1,6.90653e-08,1.11498e-07,9.98577e-08,1.29527e-07,1,5.82056e-08,5.98985e-08
13885,1,12,1385.92,12,1386.79,0,1,0,0.294786,0.999999,1.61903e-07,2.61398e-07,2.34104e-07,3.03668e-07,0.999999,1.36438e-07,1.40407e-07
13886,1,12,1385.92,12,1386.79,0,1,9,0.294638,0.999998,3.73222e-07,6.02637e-07,5.397e-07,7.00096e-07,0.999999,3.14503e-07,3.23654e-07
13887,1,12,1385.92,12,1386.79,0,1,0,0.294491,1,4.68159e-08,7.56003e-08,6.77035e-08,8.78274e-08,1,3.94482e-08,4.05963e-08
13888,1,12,1385.92,12,1386.79,0,1,0,0.294344,1,1.10629e-07,1.78666e-07,1.6e-07,2.07564e-07,1,9.32138e-08,9.5927e-08
13889,1,12,1385.92,12,1386.79,0,1,9,0.294197,0.999999,2.57036e-07,4.15152e-07,3.71771e-07,4.82307e-07,0.999999,2.16562e-07,2.22867e-07
13890,1,12,1385.92,12,1386.79,0,1,9,0.294049,1,3.24347e-08,5.23921e-08,4.69163e-08,6.08676e-08,1,2.7326e-08,2.81217e-08
13891,1,12,1385.92,12,1386.79,0,1,0,0.293902,1,4.2621e-09,6.88526e-09,6.16552e-09,7.9992e-09,1,3.59059e-09,3.69517e-09
13892,1,12,1385.92,12,1386.79,0,1,0,0.293755,1,1.05656e-08,1.70699e-08,1.52852e-08,1.98319e-08,1,8.90048e-09,9.15976e-09
13893,1,12,1385.92,12,1386.79,0,1,0,0.293609,1,2.57277e-08,4.15701e-08,3.7223e-08,4.82968e-08,1,2.1672e-08,2.23034e-08
13894,1,12,1385.92,12,1386.79,0,1,0,0.293462,1,6.15602e-08,9.94768e-08,8.90722e-08,1.15575e-07,1,5.18531e-08,5.33643e-08
13895,1,12,1385.92,12,1386.79,0,1,0,0.293315,0.999999,1.44791e-07,2.33994e-07,2.09515e-07,2.71865e-07,0.999999,1.21953e-07,1.25508e-07
13896,1,12,1385.92,12,1386.79,0,1,0,0.293168,0.999999,3.34866e-07,5.41223e-07,4.84593e-07,6.28826e-07,0.999999,2.82034e-07,2.90257e-07
13897,1,12,1385.92,12,1386.79,0,1,0,0.293022,0.999997,7.6179e-07,1.23135e-06,1.10249e-06,1.43068e-06,0.999997,6.4157e-07,6.60279e-07
13898,1,12,1385.92,12,1386.79,0,1,0,0.292875,0.999993,1.7052e-06,2.75654e-06,2.468e-06,3.20281e-06,0.999994,1.43603e-06,1.47791e-06
13899,1,12,1385.92,12,1386.79,0,1,9,0.292729,0.999985,3.75689e-06,6.07378e-06,5.4379e-06,7.05721e-06,0.999987,3.1637e-06,3.25599e-06
13900,1,12,1385.92,12,1386.79,0,1,9,0.292582,0.999998,4.47426e-07,7.23424e-07,6.47673e-07,8.40567e-07,0.999998,3.7676e-07,3.87753e-07
13901,1,12,1385.92,12,1386.79,0,1,0,0.292436,1,5.55524e-08,8.98289e-08,8.0421e-08,1.04376e-07,1,4.67762e-08,4.81414e-08
13902,1,12,1385.92,12,1386.79,0,1,0,0.29229,0.999999,1.31023e-07,2.11886e-07,1.89691e-07,2.46204e-07,1,1.10318e-07,1.13539e-07
13903,1,12,1385.92,12,1386.79,0,1,9,0.292144,0.999999,3.03848e-07,4.91422e-07,4.39934e-07,5.71023e-07,0.999999,2.55822e-07,2.63291e-07
13904,1,12,1385.92,12,1386.79,0,1,0,0.291998,1,3.79619e-08,6.14026e-08,5.49681e-08,7.13499e-08,1,3.196e-08,3.28933e-08
13905,1,12,1385.92,12,1386.79,0,1,0,0.291852,1,9.0241e-08,1.45977e-07,1.30677e-07,1.69628e-07,1,7.597e-08,7.8189e-08
13906,1,12,1385.92,12,1386.79,0,1,0,0.291706,0.999999,2.10891e-07,3.41178e-07,3.05412e-07,3.96463e-07,0.999999,1.77532e-07,1.82718e-07
13907,1,12,1385.92,12,1386.79,0,1,0,0.29156,0.999998,4.84683e-07,7.84192e-07,7.01969e-07,9.11278e-07,0.999998,4.07995e-07,4.19917e-07
13908,1,12,1385.92,12,1386.79,0,1,0,0.291414,0.999996,1.09584e-06,1.77318e-06,1.58722e-06,2.06057e-06,0.999996,9.22406e-07,9.49365e-07
13909,1,12,1385.92,12,1386.79,0,1,9,0.291268,0.99999,2.43816e-06,3.94557e-06,3.53171e-06,4.58515e-06,0.999991,2.05219e-06,2.11218e-06
13910,1,12,1385.92,12,1386.79,0,1,0,0.291123,0.999999,2.91477e-07,4.71731e-07,4.22242e-07,5.48208e-07,0.999999,2.45324e-07,2.52497e-07
13911,1,12,1385.92,12,1386.79,0,1,0,0.290977,0.999997,6.65893e-07,1.07779e-06,9.64701e-07,1.25255e-06,0.999998,5.60428e-07,5.76817e-07
13912,1,12,1385.92,12,1386.79,0,1,0,0.290832,0.999994,1.49673e-06,2.42279e-06,2.16852e-06,2.81568e-06,0.999995,1.25962e-06,1.29646e-06
13913,1,12,1385.92,12,1386.79,0,1,9,0.290686,0.999987,3.31101e-06,5.36013e-06,4.79748e-06,6.22946e-06,0.999988,2.78635e-06,2.86787e-06
13914,1,12,1385.92,12,1386.79,0,1,0,0.290541,0.999998,3.92686e-07,6.35774e-07,5.69024e-07,7.389e-07,0.999999,3.30446e-07,3.40116e-07
13915,1,12,1385.92,12,1386.79,0,1,0,0.290396,0.999996,8.92205e-07,1.44465e-06,1.29295e-06,1.67902e-06,0.999997,7.50758e-07,7.72731e-07
13916,1,12,1385.92,12,1386.79,0,1,9,0.290251,0.999992,1.99467e-06,3.23006e-06,2.89081e-06,3.75414e-06,0.999993,1.67836e-06,1.7275e-06
13917,1,12,1385.92,12,1386.79,0,1,0,0.290105,0.999999,2.38612e-07,3.86433e-07,3.45838e-07,4.4914e-07,0.999999,2.00765e-07,2.06643e-07
13918,1,12,1385.92,12,1386.79,0,1,0,0.28996,0.999998,5.47688e-07,8.87071e-07,7.93867e-07,1.03104e-06,0.999998,4.60797e-07,4.74292e-07
13919,1,12,1385.92,12,1386.79,0,1,0,0.289815,0.999995,1.23673e-06,2.00328e-06,1.79276e-06,2.32845e-06,0.999996,1.04048e-06,1.07095e-06
13920,1,12,1385.92,12,1386.79,0,1,9,0.28967,0.999989,2.74824e-06,4.45209e-06,3.98413e-06,5.17485e-06,0.99999,2.31203e-06,2.37976e-06
13921,1,12,1385.92,12,1386.79,0,1,0,0.289526,0.999999,3.26056e-07,5.28254e-07,4.72719e-07,6.14024e-07,0.999999,2.7429e-07,2.82328e-07
13922,1,12,1385.92,12,1386.79,0,1,0,0.289381,0.999997,7.44103e-07,1.20566e-06,1.07889e-06,1.40145e-06,0.999997,6.25939e-07,6.44284e-07
13923,1,12,1385.92,12,1386.79,0,1,9,0.289236,0.999993,1.67079e-06,2.70742e-06,2.42268e-06,3.14714e-06,0.999994,1.40541e-06,1.44661e-06
13924,1,12,1385.92,12,1386.79,0,1,9,0.289092,0.999999,1.99901e-07,3.2396e-07,2.89883e-07,3.76583e-07,0.999999,1.68142e-07,1.73072e-07
13925,1,12,1385.92,12,1386.79,0,1,0,0.288947,1,2.49323e-08,4.04092e-08,3.61578e-08,4.6974e-08,1,2.09702e-08,2.15852e-08
13926,1,12,1385.92,12,1386.79,0,1,0,0.288803,1,5.98961e-08,9.70864e-08,8.68702e-08,1.12861e-07,1,5.03757e-08,5.18534e-08
13927,1,12,1385.92,12,1386.79,0,1,0,0.288658,0.999999,1.41431e-07,2.29269e-07,2.05139e-07,2.66527e-07,0.999999,1.18945e-07,1.22435e-07
13928,1,12,1385.92,12,1386.79,0,1,0,0.288514,0.999999,3.28355e-07,5.32338e-07,4.763e-07,6.18862e-07,0.999999,2.7614e-07,2.84243e-07
13929,1,12,1385.92,12,1386.79,0,1,0,0.28837,0.999997,7.49801e-07,1.21571e-06,1.08771e-06,1.41334e-06,0.999997,6.30539e-07,6.49046e-07
13930,1,12,1385.92,12,1386.79,0,1,0,0.288225,0.999993,1.68458e-06,2.73161e-06,2.44395e-06,3.17573e-06,0.999994,1.41657e-06,1.45816e-06
13931,1,12,1385.92,12,1386.79,0,1,0,0.288081,0.999985,3.72493e-06,6.04072e-06,5.40446e-06,7.02301e-06,0.999987,3.13219e-06,3.22416e-06
13932,1,12,1385.92,12,1386.79,0,1,0,0.287937,0.999967,8.10892e-06,1.31515e-05,1.1766e-05,1.52905e-05,0.999971,6.81828e-06,7.01853e-06
13933,1,12,1385.92,12,1386.79,0,1,9,0.287793,0.999929,1.73842e-05,2.81973e-05,2.52262e-05,3.27842e-05,0.999938,1.46167e-05,1.50461e-05
13934,1,12,1385.92,12,1386.79,0,1,0,0.287649,0.999992,1.97629e-06,3.20588e-06,2.86802e-06,3.72745e-06,0.999993,1.6616e-06,1.71042e-06
13935,1,12,1385.92,12,1386.79,0,1,0,0.287506,0.999982,4.35802e-06,7.07012e-06,6.32488e-06,8.22056e-06,0.999984,3.66391e-06,3.77158e-06
13936,1,12,1385.92,12,1386.79,0,1,0,0.287362,0.999961,9.46164e-06,1.53513e-05,1.37329e-05,1.78497e-05,0.999966,7.95436e-06,8.18816e-06
13937,1,12,1385.92,12,1386.79,0,1,9,0.287218,0.999918,2.02308e-05,3.28272e-05,2.93657e-05,3.81708e-05,0.999927,1.70073e-05,1.75073e-05
13938,1,12,1385.92,12,1386.79,0,1,0,0.287075,0.999991,2.28865e-06,3.71401e-06,3.3223e-06,4.31863e-06,0.999992,1.92389e-06,1.98046e-06
13939,1,12,1385.92,12,1386.79,0,1,0,0.286931,0.999979,5.03429e-06,8.17042e-06,7.30854e-06,9.50076e-06,0.999982,4.23177e-06,4.35622e-06
13940,1,12,1385.92,12,1386.79,0,1,0,0.286788,0.999956,1.09033e-05,1.76973e-05,1.58301e-05,2.05794e-05,0.999961,9.16483e-06,9.43443e-06
13941,1,12,1385.92,12,1386.79,0,1,0,0.286644,0.999905,2.32576e-05,3.77534e-05,3.37694e-05,4.3903e-05,0.999916,1.95487e-05,2.01238e-05
13942,1,12,1385.92,12,1386.79,0,1,0,0.286501,0.999801,4.88742e-05,7.93436e-05,7.09691e-05,9.22712e-05,0.999824,4.10789e-05,4.22878e-05
13943,1,12,1385.92,12,1386.79,0,1,0,0.286358,0.999588,0.000101206,0.000164316,0.000146969,0.000191097,0.999636,8.50622e-05,8.7566e-05
13944,1,12,1385.92,12,1386.79,0,1,0,0.286214,0.999158,0.000206547,0.000335379,0.000299968,0.000390071,0.999258,0.000173602,0.000178713
13945,1,12,1385.92,12,1386.79,0,1,0,0.286071,0.998306,0.000415487,0.000674709,0.000603455,0.000784835,0.998506,0.000349237,0.000359521
13946,1,12,1385.92,12,1386.79,0,1,0,0.285928,0.996642,0.000823701,0.00133774,0.00119643,0.00155643,0.997038,0.000692468,0.000712862
13947,1,12,1385.92,12,1386.79,0,1,0,0.285785,0.993442,0.00160862,0.00261275,0.00233672,0.0030411,0.994213,0.00135279,0.00139264
13948,1,12,1385.92,12,1386.79,0,1,9,0.285642,0.987396,0.00309135,0.00502149,0.00449088,0.00584908,0.988871,0.00260146,0.00267812
13949,1,12,1385.92,12,1386.79,0,1,0,0.2855,0.998702,0.000318401,0.000517251,0.000462584,0.000601708,0.998855,0.000267575,0.000275461
13950,2,12,1385.92,12,1386.79,0,1,0,0.285357,0.99741,0.000635076,0.0010318,0.000922731,0.00120048,0.997716,0.00053376,0.000549493
13951,2,12,1385.92,12,1386.79,0,2,0,0.285214,0.999933,2.51706e-05,3.22922e-05,9.87166e-06,2.49573e-05,1.59947e-05,0.999946,1.31563e-05
13952,2,12,1385.92,12,1386.79,0,2,0,0.285072,0.999874,4.72479e-05,6.0619e-05,1.85267e-05,4.70127e-05,3.01269e-05,0.999898,2.47797e-05
13953,2,12,1385.92,13,1394.99,0,2,9,0.284929,0.999766,8.75932e-05,0.000112388,3.43403e-05,8.74591e-05,5.60411e-05,0.99981,4.60926e-05
13954,2,12,1385.92,13,1394.99,0,2,0,0.284787,0.999977,8.53715e-06,1.09542e-05,3.34631e-06,8.55252e-06,5.4797e-06,0.999981,4.50676e-06
13955,2,12,1385.92,13,1394.99,0,2,0,0.284644,0.999956,1.63768e-05,2.10145e-05,6.418e-06,1.64606e-05,1.05456e-05,0.999964,8.67284e-06
13956,2,12,1385.92,13,1394.99,0,2,0,0.284502,0.999917,3.10148e-05,3.97999e-05,1.21523e-05,3.1275e-05,2.00347e-05,0.999932,1.64762e-05
13957,2,12,1385.92,13,1394.99,0,2,0,0.28436,0.999845,5.80016e-05,7.44344e-05,2.27221e-05,5.8675e-05,3.75837e-05,0.999873,3.0907e-05
13958,2,12,1385.92,13,1394.99,0,2,0,0.284217,0.999713,0.000107136,0.000137497,4.19627e-05,0.000108721,6.96338e-05,0.999764,5.72612e-05
13959,2,12,1385.92,13,1394.99,0,2,0,0.284075,0.999477,0.000195499,0.000250912,7.6558e-05,0.000199005,0.000127448,0.999569,0.000104799
13960,2,12,1385.92,13,1394.99,0,2,0,0.283933,0.999057,0.00035248,0.000452412,0.000138006,0.000359904,0.000230471,0.99922,0.000189506
13961,2,12,1385.92,13,1394.99,0,2,0,0.283791,0.99832,0.000627987,0.000806067,0.000245829,0.000643176,0.000411834,0.998606,0.000338618
13962,2,12,1385.92,13,1394.99,0,2,0,0.283649,0.997043,0.00110559,0.00141918,0.000432708,0.00113583,0.000727223,0.997539,0.000597915
13963,2,12,1385.92,13,1394.99,0,2,0,0.283508,0.994856,0.00192309,0.00246868,0.000752523,0.00198199,0.00126886,0.995706,0.00104321
13964,2,12,1385.92,13,1394.99,0,2,0,0.283366,0.991163,0.0033037,0.00424119,0.00129253,0.00341634,0.00218694,0.992599,0.00179794
13965,2,12,1385.92,13,1394.99,0,2,0,0.283224,0.985017,0.00560102,0.00719077,0.00219091,0.00581338,0.00372105,0.987407,0.00305905
13966,2,12,1385.92,13,1394.99,0,2,0,0.283082,0.974965,0.00935886,0.0120158,0.00366014,0.00975489,0.00624339,0.978869,0.00513244
13967,2,12,1385.92,13,1394.99,0,2,0,0.282941,0.958861,0.0153792,0.0197462,0.00601348,0.0161119,0.0103111,0.965101,0.00847602
13968,2,12,1385.92,13,1394.99,0,2,0,0.282799,0.933735,0.0247722,0.0318081,0.00968449,0.026119,0.0167139,0.943428,0.0137387
13969,2,12,1385.92,13,1394.99,2,2,0,0.282658,0.89587,0.0389277,0.0499866,0.0152156,0.0413835,0.0264795,0.910372,0.0217652
13970,2,12,1385.92,13,1394.99,0,2,0,0.282517,0.903955,0.0392544,0.0414505,0.0153404,0.0637168,0.0407659,0.862011,0.0335068
13971,2,12,1385.92,13,1394.99,1,2,0,0.282375,0.852983,0.0600882,0.0634507,0.0234778,0.0946489,0.0605508,0.795034,0.0497666
13972,2,12,1385.92,13,1394.99,0,2,0,0.282234,0.862847,0.0492693,0.0641511,0.0237322,0.134594,0.0860975,0.708548,0.0707607
13973,2,12,1385.92,13,1394.99,2,1,0,0.282093,0.796538,0.0730896,0.0951714,0.0352009,0.181985,0.116403,0.605948,0.0956637
13974,2,12,1385.92,13,1394.99,0,0,0,0.281952,0.813926,0.0746495,0.0754776,0.0359469,0.187359,0.0901734,0.623992,0.0984759
13975,2,12,1385.92,13,1394.99,0,2,0,0.281811,0.733142,0.107061,0.108249,0.0515471,0.142276,0.0951474,0.658666,0.10391
13976,2,12,1385.92,13,1394.99,0,3,0,0.28167,0.635213,0.146354,0.147978,0.0704549,0.186804,0.124915,0.551859,0.136421
13977,2,12,1385.92,13,1394.99,2,0,0,0.281529,0.526879,0.189823,0.19193,0.0913678,0.193648,0.129481,0.5722,0.104672
13978,2,12,1385.92,13,1394.99,0,3,0,0.281389,0.557588,0.200846,0.144907,0.0966592,0.146922,0.136956,0.605412,0.11071
13979,2,12,1385.92,13,1394.99,0,2,0,0.281248,0.448449,0.250406,0.180652,0.120493,0.150861,0.140625,0.621816,0.0866992
13980,2,12,1385.92,13,1394.99,0,2,0,0.281107,0.346001,0.296933,0.214205,0.142861,0.193807,0.180655,0.514169,0.111368
13981,2,12,1385.92,13,1394.99,2,2,0,0.280967,0.2577,0.337042,0.243123,0.162134,0.236456,0.220406,0.407277,0.135861
13982,2,12,1385.92,13,1394.99,1,0,0,0.280826,0.279443,0.3655,0.179259,0.175798,0.275149,0.256469,0.310307,0.158075
13983,2,12,1385.92,13,1394.99,2,2,0,0.280686,0.319366,0.27489,0.20485,0.200894,0.202327,0.282237,0.341496,0.17394
13984,2,12,1385.92,13,1394.99,3,1,0,0.280546,0.340919,0.293433,0.151216,0.214432,0.228882,0.319301,0.255054,0.196763
13985,2,12,1385.92,14,1728.52,1,3,9,0.280405,0.364972,0.314126,0.161859,0.159042,0.256512,0.237131,0.285849,0.220509
13986,2,12,1385.92,14,1728.52,1,3,0,0.280265,0.0772299,0.854877,0.0342446,0.0336486,0.0699978,0.064708,0.0780051,0.787289
13987,2,12,1385.92,14,1728.52,0,3,0,0.280125,0.112874,0.787914,0.0500416,0.0491705,0.0981445,0.0907261,0.109374,0.701755
13988,2,12,1385.92,14,1728.52,1,3,0,0.279985,0.089473,0.808748,0.0513365,0.0504427,0.131147,0.121232,0.146156,0.601464
13989,2,12,1385.92,14,1728.52,1,3,0,0.279845,0.126756,0.729069,0.0727204,0.071454,0.166495,0.153906,0.185553,0.494046
13990,2,12,1385.92,14,1728.52,1,1,0,0.279705,0.171531,0.63339,0.0983967,0.0966827,0.200995,0.185794,0.224007,0.389204
13991,2,12,1385.92,14,1728.52,1,3,0,0.279565,0.220826,0.528061,0.12666,0.124453,0.212493,0.139158,0.236827,0.411522
13992,2,12,1385.92,14,1728.52,2,1,0,0.279425,0.270351,0.422251,0.15505,0.152348,0.2473,0.161939,0.275626,0.315135
13993,2,12,1385.92,14,1728.52,3,3,0,0.279286,0.282254,0.440881,0.117828,0.159037,0.259524,0.120491,0.289256,0.330729
13994,2,12,1385.92,14,1728.52,3,3,0,0.279146,0.294955,0.460761,0.123109,0.121175,0.292042,0.135568,0.325506,0.246884
13995,2,12,1385.92,14,1728.52,1,0,0,0.279006,0.304071,0.475044,0.126891,0.0939937,0.316785,0.147031,0.353092,0.183091
13996,2,12,1385.92,14,1728.52,3,2,0,0.278867,0.36298,0.373395,0.151448,0.112177,0.237644,0.164046,0.394022,0.204288
13997,2,12,1385.92,14,1728.52,0,2,0,0.278727,0.373525,0.384245,0.155821,0.0864091,0.273786,0.188981,0.301883,0.23535
13998,2,12,1385.92,14,1728.52,0,0,0,0.278588,0.284151,0.4391,0.178034,0.0987154,0.304049,0.209855,0.22474,0.261357
13999,2,12,1385.92,14,1728.52,2,3,0,0.278449,0.215807,0.481063,0.195013,0.108117,0.226861,0.233125,0.249664,0.290351
14000,2,12,1385.92,14,1728.52,1,0,0,0.27831,0.227955,0.508223,0.149635,0.114187,0.250608,0.257529,0.275803,0.21606
14001,2,12,1385.92,14,1728.52,1,3,0,0.27817,0.274947,0.406878,0.180467,0.137707,0.185732,0.279825,0.299686,0.234757
14002,2,12,1385.92,14,1728.52,3,2,0,0.278031,0.317735,0.314616,0.208534,0.159115,0.200184,0.301624,0.323036,0.175157
14003,2,12,1385.92,14,1728.52,1,1,0,0.277892,0.332421,0.329157,0.218154,0.120269,0.223618,0.336961,0.243766,0.195656
14004,2,12,1385.92,14,1728.52,0,3,0,0.277753,0.372275,0.248776,0.244288,0.134661,0.250986,0.255813,0.273605,0.219596
14005,2,12,1385.92,14,1728.52,3,1,0,0.277614,0.285644,0.283117,0.278008,0.15323,0.268951,0.274124,0.293193,0.163731
14006,2,12,1385.92,14,1728.52,0,3,0,0.277476,0.298304,0.295665,0.290329,0.115701,0.294353,0.205578,0.320891,0.179178
14007,0,12,1385.92,14,1700.7,2,2,13,0.277337,0.224106,0.32694,0.321038,0.127916,0.309825,0.216368,0.337763,0.136044
14008,0,12,1385.92,14,1699.25,0,1,13,0.277198,0.986879,2.95393e-05,0.00412502,0.00896633,0.000119015,0.991795,0.00760203,0.00048418
14009,0,12,1385.92,14,1699.25,0,1,0,0.27706,0.999595,9.1083e-07,0.000127319,0.000276789,3.62736e-06,0.99975,0.000231888,1.47611e-05
14010,0,12,1385.92,14,1699.25,0,1,0,0.276921,0.999041,2.15525e-06,0.000301566,0.000655701,8.52798e-06,0.999411,0.000545628,3.47133e-05
14011,0,12,1385.92,14,1699.25,0,1,0,0.276783,0.997767,5.01052e-06,0.000701773,0.00152612,1.97066e-05,0.998638,0.00126189,8.02384e-05
14012,0,12,1385.92,14,1699.25,0,1,0,0.276644,0.994897,1.14381e-05,0.00160361,0.00348785,4.47507e-05,0.996905,0.00286796,0.000182261
14013,0,12,1385.92,14,1699.25,0,1,0,0.276506,0.988567,2.55997e-05,0.00359258,0.00781507,9.97845e-05,0.993093,0.00640025,0.000406517
14014,0,12,1385.92,14,1698.95,0,1,13,0.276368,0.974976,5.5968e-05,0.00786216,0.0171055,0.000218029,0.984897,0.0139962,0.000888486
14015,0,12,1385.92,14,1698.95,0,1,0,0.27623,0.999232,1.71617e-06,0.000241319,0.000525113,6.5805e-06,0.999544,0.000422782,2.68237e-05
14016,0,12,1385.92,14,1698.95,0,1,0,0.276091,0.998203,4.01114e-06,0.000564585,0.00122873,1.52965e-05,0.998939,0.000983582,6.23696e-05
14017,0,12,1385.92,14,1698.95,0,1,0,0.275953,0.99587,9.20761e-06,0.00129729,0.0028238,3.49451e-05,0.997574,0.00224888,0.000142524
14018,0,12,1385.92,14,1682.36,0,1,13,0.275815,0.99069,2.0733e-05,0.00292404,0.00636571,7.84137e-05,0.994551,0.0050505,0.000319902
14019,0,12,1385.92,14,1682.36,0,1,0,0.275677,0.999714,6.36707e-07,8.98856e-05,0.000195714,2.38576e-06,0.999834,0.000153791,9.73586e-06
14020,0,12,1385.92,14,1682.36,0,1,0,0.27554,0.999316,1.51935e-06,0.000214704,0.000467561,5.66321e-06,0.999606,0.000365367,2.31171e-05
14021,0,12,1385.92,14,1682.36,0,1,0,0.275402,0.998395,3.56219e-06,0.000503881,0.00109747,1.32125e-05,0.99908,0.000853128,5.39483e-05
14022,0,12,1385.92,14,1682.36,0,1,0,0.275264,0.9963,8.20309e-06,0.0011615,0.00253019,3.02957e-05,0.997888,0.00195781,0.000123736
14023,0,12,1385.92,14,1682.36,0,1,0,0.275127,0.991631,1.8534e-05,0.00262689,0.00572326,6.8241e-05,0.995239,0.00441365,0.000278793
14024,0,12,1385.92,14,1682.36,0,1,0,0.274989,0.981478,4.09763e-05,0.00581346,0.0126679,0.000150795,0.989472,0.00976114,0.000616233
14025,0,12,1385.92,14,1682.36,0,1,0,0.274851,0.960117,8.81348e-05,0.0125164,0.0272783,0.000325858,0.977231,0.0211108,0.00133201
14026,0,12,1385.92,14,1682.36,0,1,0,0.274714,0.917407,0.000182319,0.0259176,0.0564936,0.000684083,0.952163,0.0443556,0.00279713
14027,0,12,1385.92,14,1682.36,0,2,0,0.274577,0.838798,0.000355452,0.0505795,0.110267,0.00137778,0.903578,0.0894092,0.00563516
14028,0,12,1385.92,14,1682.36,0,1,0,0.274439,0.712156,0.000634002,0.0903057,0.196904,0.00142683,0.936959,0.0557767,0.00583741
14029,0,12,1385.92,14,1682.36,0,1,0,0.274302,0.544142,0.00100297,0.143002,0.311853,0.00279189,0.876564,0.109219,0.0114253
14030,0,12,1385.92,14,1682.36,3,1,9,0.274165,0.368763,0.00138731,0.197997,0.431852,0.00508781,0.774904,0.199181,0.0208269
14031,0,12,1385.92,14,1682.36,3,1,0,0.274028,0.0772825,0.000290417,0.0414896,0.880938,0.000658489,0.970847,0.0257979,0.00269627
14032,0,12,1385.92,14,1682.36,0,1,0,0.273891,0.14428,0.00054158,0.077448,0.77773,0.00135544,0.939951,0.0531417,0.0055516
14033,0,12,1385.92,14,1682.36,0,1,0,0.273754,0.0873422,0.0005768,0.0825667,0.829514,0.00266402,0.881899,0.104523,0.0109143
14034,0,12,1385.92,14,1682.36,3,1,0,0.273617,0.0543474,0.00059681,0.0855159,0.85954,0.00488512,0.783287,0.191809,0.0200197
14035,0,12,1385.92,14,1682.36,3,2,0,0.27348,0.0982922,0.00107841,0.154677,0.745952,0.00811903,0.639581,0.319018,0.033282
14036,0,12,1385.92,14,1682.36,3,1,0,0.273344,0.159255,0.00174569,0.250634,0.588364,0.00953035,0.751415,0.199977,0.0390784
14037,0,12,1385.92,14,1682.36,2,2,0,0.273207,0.22681,0.00248396,0.356984,0.413722,0.015297,0.600787,0.321174,0.0627417
14038,0,12,1385.92,14,1682.36,3,2,0,0.27307,0.275113,0.00301023,0.219986,0.50189,0.0179555,0.705719,0.202659,0.0736666
14039,0,12,1385.92,14,1682.36,0,1,0,0.272934,0.367152,0.00401368,0.29357,0.335265,0.0196497,0.772875,0.126835,0.0806402
14040,0,12,1385.92,14,1682.36,2,1,0,0.272797,0.22711,0.00489761,0.35853,0.409462,0.0318273,0.632004,0.205516,0.130653
14041,0,12,1385.92,14,1682.36,2,2,0,0.272661,0.275,0.00592581,0.223212,0.495863,0.0460272,0.467656,0.297319,0.188997
14042,0,12,1385.92,14,1682.36,3,2,0,0.272525,0.305734,0.00658304,0.136336,0.551347,0.0532584,0.54138,0.18661,0.218752
14043,0,12,1385.92,14,1682.36,3,1,0,0.272388,0.419795,0.00903203,0.187168,0.384005,0.0578086,0.587906,0.116777,0.237509
14044,0,12,1385.92,14,1682.36,0,2,0,0.272252,0.515234,0.0110769,0.229684,0.244006,0.0806376,0.425051,0.162916,0.331396
14045,0,12,1385.92,14,1682.36,0,1,0,0.272116,0.352921,0.0147769,0.30659,0.325712,0.0865723,0.456485,0.101057,0.355886
14046,0,12,1385.92,14,1648.08,2,2,13,0.27198,0.220919,0.0177807,0.369136,0.392164,0.110528,0.305952,0.129025,0.454495
14047,0,12,1385.92,14,1648.08,2,2,0,0.271844,0.014601,0.00117458,0.958302,0.025922,0.0166017,0.0459644,0.869148,0.068286
14048,0,12,1385.92,14,1648.08,2,2,0,0.271708,0.0288435,0.00231914,0.917624,0.0512132,0.0292918,0.0811153,0.769076,0.120517
14049,0,12,1385.92,14,1648.08,2,2,0,0.271572,0.0540599,0.00434445,0.845598,0.0959974,0.0470978,0.13045,0.62862,0.193832
14050,0,12,1385.92,14,1648.08,2,1,9,0.271436,0.0938546,0.0075387,0.731924,0.166682,0.0677381,0.187658,0.465749,0.278856
14051,0,12,1385.92,14,1588.9,2,1,13,0.271301,0.0122953,0.000987096,0.964879,0.0218385,0.0229796,0.724332,0.158062,0.0946263
14052,0,12,1385.92,14,1588.9,2,1,0,0.271165,0.00035017,2.80984e-05,0.999,0.000622032,0.000823841,0.990114,0.00566888,0.00339341
14053,0,12,1385.92,14,1588.9,2,1,0,0.271029,0.000777982,6.23954e-05,0.997777,0.00138214,0.00172974,0.979236,0.011907,0.00712682
14054,0,12,1385.92,14,1588.9,2,1,0,0.270894,0.00169912,0.000136203,0.995146,0.00301896,0.00353796,0.957517,0.0243636,0.0145811
14055,0,12,1385.92,14,1588.9,2,2,0,0.270758,0.00364342,0.000291913,0.98959,0.00647429,0.00697912,0.91617,0.0480792,0.0287715
14056,0,12,1385.92,14,1588.9,2,2,0,0.270623,0.00764926,0.000612554,0.978144,0.0135942,0.00708851,0.931438,0.0322429,0.0292307
14057,0,12,1385.92,14,1588.9,2,1,0,0.270488,0.0156353,0.00125145,0.955323,0.0277901,0.00715387,0.940944,0.0223933,0.0295086
14058,0,12,1385.92,14,1588.9,2,1,0,0.270353,0.0307895,0.00246314,0.912016,0.0547313,0.0137082,0.886812,0.0429197,0.0565603
14059,0,12,1385.92,14,1588.9,2,0,0,0.270217,0.0573942,0.00458918,0.835981,0.102036,0.024677,0.796196,0.0772801,0.101847
14060,0,12,1385.92,14,1543.64,2,1,13,0.270082,0.0988069,0.00789651,0.717617,0.175679,0.0177624,0.801905,0.0777979,0.102535
14061,0,12,1385.92,14,1543.64,2,1,0,0.269947,0.00355272,0.000283785,0.989846,0.00631749,0.000573613,0.993601,0.00251312,0.00331238
14062,0,12,1385.92,14,1543.64,2,1,0,0.269812,0.00747029,0.000596411,0.978648,0.0132853,0.001211,0.986486,0.0053072,0.00699546
14063,0,12,1385.92,14,1543.64,2,1,0,0.269677,0.015296,0.00122058,0.956278,0.0272058,0.00250016,0.972092,0.0109602,0.0144475
14064,0,12,1385.92,14,1543.64,2,1,0,0.269542,0.0301843,0.00240741,0.913716,0.0536925,0.00501351,0.94402,0.0219847,0.0289814
14065,0,12,1385.92,14,1543.64,2,1,0,0.269408,0.0564137,0.00449712,0.838728,0.100362,0.00964645,0.892258,0.0423131,0.0557825
14066,0,12,1385.92,14,1526.71,2,1,13,0.269273,0.0974325,0.00776308,0.721449,0.173355,0.017468,0.80484,0.0766441,0.101047
14067,0,12,1385.92,14,1526.71,2,1,0,0.269138,0.00347144,0.000276452,0.990075,0.00617721,0.000559847,0.993743,0.00245716,0.0032397
14068,0,12,1385.92,14,1526.71,3,1,0,0.269004,0.00731006,0.000581851,0.979099,0.0130093,0.00118354,0.986769,0.00519607,0.00685125
14069,0,12,1385.92,14,1526.71,2,1,0,0.268869,0.00732842,0.000583017,0.98252,0.00956874,0.00244704,0.972636,0.0107464,0.0141704
14070,0,12,1385.92,14,1526.71,2,1,0,0.268735,0.0150877,0.00119971,0.964011,0.0197012,0.00491516,0.94502,0.0215918,0.0284729
14071,0,12,1385.92,14,1526.71,2,1,0,0.268601,0.0300468,0.00238797,0.928329,0.0392364,0.00947617,0.89397,0.0416401,0.0549134
14072,0,12,1385.92,14,1526.71,2,1,0,0.268466,0.057013,0.00452881,0.864004,0.0744539,0.0172019,0.807469,0.0756109,0.0997184
14073,0,12,1385.92,14,1526.71,2,1,0,0.268332,0.100773,0.00800083,0.759619,0.131608,0.0286743,0.678969,0.126075,0.166281
14074,0,12,1385.92,14,1526.71,2,1,0,0.268198,0.161642,0.012827,0.614419,0.211112,0.0429091,0.519456,0.188719,0.248916
14075,0,12,1385.92,14,1526.71,2,1,0,0.268064,0.231047,0.0183253,0.448852,0.301775,0.0572287,0.358898,0.251772,0.332101
14076,0,12,1385.92,14,1526.71,2,3,0,0.26793,0.294855,0.0233743,0.296634,0.385137,0.068981,0.227013,0.303565,0.400441
14077,0,12,1385.92,14,1520.39,2,1,13,0.267796,0.341953,0.0270942,0.184274,0.446679,0.0851475,0.280282,0.37482,0.25975
14078,0,12,1385.92,14,1520.39,2,2,0,0.267662,0.0383962,0.00304073,0.908405,0.0501581,0.00683333,0.942227,0.0300893,0.0208503
14079,0,12,1385.92,14,1520.39,2,1,0,0.267528,0.0712193,0.00563725,0.830102,0.093041,0.00688995,0.950971,0.0211118,0.0210278
14080,0,12,1385.92,14,1520.39,2,1,9,0.267394,0.121831,0.00963847,0.709361,0.159169,0.0132957,0.905368,0.040749,0.0405869
14081,0,12,1385.92,14,1519.96,2,1,13,0.267261,0.0160885,0.00127217,0.961619,0.0210203,0.00143336,0.989796,0.00439398,0.00437649
14082,0,12,1385.92,14,1519.96,2,1,0,0.267127,0.000447237,3.53464e-05,0.998933,0.000584364,3.92076e-05,0.999721,0.000120218,0.00011974
14083,0,12,1385.92,14,1519.96,2,1,0,0.266993,0.000992582,7.84069e-05,0.997632,0.00129699,8.81256e-05,0.999372,0.000270271,0.000269195
14084,0,12,1385.92,14,1518.84,2,1,13,0.26686,0.00216536,0.000170961,0.994834,0.00282958,0.000194867,0.998612,0.00059777,0.000595389
14085,0,12,1385.92,14,1518.84,2,1,0,0.266726,6.05036e-05,4.7745e-06,0.999856,7.90673e-05,5.4862e-06,0.999961,1.68331e-05,1.67661e-05
14086,0,12,1385.92,14,1518.84,2,1,9,0.266593,0.000139919,1.10357e-05,0.999666,0.000182858,1.28294e-05,0.999909,3.93729e-05,3.9216e-05
14087,0,12,1385.92,14,1518.84,2,1,0,0.26646,1.56518e-05,1.23387e-06,0.999963,2.04563e-05,1.4504e-06,0.99999,4.4522e-06,4.43446e-06
14088,0,12,1385.92,14,1518.84,2,1,0,0.266327,3.7193e-05,2.93053e-06,0.999911,4.86123e-05,3.48328e-06,0.999975,1.06948e-05,1.06522e-05
14089,0,12,1385.92,14,1518.84,2,1,0,0.266193,8.6884e-05,6.84233e-06,0.999793,0.000113566,8.22239e-06,0.999941,2.52511e-05,2.51504e-05
14090,0,12,1385.92,14,1518.84,2,1,0,0.26606,0.000199577,1.57092e-05,0.999524,0.000260881,1.90833e-05,0.999864,5.86184e-05,5.83847e-05
14091,0,12,1385.92,14,1518.84,2,1,0,0.265927,0.000450858,3.54701e-05,0.998924,0.000589379,4.35592e-05,0.999689,0.000133831,0.000133297
14092,0,12,1385.92,14,1518.84,2,1,0,0.265794,0.00100161,7.87591e-05,0.99761,0.00130942,9.78061e-05,0.999302,0.000300566,0.000299368
14093,0,12,1385.92,14,1518.84,2,1,0,0.265661,0.00218714,0.000171893,0.994782,0.00285942,0.000216046,0.998458,0.000664077,0.000661427
14094,0,12,1385.92,14,1518.84,2,1,0,0.265529,0.00468802,0.000368255,0.988814,0.00612935,0.000469392,0.99665,0.00144313,0.00143737
14095,0,12,1385.92,14,1518.84,2,1,0,0.265396,0.00983411,0.000772101,0.976535,0.0128583,0.00100234,0.992845,0.00308235,0.00307005
14096,0,12,1385.92,14,1518.84,0,1,0,0.265263,0.0200672,0.00157473,0.952118,0.0262397,0.00209995,0.985008,0.00645913,0.00643334
14097,0,12,1385.92,14,1518.84,2,1,0,0.26513,0.0143728,0.00158188,0.957671,0.0263738,0.00430016,0.969293,0.0132296,0.0131768
14098,0,12,1385.92,14,1518.84,2,1,0,0.264998,0.0283736,0.00312144,0.916434,0.0520712,0.0085446,0.938973,0.0262937,0.0261887
14099,0,12,1385.92,14,1518.84,2,1,9,0.264865,0.0531176,0.00584099,0.843548,0.0974931,0.0162659,0.883804,0.0500653,0.0498653
14100,0,12,1385.92,14,1518.84,2,1,0,0.264733,0.00604947,0.000664927,0.982181,0.0111047,0.00176773,0.98737,0.00544216,0.00542041
14101,0,12,1385.92,14,1518.84,2,1,0,0.264601,0.0124623,0.00136918,0.963289,0.0228791,0.00364295,0.973966,0.0112178,0.0111729
14102,0,12,1385.92,14,1518.84,2,1,0,0.264468,0.0248227,0.00272597,0.926875,0.0455767,0.00730006,0.947821,0.0224842,0.0223943
14103,0,12,1385.92,14,1518.84,2,3,0,0.264336,0.0470735,0.00516722,0.861318,0.0864416,0.014064,0.899455,0.043327,0.0431538
14104,0,12,1385.92,14,1518.84,2,1,0,0.264204,0.0830653,0.00911399,0.755268,0.152552,0.0142523,0.912253,0.0439169,0.0295773
14105,0,12,1385.92,14,1518.84,2,3,0,0.264072,0.132852,0.0145702,0.60856,0.244018,0.0262311,0.838478,0.0808463,0.0544443
14106,0,12,1385.92,14,1518.84,3,1,0,0.26394,0.189193,0.0207401,0.442521,0.347545,0.0267019,0.85412,0.0823159,0.0368624
14107,0,12,1385.92,14,1506.59,3,1,13,0.263808,0.226111,0.0247762,0.528962,0.220151,0.0461778,0.747681,0.142388,0.0637534
14108,0,12,1385.92,14,1506.59,3,1,0,0.263676,0.0213166,0.00233474,0.0498763,0.926472,0.00151028,0.991747,0.00465794,0.00208523
14109,0,12,1385.92,14,1467.65,2,1,13,0.263544,0.0405401,0.00443827,0.0948714,0.86015,0.00313999,0.982838,0.00968644,0.00433565
14110,0,12,1385.92,14,1467.65,2,1,0,0.263412,0.00731607,0.000800597,0.836562,0.155322,8.33696e-05,0.999544,0.000257242,0.000115123
14111,0,12,1385.92,14,1467.65,2,1,0,0.263281,0.0129702,0.0014187,0.710083,0.275528,0.000185202,0.998987,0.000571579,0.000255757
14112,0,12,1385.92,14,1467.65,2,1,0,0.263149,0.020425,0.00223313,0.543184,0.434158,0.000404749,0.997787,0.00124944,0.000558979
14113,0,12,1385.92,14,1467.65,3,1,0,0.263017,0.028184,0.00308008,0.369286,0.59945,0.000869878,0.995243,0.00268587,0.00120142
14114,0,12,1385.92,14,1467.65,2,1,0,0.262886,0.0404155,0.00441485,0.529825,0.425344,0.00183644,0.989955,0.00567156,0.00253655
14115,0,12,1385.92,14,1467.65,3,1,0,0.262754,0.054985,0.0060037,0.360061,0.57895,0.00379887,0.979219,0.0117348,0.00524745
14116,0,12,1385.92,14,1460.94,3,1,13,0.262623,0.0772698,0.0084332,0.506181,0.408116,0.00766125,0.958084,0.0236712,0.0105833
14117,0,12,1385.92,14,1460.94,3,1,0,0.262492,0.00443703,0.000484041,0.0290771,0.966002,0.0002037,0.998885,0.000629522,0.000281412
14118,0,12,1385.92,14,1460.94,3,1,0,0.26236,0.0090506,0.000986905,0.0593335,0.930629,0.000444612,0.997567,0.00137435,0.00061427
14119,0,12,1385.92,14,1460.94,3,1,0,0.262229,0.0175588,0.00191381,0.115154,0.865373,0.000954236,0.994777,0.00295033,0.00131845
14120,0,12,1385.92,14,1460.94,3,1,0,0.262098,0.0316104,0.00344383,0.207386,0.75756,0.00201129,0.98899,0.00621995,0.00277913
14121,0,12,1385.92,14,1460.94,3,1,0,0.261967,0.0513034,0.00558684,0.336712,0.606398,0.00415182,0.977268,0.0128425,0.00573721
14122,0,12,1385.92,14,1460.94,3,1,0,0.261836,0.0736082,0.00801223,0.483284,0.435096,0.00834765,0.954289,0.025827,0.011536
14123,0,12,1385.92,14,1460.94,3,1,0,0.261705,0.0934697,0.0101696,0.613918,0.282443,0.0161837,0.911367,0.0500825,0.0223665
14124,0,12,1385.92,14,1460.94,2,2,0,0.261574,0.10717,0.0116551,0.704171,0.177003,0.0297564,0.837011,0.0921057,0.0411271
14125,0,12,1385.92,14,1460.94,2,1,9,0.261444,0.164379,0.0178688,0.546235,0.271517,0.0307851,0.866523,0.0601408,0.0425515
14126,0,12,1385.92,14,1460.94,2,1,0,0.261313,0.0261506,0.00284144,0.927809,0.0431992,0.00332019,0.985603,0.00648709,0.0045895
14127,0,12,1385.92,14,1460.94,2,1,9,0.261182,0.0497257,0.00540063,0.862722,0.0821519,0.00676777,0.970652,0.0132249,0.00935571
14128,0,12,1385.92,14,1460.94,2,1,0,0.261052,0.00548825,0.000595806,0.984848,0.00906806,0.000680117,0.99705,0.00132919,0.000940249
14129,0,12,1385.92,14,1460.94,2,1,0,0.260921,0.0114003,0.00123707,0.968524,0.0188382,0.00144842,0.993718,0.00283111,0.00200254
14130,0,12,1385.92,14,1460.94,2,1,9,0.260791,0.0229478,0.00248901,0.93664,0.0379236,0.00302814,0.986865,0.00591966,0.0041869
14131,0,12,1385.92,14,1460.94,2,1,0,0.26066,0.00238991,0.000259104,0.993401,0.00394997,0.000304269,0.99868,0.000594889,0.000420727
14132,0,12,1385.92,14,1460.94,2,1,0,0.26053,0.00509607,0.000552248,0.985928,0.00842346,0.000659846,0.997137,0.00129027,0.000912462
14133,0,12,1385.92,14,1460.94,2,1,0,0.2604,0.0106188,0.00115022,0.970677,0.0175539,0.00140692,0.993896,0.00275146,0.00194567
14134,0,12,1385.92,14,1456.14,2,1,13,0.260269,0.0214627,0.00232379,0.94073,0.0354835,0.00294506,0.987222,0.00576034,0.00407308
14135,0,12,1385.92,14,1456.14,2,1,0,0.260139,0.000578425,6.25989e-05,0.998403,0.000956385,7.65067e-05,0.999668,0.000149662,0.000105817
14136,0,12,1385.92,14,1456.14,2,1,0,0.260009,0.00127647,0.000138082,0.996475,0.00211076,0.000170795,0.999259,0.000334152,0.000236243
14137,0,12,1385.92,14,1456.14,2,1,0,0.259879,0.00276722,0.000299211,0.992357,0.00457633,0.000375133,0.998372,0.000734029,0.000518917
14138,0,12,1385.92,14,1456.14,2,1,0,0.259749,0.00588116,0.000635628,0.983756,0.00972702,0.00081047,0.996482,0.00158607,0.00112119
14139,0,12,1385.92,14,1456.14,2,1,0,0.259619,0.0122007,0.00131804,0.9663,0.0201811,0.00172106,0.992529,0.00336854,0.00238104
14140,0,12,1385.92,14,1456.14,3,1,0,0.25949,0.0244997,0.00264554,0.932326,0.040529,0.00358566,0.984434,0.00701895,0.00496097
14141,0,12,1385.92,14,1456.14,0,1,0,0.25936,0.0248183,0.00267874,0.945135,0.0273676,0.00730116,0.968303,0.014294,0.0101022
14142,0,12,1385.92,14,1456.14,2,1,0,0.25923,0.0175129,0.00269571,0.952238,0.0275537,0.0144241,0.937374,0.0282428,0.0199591
14143,0,12,1385.92,14,1456.14,2,1,0,0.259101,0.0342164,0.00526486,0.90668,0.0538389,0.027296,0.881477,0.0534536,0.037773
14144,0,12,1385.92,14,1456.14,2,3,0,0.258971,0.0631926,0.00971979,0.827646,0.0994416,0.0485167,0.789317,0.0950228,0.0671431
14145,0,12,1385.92,14,1456.14,2,1,0,0.258842,0.10763,0.0165485,0.706438,0.169384,0.0496509,0.808221,0.0972573,0.0448705
14146,0,12,1385.92,14,1456.14,3,1,0,0.258712,0.164967,0.0253549,0.550034,0.259644,0.0821459,0.682688,0.160931,0.0742354
14147,0,12,1385.92,14,1456.14,3,3,0,0.258583,0.186501,0.0286539,0.621982,0.162863,0.122514,0.526724,0.240048,0.110714
14148,0,12,1385.92,14,1456.14,2,1,0,0.258453,0.199872,0.0306967,0.666736,0.102695,0.127983,0.550398,0.250797,0.070821
14149,0,12,1385.92,14,1456.14,2,0,0,0.258324,0.295508,0.0453676,0.507312,0.151812,0.173412,0.390773,0.339867,0.0959483
14150,0,12,1385.92,14,1456.14,0,2,0,0.258195,0.390286,0.0598959,0.349342,0.200476,0.107718,0.421849,0.366884,0.103549
14151,0,12,1385.92,14,1456.14,2,1,0,0.258066,0.25224,0.0734363,0.428467,0.245856,0.129678,0.50799,0.237672,0.124659
14152,0,12,1385.92,14,1456.14,3,3,0,0.257937,0.316176,0.0920278,0.283623,0.308173,0.170277,0.353921,0.312118,0.163685
14153,0,12,1385.92,14,1456.14,2,1,0,0.257808,0.369081,0.1074,0.331073,0.192446,0.182822,0.380053,0.335155,0.10197
14154,0,12,1385.92,14,1456.14,3,2,0,0.257679,0.435526,0.126704,0.210709,0.227062,0.221837,0.247718,0.406728,0.123717
14155,0,12,1385.92,14,1456.14,0,1,0,0.25755,0.482769,0.140413,0.233531,0.143287,0.273111,0.30498,0.269615,0.152294
14156,0,12,1385.92,14,1456.14,0,2,0,0.257421,0.332422,0.181219,0.30143,0.184929,0.317271,0.192623,0.313208,0.176898
14157,0,12,1385.92,14,1456.14,0,3,0,0.257293,0.211947,0.213913,0.355847,0.218293,0.369948,0.224582,0.199226,0.206244
14158,0,12,1385.92,14,1456.14,2,1,0,0.257164,0.132887,0.235362,0.391568,0.240183,0.405286,0.246011,0.218229,0.130474
14159,0,12,1385.92,14,1456.14,3,0,0,0.257035,0.161985,0.28693,0.258278,0.292808,0.452948,0.157405,0.243863,0.145785
14160,0,12,1385.92,14,1456.14,2,0,0,0.256907,0.186787,0.330902,0.297853,0.184458,0.310822,0.198293,0.307235,0.18365
14161,0,12,1385.92,14,1456.14,0,3,0,0.256779,0.215523,0.381852,0.189789,0.212835,0.199108,0.230427,0.357056,0.213409
14162,0,12,1385.92,14,1456.14,3,1,0,0.25665,0.137133,0.420037,0.208739,0.234091,0.21868,0.253085,0.392199,0.136037
14163,0,12,1385.92,14,1456.14,2,2,0,0.256522,0.152098,0.465977,0.231537,0.150388,0.244965,0.163271,0.439391,0.152373
14164,0,12,1385.92,14,1456.14,1,0,0,0.256394,0.168211,0.515458,0.150011,0.16632,0.305148,0.203368,0.301694,0.189791
14165,0,12,1385.92,14,1456.14,1,1,0,0.256265,0.219564,0.367537,0.195804,0.217095,0.196699,0.235101,0.348798,0.219403
14166,0,12,1385.92,14,1456.14,0,1,0,0.256137,0.262754,0.243131,0.234315,0.2598,0.218234,0.151306,0.38703,0.243429
14167,0,12,1385.92,14,1456.14,1,0,0,0.256009,0.165978,0.275045,0.26507,0.293906,0.231817,0.0984296,0.411167,0.258586
14168,0,12,1385.92,14,1456.14,1,2,0,0.255881,0.188687,0.175792,0.301365,0.334156,0.151211,0.108734,0.454342,0.285713
14169,0,12,1385.92,14,1456.14,1,2,0,0.255753,0.20312,0.112676,0.324447,0.359757,0.18925,0.136079,0.317037,0.357634
14170,0,12,1385.92,14,1456.14,2,3,0,0.255625,0.212016,0.0737395,0.338689,0.375556,0.219159,0.157574,0.20906,0.414207
14171,0,12,1385.92,14,1456.14,3,1,9,0.255498,0.24873,0.0864906,0.224138,0.440641,0.267661,0.192434,0.255324,0.284581
14172,0,12,1385.92,14,1456.14,3,1,0,0.25537,0.0426691,0.0148341,0.0384496,0.904047,0.0824455,0.751251,0.0786448,0.0876585
14173,0,12,1385.92,14,1456.14,3,1,0,0.255242,0.0740305,0.0257316,0.0667083,0.83353,0.125238,0.622142,0.119463,0.133158
14174,0,12,1385.92,14,1456.14,3,1,0,0.255114,0.120386,0.0418352,0.108477,0.729302,0.173677,0.475994,0.165667,0.184663
14175,0,12,1385.92,14,1456.14,2,3,0,0.254987,0.180249,0.0626249,0.162415,0.594711,0.219929,0.336444,0.209784,0.233843
14176,0,12,1385.92,14,1456.14,3,2,9,0.254859,0.191834,0.0666356,0.108448,0.633083,0.243528,0.372578,0.232293,0.1516
14177,0,12,1385.92,14,1456.14,3,2,0,0.254732,0.0243928,0.00847131,0.0137882,0.953348,0.0654316,0.100113,0.793727,0.0407284
14178,0,12,1385.92,14,1456.14,3,2,0,0.254605,0.0446037,0.015487,0.0252097,0.9147,0.10283,0.157348,0.675822,0.0640009
14179,0,12,1385.92,14,1456.14,3,2,0,0.254477,0.0780661,0.0270999,0.0441173,0.850717,0.148006,0.226494,0.533391,0.0921096
14180,0,12,1385.92,14,1456.14,2,0,0,0.25435,0.128614,0.0446377,0.0726751,0.754073,0.194088,0.29704,0.388095,0.120777
14181,0,12,1385.92,14,1456.14,3,1,0,0.254223,0.131564,0.045652,0.0511376,0.771646,0.126519,0.321944,0.420656,0.13088
14182,0,12,1385.92,14,1456.14,2,2,0,0.254096,0.202866,0.0703783,0.0788368,0.647919,0.146477,0.214867,0.487129,0.151526
14183,0,12,1385.92,14,1456.14,3,0,0,0.253969,0.208087,0.0721743,0.0549906,0.664748,0.186292,0.273293,0.347699,0.192715
14184,0,12,1385.92,14,1456.14,3,1,9,0.253842,0.29663,0.102863,0.0783688,0.522138,0.121491,0.295057,0.375405,0.208047
14185,1,12,1385.92,14,1456.14,3,1,0,0.253715,0.0438548,0.0152045,0.0115832,0.929357,0.0275504,0.840116,0.0851495,0.0471838
14186,1,12,1385.92,14,1456.14,0,1,0,0.253588,0.995417,0.00110637,0.00184017,0.00163679,0.00212581,0.996028,0.000908866,0.000936971
14187,1,12,1385.92,14,1456.14,0,1,0,0.253461,0.990877,0.00220197,0.0036628,0.0032579,0.00423527,0.992088,0.00181043,0.00186642
14188,1,12,1385.92,14,1456.14,0,1,0,0.253334,0.982164,0.00430487,0.00716153,0.00636971,0.00829306,0.984509,0.00354439,0.00365404
14189,1,12,1385.92,14,1456.14,0,1,0,0.253208,0.965861,0.00823914,0.0137079,0.012192,0.0159133,0.970276,0.00680005,0.00701046
14190,1,12,1385.92,14,1456.14,0,1,0,0.253081,0.936416,0.0153444,0.0255319,0.0227079,0.0297653,0.944407,0.0127171,0.0131107
14191,1,12,1385.92,14,1456.14,0,1,0,0.252955,0.88591,0.0275306,0.0458136,0.0407454,0.053789,0.899545,0.0229773,0.0236885
14192,1,12,1385.92,14,1456.14,2,1,0,0.252828,0.805672,0.0468895,0.0780365,0.0694019,0.0926469,0.826989,0.0395697,0.0407948
14193,1,12,1385.92,14,1456.14,0,1,9,0.252702,0.826223,0.0480581,0.0545821,0.0711372,0.149461,0.720915,0.063824,0.0658004
14194,1,12,1385.92,14,1456.14,0,1,0,0.252575,0.982395,0.0048684,0.00552944,0.00720693,0.016905,0.968436,0.00721769,0.00744124
14195,1,12,1385.92,14,1456.14,2,1,0,0.252449,0.966355,0.00930386,0.0105674,0.013774,0.0315485,0.941099,0.0134675,0.0138848
14196,1,12,1385.92,14,1456.14,0,1,0,0.252323,0.96824,0.00931335,0.0086579,0.0137892,0.0568178,0.89393,0.0242504,0.0250019
14197,1,12,1385.92,14,1456.14,0,1,0,0.252197,0.940811,0.0173558,0.0161341,0.0256987,0.0973737,0.818232,0.0415531,0.0428409
14198,1,12,1385.92,14,1456.14,0,1,0,0.252071,0.893552,0.0312126,0.0290151,0.04622,0.156004,0.70881,0.0665615,0.0686248
14199,1,12,1385.92,14,1456.14,0,0,0,0.251945,0.817816,0.0534183,0.0496567,0.0791088,0.22973,0.57123,0.0980011,0.10104
14200,1,12,1385.92,14,1456.14,0,1,0,0.251819,0.708472,0.0854767,0.0794563,0.126595,0.153164,0.628067,0.107714,0.111055
14201,1,12,1385.92,14,1456.14,0,0,0,0.251693,0.571107,0.125749,0.11689,0.186254,0.21281,0.483246,0.149651,0.154293
14202,1,12,1385.92,14,1456.14,1,1,0,0.251567,0.424718,0.168664,0.15678,0.249838,0.141158,0.52728,0.163249,0.168313
14203,1,12,1385.92,14,1456.14,3,1,0,0.251441,0.454244,0.110931,0.167646,0.267179,0.183771,0.384561,0.212537,0.219132
14204,0,12,1385.92,13,1483.23,0,2,13,0.251315,0.509972,0.124506,0.188176,0.177347,0.220521,0.261472,0.255046,0.262961
14205,0,12,1385.92,13,1480.6,3,1,13,0.25119,0.0623704,0.0215322,0.016386,0.899711,0.0344277,0.799595,0.106888,0.0590895
14206,0,12,1385.92,13,1480.6,3,1,0,0.251064,0.00150385,0.000519066,0.000394988,0.997582,0.000913048,0.994684,0.00283538,0.00156727
14207,0,12,1385.92,13,1480.6,3,1,0,0.250939,0.003034,0.00104698,0.000796669,0.995122,0.00180164,0.989509,0.00559608,0.00309289
14208,0,12,1385.92,13,1469.95,3,2,13,0.250813,0.00602266,0.00207788,0.00158101,0.990318,0.0034908,0.979671,0.0108452,0.00599332
14209,0,12,1385.92,13,1469.95,3,1,0,0.250688,0.000138426,4.77482e-05,3.63285e-05,0.999777,0.0019935,0.560094,0.434489,0.00342299
14210,0,12,1385.92,13,1465.99,3,1,13,0.250562,0.000293546,0.000101233,7.70176e-05,0.999528,0.00272958,0.397022,0.595561,0.00468741
14211,0,12,1385.92,13,1465.99,3,1,0,0.250437,7.08869e-06,2.44411e-06,1.85936e-06,0.999989,0.000141967,0.968605,0.0310088,0.000243821
14212,0,12,1385.92,13,1465.99,3,1,0,0.250312,1.59511e-05,5.49859e-06,4.18284e-06,0.999974,0.000282763,0.937403,0.0618285,0.000485684
14213,0,12,1385.92,13,1465.99,3,1,0,0.250187,3.53248e-05,1.21745e-05,9.26073e-06,0.999943,0.000538953,0.880561,0.117974,0.000925826
14214,0,12,1385.92,13,1465.99,3,1,0,0.250062,7.70135e-05,2.65365e-05,2.01844e-05,0.999876,0.000963077,0.786343,0.21104,0.00165458
14215,0,12,1385.92,13,1465.99,3,1,0,0.249937,0.000165336,5.69576e-05,4.33211e-05,0.999734,0.00157303,0.650653,0.345071,0.00270278
14216,0,12,1385.92,13,1465.99,3,1,0,0.249812,0.000349605,0.000120412,9.15787e-05,0.999438,0.00230053,0.488542,0.505205,0.00395318
14217,0,12,1385.92,13,1465.99,3,1,0,0.249687,0.000728217,0.000250761,0.000190704,0.99883,0.00300012,0.332297,0.659547,0.0051559
14218,0,12,1385.92,13,1465.99,3,2,0,0.249562,0.00149419,0.000514414,0.000391192,0.9976,0.00351564,0.216727,0.773714,0.00604251
14219,0,12,1385.92,13,1465.99,3,2,0,0.249437,0.0030191,0.00103918,0.000790213,0.995152,0.00559317,0.345085,0.639708,0.00961433
14220,0,12,1385.92,13,1465.99,3,1,0,0.249312,0.00600205,0.00206548,0.00157055,0.990362,0.00802085,0.495274,0.482916,0.0137888
14221,0,12,1385.92,13,1465.99,3,1,0,0.249188,0.0117185,0.00403183,0.00306554,0.981184,0.01043,0.343157,0.628481,0.0179324
14222,0,12,1385.92,13,1465.99,0,1,0,0.249063,0.0223901,0.00770179,0.00585562,0.964053,0.0122467,0.228141,0.738554,0.0210582
14223,0,12,1385.92,13,1465.99,0,2,0,0.248939,0.0170625,0.00773639,0.0058816,0.96932,0.01347,0.150373,0.812993,0.0231641
14224,0,12,1385.92,13,1457.04,3,2,13,0.248814,0.0133435,0.00775827,0.00589791,0.973,0.0217147,0.24253,0.698409,0.0373465
14225,0,12,1385.92,13,1457.04,3,2,0,0.24869,0.000300074,0.000174452,0.000132613,0.999393,0.000651331,0.00727817,0.99095,0.00112033
14226,0,12,1385.92,13,1457.04,3,2,0,0.248565,0.000621003,0.00036099,0.000274398,0.998744,0.00129151,0.0144387,0.982048,0.00222171
14227,0,12,1385.92,13,1457.04,3,2,9,0.248441,0.00126608,0.000735894,0.000559342,0.997439,0.00250532,0.0280223,0.965162,0.00431024
14228,0,12,1385.92,13,1457.04,3,2,0,0.248317,0.000115195,6.69484e-05,5.08837e-05,0.999767,0.000227247,0.00254301,0.996839,0.000391005
14229,0,12,1385.92,13,1457.04,3,2,0,0.248193,0.000243138,0.000141291,0.000107381,0.999508,0.000462948,0.00518313,0.993557,0.000796643
14230,0,12,1385.92,13,1457.04,3,2,0,0.248069,0.000505566,0.000293758,0.000223245,0.998977,0.000926965,0.0103832,0.987094,0.0015953
14231,0,12,1385.92,13,1457.04,3,2,0,0.247945,0.00103565,0.0006017,0.000457243,0.997905,0.00181946,0.0203902,0.974659,0.00313162
14232,0,12,1385.92,13,1457.04,3,2,0,0.247821,0.0020896,0.00121389,0.000922409,0.995774,0.00348342,0.0390567,0.951464,0.00599624
14233,0,12,1385.92,13,1457.04,3,2,0,0.247697,0.00414965,0.00241036,0.00183148,0.991609,0.00644889,0.072341,0.910108,0.0111021
14234,0,12,1385.92,13,1457.04,3,2,0,0.247573,0.0080981,0.00470335,0.00357357,0.983625,0.0113878,0.127805,0.841201,0.0196068
14235,0,12,1385.92,13,1457.04,3,2,0,0.247449,0.0154829,0.00899143,0.00683125,0.968694,0.018829,0.21142,0.737329,0.0324221
14236,0,12,1385.92,13,1457.04,3,2,9,0.247325,0.0288421,0.0167478,0.0127234,0.941687,0.0285916,0.321194,0.600976,0.049238
14237,0,12,1385.92,13,1457.04,3,2,0,0.247202,0.0025849,0.00150081,0.00114012,0.994774,0.00372223,0.0418353,0.948032,0.00641081
14238,0,12,1385.92,13,1457.04,3,1,0,0.247078,0.00510962,0.00296636,0.00225332,0.989671,0.00686471,0.0771919,0.904119,0.0118244
14239,0,12,1385.92,13,1457.04,3,2,0,0.246955,0.00991803,0.00575722,0.00437309,0.979952,0.00703792,0.053,0.927838,0.0121241
14240,0,12,1385.92,13,1457.04,3,2,0,0.246831,0.0188342,0.0109317,0.00830309,0.961931,0.0126089,0.0949913,0.870676,0.0217234
14241,0,12,1385.92,13,1457.04,3,1,0,0.246708,0.0347633,0.020175,0.015323,0.929739,0.0213262,0.16073,0.781198,0.0367462
14242,0,12,1385.92,13,1457.04,3,2,0,0.246584,0.0617095,0.0358095,0.0271958,0.875285,0.0226651,0.107437,0.83084,0.0390574
14243,0,12,1385.92,13,1457.04,3,1,0,0.246461,0.103762,0.0602055,0.0457211,0.790311,0.0368297,0.174635,0.725063,0.0634732
14244,0,12,1385.92,13,1457.04,3,1,0,0.246338,0.162313,0.0941683,0.0715091,0.672009,0.0393799,0.117014,0.775731,0.0678757
14245,0,12,1385.92,13,1457.04,0,2,0,0.246215,0.232656,0.134964,0.102483,0.529897,0.0410087,0.0800021,0.808298,0.0706909
14246,0,12,1385.92,13,1457.04,3,3,0,0.246091,0.154833,0.148625,0.11285,0.583692,0.0649858,0.126795,0.696185,0.112035
14247,0,12,1385.92,13,1457.04,3,3,0,0.245968,0.208901,0.200524,0.152248,0.438328,0.0675342,0.131785,0.723828,0.0768527
14248,0,12,1385.92,13,1457.04,3,0,0,0.245845,0.258397,0.248032,0.188308,0.305263,0.0691678,0.134991,0.741689,0.0541523
14249,0,12,1385.92,13,1457.04,0,1,0,0.245723,0.297507,0.285571,0.216796,0.200126,0.0492145,0.137848,0.757649,0.0552885
14250,0,12,1385.92,13,1457.04,1,2,0,0.2456,0.194798,0.327335,0.248488,0.229378,0.0516728,0.0943465,0.795929,0.0580516
14251,0,12,1385.92,13,1457.04,2,2,0,0.245477,0.226558,0.217643,0.289015,0.266784,0.0805234,0.147041,0.68197,0.0904658
14252,0,12,1385.92,13,1457.04,2,2,0,0.245354,0.258302,0.248136,0.189387,0.304175,0.115455,0.210853,0.543979,0.129713
14253,0,12,1385.92,13,1457.04,3,1,0,0.245231,0.279272,0.268279,0.123569,0.32888,0.15148,0.276678,0.401651,0.170191
14254,0,12,1385.92,13,1457.04,3,2,0,0.245109,0.324591,0.311812,0.143598,0.219998,0.170808,0.184293,0.452988,0.191911
14255,0,12,1385.92,13,1457.04,0,2,0,0.244986,0.355905,0.34189,0.157426,0.14478,0.212235,0.228994,0.320308,0.238463
14256,0,12,1385.92,13,1457.04,3,1,0,0.244864,0.241856,0.402458,0.185286,0.1704,0.24564,0.265041,0.213316,0.276002
14257,0,12,1385.92,13,1457.04,0,3,0,0.244741,0.258146,0.42961,0.197755,0.114489,0.276322,0.17324,0.239954,0.310484
14258,0,12,1385.92,13,1457.04,1,3,0,0.244619,0.174574,0.478046,0.220017,0.127364,0.31792,0.199302,0.276069,0.206708
14259,0,12,1385.92,13,1457.04,3,2,0,0.244497,0.218734,0.346007,0.275686,0.159572,0.346166,0.216989,0.300588,0.136257
14260,0,12,1385.92,13,1457.04,1,0,0,0.244374,0.232416,0.367683,0.292944,0.106957,0.395104,0.247642,0.201764,0.15549
14261,0,12,1385.92,13,1457.04,0,2,0,0.244252,0.274403,0.253455,0.345882,0.12626,0.274711,0.296941,0.24192,0.186428
14262,0,12,1385.92,13,1457.04,3,2,0,0.24413,0.184976,0.284691,0.388532,0.1418,0.304367,0.329002,0.160093,0.206537
14263,0,12,1385.92,13,1457.04,2,1,0,0.244008,0.194663,0.299625,0.408939,0.0967721,0.323604,0.349802,0.10702,0.219574
14264,0,12,1385.92,13,1457.04,1,1,0,0.243886,0.234292,0.360652,0.2886,0.116456,0.378567,0.239416,0.125169,0.256848
14265,0,12,1385.92,13,1457.04,2,0,0,0.243764,0.274958,0.249685,0.338707,0.136651,0.417211,0.161828,0.137916,0.283045
14266,0,12,1385.92,13,1457.04,0,0,9,0.243642,0.318998,0.289671,0.232815,0.158516,0.295504,0.195615,0.166704,0.342177
14267,0,12,1385.92,13,1457.04,3,0,0,0.24352,0.863603,0.0580206,0.0466303,0.0317466,0.850959,0.0413818,0.0352647,0.0723947
14268,0,12,1385.92,13,1457.04,0,0,9,0.243399,0.869585,0.0583909,0.0469259,0.0250983,0.762466,0.065949,0.0561987,0.115386
14269,0,12,1385.92,13,1457.04,0,0,0,0.243277,0.988464,0.00516526,0.00415088,0.00221983,0.976482,0.00652922,0.00556372,0.011425
14270,0,12,1385.92,13,1457.04,0,0,0,0.243155,0.978728,0.00952507,0.00765415,0.0040928,0.957336,0.0118442,0.0100924,0.0207275
14271,0,12,1385.92,13,1457.04,2,0,0,0.243034,0.961552,0.0172167,0.0138344,0.00739655,0.924665,0.0209131,0.0178195,0.0366025
14272,0,12,1385.92,13,1457.04,0,0,0,0.242912,0.963714,0.0172415,0.0116381,0.00740597,0.871694,0.0356163,0.0303467,0.0623433
14273,0,12,1385.92,13,1457.04,0,0,0,0.242791,0.935934,0.0304437,0.020548,0.0130746,0.791858,0.0577752,0.0492255,0.101142
14274,0,12,1385.92,13,1457.04,0,0,0,0.242669,0.890476,0.0520477,0.035127,0.0223491,0.683019,0.0879821,0.0749598,0.154039
14275,1,12,1385.92,13,1457.04,0,3,0,0.242548,0.820701,0.0852111,0.0575044,0.0365832,0.552395,0.124232,0.105841,0.217531
14276,1,12,1385.92,13,1457.04,0,2,0,0.242427,0.985115,0.00376628,0.00572649,0.00539232,0.0127749,0.0151847,0.956768,0.0152725
14277,1,12,1385.92,13,1457.04,0,2,0,0.242306,0.971355,0.00724755,0.0110206,0.0103773,0.0234757,0.027905,0.920553,0.0280663
14278,1,12,1385.92,13,1457.04,0,2,0,0.242184,0.946248,0.0135989,0.0206801,0.0194729,0.04136,0.0491654,0.860025,0.0494497
14279,1,12,1385.92,13,1457.04,0,2,0,0.242063,0.902509,0.0246631,0.0375088,0.0353187,0.0687341,0.0817083,0.767377,0.0821808
14280,1,12,1385.92,13,1457.04,0,2,0,0.241942,0.831366,0.0426585,0.0648825,0.0610933,0.105793,0.125767,0.641947,0.126494
14281,1,12,1385.92,13,1457.04,0,2,0,0.241821,0.726635,0.0691476,0.105181,0.0990368,0.14876,0.176852,0.496513,0.177875
14282,1,12,1385.92,13,1457.04,3,2,0,0.2417,0.591946,0.103211,0.157008,0.147835,0.19076,0.226792,0.354344,0.228104
14283,1,12,1385.92,13,1457.04,0,0,0,0.24158,0.625847,0.109084,0.165956,0.0991128,0.22571,0.268352,0.236033,0.269905
14284,1,12,1385.92,13,1457.04,0,3,0,0.241459,0.480168,0.151552,0.230584,0.137696,0.144205,0.296602,0.260874,0.298319
14285,1,12,1385.92,13,1457.04,1,2,0,0.241338,0.340395,0.192295,0.292599,0.174711,0.165534,0.34052,0.299495,0.194451
14286,1,12,1385.92,13,1457.04,0,1,0,0.241217,0.36891,0.124668,0.317101,0.189322,0.189655,0.390195,0.197358,0.222792
14287,1,12,1385.92,13,1457.04,2,0,0,0.241097,0.248292,0.148477,0.377733,0.225498,0.228127,0.266483,0.237394,0.267995
14288,1,12,1385.92,13,1457.04,0,3,0,0.240976,0.296892,0.177522,0.255955,0.269631,0.147052,0.294475,0.262325,0.296147
14289,1,12,1385.92,13,1457.04,3,1,0,0.240856,0.194372,0.203394,0.29328,0.308954,0.168266,0.337004,0.300204,0.194526
14290,1,12,1385.92,13,1457.04,2,3,0,0.240735,0.223949,0.234346,0.337935,0.20377,0.19646,0.225869,0.350545,0.227126
14291,1,12,1385.92,13,1457.04,3,3,0,0.240615,0.261717,0.273871,0.226281,0.238131,0.21604,0.248387,0.385525,0.150048
14292,1,12,1385.92,13,1457.04,1,2,0,0.240495,0.290404,0.303893,0.251077,0.154626,0.228652,0.262894,0.408079,0.100375
14293,1,12,1385.92,13,1457.04,1,0,0,0.240374,0.33325,0.201221,0.288112,0.177417,0.276609,0.318042,0.283943,0.121407
14294,1,12,1385.92,13,1457.04,3,3,0,0.240254,0.361856,0.132689,0.312834,0.192621,0.183638,0.358932,0.320441,0.136989
14295,1,12,1385.92,13,1457.04,1,0,0,0.240134,0.390862,0.143297,0.337901,0.12794,0.193183,0.37764,0.337136,0.0920409
14296,1,12,1385.92,13,1457.04,3,2,0,0.240014,0.412254,0.0964513,0.356384,0.134912,0.129291,0.407563,0.363841,0.0993058
14297,1,12,1385.92,13,1457.04,2,2,0,0.239894,0.432986,0.101272,0.374295,0.0914464,0.15216,0.479764,0.251211,0.116865
14298,1,12,1385.92,13,1457.04,2,2,0,0.239774,0.512495,0.119834,0.259466,0.108205,0.16826,0.530648,0.171868,0.129224
14299,1,12,1385.92,13,1457.04,0,1,0,0.239654,0.568968,0.133,0.177941,0.120091,0.179039,0.564775,0.118691,0.137495
14300,1,12,1385.92,13,1457.04,3,3,0,0.239534,0.432453,0.175121,0.234307,0.15812,0.234742,0.429389,0.155605,0.180263
14301,1,12,1385.92,13,1457.04,2,1,0,0.239415,0.458198,0.185512,0.248225,0.108065,0.251064,0.4593,0.166411,0.123226
14302,1,12,1385.92,13,1457.04,1,3,0,0.239295,0.505934,0.204803,0.169974,0.119289,0.310017,0.332374,0.20547,0.152139
14303,1,12,1385.92,13,1457.04,0,1,0,0.239175,0.546443,0.14121,0.183543,0.128803,0.327971,0.351628,0.217351,0.10305
14304,1,12,1385.92,13,1457.04,0,2,0,0.239056,0.412744,0.182834,0.237657,0.166766,0.382899,0.243089,0.253732,0.120281
14305,1,12,1385.92,13,1457.04,0,1,0,0.238936,0.292969,0.22012,0.286139,0.200772,0.424046,0.269187,0.173592,0.133175
14306,1,12,1385.92,13,1457.04,0,0,0,0.238817,0.197971,0.249692,0.324596,0.22774,0.472347,0.186013,0.19333,0.14831
14307,1,12,1385.92,13,1457.04,1,1,0,0.238697,0.133853,0.269649,0.350559,0.245939,0.346727,0.2303,0.239361,0.183612
14308,1,12,1385.92,13,1457.04,2,0,0,0.238578,0.149488,0.184231,0.391582,0.274699,0.379622,0.157322,0.26205,0.201006
14309,1,12,1385.92,13,1457.04,2,1,0,0.238459,0.177581,0.218863,0.277192,0.326364,0.268213,0.185563,0.309123,0.237101
14310,1,12,1385.92,13,1457.04,1,0,0,0.238339,0.199101,0.245397,0.189543,0.365959,0.287708,0.126364,0.3316,0.254328
14311,1,12,1385.92,13,1457.04,2,2,0,0.23822,0.219307,0.168771,0.208776,0.403147,0.198169,0.142229,0.373304,0.286298
14312,1,12,1385.92,13,1457.04,3,3,0,0.238101,0.237085,0.182443,0.144591,0.435881,0.23262,0.166944,0.264342,0.336094
14313,1,12,1385.92,13,1457.04,0,0,0,0.237982,0.287183,0.220983,0.175127,0.316708,0.268089,0.192386,0.304656,0.234869
14314,1,12,1385.92,13,1457.04,1,3,0,0.237863,0.197757,0.248701,0.197084,0.356459,0.184345,0.214388,0.339528,0.261739
14315,1,12,1385.92,13,1457.04,1,2,0,0.237744,0.217905,0.17211,0.217163,0.392822,0.204384,0.2377,0.376482,0.181434
14316,1,12,1385.92,13,1457.04,3,2,0,0.237625,0.231529,0.120299,0.23074,0.417431,0.239649,0.278722,0.268895,0.212734
14317,1,12,1385.92,13,1457.04,0,0,0,0.237506,0.277142,0.14398,0.276198,0.30268,0.267175,0.310745,0.184919,0.237162
14318,1,12,1385.92,13,1457.04,3,3,0,0.237388,0.191343,0.161052,0.308986,0.338618,0.185318,0.34547,0.205562,0.26365
14319,1,12,1385.92,13,1457.04,1,1,0,0.237269,0.220301,0.185419,0.355782,0.238497,0.205256,0.382686,0.227683,0.184375
14320,1,12,1385.92,13,1457.04,2,1,0,0.23715,0.235395,0.129569,0.380195,0.254842,0.240774,0.275863,0.267087,0.216276
14321,1,12,1385.92,13,1457.04,0,3,0,0.237032,0.276041,0.151924,0.273184,0.298851,0.268935,0.191168,0.298331,0.241566
14322,1,12,1385.92,13,1457.04,3,3,0,0.236913,0.191818,0.169581,0.304971,0.33363,0.295023,0.209697,0.327278,0.168002
14323,1,12,1385.92,13,1457.04,2,2,0,0.236795,0.219867,0.194374,0.349598,0.23616,0.312708,0.222252,0.346903,0.118136
14324,1,12,1385.92,13,1457.04,2,2,0,0.236676,0.253696,0.224275,0.24953,0.272499,0.360114,0.255928,0.24794,0.136019
14325,1,12,1385.92,13,1457.04,1,3,0,0.236558,0.27959,0.24716,0.172934,0.300316,0.394839,0.280587,0.175467,0.149106
14326,1,12,1385.92,13,1457.04,2,0,0,0.23644,0.307273,0.172631,0.190039,0.330057,0.414301,0.294398,0.184086,0.107215
14327,1,12,1385.92,13,1457.04,3,0,9,0.236321,0.328601,0.184592,0.133835,0.352971,0.305484,0.349117,0.218282,0.127117
14328,1,12,1385.92,13,1457.04,3,0,0,0.236203,0.0562663,0.031604,0.0229125,0.889217,0.868208,0.0662531,0.0414201,0.0241186
14329,1,12,1385.92,13,1457.04,3,0,0,0.236085,0.0884509,0.0496759,0.0360121,0.825861,0.796689,0.102213,0.0638957,0.0372019
14330,1,12,1385.92,13,1457.04,0,0,9,0.235967,0.132587,0.0744552,0.0539721,0.738986,0.701917,0.149869,0.0936778,0.0545359
14331,1,12,1385.92,13,1457.04,0,0,0,0.235849,0.721248,0.0239177,0.0173366,0.237498,0.97127,0.0144455,0.0090285,0.00525551
14332,1,12,1385.92,13,1457.04,3,0,0,0.235731,0.604074,0.0339583,0.024613,0.337354,0.951132,0.0245729,0.0153567,0.00893822
14333,1,12,1385.92,13,1457.04,0,0,0,0.235613,0.689894,0.0387603,0.0280917,0.243254,0.91888,0.0407934,0.0254912,0.0148353
14334,1,12,1385.92,13,1457.04,0,0,0,0.235496,0.569986,0.0537324,0.0389403,0.337341,0.869501,0.0656296,0.0410072,0.0238626
14335,1,12,1385.92,13,1457.04,0,1,0,0.235378,0.44377,0.0694841,0.0503524,0.436393,0.798395,0.101396,0.0633493,0.0368598
14336,1,12,1385.92,13,1457.04,1,0,0,0.23526,0.326603,0.0840968,0.0609377,0.528362,0.820276,0.0768251,0.0650525,0.0378467
14337,1,12,1385.92,13,1457.04,0,0,0,0.235143,0.334167,0.0628558,0.0623279,0.54065,0.732648,0.114287,0.0967707,0.0562938
14338,1,12,1385.92,13,1457.04,3,0,0,0.235025,0.242512,0.0714832,0.0708827,0.615122,0.624337,0.160595,0.135976,0.0790922
14339,1,12,1385.92,13,1457.04,3,2,0,0.234907,0.319583,0.0941778,0.0933866,0.492852,0.504426,0.211865,0.179381,0.104328
14340,1,12,1385.92,13,1457.04,0,3,0,0.23479,0.394696,0.116284,0.115307,0.373713,0.534629,0.224512,0.130318,0.11054
14341,1,12,1385.92,13,1457.04,0,0,0,0.234673,0.287644,0.13683,0.13568,0.439845,0.551528,0.231568,0.1344,0.0825038
14342,1,12,1385.92,13,1457.04,3,2,0,0.234555,0.207065,0.152286,0.151006,0.489643,0.431927,0.293345,0.170236,0.104492
14343,1,12,1385.92,13,1457.04,2,1,0,0.234438,0.254427,0.187107,0.185534,0.372932,0.456443,0.309971,0.123195,0.110391
14344,1,12,1385.92,13,1457.04,2,2,0,0.234321,0.27097,0.199261,0.13256,0.39721,0.512283,0.225624,0.138231,0.123861
14345,1,12,1385.92,13,1457.04,3,0,0,0.234204,0.282262,0.207552,0.0963927,0.413794,0.533635,0.23499,0.102389,0.128987
14346,1,12,1385.92,13,1457.04,0,0,0,0.234087,0.334024,0.245598,0.114045,0.306333,0.416572,0.293995,0.128077,0.161356
14347,1,12,1385.92,13,1457.04,2,0,0,0.233969,0.240204,0.280198,0.130092,0.349506,0.310193,0.347625,0.151415,0.190768
14348,1,12,1385.92,13,1457.04,0,3,0,0.233852,0.250057,0.291702,0.0943698,0.363871,0.223847,0.391166,0.170352,0.214636
14349,1,12,1385.92,13,1457.04,0,0,0,0.233736,0.179336,0.319212,0.103247,0.398205,0.240722,0.420702,0.183185,0.155391
14350,1,12,1385.92,13,1457.04,3,0,0,0.233619,0.12996,0.33842,0.109434,0.422185,0.175272,0.457004,0.198958,0.168766
14351,1,12,1385.92,13,1457.04,1,1,0,0.233502,0.153909,0.40086,0.129596,0.315635,0.129109,0.482623,0.210077,0.178191
14352,1,12,1385.92,13,1457.04,0,2,0,0.233385,0.180363,0.29783,0.151866,0.36994,0.156802,0.371611,0.255161,0.216425
14353,1,12,1385.92,13,1457.04,1,1,0,0.233268,0.130865,0.315818,0.161017,0.3923,0.171485,0.406477,0.185333,0.236706
14354,1,12,1385.92,13,1457.04,2,2,0,0.233152,0.147066,0.23101,0.180959,0.440965,0.200911,0.304609,0.217139,0.277341
14355,1,12,1385.92,13,1457.04,1,2,0,0.233035,0.155605,0.244444,0.13328,0.46667,0.216538,0.32833,0.156199,0.298933
14356,1,12,1385.92,13,1457.04,0,1,0,0.232919,0.168824,0.180154,0.144598,0.506424,0.227364,0.344773,0.113964,0.313899
14357,1,12,1385.92,13,1457.04,3,3,0,0.232802,0.126109,0.18939,0.152004,0.532497,0.259057,0.253435,0.129832,0.357677
14358,1,12,1385.92,13,1457.04,2,0,0,0.232686,0.156347,0.234821,0.188458,0.420374,0.296585,0.290146,0.148619,0.26465
14359,1,12,1385.92,13,1457.04,3,0,0,0.23257,0.165832,0.249086,0.13912,0.445962,0.215214,0.323722,0.165795,0.29527
14360,1,12,1385.92,13,1457.04,0,3,0,0.232453,0.197296,0.29637,0.165511,0.340824,0.156719,0.347863,0.178135,0.317283
14361,1,12,1385.92,13,1457.04,3,0,0,0.232337,0.14397,0.316062,0.176488,0.36348,0.175867,0.390427,0.199904,0.233802
14362,1,12,1385.92,13,1457.04,3,2,0,0.232221,0.165085,0.362474,0.20238,0.270062,0.13068,0.411859,0.210849,0.246611
14363,1,12,1385.92,13,1457.04,3,1,0,0.232105,0.181274,0.398082,0.222235,0.198409,0.139626,0.440153,0.156696,0.263525
14364,1,12,1385.92,13,1457.04,1,1,0,0.231989,0.192878,0.423633,0.236472,0.147018,0.165,0.338368,0.185177,0.311455
14365,1,12,1385.92,13,1457.04,2,0,0,0.231873,0.226501,0.323157,0.277705,0.172637,0.186723,0.251209,0.209562,0.352506
14366,1,12,1385.92,13,1457.04,0,3,0,0.231757,0.249723,0.356314,0.203636,0.190326,0.138469,0.266109,0.221983,0.373439
14367,1,12,1385.92,13,1457.04,0,0,0,0.231641,0.184273,0.387421,0.221389,0.206916,0.158797,0.305216,0.254596,0.281392
14368,1,12,1385.92,13,1457.04,2,2,0,0.231525,0.137451,0.409684,0.234085,0.218779,0.117589,0.320172,0.267062,0.295176
14369,1,12,1385.92,13,1457.04,3,0,0,0.231409,0.148089,0.441486,0.174693,0.235732,0.128805,0.350782,0.197023,0.323391
14370,1,12,1385.92,13,1457.04,0,0,9,0.231294,0.159449,0.475459,0.188101,0.17699,0.0975119,0.363393,0.204083,0.335012
14371,1,12,1385.92,13,1457.04,0,1,0,0.231178,0.770705,0.129712,0.051307,0.0482758,0.664044,0.135279,0.0759645,0.124712
14372,1,12,1385.92,13,1457.04,0,0,0,0.231062,0.679952,0.181066,0.0716066,0.0673753,0.68728,0.105099,0.0785885,0.129033
14373,1,12,1385.92,13,1457.04,1,1,0,0.230947,0.575373,0.240251,0.0949951,0.0893807,0.584693,0.139576,0.104363,0.171368
14374,1,12,1385.92,13,1457.04,0,0,0,0.230831,0.619809,0.181649,0.102295,0.0962477,0.606291,0.107874,0.108181,0.177654
14375,2,12,1385.92,13,1457.04,0,0,0,0.230716,0.511943,0.2332,0.13131,0.123547,0.498763,0.13733,0.13772,0.226187
14376,2,12,1385.92,13,1457.04,2,2,0,0.230601,0.00175348,0.00263317,0.994655,0.000958777,0.00241102,0.00163808,0.994957,0.000993994
14377,2,12,1385.92,13,1457.04,2,2,0,0.230485,0.00297822,0.00447269,0.990921,0.00162825,0.00408901,0.00277791,0.991448,0.00168548
14378,2,12,1385.92,13,1457.04,2,2,0,0.23037,0.00499335,0.00749963,0.984777,0.00272963,0.00684696,0.0046512,0.98568,0.0028218
14379,2,12,1385.92,13,1457.04,2,2,0,0.230255,0.0082539,0.0123977,0.974837,0.00451148,0.0113067,0.00768012,0.976354,0.00465894
14380,2,12,1385.92,13,1457.04,2,2,0,0.23014,0.0134239,0.020165,0.959075,0.00733645,0.0183786,0.0124828,0.961567,0.00757161
14381,2,12,1385.92,13,1457.04,2,2,0,0.230025,0.0214149,0.0321713,0.934712,0.0117023,0.0293215,0.0199137,0.938687,0.0120777
14382,2,12,1385.92,13,1457.04,2,2,0,0.22991,0.0333626,0.0501244,0.898284,0.018229,0.0457262,0.0310525,0.90439,0.0188315
14383,2,12,1385.92,13,1457.04,2,2,0,0.229795,0.0504637,0.0758235,0.846143,0.0275695,0.0693182,0.0470702,0.855069,0.0285425
14384,2,12,1385.92,13,1457.04,2,2,0,0.22968,0.0735929,0.110585,0.775621,0.0402006,0.101464,0.0688936,0.78787,0.0417715
14385,2,12,1385.92,13,1457.04,2,2,0,0.229565,0.10273,0.15438,0.68678,0.0561101,0.142387,0.0966721,0.702333,0.0586083
14386,2,12,1385.92,13,1457.04,1,1,0,0.22945,0.136469,0.205099,0.583903,0.074529,0.190412,0.129268,0.601958,0.0783621
14387,2,12,1385.92,13,1457.04,2,2,0,0.229335,0.144862,0.156038,0.619996,0.0791033,0.196645,0.100637,0.621806,0.0809129
14388,2,12,1385.92,13,1457.04,1,1,0,0.229221,0.18566,0.199987,0.512984,0.101369,0.252061,0.12898,0.515263,0.103696
14389,2,12,1385.92,13,1457.04,3,2,0,0.229106,0.196848,0.151681,0.544007,0.107465,0.260489,0.0997967,0.532569,0.107145
14390,2,12,1385.92,13,1457.04,2,0,0,0.228992,0.201916,0.155577,0.558125,0.0843827,0.31977,0.122484,0.42624,0.131505
14391,2,12,1385.92,15,1688.32,0,0,9,0.228877,0.250761,0.193203,0.451259,0.104777,0.241318,0.136589,0.475443,0.14665
14392,2,12,1385.92,15,1688.32,2,0,0,0.228763,0.851403,0.0383147,0.089506,0.0207762,0.846209,0.0276833,0.0963846,0.0297229
14393,2,12,1385.92,15,1688.32,0,0,0,0.228648,0.868088,0.0390413,0.0717029,0.0211676,0.776026,0.0403103,0.140383,0.0432809
14394,0,12,1385.92,14,1681.92,0,0,13,0.228534,0.80512,0.0576751,0.105938,0.0312668,0.687662,0.0562048,0.195786,0.0603475
14395,0,12,1385.92,14,1681.92,0,0,0,0.22842,0.808413,0.091711,0.0613024,0.0385733,0.565877,0.122734,0.104159,0.20723
14396,0,12,1385.92,14,1681.92,2,0,0,0.228305,0.703842,0.141777,0.0947604,0.0596206,0.426875,0.162025,0.137499,0.273601
14397,0,12,1385.92,14,1681.92,2,1,0,0.228191,0.724806,0.145953,0.0678752,0.061366,0.300841,0.197647,0.167723,0.333788
14398,0,12,1385.92,14,1681.92,0,0,0,0.228077,0.738847,0.148733,0.0498965,0.0625239,0.325691,0.131385,0.181556,0.361367
14399,0,12,1385.92,14,1681.92,1,0,0,0.227963,0.617032,0.218127,0.0731608,0.0916798,0.221415,0.151684,0.209619,0.417282
14400,0,12,1385.92,14,1681.92,0,3,0,0.227849,0.669883,0.151229,0.0793933,0.0994944,0.15003,0.16557,0.228824,0.455575
14401,0,12,1385.92,14,1605.54,0,2,13,0.227735,0.538832,0.211277,0.110903,0.138988,0.185246,0.204439,0.28256,0.327755
14402,0,12,1385.92,14,1605.54,0,2,0,0.227621,0.985927,0.00644749,0.00338397,0.00424112,0.0102265,0.0112862,0.960392,0.0180957
14403,0,12,1385.92,14,1605.54,0,2,0,0.227508,0.974093,0.0118702,0.00622928,0.00780749,0.0181862,0.0200712,0.929559,0.032184
14404,0,12,1385.92,14,1580.76,0,2,13,0.227394,0.95333,0.0213848,0.0112209,0.0140644,0.0312235,0.0344604,0.879054,0.0552623
14405,0,12,1385.92,14,1573.09,0,2,13,0.22728,0.999139,0.000394612,0.000207032,0.000259508,0.000615498,0.000679319,0.997616,0.00108949
14406,0,12,1385.92,14,1563.27,0,2,13,0.227167,0.999984,7.5267e-06,3.94835e-06,4.94936e-06,1.16022e-05,1.28055e-05,0.999955,2.05395e-05
14407,0,12,1385.92,13,1529.69,0,2,13,0.227053,1,1.55018e-07,8.13089e-08,1.01927e-07,2.35872e-07,2.60341e-07,0.999999,4.17613e-07
14408,0,12,1385.92,13,1529.69,0,2,0,0.226939,1,3.44501e-09,1.80672e-09,2.26497e-09,5.17537e-09,5.71235e-09,1,9.16406e-09
14409,0,12,1385.92,13,1529.69,0,2,0,0.226826,1,8.55287e-09,4.48492e-09,5.62272e-09,1.2689e-08,1.40059e-08,1,2.24711e-08
14410,0,12,1385.92,13,1529.69,0,2,0,0.226713,1,2.08573e-08,1.09356e-08,1.37106e-08,3.05666e-08,3.37394e-08,1,5.41368e-08
14411,0,12,1385.92,13,1529.69,0,2,0,0.226599,1,4.99783e-08,2.62007e-08,3.28506e-08,7.23684e-08,7.98819e-08,1,1.28187e-07
14412,0,12,1385.92,13,1529.69,0,2,0,0.226486,1,1.17716e-07,6.17035e-08,7.73678e-08,1.68455e-07,1.85948e-07,0.999999,2.9842e-07
14413,0,12,1385.92,13,1529.69,0,2,0,0.226373,0.999999,2.72625e-07,1.42884e-07,1.79166e-07,3.85653e-07,4.25709e-07,0.999999,6.83268e-07
14414,0,12,1385.92,13,1529.05,0,2,13,0.226259,0.999999,6.21039e-07,3.25448e-07,4.08104e-07,8.6862e-07,9.58859e-07,0.999997,1.53913e-06
14415,0,12,1385.92,13,1529.05,0,2,9,0.226146,1,1.33501e-08,6.99506e-09,8.77205e-09,1.84661e-08,2.03849e-08,1,3.27242e-08
14416,0,12,1385.92,13,1529.05,0,2,0,0.226033,1,1.29304e-09,6.77427e-10,8.49556e-10,1.7692e-09,1.95307e-09,1,3.13559e-09
14417,0,12,1385.92,13,1507.44,0,2,13,0.22592,1,3.27586e-09,1.71601e-09,2.15213e-09,4.43462e-09,4.89561e-09,1,7.86048e-09
14418,0,12,1385.92,13,1507.44,0,2,0,0.225807,1,7.79338e-11,4.08192e-11,5.11956e-11,1.04403e-10,1.15259e-10,1,1.85079e-10
14419,0,12,1385.92,13,1506.19,0,2,13,0.225694,1,2.0878e-10,1.09338e-10,1.37138e-10,2.76837e-10,3.05627e-10,1,4.90815e-10
14420,0,12,1385.92,13,1506.19,0,2,0,0.225582,1,5.23662e-12,2.74206e-12,3.43941e-12,6.87419e-12,7.58924e-12,1,1.21889e-11
14421,0,12,1385.92,13,1458.83,0,2,13,0.225469,1,1.48023e-11,7.74993e-12,9.72133e-12,1.92407e-11,2.12425e-11,1,3.41203e-11
14422,0,12,1385.92,13,1458.83,0,2,0,0.225356,1,3.90603e-13,2.04479e-13,2.56505e-13,5.02844e-13,5.55171e-13,1,8.91816e-13
14423,0,12,1385.92,13,1458.83,0,2,0,0.225243,1,1.1626e-12,6.08536e-13,7.63402e-13,1.48257e-12,1.63688e-12,1,2.62971e-12
14424,0,12,1385.92,13,1448.28,0,2,13,0.225131,1,3.38679e-12,1.77251e-12,2.2237e-12,4.27901e-12,4.72449e-12,1,7.59076e-12
14425,0,12,1385.92,13,1445.73,0,2,13,0.225018,1,9.17918e-14,4.80339e-14,6.02635e-14,1.14923e-13,1.2689e-13,1,2.03892e-13
14426,0,12,1385.92,13,1445.73,0,2,0,0.224906,1,2.66989e-15,1.39695e-15,1.7527e-15,3.31302e-15,3.65807e-15,1,5.87848e-15
14427,0,12,1385.92,13,1445.73,0,2,9,0.224793,1,8.77506e-15,4.59073e-15,5.76007e-15,1.0794e-14,1.19185e-14,1,1.91547e-14
14428,0,12,1385.92,13,1445.73,0,2,0,0.224681,1,1.11944e-15,5.85564e-16,7.34751e-16,1.36525e-15,1.50749e-15,1,2.42299e-15
14429,0,12,1385.92,13,1439.98,0,2,13,0.224568,1,3.74389e-15,1.95813e-15,2.45713e-15,4.52779e-15,4.99965e-15,1,8.03668e-15
14430,0,12,1385.92,13,1439.98,0,2,0,0.224456,1,1.15636e-16,6.04723e-17,7.58859e-17,1.38701e-16,1.53159e-16,1,2.46218e-16
14431,0,12,1385.92,13,1439.98,0,2,0,0.224344,1,4.04607e-16,2.11563e-16,2.655e-16,4.81407e-16,5.31599e-16,1,8.54679e-16
14432,0,12,1385.92,13,1439.91,0,2,13,0.224232,1,1.38117e-15,7.22101e-16,9.06238e-16,1.63038e-15,1.8004e-15,1,2.89487e-15
14433,0,12,1385.92,13,1439.91,0,2,0,0.22412,1,4.34027e-17,2.26887e-17,2.84757e-17,5.0838e-17,5.61405e-17,1,9.02772e-17
14434,0,12,1385.92,13,1439.91,0,2,9,0.224008,1,1.54889e-16,8.09579e-17,1.01612e-16,1.80049e-16,1.98832e-16,1,3.19764e-16
14435,0,12,1385.92,13,1437.93,0,2,13,0.223896,1,2.1323e-17,1.11437e-17,1.39873e-17,2.46025e-17,2.71696e-17,1,4.36987e-17
14436,0,12,1385.92,13,1437.93,0,2,0,0.223784,1,7.25958e-19,3.79347e-19,4.76167e-19,8.31509e-19,9.18292e-19,1,1.47709e-18
14437,0,12,1385.92,13,1437.93,0,2,9,0.223672,1,2.81021e-18,1.46827e-18,1.8431e-18,3.19581e-18,3.52942e-18,1,5.67768e-18
14438,0,12,1385.92,13,1437.93,0,2,0,0.22356,1,4.18162e-19,2.18452e-19,2.74233e-19,4.72211e-19,5.21516e-19,1,8.39027e-19
14439,0,12,1385.92,13,1434.43,0,2,13,0.223448,1,1.63684e-18,8.54993e-19,1.07336e-18,1.83573e-18,2.02744e-18,1,3.2621e-18
14440,0,12,1385.92,13,1434.43,0,2,0,0.223336,1,5.84398e-20,3.05216e-20,3.83187e-20,6.50995e-20,7.18996e-20,1,1.15696e-19
14441,0,12,1385.92,13,1434.43,0,2,0,0.223225,1,2.37896e-19,1.24231e-19,1.55974e-19,2.63258e-19,2.90763e-19,1,4.6792e-19
14442,0,12,1385.92,13,1433.42,0,2,13,0.223113,1,9.41973e-19,4.91841e-19,6.17542e-19,1.03565e-18,1.14388e-18,1,1.841e-18
14443,0,12,1385.92,13,1433.42,0,2,0,0.223002,1,3.39166e-20,1.77069e-20,2.22333e-20,3.70533e-20,4.09262e-20,1,6.58743e-20
14444,0,12,1385.92,13,1433.42,0,2,0,0.22289,1,1.39607e-19,7.28756e-20,9.15089e-20,1.5157e-19,1.67416e-19,1,2.69497e-19
14445,0,12,1385.92,13,1433.42,0,2,0,0.222779,1,5.58831e-19,2.91674e-19,3.66268e-19,6.0302e-19,6.66076e-19,1,1.07231e-18
14446,0,12,1385.92,13,1433.42,0,2,0,0.222667,1,2.17655e-18,1.13587e-18,1.42643e-18,2.33463e-18,2.5788e-18,1,4.152e-18
14447,0,12,1385.92,13,1433.42,0,2,0,0.222556,1,8.25297e-18,4.3064e-18,5.40823e-18,8.80049e-18,9.72111e-18,1,1.5653e-17
14448,0,12,1385.92,13,1433.42,0,2,9,0.222445,1,3.04813e-17,1.59031e-17,1.99729e-17,3.23168e-17,3.56982e-17,1,5.74868e-17
14449,0,12,1385.92,13,1428.87,0,2,13,0.222333,1,4.30079e-18,2.24357e-18,2.81786e-18,4.5341e-18,5.00862e-18,1,8.06643e-18
14450,0,12,1385.92,13,1428.25,0,2,13,0.222222,1,1.49396e-19,7.79243e-20,9.78754e-20,1.56631e-19,1.73027e-19,1,2.78687e-19
14451,0,12,1385.92,13,1428.25,0,2,9,0.222111,1,5.542e-21,2.89031e-21,3.63048e-21,5.77895e-21,6.38399e-21,1,1.02834e-20
14452,0,12,1385.92,13,1427.27,0,2,13,0.222,1,9.25868e-22,4.82803e-22,6.06471e-22,9.6033e-22,1.0609e-21,1,1.70907e-21
14453,0,12,1385.92,13,1427.27,0,2,9,0.221889,1,3.79209e-23,1.97717e-23,2.48372e-23,3.91277e-23,4.32261e-23,1,6.96425e-23
14454,0,12,1385.92,13,1427.27,0,2,0,0.221778,1,6.98491e-24,3.6414e-24,4.57455e-24,7.17045e-24,7.92166e-24,1,1.2764e-23
14455,0,12,1385.92,13,1427.27,0,2,9,0.221667,1,3.40536e-23,1.77507e-23,2.23005e-23,3.47834e-23,3.84282e-23,1,6.19244e-23
14456,0,12,1385.92,13,1427.27,0,2,9,0.221556,1,6.27913e-24,3.27261e-24,4.11162e-24,6.38224e-24,7.05115e-24,1,1.13635e-23
14457,0,12,1385.92,13,1427.27,0,2,0,0.221446,1,1.19658e-24,6.23561e-25,7.83462e-25,1.21038e-24,1.33727e-24,1,2.15532e-24
14458,0,12,1385.92,13,1427.27,0,2,0,0.221335,1,6.04304e-24,3.14874e-24,3.95636e-24,6.08394e-24,6.72186e-24,1,1.08349e-23
14459,0,12,1385.92,13,1427.27,0,2,0,0.221224,1,2.95588e-23,1.53997e-23,1.93504e-23,2.96214e-23,3.27279e-23,1,5.2759e-23
14460,0,12,1385.92,13,1427.27,0,2,0,0.221114,1,1.40124e-22,7.29928e-23,9.1723e-23,1.39784e-22,1.54447e-22,1,2.49e-22
14461,0,12,1385.92,13,1427.27,0,2,9,0.221003,1,6.44166e-22,3.35513e-22,4.21627e-22,6.39752e-22,7.06874e-22,1,1.13973e-21
14462,0,12,1385.92,13,1427.27,0,2,0,0.220893,1,1.11694e-22,5.81683e-23,7.31012e-23,1.10446e-22,1.22036e-22,1,1.96784e-22
14463,0,12,1385.92,13,1427.27,0,2,0,0.220782,1,5.15893e-22,2.68632e-22,3.37611e-22,5.07949e-22,5.61265e-22,1,9.05131e-22
14464,0,12,1385.92,13,1427.27,0,2,9,0.220672,1,2.31193e-21,1.20369e-21,1.51284e-21,2.2668e-21,2.50478e-21,1,4.03975e-21
14465,0,12,1385.92,13,1427.27,0,2,9,0.220561,1,3.90219e-22,2.03139e-22,2.55324e-22,3.81032e-22,4.21042e-22,1,6.79129e-22
14466,0,12,1385.92,13,1427.27,0,2,9,0.220451,1,6.8188e-23,3.54925e-23,4.46122e-23,6.63147e-23,7.32796e-23,1,1.18209e-22
14467,0,12,1385.92,13,1427.27,0,2,0,0.220341,1,1.23275e-23,6.41574e-24,8.06462e-24,1.19415e-23,1.3196e-23,1,2.12888e-23
14468,0,12,1385.92,13,1427.27,0,2,0,0.220231,1,5.95099e-23,3.09673e-23,3.89279e-23,5.74236e-23,6.34573e-23,1,1.02384e-22
14469,0,12,1385.92,13,1427.27,0,2,0,0.220121,1,2.78489e-22,1.44899e-22,1.82156e-22,2.67707e-22,2.95842e-22,1,4.77367e-22
14470,0,12,1385.92,13,1427.51,0,2,9,0.220011,1,1.26416e-21,6.57662e-22,8.26799e-22,1.2107e-21,1.33796e-21,1,2.15912e-21
14471,0,12,1385.92,13,1427.27,0,2,13,0.2199,1,2.15233e-22,1.11958e-22,1.40757e-22,2.05379e-22,2.26972e-22,1,3.6631e-22
14472,0,12,1385.92,13,1427.27,0,2,0,0.219791,1,8.93135e-24,4.6452e-24,5.84039e-24,8.49198e-24,9.385e-24,1,1.51479e-23
14473,0,12,1385.92,13,1427.27,0,2,0,0.219681,1,4.34143e-23,2.25769e-23,2.83871e-23,4.11339e-23,4.54605e-23,1,7.33826e-23
14474,0,12,1385.92,13,1427.27,0,2,0,0.219571,1,2.04548e-22,1.06358e-22,1.33735e-22,1.93138e-22,2.13457e-22,1,3.44596e-22
14475,0,12,1385.92,13,1427.27,0,2,0,0.219461,1,9.347e-22,4.85948e-22,6.11063e-22,8.79586e-22,9.72143e-22,1,1.56954e-21
14476,0,12,1385.92,13,1427.27,0,2,9,0.219351,1,4.14502e-21,2.1547e-21,2.70959e-21,3.88773e-21,4.29691e-21,1,6.9381e-21
14477,0,12,1385.92,13,1427.27,0,2,0,0.219242,1,6.8707e-22,3.57112e-22,4.49098e-22,6.42334e-22,7.09953e-22,1,1.14645e-21
14478,0,12,1385.92,13,1427.27,0,2,0,0.219132,1,3.06616e-21,1.59346e-21,2.004e-21,2.85742e-21,3.15828e-21,1,5.10057e-21
14479,0,12,1385.92,13,1427.27,0,2,0,0.219022,1,1.32853e-20,6.90337e-21,8.68235e-21,1.23423e-20,1.36421e-20,1,2.20338e-20
14480,0,12,1385.92,13,1427.27,0,2,0,0.218913,1,5.5922e-20,2.90547e-20,3.65436e-20,5.17938e-20,5.72497e-20,1,9.24748e-20
14481,0,12,1385.92,13,1427.27,0,2,0,0.218803,1,2.28812e-19,1.18865e-19,1.4951e-19,2.11286e-19,2.33547e-19,1,3.77283e-19
14482,0,12,1385.92,13,1427.27,0,2,9,0.218694,1,9.10546e-19,4.72957e-19,5.94918e-19,8.38336e-19,9.26682e-19,1,1.49715e-18
14483,0,12,1385.92,13,1427.27,0,2,9,0.218585,1,1.352e-19,7.02166e-20,8.83274e-20,1.2412e-19,1.37203e-19,1,2.21686e-19
14484,0,12,1385.92,13,1427.27,0,2,0,0.218475,1,2.08363e-20,1.082e-20,1.36113e-20,1.90746e-20,2.10856e-20,1,3.40725e-20
14485,0,12,1385.92,13,1427.27,0,2,0,0.218366,1,8.69743e-20,4.51585e-20,5.68114e-20,7.94006e-20,8.77734e-20,1,1.41847e-19
14486,0,12,1385.92,13,1427.27,0,2,0,0.218257,1,3.52955e-19,1.83236e-19,2.30529e-19,3.21345e-19,3.55238e-19,1,5.74142e-19
14487,0,12,1385.92,13,1427.27,0,2,0,0.218148,1,1.3933e-18,7.23236e-19,9.09947e-19,1.26515e-18,1.39861e-18,1,2.26068e-18
14488,0,12,1385.92,13,1427.27,0,2,0,0.218039,1,5.35314e-18,2.77835e-18,3.49576e-18,4.84808e-18,5.35962e-18,1,8.664e-18
14489,0,12,1385.92,13,1427.27,0,2,9,0.21793,1,2.00282e-17,1.03935e-17,1.30779e-17,1.80921e-17,2.00015e-17,1,3.23362e-17
14490,0,12,1385.92,13,1426.37,0,2,13,0.217821,1,2.78658e-18,1.44589e-18,1.81941e-18,2.5109e-18,2.77595e-18,1,4.48827e-18
14491,0,12,1385.92,13,1426.37,0,2,0,0.217712,1,9.43511e-20,4.89501e-20,6.15984e-20,8.48075e-20,9.37617e-20,1,1.51612e-19
14492,0,12,1385.92,13,1426.37,0,2,9,0.217603,1,3.82518e-19,1.98427e-19,2.49711e-19,3.42997e-19,3.79219e-19,1,6.13255e-19
14493,0,12,1385.92,13,1426.37,0,2,0,0.217494,1,5.74662e-20,2.98061e-20,3.75112e-20,5.1407e-20,5.68369e-20,1,9.19229e-20
14494,0,12,1385.92,13,1426.37,0,2,0,0.217386,1,2.35329e-19,1.22042e-19,1.53598e-19,2.10027e-19,2.32216e-19,1,3.75601e-19
14495,0,12,1385.92,13,1426.37,0,2,0,0.217277,1,9.37254e-19,4.86e-19,6.1169e-19,8.34582e-19,9.22773e-19,1,1.4927e-18
14496,0,12,1385.92,13,1426.37,0,2,0,0.217168,1,3.63246e-18,1.88331e-18,2.37049e-18,3.22732e-18,3.56843e-18,1,5.77291e-18
14497,0,12,1385.92,13,1426.37,0,2,0,0.21706,1,1.37069e-17,7.10563e-18,8.94413e-18,1.21515e-17,1.34361e-17,1,2.17386e-17
14498,0,12,1385.92,13,1426.37,0,2,0,0.216951,1,5.03849e-17,2.61161e-17,3.28748e-17,4.45717e-17,4.92846e-17,1,7.97467e-17
14499,0,12,1385.92,13,1426.37,0,2,9,0.216843,1,1.80515e-16,9.35542e-17,1.17771e-16,1.59352e-16,1.76205e-16,1,2.85142e-16
14500,0,12,1385.92,13,1426.37,0,2,0,0.216734,1,2.39142e-17,1.23922e-17,1.56007e-17,2.1067e-17,2.32955e-17,1,3.77014e-17
14501,0,12,1385.92,13,1426.37,0,2,0,0.216626,1,8.69702e-17,4.50616e-17,5.67312e-17,7.64607e-17,8.45505e-17,1,1.3685e-16
14502,0,12,1385.92,13,1426.37,0,2,0,0.216517,1,3.08338e-16,1.59737e-16,2.01113e-16,2.7054e-16,2.99171e-16,1,4.8427e-16
14503,0,12,1385.92,13,1426.37,0,2,0,0.216409,1,1.06621e-15,5.52289e-16,6.95379e-16,9.33691e-16,1.03252e-15,1,1.67151e-15
14504,0,12,1385.92,13,1426.39,0,2,9,0.216301,1,3.5978e-15,1.86338e-15,2.34626e-15,3.14461e-15,3.47753e-15,1,5.6302e-15
14505,0,12,1385.92,13,1426.22,0,2,13,0.216193,1,4.47975e-16,2.31986e-16,2.92117e-16,3.90815e-16,4.32199e-16,1,6.99807e-16
14506,0,12,1385.92,13,1426.22,0,2,0,0.216085,1,1.35449e-17,7.01335e-18,8.83163e-18,1.17949e-17,1.30442e-17,1,2.11229e-17
14507,0,12,1385.92,13,1426.22,0,2,0,0.215977,1,4.98491e-17,2.58078e-17,3.25002e-17,4.33305e-17,4.79208e-17,1,7.76073e-17
14508,0,12,1385.92,13,1426.22,0,2,0,0.215869,1,1.78804e-16,9.25581e-17,1.16565e-16,1.55149e-16,1.71588e-16,1,2.77912e-16
14509,0,12,1385.92,13,1426.22,0,2,0,0.215761,1,6.25403e-16,3.23697e-16,4.07675e-16,5.41723e-16,5.99136e-16,1,9.70482e-16
14510,0,12,1385.92,13,1426.22,0,2,9,0.215653,1,2.13412e-15,1.10444e-15,1.39103e-15,1.84544e-15,2.04106e-15,1,3.30643e-15
14511,0,12,1385.92,13,1426.22,0,2,9,0.215545,1,2.67608e-16,1.38472e-16,1.74413e-16,2.31023e-16,2.55517e-16,1,4.13967e-16
14512,0,12,1385.92,13,1426.22,0,2,0,0.215437,1,3.4946e-17,1.80802e-17,2.2774e-17,3.01192e-17,3.33133e-17,1,5.39765e-17
14513,0,12,1385.92,13,1426.22,0,2,0,0.21533,1,1.26301e-16,6.53364e-17,8.23021e-17,1.08681e-16,1.20209e-16,1,1.94791e-16
14514,0,12,1385.92,13,1426.22,0,2,9,0.215222,1,4.4505e-16,2.30198e-16,2.89986e-16,3.82363e-16,4.2293e-16,1,6.85393e-16
14515,0,12,1385.92,13,1426.22,0,2,9,0.215114,1,5.74403e-17,2.97065e-17,3.74238e-17,4.92736e-17,5.45023e-17,1,8.83342e-17
14516,0,12,1385.92,13,1426.22,0,2,9,0.215007,1,7.71605e-18,3.99e-18,5.02677e-18,6.60901e-18,7.31048e-18,1,1.18495e-17
14517,0,12,1385.92,13,1426.22,0,2,0,0.214899,1,1.07795e-18,5.57341e-19,7.02194e-19,9.21928e-19,1.0198e-18,1,1.65315e-18
14518,0,12,1385.92,13,1426.22,0,2,0,0.214792,1,4.176e-18,2.15886e-18,2.72007e-18,3.56636e-18,3.94505e-18,1,6.39576e-18
14519,0,12,1385.92,13,1426.22,0,2,0,0.214684,1,1.57514e-17,8.14189e-18,1.02589e-17,1.34328e-17,1.48594e-17,1,2.40925e-17
14520,0,12,1385.92,13,1426.22,0,2,9,0.214577,1,5.78771e-17,2.99127e-17,3.76922e-17,4.92884e-17,5.45242e-17,1,8.84123e-17
14521,0,12,1385.92,13,1426.22,0,2,9,0.21447,1,7.75221e-18,4.00606e-18,5.04816e-18,6.59276e-18,7.29325e-18,1,1.18273e-17
14522,0,12,1385.92,13,1426.22,0,2,9,0.214363,1,1.07993e-18,5.57995e-19,7.0318e-19,9.17178e-19,1.01465e-18,1,1.64559e-18
14523,0,12,1385.92,13,1426.22,0,2,0,0.214255,1,1.56344e-19,8.07713e-20,1.01792e-19,1.32606e-19,1.46702e-19,1,2.37949e-19
14524,0,12,1385.92,13,1422.03,0,2,13,0.214148,1,6.29688e-19,3.25271e-19,4.09941e-19,5.33393e-19,5.90101e-19,1,9.57234e-19
14525,0,12,1385.92,13,1422.03,0,2,9,0.214041,1,2.13396e-20,1.10217e-20,1.38914e-20,1.80533e-20,1.99731e-20,1,3.24025e-20
14526,0,12,1385.92,13,1422.03,0,2,0,0.213934,1,3.33353e-21,1.72151e-21,2.16983e-21,2.81665e-21,3.11623e-21,1,5.05598e-21
14527,0,12,1385.92,13,1422.03,0,2,0,0.213827,1,1.44939e-20,7.48397e-21,9.43342e-21,1.22316e-20,1.35328e-20,1,2.19587e-20
14528,0,12,1385.92,13,1422.03,0,2,0,0.21372,1,6.1217e-20,3.16054e-20,3.98399e-20,5.15999e-20,5.70904e-20,1,9.26452e-20
14529,0,12,1385.92,13,1422.03,0,2,0,0.213613,1,2.51313e-19,1.29732e-19,1.6354e-19,2.11583e-19,2.34101e-19,1,3.79932e-19
14530,0,12,1385.92,13,1422.03,0,2,0,0.213507,1,1.00336e-18,5.17883e-19,6.52873e-19,8.43765e-19,9.33585e-19,1,1.5153e-18
14531,0,12,1385.92,13,1422.03,0,2,0,0.2134,1,3.89797e-18,2.01167e-18,2.53614e-18,3.27425e-18,3.62287e-18,1,5.88083e-18
14532,0,12,1385.92,13,1422.03,0,2,0,0.213293,1,1.47433e-17,7.60773e-18,9.59163e-18,1.23705e-17,1.36879e-17,1,2.2221e-17
14533,0,12,1385.92,13,1422.03,0,2,0,0.213187,1,5.43195e-17,2.80258e-17,3.53359e-17,4.55275e-17,5.0377e-17,1,8.17904e-17
14534,0,12,1385.92,13,1422.03,0,2,0,0.21308,1,1.95051e-16,1.00622e-16,1.26873e-16,1.63306e-16,1.80704e-16,1,2.93414e-16
14535,0,12,1385.92,13,1422.03,0,2,9,0.212973,1,6.82953e-16,3.52272e-16,4.44198e-16,5.71201e-16,6.3207e-16,1,1.02641e-15
14536,0,12,1385.92,13,1422.12,0,2,9,0.212867,1,8.63958e-17,4.45577e-17,5.61876e-17,7.21845e-17,7.98784e-17,1,1.29726e-16
14537,0,12,1385.92,13,1422.12,0,2,0,0.21276,1,1.13799e-17,5.86826e-18,7.40027e-18,9.49839e-18,1.0511e-17,1,1.70719e-17
14538,0,12,1385.92,13,1422.12,0,2,0,0.212654,1,4.21656e-17,2.17407e-17,2.74177e-17,3.51594e-17,3.89085e-17,1,6.32011e-17
14539,0,12,1385.92,13,1422.12,0,2,0,0.212548,1,1.52251e-16,7.84908e-17,9.89914e-17,1.2683e-16,1.40357e-16,1,2.28012e-16
14540,0,12,1385.92,13,1421.98,0,2,13,0.212441,1,5.36005e-16,2.76292e-16,3.48471e-16,4.46083e-16,4.9367e-16,1,8.02049e-16
14541,0,12,1385.92,13,1421.98,0,2,9,0.212335,1,1.56797e-17,8.08126e-18,1.01929e-17,1.3037e-17,1.4428e-17,1,2.3443e-17
14542,0,12,1385.92,13,1421.84,0,2,13,0.212229,1,2.13039e-18,1.09785e-18,1.38479e-18,1.76971e-18,1.95857e-18,1,3.18265e-18
14543,0,12,1385.92,13,1421.84,0,2,0,0.212123,1,6.94122e-20,3.57654e-20,4.51151e-20,5.76087e-20,6.3758e-20,1,1.03616e-19
14544,0,12,1385.92,13,1421.84,0,2,0,0.212017,1,2.84707e-19,1.46679e-19,1.85032e-19,2.36083e-19,2.61289e-19,1,4.24673e-19
14545,0,12,1385.92,13,1421.84,0,2,0,0.211911,1,1.13571e-18,5.8503e-19,7.38036e-19,9.40932e-19,1.04141e-18,1,1.69277e-18
14546,0,12,1385.92,13,1421.84,0,2,0,0.211805,1,4.40842e-18,2.27058e-18,2.86455e-18,3.64926e-18,4.03904e-18,1,6.56593e-18
14547,0,12,1385.92,13,1421.84,0,2,0,0.211699,1,1.66602e-17,8.57981e-18,1.08247e-17,1.37797e-17,1.52519e-17,1,2.47961e-17
14548,0,12,1385.92,13,1419.2,0,2,13,0.211593,1,6.13325e-17,3.15813e-17,3.98465e-17,5.06868e-17,5.6103e-17,1,9.12196e-17
14549,0,12,1385.92,13,1419.2,0,2,0,0.211487,1,1.86022e-18,9.57733e-19,1.20844e-18,1.5361e-18,1.70027e-18,1,2.76479e-18
14550,0,12,1385.92,13,1419.2,0,2,0,0.211382,1,7.15357e-18,3.68253e-18,4.64672e-18,5.90249e-18,6.53347e-18,1,1.0625e-17
14551,0,12,1385.92,13,1419.2,0,2,9,0.211276,1,2.67882e-17,1.37883e-17,1.73993e-17,2.20862e-17,2.44477e-17,1,3.97619e-17
14552,0,12,1385.92,13,1419.2,0,2,9,0.21117,1,3.58145e-18,1.84317e-18,2.32599e-18,2.95056e-18,3.26611e-18,1,5.31254e-18
14553,0,12,1385.92,13,1419.2,0,2,0,0.211065,1,4.9801e-19,2.56265e-19,3.23407e-19,4.09979e-19,4.53833e-19,1,7.38261e-19
14554,0,12,1385.92,13,1419.2,0,2,9,0.210959,1,1.96661e-18,1.01184e-18,1.27701e-18,1.6178e-18,1.79089e-18,1,2.91356e-18
14555,0,12,1385.92,13,1419.2,0,2,0,0.210854,1,2.76423e-19,1.42203e-19,1.79478e-19,2.27231e-19,2.51547e-19,1,4.09278e-19
14556,0,12,1385.92,13,1419.2,0,2,9,0.210748,1,1.10462e-18,5.68184e-19,7.17151e-19,9.074e-19,1.00452e-18,1,1.63456e-18
14557,0,12,1385.92,13,1419.2,0,2,0,0.210643,1,1.56872e-19,8.06799e-20,1.01837e-19,1.28775e-19,1.42562e-19,1,2.31999e-19
14558,0,12,1385.92,13,1419.2,0,2,9,0.210538,1,6.34088e-19,3.2607e-19,4.11598e-19,5.20165e-19,5.75865e-19,1,9.37229e-19
14559,0,12,1385.92,13,1419.2,0,2,9,0.210432,1,9.09445e-20,4.67607e-20,5.90287e-20,7.45554e-20,8.25405e-20,1,1.34349e-19
14560,0,12,1385.92,13,1419.2,0,2,0,0.210327,1,1.35477e-20,6.96484e-21,8.79253e-21,1.1099e-20,1.2288e-20,1,2.00028e-20
14561,0,12,1385.92,13,1419.2,0,2,9,0.210222,1,5.75009e-20,2.95572e-20,3.73152e-20,4.70776e-20,5.21218e-20,1,8.48538e-20
14562,0,12,1385.92,13,1419.2,0,2,0,0.210117,1,8.63424e-21,4.43767e-21,5.6027e-21,7.06464e-21,7.82176e-21,1,1.2735e-20
14563,0,12,1385.92,13,1419.2,0,2,9,0.210012,1,3.69829e-20,1.90053e-20,2.39959e-20,3.02412e-20,3.34828e-20,1,5.45203e-20
14564,0,12,1385.92,13,1419.2,0,2,0,0.209907,1,5.59584e-21,2.87528e-21,3.63048e-21,4.57297e-21,5.06326e-21,1,8.24536e-21
14565,0,12,1385.92,13,1419.2,0,2,0,0.209802,1,2.41806e-20,1.24229e-20,1.56866e-20,1.97488e-20,2.18666e-20,1,3.56126e-20
14566,0,12,1385.92,13,1419.2,0,2,0,0.209697,1,1.01514e-19,5.21467e-20,6.58493e-20,8.28605e-20,9.17482e-20,1,1.49438e-19
14567,0,12,1385.92,13,1419.2,0,2,0,0.209592,1,4.14282e-19,2.12783e-19,2.68709e-19,3.37961e-19,3.74219e-19,1,6.09582e-19
14568,0,12,1385.92,13,1419.2,0,2,0,0.209487,1,1.64443e-18,8.44501e-19,1.06651e-18,1.34073e-18,1.4846e-18,1,2.41857e-18
14569,0,12,1385.92,13,1419.2,0,2,0,0.209383,1,6.35224e-18,3.26176e-18,4.11943e-18,5.17621e-18,5.73176e-18,1,9.33854e-18
14570,0,12,1385.92,13,1419.2,0,2,0,0.209278,1,2.38924e-17,1.22667e-17,1.54929e-17,1.94585e-17,2.15474e-17,1,3.51098e-17
14571,0,12,1385.92,13,1419.2,0,2,0,0.209173,1,8.75482e-17,4.49425e-17,5.67653e-17,7.1263e-17,7.89148e-17,1,1.28598e-16
14572,0,12,1385.92,13,1419.2,0,2,0,0.209069,1,3.12689e-16,1.60496e-16,2.02726e-16,2.54391e-16,2.81711e-16,1,4.59116e-16
14573,0,12,1385.92,13,1419.2,0,2,9,0.208964,1,1.08912e-15,5.58945e-16,7.06049e-16,8.85606e-16,9.80736e-16,1,1.5985e-15
14574,0,12,1385.92,13,1419.2,0,2,0,0.20886,1,1.33666e-16,6.85893e-17,8.66449e-17,1.08634e-16,1.20306e-16,1,1.96106e-16
14575,0,12,1385.92,13,1419.2,0,2,0,0.208755,1,4.73573e-16,2.42977e-16,3.06953e-16,3.84695e-16,4.26036e-16,1,6.94532e-16
14576,0,12,1385.92,13,1419.2,0,2,0,0.208651,1,1.63652e-15,8.39538e-16,1.06064e-15,1.32874e-15,1.47156e-15,1,2.39919e-15
14577,0,12,1385.92,13,1419.2,0,2,9,0.208546,1,5.51869e-15,2.83073e-15,3.57639e-15,4.47864e-15,4.96014e-15,1,8.08769e-15
14578,0,12,1385.92,13,1416.12,0,2,13,0.208442,1,6.54423e-16,3.35631e-16,4.24063e-16,5.30841e-16,5.87923e-16,1,9.58724e-16
14579,0,12,1385.92,13,1416.12,0,2,0,0.208338,1,1.84629e-17,9.46772e-18,1.19628e-17,1.49694e-17,1.65794e-17,1,2.70387e-17
14580,0,12,1385.92,13,1416.12,0,2,0,0.208234,1,6.80654e-17,3.48991e-17,4.40984e-17,5.51614e-17,6.10955e-17,1,9.96476e-17
14581,0,12,1385.92,13,1413.82,0,2,13,0.20813,1,2.44557e-16,1.25375e-16,1.5843e-16,1.98105e-16,2.1942e-16,1,3.57913e-16
14582,0,12,1385.92,13,1413.82,0,2,9,0.208026,1,7.01739e-18,3.59706e-18,4.54566e-18,5.68199e-18,6.2935e-18,1,1.02668e-17
14583,0,12,1385.92,13,1413.82,0,2,0,0.207922,1,9.46966e-19,4.85343e-19,6.13363e-19,7.6643e-19,8.48932e-19,1,1.38503e-18
14584,0,12,1385.92,13,1413.82,0,2,0,0.207818,1,3.70422e-18,1.89825e-18,2.39906e-18,2.99675e-18,3.31941e-18,1,5.41612e-18
14585,0,12,1385.92,13,1413.82,0,2,0,0.207714,1,1.4105e-17,7.22723e-18,9.13444e-18,1.14064e-17,1.26348e-17,1,2.06176e-17
14586,0,12,1385.92,13,1413.82,0,2,0,0.20761,1,5.23118e-17,2.68003e-17,3.38742e-17,4.2286e-17,4.68408e-17,1,7.64429e-17
14587,0,12,1385.92,13,1413.82,0,2,9,0.207506,1,1.8906e-16,9.68458e-17,1.22414e-16,1.52765e-16,1.69223e-16,1,2.76194e-16
14588,0,12,1385.92,13,1413.82,0,2,9,0.207402,1,2.38353e-17,1.2208e-17,1.54317e-17,1.92518e-17,2.13264e-17,1,3.48109e-17
14589,0,12,1385.92,13,1413.82,0,2,0,0.207299,1,3.12903e-18,1.60241e-18,2.02566e-18,2.52635e-18,2.79864e-18,1,4.56865e-18
14590,0,12,1385.92,13,1413.82,0,2,9,0.207195,1,1.19612e-17,6.12465e-18,7.74271e-18,9.65369e-18,1.06944e-17,1,1.74598e-17
14591,0,12,1385.92,13,1413.82,0,2,9,0.207091,1,1.59004e-18,8.14063e-19,1.02918e-18,1.28282e-18,1.42114e-18,1,2.32041e-18
14592,0,12,1385.92,13,1412.84,0,2,13,0.206988,1,2.19866e-19,1.12551e-19,1.42299e-19,1.77319e-19,1.96443e-19,1,3.20778e-19
14593,0,12,1385.92,13,1412.84,0,2,0,0.206884,1,7.1813e-21,3.67566e-21,4.64738e-21,5.78954e-21,6.41407e-21,1,1.04748e-20
14594,0,12,1385.92,13,1412.84,0,2,0,0.206781,1,3.09759e-20,1.58525e-20,2.00443e-20,2.49638e-20,2.76573e-20,1,4.51713e-20
14595,0,12,1385.92,13,1412.84,0,2,0,0.206678,1,1.29813e-19,6.64256e-20,8.39941e-20,1.04582e-19,1.15868e-19,1,1.8926e-19
14596,0,12,1385.92,13,1412.84,0,2,0,0.206574,1,5.28856e-19,2.7058e-19,3.4216e-19,4.25917e-19,4.71891e-19,1,7.70869e-19
14597,0,12,1385.92,13,1412.84,0,2,0,0.206471,1,2.09567e-18,1.07207e-18,1.35574e-18,1.68719e-18,1.86935e-18,1,3.05402e-18
14598,0,12,1385.92,13,1412.84,0,2,0,0.206368,1,8.08189e-18,4.13385e-18,5.22793e-18,6.50446e-18,7.20684e-18,1,1.17752e-17
14599,0,12,1385.92,13,1412.84,0,2,0,0.206264,1,3.03488e-17,1.55212e-17,1.963e-17,2.44173e-17,2.70546e-17,1,4.42087e-17
14600,0,12,1385.92,13,1412.84,0,2,0,0.206161,1,1.11029e-16,5.67757e-17,7.18088e-17,8.93007e-17,9.8948e-17,1,1.61702e-16
14601,0,12,1385.92,13,1412.84,0,2,0,0.206058,1,3.95936e-16,2.02438e-16,2.56052e-16,3.18351e-16,3.5275e-16,1,5.76526e-16
14602,0,12,1385.92,13,1412.84,0,2,0,0.205955,1,1.37697e-15,7.03935e-16,8.90407e-16,1.10681e-15,1.22642e-15,1,2.00464e-15
14603,0,12,1385.92,13,1412.84,0,2,0,0.205852,1,4.67251e-15,2.38836e-15,3.02119e-15,3.75462e-15,4.16049e-15,1,6.80115e-15
14604,0,12,1385.92,13,1412.84,0,2,9,0.205749,1,1.5478e-14,7.91057e-15,1.0007e-14,1.24337e-14,1.37781e-14,1,2.25252e-14
14605,0,12,1385.92,13,1412.84,0,2,0,0.205646,1,1.77143e-15,9.05229e-16,1.14519e-15,1.4226e-15,1.57645e-15,1,2.57752e-15
14606,0,12,1385.92,13,1412.84,0,2,9,0.205544,1,5.98311e-15,3.05705e-15,3.86759e-15,4.80352e-15,5.3231e-15,1,8.70424e-15
14607,0,12,1385.92,13,1412.84,0,2,9,0.205441,1,6.96987e-16,3.56075e-16,4.50505e-16,5.59415e-16,6.19938e-16,1,1.01381e-15
14608,0,12,1385.92,13,1413.45,0,2,9,0.205338,1,8.46779e-17,4.32543e-17,5.47278e-17,6.79452e-17,7.52977e-17,1,1.2315e-16
14609,0,12,1385.92,13,1413.45,0,2,9,0.205235,1,1.07202e-17,5.47523e-18,6.9279e-18,8.59947e-18,9.53024e-18,1,1.55883e-17
14610,0,12,1385.92,13,1413.45,0,2,0,0.205133,1,1.41308e-18,7.2162e-19,9.13121e-19,1.13323e-18,1.25591e-18,1,2.05445e-18
14611,0,12,1385.92,13,1414.44,0,2,9,0.20503,1,5.49998e-18,2.80831e-18,3.55373e-18,4.40958e-18,4.88706e-18,1,7.99515e-18
14612,0,12,1385.92,13,1414.44,0,2,0,0.204928,1,7.33802e-19,3.74631e-19,4.74094e-19,5.88168e-19,6.51869e-19,1,1.06655e-18
14613,0,12,1385.92,13,1414.44,0,2,0,0.204825,1,2.89403e-18,1.47731e-18,1.86961e-18,2.31908e-18,2.57029e-18,1,4.20579e-18
14614,0,12,1385.92,13,1414.44,0,2,0,0.204723,1,1.1109e-17,5.66999e-18,7.17603e-18,8.89971e-18,9.86399e-18,1,1.61421e-17
14615,0,12,1385.92,13,1414.44,0,2,0,0.204621,1,4.15263e-17,2.11921e-17,2.68223e-17,3.32596e-17,3.6864e-17,1,6.03327e-17
14616,0,12,1385.92,13,1414.44,0,2,0,0.204518,1,1.51244e-16,7.71739e-17,9.76817e-17,1.21106e-16,1.34234e-16,1,2.19712e-16
14617,0,12,1385.92,13,1414.44,0,2,0,0.204416,1,5.36989e-16,2.73967e-16,3.46786e-16,4.29881e-16,4.76487e-16,1,7.79987e-16
14618,0,12,1385.92,13,1412.84,0,2,13,0.204314,1,1.85952e-15,9.48583e-16,1.20077e-15,1.48827e-15,1.64965e-15,1,2.70067e-15
14619,0,12,1385.92,13,1412.84,0,2,0,0.204212,1,4.96589e-17,2.53287e-17,3.2064e-17,3.97352e-17,4.4045e-17,1,7.21138e-17
14620,0,12,1385.92,13,1412.84,0,2,0,0.204109,1,1.80304e-16,9.19521e-17,1.16409e-16,1.44239e-16,1.59887e-16,1,2.61805e-16
14621,0,12,1385.92,13,1412.84,0,2,9,0.204007,1,6.38217e-16,3.25438e-16,4.12014e-16,5.10445e-16,5.65833e-16,1,9.26607e-16
14622,0,12,1385.92,13,1412.84,0,2,0,0.203905,1,7.7066e-17,3.92919e-17,4.97472e-17,6.16236e-17,6.83117e-17,1,1.11878e-16
14623,0,12,1385.92,13,1405.67,0,2,13,0.203803,1,2.77481e-16,1.41454e-16,1.79102e-16,2.21831e-16,2.45911e-16,1,4.02784e-16
14624,0,12,1385.92,13,1405.67,0,2,0,0.203702,1,7.66168e-18,3.90524e-18,4.94486e-18,6.12377e-18,6.78868e-18,1,1.11204e-17
14625,0,12,1385.92,13,1404.85,0,2,13,0.2036,1,2.8883e-17,1.472e-17,1.86395e-17,2.30805e-17,2.55871e-17,1,4.19179e-17
14626,0,12,1385.92,13,1404.85,0,2,0,0.203498,1,8.32619e-19,4.2428e-19,5.37279e-19,6.65209e-19,7.37467e-19,1,1.20827e-18
14627,0,12,1385.92,13,1404.85,0,2,0,0.203396,1,3.28056e-18,1.67146e-18,2.11672e-18,2.62042e-18,2.90512e-18,1,4.76024e-18
14628,0,12,1385.92,13,1404.85,0,2,9,0.203294,1,1.25807e-17,6.40906e-18,8.11676e-18,1.00471e-17,1.11389e-17,1,1.82536e-17
14629,0,12,1385.92,13,1404.85,0,2,9,0.203193,1,1.63555e-18,8.33092e-19,1.05512e-18,1.3059e-18,1.44784e-18,1,2.37286e-18
14630,0,12,1385.92,13,1404.85,0,2,0,0.203091,1,2.2127e-19,1.12692e-19,1.42733e-19,1.76639e-19,1.95842e-19,1,3.20996e-19
14631,0,12,1385.92,13,1403.93,0,2,13,0.20299,1,8.95391e-19,4.5596e-19,5.77532e-19,7.14647e-19,7.92357e-19,1,1.29884e-18
14632,0,12,1385.92,13,1396.52,0,2,13,0.202888,1,2.75075e-20,1.40057e-20,1.77409e-20,2.19506e-20,2.4338e-20,1,3.98991e-20
14633,0,12,1385.92,13,1396.52,0,2,0,0.202787,1,9.04625e-22,4.60537e-22,5.83386e-22,7.21744e-22,8.00258e-22,1,1.31205e-21
14634,0,12,1385.92,13,1396.52,0,2,0,0.202685,1,4.08321e-21,2.07845e-21,2.633e-21,3.25714e-21,3.61154e-21,1,5.92185e-21
14635,0,12,1385.92,13,1396.52,0,2,9,0.202584,1,1.78904e-20,9.10541e-21,1.15354e-20,1.42684e-20,1.58212e-20,1,2.59447e-20
14636,0,12,1385.92,13,1396.05,0,2,13,0.202483,1,2.63786e-21,1.34237e-21,1.70069e-21,2.10343e-21,2.3324e-21,1,3.82519e-21
14637,0,12,1385.92,13,1396.05,0,2,0,0.202381,1,9.05601e-23,4.60785e-23,5.8381e-23,7.21999e-23,8.00608e-23,1,1.31315e-22
14638,0,12,1385.92,13,1396.05,0,2,9,0.20228,1,4.28011e-22,2.1775e-22,2.759e-22,3.41177e-22,3.78331e-22,1,6.20595e-22
14639,0,12,1385.92,13,1396.05,0,2,0,0.202179,1,6.78356e-23,3.45066e-23,4.37236e-23,5.40639e-23,5.99526e-23,1,9.83531e-23
14640,0,12,1385.92,13,1396.05,0,2,0,0.202078,1,3.2252e-22,1.64037e-22,2.07863e-22,2.57e-22,2.84998e-22,1,4.6759e-22
14641,0,12,1385.92,13,1396.05,0,2,0,0.201977,1,1.48694e-21,7.56171e-22,9.58243e-22,1.18467e-21,1.31376e-21,1,2.15567e-21
14642,0,12,1385.92,13,1396.05,0,2,0,0.201876,1,6.65172e-21,3.38222e-21,4.28625e-21,5.29866e-21,5.87616e-21,1,9.64279e-21
14643,0,12,1385.92,13,1396.05,0,2,0,0.201775,1,2.88893e-20,1.46874e-20,1.86141e-20,2.3009e-20,2.55173e-20,1,4.18781e-20
14644,0,12,1385.92,13,1396.05,0,2,0,0.201674,1,1.21887e-19,6.19592e-20,7.85278e-20,9.70617e-20,1.07645e-19,1,1.7668e-19
14645,0,12,1385.92,13,1396.05,0,2,9,0.201573,1,4.99851e-19,2.54058e-19,3.22011e-19,3.97983e-19,4.41386e-19,1,7.24531e-19
14646,0,12,1385.92,13,1396.05,0,2,0,0.201473,1,6.86093e-20,3.48671e-20,4.41951e-20,5.46184e-20,6.05763e-20,1,9.94452e-20
14647,0,12,1385.92,13,1396.05,0,2,9,0.201372,1,2.84646e-19,1.44637e-19,1.83341e-19,2.26566e-19,2.51286e-19,1,4.12565e-19
14648,0,12,1385.92,13,1396.05,0,2,0,0.201271,1,3.94639e-20,2.00501e-20,2.54165e-20,3.14068e-20,3.48342e-20,1,5.7197e-20
14649,0,12,1385.92,13,1396.05,0,2,0,0.201171,1,1.65568e-19,8.41069e-20,1.06623e-19,1.31745e-19,1.46125e-19,1,2.39958e-19
14650,0,12,1385.92,13,1396.05,0,2,0,0.20107,1,6.7525e-19,3.42975e-19,4.34813e-19,5.37229e-19,5.9588e-19,1,9.78617e-19
14651,0,12,1385.92,13,1396.05,0,2,0,0.200969,1,2.67862e-18,1.36035e-18,1.72469e-18,2.1308e-18,2.36348e-18,1,3.88194e-18
14652,0,12,1385.92,13,1396.05,0,2,9,0.200869,1,1.03408e-17,5.2509e-18,6.65758e-18,8.22477e-18,9.12308e-18,1,1.49858e-17
14653,0,12,1385.92,13,1396.05,0,2,0,0.200768,1,1.33145e-18,6.75997e-19,8.57131e-19,1.05884e-18,1.17452e-18,1,1.92949e-18
14654,0,12,1385.92,13,1396.05,0,2,0,0.200668,1,5.21284e-18,2.64628e-18,3.35552e-18,4.14498e-18,4.59788e-18,1,7.55412e-18
14655,0,12,1385.92,13,1396.05,0,2,9,0.200568,1,1.98671e-17,1.00841e-17,1.27874e-17,1.57951e-17,1.75213e-17,1,2.87896e-17
14656,0,12,1385.92,13,1396.05,0,2,0,0.200467,1,2.52088e-18,1.27937e-18,1.62241e-18,2.00392e-18,2.22297e-18,1,3.65297e-18
14657,0,12,1385.92,13,1396.05,0,2,0,0.200367,1,9.74889e-18,4.94698e-18,6.27373e-18,7.74864e-18,8.59584e-18,1,1.41268e-17
14658,0,12,1385.92,13,1396.05,0,2,0,0.200267,1,3.67091e-17,1.86252e-17,2.36214e-17,2.91734e-17,3.23637e-17,1,5.31933e-17
14659,0,12,1385.92,13,1396.05,0,2,0,0.200167,1,1.34659e-16,6.83131e-17,8.66424e-17,1.07002e-16,1.18706e-16,1,1.95126e-16
14660,0,12,1385.92,13,1396.05,0,2,9,0.200067,1,4.81469e-16,2.44218e-16,3.09759e-16,3.82533e-16,4.24384e-16,1,6.97659e-16
14661,0,12,1385.92,13,1396.05,0,2,0,0.199967,1,5.71927e-17,2.90061e-17,3.67924e-17,4.54345e-17,5.04062e-17,1,8.28728e-17
14662,0,12,1385.92,13,1396.05,0,2,0,0.199867,1,2.08034e-16,1.05493e-16,1.33817e-16,1.65243e-16,1.83329e-16,1,3.01441e-16
14663,0,12,1385.92,13,1396.05,0,2,0,0.199767,1,7.3768e-16,3.74024e-16,4.7447e-16,5.85874e-16,6.50011e-16,1,1.0689e-15
14664,0,12,1385.92,13,1396.05,0,2,9,0.199667,1,2.55131e-15,1.29341e-15,1.64084e-15,2.02603e-15,2.24788e-15,1,3.69683e-15
14665,0,12,1385.92,13,1396.05,0,2,0,0.199567,1,2.92557e-16,1.48294e-16,1.88137e-16,2.32295e-16,2.57736e-16,1,4.23912e-16
14666,0,12,1385.92,13,1396.05,0,2,9,0.199467,1,1.03076e-15,5.22409e-16,6.62799e-16,8.18341e-16,9.07983e-16,1,1.49356e-15
14667,0,12,1385.92,13,1396.05,0,2,0,0.199368,1,1.202e-16,6.09117e-17,7.72846e-17,9.54184e-17,1.05873e-16,1,1.7417e-16
14668,0,12,1385.92,13,1396.05,0,2,0,0.199268,1,4.31119e-16,2.18441e-16,2.7717e-16,3.42195e-16,3.79695e-16,1,6.24692e-16
14669,0,12,1385.92,13,1396.05,0,2,0,0.199168,1,1.50783e-15,7.63888e-16,9.6931e-16,1.19668e-15,1.32785e-15,1,2.18485e-15
14670,0,12,1385.92,13,1396.05,0,2,0,0.199069,1,5.14501e-15,2.60618e-15,3.30718e-15,4.08284e-15,4.53046e-15,1,7.4552e-15
14671,0,12,1385.92,13,1396.05,0,2,0,0.198969,1,1.71361e-14,8.67903e-15,1.1014e-14,1.35969e-14,1.50879e-14,1,2.48307e-14
14672,0,12,1385.92,13,1396.05,0,2,0,0.19887,1,5.57362e-14,2.82252e-14,3.58206e-14,4.42197e-14,4.90698e-14,1,8.0764e-14
14673,0,12,1385.92,13,1396.05,0,2,9,0.19877,1,1.7712e-13,8.96826e-14,1.13821e-13,1.40507e-13,1.55921e-13,1,2.56656e-13
14674,0,12,1385.92,13,1396.05,0,2,0,0.198671,1,1.85793e-14,9.40613e-15,1.19384e-14,1.47371e-14,1.63542e-14,1,2.69227e-14
14675,0,12,1385.92,13,1396.05,0,2,0,0.198572,1,6.03536e-14,3.0551e-14,3.87778e-14,4.78674e-14,5.31208e-14,1,8.74577e-14
14676,0,12,1385.92,13,1396.05,0,2,0,0.198472,1,1.91554e-13,9.69517e-14,1.23065e-13,1.51908e-13,1.68584e-13,1,2.77583e-13
14677,0,12,1385.92,13,1396.05,0,2,0,0.198373,1,5.94286e-13,3.00746e-13,3.81767e-13,4.71237e-13,5.22977e-13,1,8.61198e-13
14678,0,12,1385.92,13,1396.05,0,2,0,0.198274,1,1.80305e-12,9.12334e-13,1.15817e-12,1.42958e-12,1.58657e-12,1,2.6129e-12
14679,0,12,1385.92,13,1396.05,0,2,0,0.198175,1,5.35211e-12,2.70776e-12,3.43757e-12,4.24305e-12,4.70912e-12,1,7.75616e-12
14680,0,12,1385.92,13,1396.05,0,2,0,0.198076,1,1.555e-11,7.86607e-12,9.98662e-12,1.23265e-11,1.36808e-11,1,2.25352e-11
14681,0,12,1385.92,13,1396.05,0,2,9,0.197977,1,4.42396e-11,2.23758e-11,2.84093e-11,3.50653e-11,3.89186e-11,1,6.41136e-11
14682,0,12,1385.92,13,1396.05,0,2,0,0.197878,1,4.14114e-12,2.09425e-12,2.65908e-12,3.28203e-12,3.64276e-12,1,6.00161e-12
14683,0,12,1385.92,13,1396.05,0,2,0,0.197779,1,1.2097e-11,6.11682e-12,7.76692e-12,9.58641e-12,1.06403e-11,1,1.75321e-11
14684,0,12,1385.92,13,1396.05,0,2,0,0.19768,1,3.45988e-11,1.74925e-11,2.22124e-11,2.74156e-11,3.04302e-11,1,5.01451e-11
14685,0,12,1385.92,13,1396.05,0,2,0,0.197581,1,9.69295e-11,4.89989e-11,6.2223e-11,7.6798e-11,8.52444e-11,1,1.40486e-10
14686,0,12,1385.92,13,1396.05,0,2,0,0.197482,1,2.66096e-10,1.34496e-10,1.70803e-10,2.1081e-10,2.34e-10,1,3.85679e-10
14687,1,12,1385.92,13,1396.05,0,2,9,0.197383,1,7.16115e-10,3.61905e-10,4.59622e-10,5.67276e-10,6.29692e-10,1,1.03796e-09
14688,1,12,1385.92,13,1396.05,0,3,0,0.197285,0.523272,0.232431,0.12611,0.118187,0.513203,0.131424,0.131822,0.223552
14689,1,12,1385.92,13,1396.05,1,3,0,0.197186,0.409369,0.287984,0.156232,0.146415,0.551622,0.141224,0.141651,0.165503
14690,1,12,1385.92,13,1396.05,0,0,0,0.197087,0.453855,0.210676,0.173176,0.162293,0.578994,0.148191,0.14864,0.124175
14691,1,12,1385.92,13,1396.05,2,0,0,0.196989,0.346181,0.252218,0.207316,0.194284,0.46579,0.18804,0.18861,0.157561
14692,1,12,1385.92,13,1396.05,1,2,0,0.19689,0.371083,0.270344,0.150337,0.208236,0.358055,0.225964,0.226649,0.189332
14693,1,12,1385.92,13,1396.05,3,0,0,0.196792,0.408263,0.197294,0.165369,0.229073,0.386508,0.243898,0.165243,0.204351
14694,1,12,1385.92,13,1396.05,1,1,0,0.196694,0.4405,0.212842,0.178395,0.168264,0.289035,0.282659,0.191488,0.236818
14695,1,12,1385.92,13,1396.05,0,0,0,0.196595,0.471547,0.157431,0.190934,0.180089,0.320548,0.204475,0.212349,0.262628
14696,1,12,1385.92,13,1396.05,2,1,0,0.196497,0.364449,0.189332,0.229632,0.216587,0.234912,0.230241,0.239109,0.295738
14697,1,12,1385.92,13,1396.05,0,0,0,0.196399,0.393495,0.204395,0.168286,0.233824,0.254232,0.166918,0.258775,0.320075
14698,1,12,1385.92,13,1396.05,1,0,0,0.196301,0.296045,0.237236,0.195318,0.271401,0.185591,0.182266,0.282593,0.34955
14699,1,12,1385.92,13,1396.05,0,1,0,0.196202,0.321337,0.172093,0.211987,0.294583,0.136869,0.193153,0.2995,0.370478
14700,1,12,1385.92,13,1396.05,1,2,0,0.196104,0.236357,0.193631,0.238527,0.331485,0.145354,0.143007,0.318116,0.393523
14701,1,12,1385.92,13,1396.05,3,2,0,0.196006,0.251399,0.142288,0.253707,0.352605,0.162548,0.159922,0.237369,0.440161
14702,1,12,1385.92,13,1396.05,0,1,0,0.195908,0.286255,0.161997,0.288883,0.262865,0.175232,0.172401,0.177767,0.474601
14703,1,12,1385.92,13,1396.05,1,1,0,0.19581,0.20919,0.179473,0.320085,0.291251,0.184015,0.130818,0.186678,0.498489
14704,1,12,1385.92,13,1396.05,2,2,0,0.195712,0.221162,0.132465,0.338433,0.30794,0.190311,0.100977,0.193065,0.515647
14705,1,12,1385.92,13,1396.05,0,2,0,0.195615,0.250024,0.149736,0.252091,0.348149,0.201156,0.106718,0.146986,0.545141
14706,1,12,1385.92,13,1396.05,0,0,0,0.195517,0.185298,0.162641,0.273845,0.378217,0.208993,0.110862,0.113651,0.566494
14707,1,12,1385.92,13,1396.05,2,3,0,0.195419,0.138818,0.1719,0.289465,0.399817,0.160041,0.117695,0.120656,0.601607
14708,1,12,1385.92,13,1396.05,3,3,0,0.195321,0.152892,0.189336,0.217328,0.440445,0.202288,0.148755,0.152498,0.496459
14709,1,12,1385.92,13,1396.05,2,2,0,0.195224,0.179815,0.222686,0.255616,0.341883,0.243612,0.179131,0.18364,0.393617
14710,1,12,1385.92,13,1396.05,3,0,0,0.195126,0.19555,0.242183,0.190419,0.371848,0.256996,0.188961,0.138762,0.415282
14711,1,12,1385.92,13,1396.05,2,3,0,0.195028,0.223341,0.276613,0.217479,0.282568,0.194091,0.204943,0.150489,0.450477
14712,1,12,1385.92,13,1396.05,0,2,0,0.194931,0.239567,0.296722,0.1606,0.303111,0.228744,0.241536,0.177348,0.352372
14713,1,12,1385.92,15,1596.44,0,3,9,0.194833,0.177829,0.32082,0.173621,0.32773,0.240844,0.254315,0.133798,0.371043
14714,1,12,1385.92,15,1596.44,0,3,0,0.194736,0.824287,0.0685666,0.0371023,0.0700437,0.0294338,0.0310804,0.0163497,0.923136
14715,1,12,1385.92,15,1596.44,0,0,0,0.194639,0.749722,0.0976659,0.0528418,0.0997703,0.044689,0.0471896,0.0248207,0.883301
14716,1,12,1385.92,15,1596.44,0,3,0,0.194541,0.658675,0.133199,0.0720578,0.136069,0.0385075,0.0474694,0.0249647,0.889058
14717,0,12,1385.92,15,1590.3,0,3,13,0.194444,0.556331,0.173141,0.0936544,0.176873,0.056938,0.0701921,0.03691,0.83596
14718,0,12,1385.92,15,1590.3,0,2,0,0.194347,1,4.35731e-10,2.19274e-10,2.78894e-10,3.50402e-10,3.89209e-10,1,6.43556e-10
14719,0,12,1385.92,14,1545.23,0,2,13,0.19425,1,1.16537e-09,5.86373e-10,7.45841e-10,9.36763e-10,1.04053e-09,1,1.72069e-09
14720,0,12,1385.92,14,1545.23,0,2,0,0.194153,1,2.18874e-11,1.10114e-11,1.40067e-11,1.75865e-11,1.9535e-11,1,3.23076e-11
14721,0,12,1385.92,14,1545.23,0,2,0,0.194055,1,6.21244e-11,3.12501e-11,3.97527e-11,4.98966e-11,5.54261e-11,1,9.16746e-11
14722,0,12,1385.92,14,1539.5,0,2,13,0.193958,1,1.72746e-10,8.68834e-11,1.10528e-10,1.38689e-10,1.54062e-10,1,2.54843e-10
14723,0,12,1385.92,14,1535.15,0,2,13,0.193861,1,3.36056e-12,1.68998e-12,2.15e-12,2.69697e-12,2.99597e-12,1,4.95633e-12
14724,0,12,1385.92,14,1535.15,0,2,0,0.193765,1,7.06189e-14,3.55084e-14,4.51761e-14,5.66523e-14,6.29344e-14,1,1.04125e-13
14725,0,12,1385.92,14,1516.62,0,2,13,0.193668,1,2.24657e-13,1.12946e-13,1.43704e-13,1.80157e-13,2.00139e-13,1,3.31163e-13
14726,0,12,1385.92,14,1516.62,0,2,0,0.193571,1,4.97204e-15,2.49934e-15,3.18013e-15,3.9857e-15,4.42785e-15,1,7.32735e-15
14727,0,12,1385.92,14,1516.62,0,2,0,0.193474,1,1.66745e-14,8.38077e-15,1.06641e-14,1.33618e-14,1.48444e-14,1,2.45674e-14
14728,0,12,1385.92,14,1516.62,0,2,9,0.193377,1,5.46024e-14,2.74399e-14,3.49176e-14,4.37388e-14,4.8593e-14,1,8.04295e-14
14729,0,12,1385.92,14,1516.62,0,2,0,0.193281,1,5.68158e-15,2.85483e-15,3.63298e-15,4.54957e-15,5.0546e-15,1,8.36704e-15
14730,0,12,1385.92,14,1516.62,0,2,0,0.193184,1,1.90102e-14,9.55075e-15,1.21546e-14,1.52172e-14,1.69068e-14,1,2.79892e-14
14731,0,12,1385.92,14,1516.62,0,2,0,0.193087,1,6.21102e-14,3.12e-14,3.97081e-14,4.9701e-14,5.52204e-14,1,9.14265e-14
14732,0,12,1385.92,14,1516.07,0,2,13,0.192991,1,1.98247e-13,9.95722e-14,1.26731e-13,1.58585e-13,1.762e-13,1,2.91758e-13
14733,0,12,1385.92,14,1511.58,0,2,13,0.192894,1,4.37145e-15,2.19532e-15,2.79424e-15,3.49573e-15,3.88411e-15,1,6.43208e-15
14734,0,12,1385.92,14,1507.17,0,2,13,0.192798,1,1.03865e-16,5.21535e-17,6.6385e-17,8.30314e-17,9.22581e-17,1,1.52795e-16
14735,0,12,1385.92,14,1501.78,0,2,13,0.192701,1,2.65521e-18,1.33307e-18,1.69691e-18,2.12193e-18,2.35778e-18,1,3.90527e-18
14736,0,12,1385.92,14,1495.19,0,2,13,0.192605,1,7.29256e-20,3.66077e-20,4.66017e-20,5.82608e-20,6.47377e-20,1,1.07238e-19
14737,0,12,1385.92,14,1495.19,0,2,9,0.192509,1,2.14881e-21,1.07853e-21,1.37303e-21,1.71617e-21,1.907e-21,1,3.15926e-21
14738,0,12,1385.92,14,1495.19,0,2,0,0.192413,1,3.11788e-22,1.56471e-22,1.99206e-22,2.48938e-22,2.76624e-22,1,4.5832e-22
14739,0,12,1385.92,14,1495.19,0,2,0,0.192316,1,1.45412e-21,7.2965e-22,9.2898e-22,1.16065e-21,1.28977e-21,1,2.13715e-21
14740,0,12,1385.92,14,1495.19,0,2,0,0.19222,1,6.57882e-21,3.30067e-21,4.20256e-21,5.24955e-21,5.83364e-21,1,9.66733e-21
14741,0,12,1385.92,14,1495.19,0,2,0,0.192124,1,2.88909e-20,1.44929e-20,1.84539e-20,2.30468e-20,2.56116e-20,1,4.2447e-20
14742,0,12,1385.92,14,1487.96,0,2,13,0.192028,1,1.23224e-19,6.18059e-20,7.87018e-20,9.82702e-20,1.09209e-19,1,1.81014e-19
14743,0,12,1385.92,14,1480.77,0,2,13,0.191932,1,3.57445e-21,1.7926e-21,2.28275e-21,2.84979e-21,3.16707e-21,1,5.24997e-21
14744,0,12,1385.92,14,1480.77,0,2,0,0.191836,1,1.11119e-22,5.57188e-23,7.09574e-23,8.85672e-23,9.84298e-23,1,1.63181e-22
14745,0,12,1385.92,14,1476.98,0,2,13,0.19174,1,5.29292e-22,2.65368e-22,3.37961e-22,4.21758e-22,4.68733e-22,1,7.77164e-22
14746,0,12,1385.92,14,1476.98,0,2,0,0.191644,1,1.70583e-23,8.55125e-24,1.0891e-23,1.3589e-23,1.51029e-23,1,2.50433e-23
14747,0,12,1385.92,14,1476.98,0,2,0,0.191548,1,8.43447e-23,4.22758e-23,5.38457e-23,6.71734e-23,7.46583e-23,1,1.23809e-22
14748,0,12,1385.92,14,1476.98,0,2,0,0.191453,1,4.04094e-22,2.02514e-22,2.57951e-22,3.21743e-22,3.57602e-22,1,5.93087e-22
14749,0,12,1385.92,14,1476.98,0,2,0,0.191357,1,1.87707e-21,9.40575e-22,1.19811e-21,1.49416e-21,1.66072e-21,1,2.75461e-21
14750,0,12,1385.92,14,1476.98,0,2,0,0.191261,1,8.45896e-21,4.2381e-21,5.39875e-21,6.73173e-21,7.48231e-21,1,1.2412e-20
14751,0,12,1385.92,14,1476.98,0,2,0,0.191166,1,3.70045e-20,1.85374e-20,2.36152e-20,2.94413e-20,3.27247e-20,1,5.42908e-20
14752,0,12,1385.92,14,1473.78,0,2,13,0.19107,1,1.57234e-19,7.87555e-20,1.00333e-19,1.25068e-19,1.39019e-19,1,2.30657e-19
14753,0,12,1385.92,14,1473.78,0,2,0,0.190974,1,4.49921e-21,2.25325e-21,2.87075e-21,3.57793e-21,3.97711e-21,1,6.59942e-21
14754,0,12,1385.92,14,1473.78,0,2,0,0.190879,1,1.99365e-20,9.98303e-21,1.27195e-20,1.58505e-20,1.76193e-20,1,2.92396e-20
14755,0,12,1385.92,14,1473.78,0,2,9,0.190784,1,8.57843e-20,4.29498e-20,5.47254e-20,6.81871e-20,7.57978e-20,1,1.25801e-19
14756,0,12,1385.92,13,1482.45,0,2,13,0.190688,1,1.14514e-20,5.73261e-21,7.30468e-21,9.10029e-21,1.01162e-20,1,1.67915e-20
14757,0,12,1385.92,13,1454.66,0,2,13,0.190593,1,3.4391e-22,1.72139e-22,2.19355e-22,2.7324e-22,3.03751e-22,1,5.04234e-22
14758,0,12,1385.92,13,1450.85,0,2,13,0.190498,1,1.10611e-23,5.53567e-24,7.05441e-24,8.7862e-24,9.7675e-24,1,1.62159e-23
14759,0,12,1385.92,13,1450.85,0,2,0,0.190402,1,3.80475e-25,1.90388e-25,2.42633e-25,3.02159e-25,3.35914e-25,1,5.57738e-25
14760,0,12,1385.92,13,1450.85,0,2,0,0.190307,1,2.03137e-24,1.01635e-24,1.29531e-24,1.6129e-24,1.79312e-24,1,2.97752e-24
14761,0,12,1385.92,13,1450.85,0,2,0,0.190212,1,1.04929e-23,5.24913e-24,6.69024e-24,8.32956e-24,9.26045e-24,1,1.53788e-23
14762,0,12,1385.92,13,1450.85,0,2,0,0.190117,1,5.2472e-23,2.62458e-23,3.3453e-23,4.16452e-23,4.63003e-23,1,7.68987e-23
14763,0,12,1385.92,13,1450.85,0,2,9,0.190022,1,2.54194e-22,1.27127e-22,1.62044e-22,2.01704e-22,2.24255e-22,1,3.72496e-22
14764,0,12,1385.92,13,1450.85,0,2,0,0.189927,1,3.79036e-23,1.89536e-23,2.41607e-23,3.00707e-23,3.34334e-23,1,5.55397e-23
14765,0,12,1385.92,13,1448.99,0,2,13,0.189832,1,1.84847e-22,9.24196e-23,1.17816e-22,1.46619e-22,1.63018e-22,1,2.70834e-22
14766,0,12,1385.92,13,1448.99,0,2,0,0.189737,1,5.97631e-24,2.98762e-24,3.80877e-24,4.73943e-24,5.26966e-24,1,8.75575e-24
14767,0,12,1385.92,13,1448.99,0,2,0,0.189642,1,3.02378e-23,1.51141e-23,1.92692e-23,2.39751e-23,2.66579e-23,1,4.42977e-23
14768,0,12,1385.92,13,1448.99,0,2,0,0.189547,1,1.48174e-22,7.40532e-23,9.4416e-23,1.17463e-22,1.3061e-22,1,2.17058e-22
14769,0,12,1385.92,13,1448.99,0,2,9,0.189452,1,7.03679e-22,3.5163e-22,4.48341e-22,5.57728e-22,6.20164e-22,1,1.03074e-21
14770,0,12,1385.92,13,1448.99,0,2,0,0.189358,1,1.02477e-22,5.12009e-23,6.52862e-23,8.12074e-23,9.03001e-23,1,1.50098e-22
14771,0,12,1385.92,13,1448.99,0,2,0,0.189263,1,4.90341e-22,2.44956e-22,3.12359e-22,3.88498e-22,4.32007e-22,1,7.18161e-22
14772,0,12,1385.92,13,1448.99,0,2,0,0.189168,1,2.27486e-21,1.13628e-21,1.44901e-21,1.80205e-21,2.00391e-21,1,3.33161e-21
14773,0,12,1385.92,13,1449.05,0,2,9,0.189074,1,1.02391e-20,5.11364e-21,6.52135e-21,8.10957e-21,9.01816e-21,1,1.49947e-20
14774,0,12,1385.92,13,1449.05,0,2,0,0.188979,1,1.41084e-21,7.0451e-22,8.98494e-22,1.11722e-21,1.24242e-21,1,2.06602e-21
14775,0,12,1385.92,13,1449.05,0,2,9,0.188885,1,6.41196e-21,3.2014e-21,4.08309e-21,5.07667e-21,5.64571e-21,1,9.38915e-21
14776,0,12,1385.92,13,1448.66,0,2,13,0.18879,1,8.90699e-22,4.44651e-22,5.6714e-22,7.05093e-22,7.84142e-22,1,1.30421e-21
14777,0,12,1385.92,13,1448.66,0,2,0,0.188696,1,2.76437e-23,1.37983e-23,1.76001e-23,2.18796e-23,2.43331e-23,1,4.04757e-23
14778,0,12,1385.92,13,1442.06,0,2,13,0.188602,1,1.35856e-22,6.78026e-23,8.64888e-23,1.07511e-22,1.19569e-22,1,1.98911e-22
14779,0,12,1385.92,13,1433.89,0,2,13,0.188507,1,4.36865e-24,2.17999e-24,2.78092e-24,3.45661e-24,3.84438e-24,1,6.39604e-24
14780,0,12,1385.92,13,1433.89,0,2,9,0.188413,1,1.50242e-25,7.49616e-26,9.563e-26,1.18858e-25,1.32194e-25,1,2.19959e-25
14781,0,12,1385.92,13,1433.89,0,2,0,0.188319,1,2.57022e-26,1.2822e-26,1.63581e-26,2.033e-26,2.26116e-26,1,3.76275e-26
14782,0,12,1385.92,13,1430.16,0,2,13,0.188225,1,1.45107e-25,7.23791e-26,9.23445e-26,1.14759e-25,1.27641e-25,1,2.12426e-25
14783,0,12,1385.92,13,1430.16,0,2,0,0.188131,1,5.32426e-27,2.65537e-27,3.388e-27,4.21011e-27,4.6828e-27,1,7.79414e-27
14784,0,12,1385.92,13,1430.16,0,2,0,0.188036,1,3.1018e-26,1.54675e-26,1.9736e-26,2.45235e-26,2.72775e-26,1,4.54058e-26
14785,0,12,1385.92,13,1430.16,0,2,0,0.187942,1,1.74526e-25,8.70173e-26,1.11037e-25,1.37964e-25,1.53461e-25,1,2.55474e-25
14786,0,12,1385.92,13,1430.16,0,2,0,0.187848,1,9.49071e-25,4.73133e-25,6.03762e-25,7.50136e-25,8.34412e-25,1,1.38923e-24
14787,0,12,1385.92,13,1430.16,0,2,9,0.187755,1,4.99139e-24,2.48797e-24,3.17504e-24,3.94457e-24,4.38783e-24,1,7.30616e-24
14788,0,12,1385.92,13,1430.16,0,2,0,0.187661,1,7.93426e-25,3.9543e-25,5.04655e-25,6.26936e-25,6.97401e-25,1,1.16136e-24
14789,0,12,1385.92,13,1430.16,0,2,0,0.187567,1,4.18859e-24,2.08723e-24,2.66389e-24,3.3092e-24,3.68122e-24,1,6.13083e-24
14790,0,12,1385.92,13,1430.16,0,2,0,0.187473,1,2.13977e-23,1.06613e-23,1.36075e-23,1.6903e-23,1.88036e-23,1,3.13194e-23
14791,0,12,1385.92,13,1430.16,0,2,9,0.187379,1,1.0585e-22,5.27318e-23,6.73071e-23,8.36041e-23,9.30067e-23,1,1.54928e-22
14792,0,12,1385.92,13,1430.16,0,2,0,0.187286,1,1.58015e-23,7.8708e-24,1.00468e-23,1.24789e-23,1.38826e-23,1,2.31277e-23
14793,0,12,1385.92,13,1430.16,0,2,9,0.187192,1,7.86549e-23,3.9173e-23,5.00055e-23,6.21078e-23,6.90958e-23,1,1.15122e-22
14794,0,12,1385.92,13,1430.16,0,2,0,0.187098,1,1.17973e-23,5.87466e-24,7.49954e-24,9.3142e-24,1.03624e-23,1,1.72667e-23
14795,0,12,1385.92,13,1430.16,0,2,0,0.187005,1,5.90775e-23,2.94145e-23,3.75522e-23,4.66368e-23,5.18863e-23,1,8.64663e-23
14796,0,12,1385.92,13,1430.16,0,2,0,0.186911,1,2.86587e-22,1.42671e-22,1.8215e-22,2.26207e-22,2.51675e-22,1,4.19448e-22
14797,0,12,1385.92,13,1425.97,0,2,13,0.186818,1,1.34758e-21,6.70772e-22,8.56427e-22,1.06354e-21,1.1833e-21,1,1.97232e-21
14798,0,12,1385.92,13,1425.97,0,2,0,0.186724,1,4.07153e-23,2.02635e-23,2.58733e-23,3.21291e-23,3.57479e-23,1,5.95906e-23
14799,0,12,1385.92,13,1425.97,0,2,0,0.186631,1,1.9904e-22,9.90461e-23,1.26472e-22,1.57046e-22,1.74739e-22,1,2.91313e-22
14800,0,12,1385.92,13,1425.97,0,2,0,0.186538,1,9.43025e-22,4.69202e-22,5.99155e-22,7.43974e-22,8.27805e-22,1,1.38021e-21
14801,0,12,1385.92,13,1425.97,0,2,0,0.186445,1,4.33287e-21,2.15552e-21,2.75266e-21,3.41789e-21,3.8031e-21,1,6.34159e-21
14802,0,12,1385.92,13,1425.97,0,2,0,0.186351,1,1.9318e-20,9.60901e-21,1.22716e-20,1.52368e-20,1.69544e-20,1,2.8274e-20
14803,0,12,1385.92,13,1425.97,0,2,9,0.186258,1,8.36263e-20,4.15908e-20,5.31179e-20,6.59512e-20,7.33872e-20,1,1.22397e-19
14804,0,12,1385.92,13,1425.97,0,2,9,0.186165,1,1.08626e-20,5.40167e-21,6.8991e-21,8.5657e-21,9.5317e-21,1,1.58988e-20
14805,0,12,1385.92,13,1425.97,0,2,0,0.186072,1,1.46834e-21,7.30063e-22,9.32493e-22,1.15773e-21,1.28832e-21,1,2.14912e-21
14806,0,12,1385.92,13,1425.97,0,2,0,0.185979,1,6.69141e-21,3.32652e-21,4.2491e-21,5.2753e-21,5.87047e-21,1,9.79389e-21
14807,0,12,1385.92,13,1425.49,0,2,13,0.185886,1,2.95946e-20,1.47104e-20,1.87911e-20,2.33288e-20,2.59614e-20,1,4.33167e-20
14808,0,12,1385.92,13,1425.49,0,2,0,0.185793,1,8.3363e-22,4.14309e-22,5.29266e-22,6.57061e-22,7.31223e-22,1,1.22017e-21
14809,0,12,1385.92,13,1425.49,0,2,0,0.1857,1,3.84309e-21,1.90973e-21,2.43973e-21,3.02876e-21,3.37069e-21,1,5.62516e-21
14810,0,12,1385.92,13,1425.49,0,2,9,0.185607,1,1.71907e-20,8.54128e-21,1.09123e-20,1.35466e-20,1.50763e-20,1,2.51625e-20
14811,0,12,1385.92,13,1425.49,0,2,0,0.185514,1,2.29467e-21,1.13996e-21,1.45647e-21,1.80805e-21,2.01225e-21,1,3.35882e-21
14812,0,12,1385.92,13,1425.49,0,2,9,0.185422,1,1.03721e-20,5.15198e-21,6.58277e-21,8.17165e-21,9.09477e-21,1,1.51824e-20
14813,0,12,1385.92,13,1425.49,0,2,0,0.185329,1,1.39679e-21,6.93711e-22,8.86409e-22,1.10035e-21,1.22467e-21,1,2.04463e-21
14814,0,12,1385.92,13,1425.49,0,2,9,0.185236,1,6.37743e-21,3.16688e-21,4.04678e-21,5.02341e-21,5.59112e-21,1,9.33549e-21
14815,0,12,1385.92,13,1425.49,0,2,0,0.185144,1,8.66138e-22,4.30044e-22,5.49555e-22,6.82174e-22,7.59285e-22,1,1.26791e-21
14816,0,12,1385.92,13,1425.49,0,2,0,0.185051,1,3.9931e-21,1.98233e-21,2.53335e-21,3.14466e-21,3.5002e-21,1,5.84548e-21
14817,0,12,1385.92,13,1425.49,0,2,0,0.184959,1,1.78623e-20,8.86631e-21,1.13314e-20,1.40656e-20,1.56562e-20,1,2.61492e-20
14818,0,12,1385.92,13,1425.49,0,2,0,0.184866,1,7.75767e-20,3.85012e-20,4.92081e-20,6.10813e-20,6.79901e-20,1,1.1357e-19
14819,0,12,1385.92,13,1425.49,0,2,9,0.184774,1,3.27297e-19,1.62415e-19,2.07591e-19,2.57677e-19,2.86829e-19,1,4.79164e-19
14820,0,12,1385.92,13,1425.49,0,2,0,0.184681,1,4.09964e-20,2.03407e-20,2.59999e-20,3.22728e-20,3.59247e-20,1,6.00203e-20
14821,0,12,1385.92,13,1425.49,0,2,0,0.184589,1,1.75203e-19,8.69163e-20,1.11103e-19,1.37908e-19,1.53517e-19,1,2.56511e-19
14822,0,12,1385.92,13,1425.49,0,2,0,0.184497,1,7.27601e-19,3.60905e-19,4.6136e-19,5.72665e-19,6.37493e-19,1,1.0653e-18
14823,0,12,1385.92,13,1425.49,0,2,0,0.184404,1,2.93798e-18,1.4571e-18,1.86276e-18,2.31215e-18,2.57395e-18,1,4.30169e-18
14824,0,12,1385.92,13,1425.49,0,2,0,0.184312,1,1.15412e-17,5.72306e-18,7.31675e-18,9.08188e-18,1.01104e-17,1,1.68987e-17
14825,0,12,1385.92,13,1425.49,0,2,0,0.18422,1,4.41299e-17,2.18802e-17,2.79745e-17,3.47231e-17,3.86563e-17,1,6.46174e-17
14826,0,12,1385.92,13,1425.49,0,2,0,0.184128,1,1.64335e-16,8.14679e-17,1.04164e-16,1.29293e-16,1.43942e-16,1,2.40636e-16
14827,0,12,1385.92,13,1425.49,0,2,0,0.184036,1,5.96305e-16,2.95572e-16,3.77936e-16,4.69109e-16,5.2227e-16,1,8.73198e-16
14828,0,12,1385.92,13,1425.42,0,2,13,0.183944,1,2.10946e-15,1.04546e-15,1.33685e-15,1.65935e-15,1.84743e-15,1,3.08909e-15
14829,0,12,1385.92,13,1425.42,0,2,0,0.183852,1,4.67381e-17,2.31603e-17,2.9617e-17,3.67619e-17,4.09296e-17,1,6.84455e-17
14830,0,12,1385.92,13,1425.42,0,2,0,0.18376,1,1.73929e-16,8.61755e-17,1.10205e-16,1.36792e-16,1.52303e-16,1,2.54719e-16
14831,0,12,1385.92,13,1425.42,0,2,0,0.183668,1,6.30696e-16,3.12443e-16,3.99587e-16,4.95986e-16,5.5224e-16,1,9.23687e-16
14832,0,12,1385.92,13,1425.42,0,2,0,0.183576,1,2.22966e-15,1.10441e-15,1.4125e-15,1.75327e-15,1.95217e-15,1,3.26557e-15
14833,0,12,1385.92,13,1425.42,0,2,9,0.183484,1,7.68857e-15,3.8078e-15,4.87031e-15,6.04532e-15,6.73126e-15,1,1.12611e-14
14834,0,12,1385.92,13,1425.42,0,2,0,0.183393,1,7.82584e-16,3.87524e-16,4.95681e-16,6.15272e-16,6.851e-16,1,1.14626e-15
14835,0,12,1385.92,13,1424.31,0,2,13,0.183301,1,2.75576e-15,1.36442e-15,1.74532e-15,2.16641e-15,2.41233e-15,1,4.03657e-15
14836,0,12,1385.92,13,1424.31,0,2,0,0.183209,1,6.03556e-17,2.98788e-17,3.82217e-17,4.74439e-17,5.28306e-17,1,8.84109e-17
14837,0,12,1385.92,13,1424.31,0,2,0,0.183118,1,2.23648e-16,1.10701e-16,1.41618e-16,1.75789e-16,1.95752e-16,1,3.27621e-16
14838,0,12,1385.92,13,1424.31,0,2,0,0.183026,1,8.07603e-16,3.99688e-16,5.11341e-16,6.34729e-16,7.06825e-16,1,1.1831e-15
14839,0,12,1385.92,13,1424.31,0,2,0,0.182935,1,2.84339e-15,1.40702e-15,1.80015e-15,2.23455e-15,2.48842e-15,1,4.16561e-15
14840,0,12,1385.92,13,1424.31,0,2,0,0.182843,1,9.7656e-15,4.8317e-15,6.18205e-15,7.67393e-15,8.54595e-15,1,1.43074e-14
14841,0,12,1385.92,13,1424.31,0,2,0,0.182752,1,3.2734e-14,1.61934e-14,2.07201e-14,2.57207e-14,2.8644e-14,1,4.79599e-14
14842,0,12,1385.92,13,1424.31,0,2,0,0.18266,1,1.07138e-13,5.29937e-14,6.78109e-14,8.41771e-14,9.37465e-14,1,1.5698e-13
14843,0,12,1385.92,13,1424.31,0,2,0,0.182569,1,3.42565e-13,1.69419e-13,2.16799e-13,2.69127e-13,2.99728e-13,1,5.01951e-13
14844,0,12,1385.92,13,1424.31,0,2,0,0.182478,1,1.07052e-12,5.29359e-13,6.77436e-13,8.40956e-13,9.36598e-13,1,1.56867e-12
14845,0,12,1385.92,13,1424.31,0,2,0,0.182387,1,3.2711e-12,1.6173e-12,2.0698e-12,2.56945e-12,2.86173e-12,1,4.79349e-12
14846,0,12,1385.92,13,1424.31,0,2,0,0.182295,1,9.7777e-12,4.83361e-12,6.18632e-12,7.67977e-12,8.55357e-12,1,1.4329e-11
14847,0,12,1385.92,13,1424.31,0,2,0,0.182204,1,2.8603e-11,1.41379e-11,1.80954e-11,2.24641e-11,2.50206e-11,1,4.1919e-11
14848,0,12,1385.92,13,1424.31,0,2,0,0.182113,1,8.19227e-11,4.04871e-11,5.18227e-11,6.43352e-11,7.16582e-11,1,1.20067e-10
14849,0,12,1385.92,13,1424.31,0,2,9,0.182022,1,2.29824e-10,1.13566e-10,1.45369e-10,1.80471e-10,2.01018e-10,1,3.3685e-10
14850,0,12,1385.92,13,1424.31,0,2,0,0.181931,1,1.8896e-11,9.33599e-12,1.19511e-11,1.48371e-11,1.65267e-11,1,2.7697e-11
14851,0,12,1385.92,13,1424.31,0,2,0,0.18184,1,5.45856e-11,2.69654e-11,3.45203e-11,4.28572e-11,4.77385e-11,1,8.00131e-11
14852,0,12,1385.92,13,1424.31,0,2,9,0.181749,1,1.54423e-10,7.62742e-11,9.76488e-11,1.21234e-10,1.35045e-10,1,2.26368e-10
14853,0,12,1385.92,13,1424.31,0,2,9,0.181658,1,1.27744e-11,6.30878e-12,8.07711e-12,1.00281e-11,1.11708e-11,1,1.87269e-11
14854,0,12,1385.92,13,1424.31,0,2,0,0.181567,1,1.10955e-12,5.47889e-13,7.01496e-13,8.70957e-13,9.70221e-13,1,1.62666e-12
14855,0,12,1385.92,13,1424.75,0,2,9,0.181477,1,3.39185e-12,1.67463e-12,2.14424e-12,2.66228e-12,2.96577e-12,1,4.97289e-12
14856,0,12,1385.92,13,1424.75,0,2,0,0.181386,1,3.02092e-13,1.49129e-13,1.90958e-13,2.37097e-13,2.6413e-13,1,4.42929e-13
14857,0,12,1385.92,13,1424.75,0,2,9,0.181295,1,9.47802e-13,4.67819e-13,5.99066e-13,7.43826e-13,8.28654e-13,1,1.38974e-12
14858,0,12,1385.92,13,1424.75,0,2,0,0.181205,1,8.64719e-14,4.26751e-14,5.46503e-14,6.78575e-14,7.55978e-14,1,1.26799e-13
14859,0,12,1385.92,13,1424.75,0,2,9,0.181114,1,2.7817e-13,1.37262e-13,1.75788e-13,2.18274e-13,2.43177e-13,1,4.0792e-13
14860,0,12,1385.92,13,1424.75,0,2,0,0.181023,1,2.59717e-14,1.28138e-14,1.64111e-14,2.0378e-14,2.27035e-14,1,3.8088e-14
14861,0,12,1385.92,13,1424.75,0,2,9,0.180933,1,8.55818e-14,4.22179e-14,5.40729e-14,6.71447e-14,7.48085e-14,1,1.25514e-13
14862,0,12,1385.92,13,1424.75,0,2,9,0.180842,1,8.16955e-15,4.02951e-15,5.16127e-15,6.40911e-15,7.1408e-15,1,1.19821e-14
14863,0,12,1385.92,13,1424.75,0,2,9,0.180752,1,8.16513e-16,4.02676e-16,5.158e-16,6.40519e-16,7.13659e-16,1,1.19763e-15
14864,0,12,1385.92,13,1424.75,0,2,0,0.180662,1,8.53651e-17,4.20931e-17,5.3921e-17,6.69606e-17,7.46083e-17,1,1.25217e-16
14865,0,12,1385.92,13,1424.75,0,2,0,0.180571,1,3.15165e-16,1.55384e-16,1.99056e-16,2.47199e-16,2.75438e-16,1,4.62322e-16
14866,0,12,1385.92,13,1424.32,0,2,13,0.180481,1,1.13399e-15,5.59009e-16,7.16158e-16,8.89386e-16,9.91007e-16,1,1.66358e-15
14867,0,12,1385.92,13,1424.32,0,2,0,0.180391,1,2.45815e-17,1.21159e-17,1.55227e-17,1.92778e-17,2.14809e-17,1,3.60632e-17
14868,0,12,1385.92,13,1424.32,0,2,0,0.180301,1,9.30512e-17,4.58572e-17,5.87544e-17,7.29697e-17,8.13107e-17,1,1.36522e-16
14869,0,12,1385.92,13,1424.32,0,2,0,0.18021,1,3.43113e-16,1.69068e-16,2.16628e-16,2.69047e-16,2.99808e-16,1,5.03436e-16
14870,0,12,1385.92,13,1425.16,0,2,9,0.18012,1,1.23304e-15,6.07493e-16,7.78426e-16,9.66809e-16,1.07737e-15,1,1.8093e-15
14871,0,12,1385.92,13,1425.16,0,2,0,0.18003,1,1.27338e-16,6.27276e-17,8.03816e-17,9.98369e-17,1.11256e-16,1,1.8686e-16
14872,0,12,1385.92,13,1424.78,0,2,13,0.17994,1,4.66794e-16,2.29913e-16,2.94634e-16,3.65956e-16,4.07823e-16,1,6.85028e-16
14873,0,12,1385.92,13,1424.78,0,2,0,0.17985,1,1.02424e-17,5.04406e-18,6.46429e-18,8.02931e-18,8.94809e-18,1,1.50318e-17
14874,0,12,1385.92,13,1424.78,0,2,9,0.17976,1,3.94771e-17,1.94385e-17,2.49129e-17,3.09451e-17,3.44869e-17,1,5.79403e-17
14875,0,12,1385.92,13,1424.78,0,2,0,0.179671,1,4.35411e-18,2.14365e-18,2.7475e-18,3.41285e-18,3.80355e-18,1,6.39087e-18
14876,0,12,1385.92,13,1424.78,0,2,9,0.179581,1,1.70726e-17,8.40412e-18,1.0772e-17,1.3381e-17,1.49132e-17,1,2.50603e-17
14877,0,12,1385.92,13,1424.78,0,2,0,0.179491,1,1.91227e-18,9.41197e-19,1.20645e-18,1.49869e-18,1.67033e-18,1,2.80713e-18
14878,0,12,1385.92,13,1424.78,0,2,0,0.179401,1,7.623e-18,3.75142e-18,4.80889e-18,5.97393e-18,6.65824e-18,1,1.11909e-17
14879,0,12,1385.92,13,1424.78,0,2,9,0.179311,1,2.95705e-17,1.45501e-17,1.86525e-17,2.31721e-17,2.5827e-17,1,4.34136e-17
14880,0,12,1385.92,13,1424.78,0,2,0,0.179222,1,3.2705e-18,1.60902e-18,2.06278e-18,2.56267e-18,2.85635e-18,1,4.80185e-18
14881,0,12,1385.92,13,1424.78,0,2,0,0.179132,1,1.2904e-17,6.34762e-18,8.13812e-18,1.01106e-17,1.12695e-17,1,1.89473e-17
14882,0,12,1385.92,13,1424.78,0,2,0,0.179043,1,4.95543e-17,2.43728e-17,3.12493e-17,3.88244e-17,4.32755e-17,1,7.27661e-17
14883,0,12,1385.92,13,1424.78,0,2,0,0.178953,1,1.85317e-16,9.11331e-17,1.16851e-16,1.45181e-16,1.61829e-16,1,2.72138e-16
14884,0,12,1385.92,13,1424.78,0,2,0,0.178864,1,6.75233e-16,3.32012e-16,4.25728e-16,5.28959e-16,5.89628e-16,1,9.91644e-16
14885,0,12,1385.92,13,1424.78,0,2,0,0.178774,1,2.3984e-15,1.17913e-15,1.51203e-15,1.87873e-15,2.09425e-15,1,3.5225e-15
14886,0,12,1385.92,13,1424.78,0,2,0,0.178685,1,8.3088e-15,4.08427e-15,5.23765e-15,6.50808e-15,7.25484e-15,1,1.22038e-14
14887,0,12,1385.92,13,1424.72,0,2,13,0.178595,1,2.80878e-14,1.38049e-14,1.77042e-14,2.19992e-14,2.4524e-14,1,4.12576e-14
14888,0,12,1385.92,13,1424.72,0,2,0,0.178506,1,5.6061e-16,2.75495e-16,3.53328e-16,4.39058e-16,4.89458e-16,1,8.23519e-16
14889,0,12,1385.92,13,1419.86,0,2,13,0.178417,1,1.99953e-15,9.82473e-16,1.26011e-15,1.5659e-15,1.74569e-15,1,2.93744e-15
14890,0,12,1385.92,13,1419.86,0,2,0,0.178328,1,4.19769e-17,2.06224e-17,2.64514e-17,3.28714e-17,3.66463e-17,1,6.16707e-17
14891,0,12,1385.92,13,1419.86,0,2,0,0.178239,1,1.57642e-16,7.74353e-17,9.93273e-17,1.23439e-16,1.37618e-16,1,2.31616e-16
14892,0,12,1385.92,13,1419.86,0,2,9,0.178149,1,5.76768e-16,2.83275e-16,3.63378e-16,4.51602e-16,5.03486e-16,1,8.47474e-16
14893,0,12,1385.92,13,1419.86,0,2,0,0.17806,1,5.9685e-17,2.93096e-17,3.75995e-17,4.67297e-17,5.20996e-17,1,8.77038e-17
14894,0,12,1385.92,13,1419.86,0,2,0,0.177971,1,2.22663e-16,1.09328e-16,1.40257e-16,1.74322e-16,1.94357e-16,1,3.27213e-16
14895,0,12,1385.92,13,1419.86,0,2,0,0.177882,1,8.09392e-16,3.97356e-16,5.09796e-16,6.33629e-16,7.06472e-16,1,1.18951e-15
14896,0,12,1385.92,13,1419.86,0,2,0,0.177793,1,2.86827e-15,1.40792e-15,1.80641e-15,2.24527e-15,2.50345e-15,1,4.21559e-15
14897,0,12,1385.92,13,1419.86,0,2,0,0.177704,1,9.91398e-15,4.8657e-15,6.24317e-15,7.76019e-15,8.65269e-15,1,1.45719e-14
14898,0,12,1385.92,13,1419.86,0,2,0,0.177616,1,3.34395e-14,1.64095e-14,2.1056e-14,2.61733e-14,2.91841e-14,1,4.91538e-14
14899,0,12,1385.92,13,1419.86,0,2,0,0.177527,1,1.1012e-13,5.40305e-14,6.93333e-14,8.61863e-14,9.61027e-14,1,1.61879e-13
14900,0,12,1385.92,13,1419.86,0,2,0,0.177438,1,3.54218e-13,1.73773e-13,2.23001e-13,2.77215e-13,3.09118e-13,1,5.20745e-13
14901,0,12,1385.92,13,1419.86,0,2,0,0.177349,1,1.11347e-12,5.46169e-13,7.00927e-13,8.71361e-13,9.71661e-13,1,1.63705e-12
14902,0,12,1385.92,13,1419.86,0,2,0,0.177261,1,3.42202e-12,1.6783e-12,2.15396e-12,2.6778e-12,2.9861e-12,1,5.03149e-12
14903,0,12,1385.92,13,1408.73,0,2,13,0.177172,1,1.02869e-11,5.04439e-12,6.47438e-12,8.0492e-12,8.97611e-12,1,1.5126e-11
14904,0,12,1385.92,13,1408.73,0,2,0,0.177083,1,1.80029e-13,8.82688e-14,1.13297e-13,1.4086e-13,1.57084e-13,1,2.64737e-13
14905,0,12,1385.92,13,1408.73,0,2,0,0.176995,1,5.73814e-13,2.81302e-13,3.61082e-13,4.48942e-13,5.00662e-13,1,8.43865e-13
14906,0,12,1385.92,13,1408.82,0,2,9,0.176906,1,1.78764e-12,8.76234e-13,1.1248e-12,1.39854e-12,1.55969e-12,1,2.62912e-12
14907,0,12,1385.92,13,1408.82,0,2,9,0.176818,1,1.56456e-13,7.66781e-14,9.84346e-14,1.22395e-13,1.36501e-13,1,2.3012e-13
14908,0,12,1385.92,13,1408.82,0,2,0,0.17673,1,1.43615e-14,7.03745e-15,9.03469e-15,1.12342e-14,1.25293e-14,1,2.11247e-14
14909,0,12,1385.92,13,1408.82,0,2,0,0.176641,1,4.81477e-14,2.35901e-14,3.02865e-14,3.76613e-14,4.20037e-14,1,7.08266e-14
14910,0,12,1385.92,13,1408.82,0,2,0,0.176553,1,1.57615e-13,7.7213e-14,9.91361e-14,1.2328e-13,1.37497e-13,1,2.31872e-13
14911,0,12,1385.92,13,1408.82,0,2,0,0.176465,1,5.04047e-13,2.46889e-13,3.17004e-13,3.94222e-13,4.39695e-13,1,7.4157e-13
14912,0,12,1385.92,13,1408.82,0,2,0,0.176376,1,1.57542e-12,7.71551e-13,9.90717e-13,1.23209e-12,1.37424e-12,1,2.31797e-12
14913,0,12,1385.92,13,1408.82,0,2,9,0.176288,1,4.81471e-12,2.35763e-12,3.02749e-12,3.76522e-12,4.19972e-12,1,7.08453e-12
14914,0,12,1385.92,13,1408.73,0,2,13,0.1762,1,4.11485e-13,2.01464e-13,2.58718e-13,3.21773e-13,3.58913e-13,1,6.05515e-13
14915,0,12,1385.92,13,1408.73,0,2,0,0.176112,1,7.59888e-15,3.71991e-15,4.77729e-15,5.94183e-15,6.6278e-15,1,1.11828e-14
14916,0,12,1385.92,13,1408.73,0,2,0,0.176024,1,2.58198e-14,1.26379e-14,1.6231e-14,2.01883e-14,2.25195e-14,1,3.80001e-14
14917,0,12,1385.92,13,1408.73,0,2,0,0.175936,1,8.5642e-14,4.19127e-14,5.38318e-14,6.69589e-14,7.46924e-14,1,1.26052e-13
14918,0,12,1385.92,13,1408.73,0,2,0,0.175848,1,2.77433e-13,1.35755e-13,1.74369e-13,2.16898e-13,2.41954e-13,1,4.08368e-13
14919,0,12,1385.92,13,1408.73,0,2,0,0.17576,1,8.78155e-13,4.29641e-13,5.51877e-13,6.86505e-13,7.65828e-13,1,1.29269e-12
14920,0,12,1385.92,13,1408.73,0,2,0,0.175672,1,2.71721e-12,1.32922e-12,1.70748e-12,2.12409e-12,2.36957e-12,1,4.00017e-12
14921,0,12,1385.92,13,1408.73,0,2,0,0.175584,1,8.22266e-12,4.02182e-12,5.16657e-12,6.42741e-12,7.17039e-12,1,1.21059e-11
14922,0,12,1385.92,13,1408.73,0,2,0,0.175496,1,2.4346e-11,1.19063e-11,1.5296e-11,1.90295e-11,2.12297e-11,1,3.58462e-11
14923,0,12,1385.92,13,1408.73,0,2,0,0.175409,1,7.05598e-11,3.45019e-11,4.43268e-11,5.51484e-11,6.15259e-11,1,1.03897e-10
14924,0,12,1385.92,13,1408.73,0,2,0,0.175321,1,2.00256e-10,9.79059e-11,1.25792e-10,1.56508e-10,1.74611e-10,1,2.94892e-10
14925,0,12,1385.92,13,1408.73,0,2,0,0.175233,1,5.56791e-10,2.72178e-10,3.4972e-10,4.3513e-10,4.85471e-10,1,8.19974e-10
14926,0,12,1385.92,13,1408.73,0,2,0,0.175146,1,1.51724e-09,7.41572e-10,9.52889e-10,1.18565e-09,1.32285e-09,1,2.23457e-09
14927,0,12,1385.92,13,1408.73,0,2,0,0.175058,1,4.05363e-09,1.98099e-09,2.54561e-09,3.16755e-09,3.53417e-09,1,5.97056e-09
14928,0,12,1385.92,13,1408.73,0,2,9,0.174971,1,1.06227e-08,5.19049e-09,6.67023e-09,8.30021e-09,9.26108e-09,1,1.56471e-08
14929,0,12,1385.92,13,1408.73,0,2,9,0.174883,1,7.72532e-10,3.77424e-10,4.85047e-10,6.03598e-10,6.73489e-10,1,1.13802e-09
14930,0,12,1385.92,13,1408.73,0,2,9,0.174796,1,5.91403e-11,2.88891e-11,3.71287e-11,4.62052e-11,5.15564e-11,1,8.71259e-11
14931,0,12,1385.92,13,1408.73,0,2,9,0.174708,1,4.76094e-12,2.32531e-12,2.98868e-12,3.71943e-12,4.15028e-12,1,7.01436e-12
14932,0,12,1385.92,13,1409.38,0,2,9,0.174621,1,4.02635e-13,1.96625e-13,2.52731e-13,3.14537e-13,3.5098e-13,1,5.93251e-13
14933,0,12,1385.92,13,1409.38,0,2,0,0.174534,1,3.57369e-14,1.74494e-14,2.24296e-14,2.7916e-14,3.11511e-14,1,5.26593e-14
14934,0,12,1385.92,13,1409.38,0,2,0,0.174446,1,1.18008e-13,5.76121e-14,7.40589e-14,9.21776e-14,1.02862e-13,1,1.73901e-13
14935,0,12,1385.92,13,1409.38,0,2,0,0.174359,1,3.80613e-13,1.8579e-13,2.38841e-13,2.97285e-13,3.31751e-13,1,5.60925e-13
14936,0,12,1385.92,13,1409.38,0,2,0,0.174272,1,1.19959e-12,5.85479e-13,7.52694e-13,9.36915e-13,1.04556e-12,1,1.76802e-12
14937,0,12,1385.92,13,1409.38,0,2,0,0.174185,1,3.69626e-12,1.80375e-12,2.31903e-12,2.88672e-12,3.22153e-12,1,5.44812e-12
14938,0,12,1385.92,13,1409.38,0,2,0,0.174098,1,1.11394e-11,5.43518e-12,6.98819e-12,8.69922e-12,9.70841e-12,1,1.64202e-11
14939,0,12,1385.92,13,1408.53,0,2,13,0.174011,1,3.28491e-11,1.60256e-11,2.06056e-11,2.56519e-11,2.86283e-11,1,4.84252e-11
14940,0,12,1385.92,13,1407.88,0,2,13,0.173924,1,5.43662e-13,2.65189e-13,3.40997e-13,4.24522e-13,4.73792e-13,1,8.01508e-13
14941,0,12,1385.92,13,1407.88,0,2,0,0.173837,1,9.75014e-15,4.75527e-15,6.11494e-15,7.61305e-15,8.4968e-15,1,1.43755e-14
14942,0,12,1385.92,13,1407.88,0,2,0,0.17375,1,3.3066e-14,1.61244e-14,2.07359e-14,2.5817e-14,2.88146e-14,1,4.87556e-14
14943,0,12,1385.92,13,1407.88,0,2,0,0.173663,1,1.09471e-13,5.33753e-14,6.86437e-14,8.54676e-14,9.53932e-14,1,1.61427e-13
14944,0,12,1385.92,13,1407.88,0,2,9,0.173576,1,3.53975e-13,1.72564e-13,2.21938e-13,2.76345e-13,3.08444e-13,1,5.22011e-13
14945,0,12,1385.92,13,1407.88,0,2,0,0.173489,1,3.12729e-14,1.52435e-14,1.96059e-14,2.44131e-14,2.72495e-14,1,4.61219e-14
14946,0,12,1385.92,13,1407.88,0,2,0,0.173403,1,1.03686e-13,5.05325e-14,6.49975e-14,8.09374e-14,9.03429e-14,1,1.52929e-13
14947,0,12,1385.92,13,1407.88,0,2,0,0.173316,1,3.35745e-13,1.63606e-13,2.10449e-13,2.6207e-13,2.92531e-13,1,4.95236e-13
14948,0,12,1385.92,13,1407.88,0,2,0,0.173229,1,1.0623e-12,5.17576e-13,6.65799e-13,8.29146e-13,9.25538e-13,1,1.56704e-12
14949,0,12,1385.92,13,1407.88,0,2,9,0.173143,1,3.28569e-12,1.60063e-12,2.05913e-12,2.56441e-12,2.8626e-12,1,4.84722e-12
14950,0,12,1385.92,13,1407.88,0,2,0,0.173056,1,2.76922e-13,1.34884e-13,1.73529e-13,2.1612e-13,2.41256e-13,1,4.0856e-13
14951,0,12,1385.92,13,1407.88,0,2,0,0.172969,1,8.79836e-13,4.28492e-13,5.51287e-13,6.86622e-13,7.66495e-13,1,1.29817e-12
14952,0,12,1385.92,13,1407.88,0,2,0,0.172883,1,2.73247e-12,1.33056e-12,1.71195e-12,2.1323e-12,2.3804e-12,1,4.03198e-12
14953,0,12,1385.92,13,1407.88,0,2,0,0.172797,1,8.29874e-12,4.04043e-12,5.19884e-12,6.47562e-12,7.22924e-12,1,1.22464e-11
14954,0,12,1385.92,13,1407.88,0,2,0,0.17271,1,2.46584e-11,1.20038e-11,1.54461e-11,1.92403e-11,2.14799e-11,1,3.6391e-11
14955,0,12,1385.92,13,1407.88,0,2,0,0.172624,1,7.17139e-11,3.49055e-11,4.49176e-11,5.59534e-11,6.24679e-11,1,1.05843e-10
14956,0,12,1385.92,13,1407.88,0,2,0,0.172537,1,2.04225e-10,9.93889e-11,1.27904e-10,1.59335e-10,1.77889e-10,1,3.01441e-10
14957,0,12,1385.92,13,1407.88,0,2,0,0.172451,1,5.69726e-10,2.77225e-10,3.56778e-10,4.44471e-10,4.96242e-10,1,8.40991e-10
14958,0,12,1385.92,13,1407.88,0,2,9,0.172365,1,1.55758e-09,7.57796e-10,9.75306e-10,1.21508e-09,1.35663e-09,1,2.29936e-09
14959,0,12,1385.92,13,1407.88,0,2,9,0.172279,1,1.15569e-10,5.6219e-11,7.23592e-11,9.01519e-11,1.00657e-10,1,1.70621e-10
14960,0,12,1385.92,13,1407.88,0,2,0,0.172193,1,9.02291e-12,4.38858e-12,5.6488e-12,7.0381e-12,7.85839e-12,1,1.3322e-11
14961,0,12,1385.92,13,1407.88,0,2,9,0.172107,1,2.67877e-11,1.30272e-11,1.67689e-11,2.0894e-11,2.33297e-11,1,3.9554e-11
14962,0,12,1385.92,13,1407.88,0,2,0,0.172021,1,2.15026e-12,1.04555e-12,1.34592e-12,1.67708e-12,1.87263e-12,1,3.17526e-12
14963,0,12,1385.92,13,1405.17,0,2,13,0.171935,1,6.56926e-12,3.19379e-12,4.11154e-12,5.12338e-12,5.72089e-12,1,9.70146e-12
14964,0,12,1385.92,13,1405.17,0,2,0,0.171849,1,1.09798e-13,5.3373e-14,6.87134e-14,8.56272e-14,9.56155e-14,1,1.62161e-13
14965,0,12,1385.92,13,1405.17,0,2,0,0.171763,1,3.55882e-13,1.7297e-13,2.22696e-13,2.77524e-13,3.09904e-13,1,5.25644e-13
14966,0,12,1385.92,13,1405.17,0,2,0,0.171677,1,1.12708e-12,5.47717e-13,7.05213e-13,8.78874e-13,9.81436e-13,1,1.66484e-12
14967,0,12,1385.92,13,1405.17,0,2,0,0.171591,1,3.48931e-12,1.69542e-12,2.18305e-12,2.72075e-12,3.03832e-12,1,5.15455e-12
14968,0,12,1385.92,13,1405.17,0,2,9,0.171505,1,1.05647e-11,5.13253e-12,6.60906e-12,8.23724e-12,9.19891e-12,1,1.56077e-11
14969,0,12,1385.92,13,1405.17,0,2,9,0.171419,1,8.60171e-13,4.17829e-13,5.38057e-13,6.70638e-13,7.4895e-13,1,1.27087e-12
14970,0,12,1385.92,13,1405.17,0,2,0,0.171334,1,7.35571e-14,3.57253e-14,4.60074e-14,5.73463e-14,6.40442e-14,1,1.08686e-13
14971,0,12,1385.92,13,1405.17,0,2,9,0.171248,1,2.40484e-13,1.16782e-13,1.504e-13,1.87476e-13,2.09377e-13,1,3.55361e-13
14972,0,12,1385.92,13,1405.17,0,2,0,0.171162,1,2.10652e-14,1.0228e-14,1.31731e-14,1.6421e-14,1.83398e-14,1,3.11301e-14
14973,0,12,1385.92,13,1405.17,0,2,0,0.171077,1,7.06129e-14,3.42805e-14,4.41534e-14,5.50424e-14,6.14752e-14,1,1.0436e-13
14974,0,12,1385.92,13,1405.17,0,2,0,0.170991,1,2.31127e-13,1.12189e-13,1.44507e-13,1.80153e-13,2.01212e-13,1,3.41611e-13
14975,0,12,1385.92,13,1405.17,0,2,0,0.170906,1,7.39042e-13,3.58679e-13,4.62028e-13,5.76019e-13,6.43367e-13,1,1.0924e-12
14976,0,12,1385.92,13,1405.17,0,2,9,0.17082,1,2.30963e-12,1.12077e-12,1.44378e-12,1.80006e-12,2.01057e-12,1,3.4142e-12
14977,0,12,1385.92,13,1405.17,0,2,0,0.170735,1,1.92866e-13,9.35765e-14,1.20551e-13,1.50306e-13,1.67888e-13,1,2.85125e-13
14978,0,12,1385.92,13,1405.17,0,2,0,0.17065,1,6.19132e-13,3.00353e-13,3.86954e-13,4.82484e-13,5.38932e-13,1,9.1537e-13
14979,0,12,1385.92,13,1405.17,0,2,0,0.170564,1,1.94237e-12,9.42144e-13,1.21385e-12,1.51359e-12,1.69071e-12,1,2.87195e-12
14980,0,12,1385.92,13,1405.17,0,2,9,0.170479,1,5.95795e-12,2.88948e-12,3.72298e-12,4.64249e-12,5.18586e-12,1,8.81e-12
14981,0,12,1385.92,13,1405.17,0,2,9,0.170394,1,4.87094e-13,2.36196e-13,3.04345e-13,3.79528e-13,4.23959e-13,1,7.20319e-13
14982,0,12,1385.92,13,1405.17,0,2,0,0.170308,1,4.18218e-14,2.02768e-14,2.61286e-14,3.25846e-14,3.64e-14,1,6.18512e-14
14983,0,12,1385.92,13,1405.17,0,2,9,0.170223,1,1.38463e-13,6.71223e-14,8.64977e-14,1.07875e-13,1.20509e-13,1,2.04791e-13
14984,0,12,1385.92,13,1405.17,0,2,9,0.170138,1,1.21736e-14,5.9005e-15,7.60411e-15,9.48378e-15,1.05947e-14,1,1.80065e-14
14985,0,12,1385.92,13,1405.17,0,2,9,0.170053,1,1.12241e-15,5.43951e-16,7.01038e-16,8.74366e-16,9.76813e-16,1,1.66034e-15
14986,0,12,1385.92,13,1405.17,0,2,0,0.169968,1,1.08424e-16,5.25376e-17,6.77134e-17,8.44587e-17,9.43566e-17,1,1.604e-16
14987,0,12,1385.92,13,1405.17,0,2,0,0.169883,1,4.0409e-16,1.95776e-16,2.5234e-16,3.14756e-16,3.51651e-16,1,5.97846e-16
14988,0,12,1385.92,13,1405.17,0,2,0,0.169798,1,1.46746e-15,7.10863e-16,9.16292e-16,1.14299e-15,1.27699e-15,1,2.17126e-15
14989,0,12,1385.92,13,1405.17,0,2,0,0.169713,1,5.19534e-15,2.51635e-15,3.2437e-15,4.04637e-15,4.52088e-15,1,7.68762e-15
14990,0,12,1385.92,13,1405.17,0,2,0,0.169628,1,1.79407e-14,8.68826e-15,1.12002e-14,1.39723e-14,1.56112e-14,1,2.65491e-14
14991,0,12,1385.92,13,1405.17,0,2,0,0.169544,1,6.04584e-14,2.92743e-14,3.774e-14,4.7083e-14,5.26065e-14,1,8.94749e-14
14992,0,12,1385.92,13,1405.17,0,2,0,0.169459,1,1.98919e-13,9.63039e-14,1.2416e-13,1.54903e-13,1.7308e-13,1,2.94411e-13
14993,0,12,1385.92,13,1405.17,0,2,9,0.169374,1,6.39299e-13,3.09463e-13,3.98994e-13,4.97813e-13,5.56239e-13,1,9.46271e-13
14994,0,12,1385.92,13,1405.17,0,2,0,0.169289,1,5.4201e-14,2.62331e-14,3.38243e-14,4.22034e-14,4.71577e-14,1,8.02329e-14
14995,0,12,1385.92,13,1405.17,0,2,0,0.169205,1,1.7878e-13,8.65164e-14,1.11558e-13,1.39199e-13,1.55544e-13,1,2.64666e-13
14996,0,12,1385.92,13,1405.17,0,2,0,0.16912,1,5.75995e-13,2.78698e-13,3.59384e-13,4.4845e-13,5.01116e-13,1,8.52768e-13
14997,0,12,1385.92,13,1405.17,0,2,0,0.169036,1,1.81346e-12,8.77323e-13,1.13137e-12,1.41182e-12,1.57766e-12,1,2.68505e-12
14998,0,12,1385.92,13,1405.17,0,2,9,0.168951,1,5.5819e-12,2.70005e-12,3.48209e-12,4.34543e-12,4.85597e-12,1,8.26534e-12
14999,0,12,1385.92,13,1405.17,0,2,0,0.168867,1,4.51996e-13,2.18605e-13,2.81937e-13,3.51854e-13,3.93202e-13,1,6.6934e-13
15000,0,12,1385.92,13,1405.17,0,2,9,0.168782,1,1.43041e-12,6.9171e-13,8.92148e-13,1.11344e-12,1.24431e-12,1,2.11839e-12
15001,0,12,1385.92,13,1405.17,0,2,0,0.168698,1,1.1885e-13,5.74642e-14,7.41195e-14,9.25084e-14,1.03384e-13,1,1.76026e-13
15002,0,12,1385.92,13,1405.17,0,2,0,0.168613,1,3.86292e-13,1.86746e-13,2.40885e-13,3.00661e-13,3.36015e-13,1,5.72174e-13
15003,0,12,1385.92,13,1405.17,0,2,9,0.168529,1,1.22672e-12,5.92953e-13,7.64891e-13,9.5474e-13,1.06703e-12,1,1.81716e-12
15004,0,12,1385.92,13,1405.17,0,2,0,0.168445,1,1.02051e-13,4.93203e-14,6.36249e-14,7.94203e-14,8.87632e-14,1,1.5118e-13
15005,0,12,1385.92,13,1405.17,0,2,9,0.168361,1,3.32811e-13,1.60822e-13,2.07476e-13,2.58995e-13,2.89469e-13,1,4.93073e-13
15006,0,12,1385.92,13,1405.17,0,2,0,0.168276,1,2.83766e-14,1.37102e-14,1.76884e-14,2.20816e-14,2.46804e-14,1,4.20443e-14
15007,0,12,1385.92,13,1405.17,0,2,9,0.168192,1,9.49407e-14,4.58642e-14,5.91754e-14,7.38757e-14,8.25719e-14,1,1.4068e-13
15008,0,12,1385.92,13,1405.17,0,2,9,0.168108,1,8.2885e-15,4.00344e-15,5.16564e-15,6.44916e-15,7.20847e-15,1,1.22826e-14
15009,0,12,1385.92,13,1405.17,0,2,0,0.168024,1,7.58941e-16,3.66524e-16,4.7295e-16,5.90491e-16,6.60029e-16,1,1.12475e-15
15010,0,12,1385.92,13,1405.17,0,2,9,0.16794,1,2.72899e-15,1.31775e-15,1.70046e-15,2.12317e-15,2.37325e-15,1,4.04467e-15
15011,0,12,1385.92,13,1405.17,0,2,0,0.167856,1,2.5513e-16,1.23177e-16,1.58959e-16,1.98482e-16,2.21866e-16,1,3.78161e-16
15012,0,12,1385.92,13,1405.17,0,2,0,0.167772,1,9.37634e-16,4.52625e-16,5.8414e-16,7.29409e-16,8.15361e-16,1,1.3899e-15
15013,0,12,1385.92,13,1405.17,0,2,0,0.167688,1,3.35863e-15,1.62108e-15,2.0922e-15,2.61263e-15,2.92056e-15,1,4.97903e-15
15014,1,12,1385.92,13,1405.17,0,2,0,0.167605,1,1.17319e-14,5.66169e-15,7.3075e-15,9.1256e-15,1.02014e-14,1,1.73934e-14
15015,1,12,1385.92,13,1405.17,0,3,0,0.167521,0.999444,0.00021856,0.000113844,0.000223564,4.89175e-05,6.10847e-05,3.08776e-05,0.999859
15016,1,12,1385.92,13,1405.17,0,3,0,0.167437,0.998997,0.000394499,0.00020546,0.000403532,9.01219e-05,0.000112543,5.68814e-05,0.99974
15017,1,12,1385.92,13,1405.17,0,3,0,0.167353,0.99821,0.000703602,0.000366396,0.000719716,0.000164034,0.000204853,0.000103523,0.999528
15018,1,12,1385.92,13,1405.17,0,3,0,0.16727,0.996846,0.00123997,0.00064562,0.00126837,0.00029502,0.00036845,0.000186171,0.99915
15019,1,12,1385.92,13,1405.17,0,3,0,0.167186,0.994509,0.00215883,0.0011239,0.00220829,0.00052436,0.0006549,0.000330864,0.99849
15020,1,12,1385.92,13,1405.17,0,3,0,0.167102,0.99056,0.00371165,0.00193206,0.00379671,0.000921045,0.00115039,0.000581113,0.997347
15021,1,12,1385.92,13,1405.17,0,3,0,0.167019,0.983986,0.0062964,0.0032771,0.00644073,0.00159868,0.00199685,0.00100856,0.995396
15022,1,12,1385.92,13,1405.17,0,3,0,0.166935,0.973234,0.0105238,0.00547663,0.0107651,0.00274112,0.00342399,0.00172913,0.992106
15023,1,12,1385.92,13,1405.17,0,3,0,0.166852,0.956026,0.0172903,0.00899675,0.0176868,0.00463986,0.00579599,0.00292661,0.986638
15024,1,12,1385.92,13,1405.17,0,3,0,0.166768,0.929233,0.0278257,0.0144768,0.028464,0.00774443,0.00967458,0.00488438,0.977697
15025,1,12,1385.92,13,1405.17,0,3,0,0.166685,0.889009,0.0436433,0.0227032,0.0446445,0.0127223,0.0158937,0.00802314,0.963361
15026,1,12,1385.92,13,1405.17,0,3,9,0.166602,0.831465,0.0662721,0.0344702,0.0677927,0.0205099,0.0256239,0.0129331,0.940933
15027,1,12,1385.92,13,1405.17,3,3,0,0.166518,0.991482,0.00334959,0.001742,0.00342646,0.000936409,0.00116995,0.000590426,0.997303
15028,1,12,1385.92,13,1405.17,0,3,0,0.166435,0.991396,0.00334549,0.00173964,0.00351923,0.0016257,0.00203123,0.00102494,0.995318
15029,1,12,1385.92,13,1405.17,0,3,0,0.166352,0.985356,0.00569402,0.00296048,0.00598979,0.00278799,0.00348361,0.00175756,0.991971
15030,1,12,1385.92,13,1405.17,0,3,0,0.166269,0.975437,0.00955101,0.00496519,0.0100472,0.00471988,0.00589778,0.00297516,0.986407
15031,1,12,1385.92,13,1405.17,0,3,0,0.166186,0.959482,0.0157548,0.00818921,0.0165735,0.0078786,0.00984524,0.00496579,0.97731
15032,1,12,1385.92,13,1405.17,0,3,0,0.166102,0.934493,0.0254723,0.0132385,0.0267962,0.0129423,0.0161737,0.00815662,0.962727
15033,1,12,1385.92,13,1405.17,0,3,0,0.166019,0.896691,0.0401725,0.0208758,0.0422609,0.0208607,0.0260703,0.0131459,0.939923
15034,1,12,1385.92,13,1405.17,0,3,0,0.165936,0.842092,0.0614048,0.0319052,0.0645977,0.0328496,0.041055,0.020699,0.905396
15035,1,12,1385.92,13,1405.17,0,3,0,0.165853,0.767872,0.0902685,0.0468962,0.0949632,0.0502429,0.0627957,0.0316558,0.855305
15036,1,12,1385.92,13,1405.17,1,3,0,0.165771,0.674402,0.126619,0.0657726,0.133206,0.0741059,0.0926248,0.0466865,0.786583
15037,1,12,1385.92,13,1405.17,3,3,0,0.165688,0.696821,0.0976617,0.0679275,0.137589,0.104606,0.130752,0.0658953,0.698746
15038,1,12,1385.92,13,1405.17,0,3,0,0.165605,0.722451,0.101214,0.0703931,0.105942,0.14041,0.175514,0.0884415,0.595635
15039,1,12,1385.92,13,1405.17,3,3,0,0.165522,0.621879,0.137891,0.0958948,0.144334,0.178635,0.223305,0.112508,0.485553
15040,1,12,1385.92,13,1405.17,2,0,0,0.165439,0.646431,0.143292,0.0996434,0.110634,0.215666,0.269609,0.135819,0.378907
15041,1,12,1385.92,13,1405.17,1,1,0,0.165357,0.661779,0.14665,0.0783509,0.113221,0.159396,0.288948,0.145541,0.406114
15042,1,12,1385.92,13,1405.17,0,3,0,0.165274,0.687993,0.112923,0.0814198,0.117664,0.175932,0.215099,0.160638,0.448331
15043,1,12,1385.92,13,1405.17,2,2,0,0.165191,0.584296,0.150456,0.108475,0.156774,0.208469,0.254889,0.190343,0.346298
15044,1,12,1385.92,13,1405.17,0,1,0,0.165109,0.599926,0.154439,0.0847098,0.160925,0.221181,0.270442,0.140925,0.367452
15045,1,12,1385.92,13,1405.17,0,1,0,0.165026,0.490899,0.19653,0.107784,0.204786,0.242293,0.20078,0.154362,0.402566
15046,1,12,1385.92,13,1405.17,3,3,0,0.164944,0.38478,0.237501,0.130238,0.24748,0.257567,0.150367,0.164078,0.427987
15047,1,12,1385.92,13,1405.17,0,3,0,0.164861,0.417499,0.257672,0.141282,0.183546,0.301866,0.17621,0.19228,0.329644
15048,1,12,1385.92,13,1405.17,3,3,0,0.164779,0.319186,0.301177,0.165116,0.214521,0.339653,0.198246,0.21633,0.245771
15049,1,12,1385.92,13,1405.17,2,1,9,0.164696,0.34223,0.322917,0.177014,0.157839,0.368121,0.214839,0.234441,0.182599
15050,1,12,1385.92,13,1405.17,1,1,0,0.164614,0.0607485,0.0573196,0.853919,0.0280133,0.0558581,0.880868,0.0355705,0.0277034
15051,1,12,1385.92,13,1405.17,2,1,9,0.164532,0.0613559,0.0474421,0.862913,0.0282891,0.083047,0.822891,0.0528796,0.0411823
15052,1,12,1385.92,13,1405.17,2,1,0,0.164449,0.00292151,0.00225888,0.993473,0.0013468,0.00408309,0.991293,0.00259965,0.00202449
15053,1,12,1385.92,13,1405.17,2,1,0,0.164367,0.00495059,0.00382754,0.98894,0.00228184,0.00682051,0.985456,0.00434213,0.00338128
15054,1,12,1385.92,13,1405.17,2,1,0,0.164285,0.00827709,0.00639909,0.981509,0.00381451,0.011236,0.976042,0.00715251,0.00556949
15055,1,12,1385.92,13,1405.17,2,1,0,0.164203,0.0136332,0.0105394,0.969545,0.00628191,0.0182205,0.961152,0.0115976,0.0090303
15056,1,12,1385.92,13,1405.17,2,1,0,0.164121,0.0220679,0.0170592,0.950706,0.0101669,0.0290013,0.938169,0.0184581,0.0143714
15057,1,12,1385.92,13,1405.17,2,1,0,0.164039,0.0349782,0.0270377,0.921872,0.0161122,0.0451242,0.903801,0.0287169,0.0223578
15058,1,12,1385.92,13,1405.17,2,1,0,0.163957,0.0540148,0.0417507,0.879357,0.0248773,0.0682583,0.854491,0.0434355,0.0338155
15059,1,12,1385.92,13,1405.17,2,1,0,0.163875,0.0807421,0.0624063,0.81967,0.0371812,0.0997175,0.78744,0.0634485,0.0493935
15060,1,12,1385.92,13,1405.17,2,1,0,0.163793,0.115975,0.0896333,0.740995,0.0533974,0.139703,0.702223,0.0888829,0.0691902
15061,1,12,1385.92,13,1405.17,2,1,0,0.163711,0.158953,0.122844,0.645029,0.0731743,0.186588,0.602314,0.118701,0.0923974
15062,1,12,1385.92,13,1405.17,0,0,0,0.163629,0.206892,0.159884,0.537996,0.0952281,0.236833,0.495252,0.150652,0.117262
15063,1,12,1385.92,13,1405.17,2,0,0,0.163547,0.156465,0.170024,0.572255,0.101257,0.17914,0.532741,0.162017,0.126102
15064,1,12,1385.92,13,1405.17,2,1,0,0.163465,0.196157,0.213159,0.463752,0.126933,0.137147,0.560045,0.17028,0.132527
15065,1,12,1385.92,13,1405.17,2,1,0,0.163384,0.233912,0.254191,0.360546,0.151351,0.17019,0.454041,0.211314,0.164455
15066,1,12,1385.92,13,1405.17,1,3,0,0.163302,0.266874,0.290015,0.270448,0.172663,0.201387,0.353954,0.25006,0.194599
15067,1,12,1385.92,13,1405.17,2,0,0,0.16322,0.295884,0.212851,0.299848,0.191416,0.213636,0.375526,0.265282,0.145555
15068,1,12,1385.92,13,1405.17,3,1,0,0.163139,0.329173,0.236783,0.221111,0.212933,0.160283,0.401028,0.283278,0.155411
15069,1,12,1385.92,13,1405.17,0,1,0,0.163057,0.352256,0.25337,0.236597,0.157778,0.185224,0.307789,0.327395,0.179592
15070,1,12,1385.92,13,1405.17,3,2,0,0.162976,0.264993,0.287511,0.268474,0.179021,0.205956,0.230267,0.364083,0.199693
15071,1,12,1385.92,13,1405.17,0,1,0,0.162894,0.280055,0.303858,0.283734,0.132353,0.234212,0.261864,0.276836,0.227088
15072,1,12,1385.92,13,1405.17,2,2,9,0.162813,0.207393,0.334537,0.312378,0.145692,0.2558,0.193818,0.302363,0.248019
15073,1,12,1385.92,13,1405.17,2,2,0,0.162731,0.0232457,0.0375003,0.922925,0.0163288,0.0294265,0.022295,0.919747,0.0285312
15074,1,12,1385.92,13,1405.17,2,2,0,0.16265,0.0354927,0.0572627,0.882315,0.0249297,0.0445128,0.0337232,0.878606,0.0431581
15075,1,12,1385.92,13,1405.17,2,1,9,0.162569,0.0525637,0.0848126,0.825706,0.0369177,0.0653379,0.0494977,0.821815,0.0633491
15076,1,12,1385.92,13,1405.17,2,1,9,0.162487,0.00251753,0.00406249,0.991652,0.00176804,0.0250581,0.635308,0.315338,0.0242952
15077,1,12,1385.92,13,1405.17,2,1,9,0.162406,0.000107806,0.000173981,0.999643,7.57059e-05,0.00154528,0.9775,0.0194561,0.00149822
15078,1,12,1385.92,13,1405.17,2,1,0,0.162325,4.87366e-06,7.86602e-06,0.999984,3.42225e-06,6.74174e-05,0.999018,0.000849261,6.53641e-05
15079,1,12,1385.92,13,1405.17,2,1,0,0.162244,9.22353e-06,1.48881e-05,0.999969,6.47624e-06,0.000120564,0.998243,0.00151952,0.000116891
15080,1,12,1385.92,13,1405.17,2,1,0,0.162163,1.72378e-05,2.78269e-05,0.999943,1.21025e-05,0.00021303,0.996894,0.00268627,0.000206539
15081,1,12,1385.92,13,1405.17,2,1,0,0.162081,3.18209e-05,5.13732e-05,0.999894,2.23397e-05,0.000371849,0.994576,0.00469134,0.000360518
15082,1,12,1385.92,13,1405.17,2,1,0,0.162,5.80347e-05,9.3703e-05,0.999808,4.074e-05,0.000640926,0.990648,0.00809018,0.000621391
15083,1,12,1385.92,13,1405.17,2,1,9,0.161919,0.000104592,0.000168891,0.999653,7.34179e-05,0.00108994,0.984089,0.0137648,0.00105671
15084,1,12,1385.92,13,1405.17,2,1,0,0.161838,4.71258e-06,7.6104e-06,0.999984,3.30773e-06,4.7394e-05,0.999308,0.000598845,4.59489e-05
15085,1,12,1385.92,13,1405.17,2,1,0,0.161758,8.92886e-06,1.44207e-05,0.99997,6.26668e-06,8.54088e-05,0.998752,0.00107973,8.2804e-05
15086,0,12,1385.92,13,1405.04,2,1,13,0.161677,1.67058e-05,2.69835e-05,0.999945,1.1724e-05,0.000152077,0.997777,0.00192351,0.000147438
15087,0,12,1385.92,13,1405.04,0,2,0,0.161596,1,3.43077e-13,1.63801e-13,2.12211e-13,2.44712e-13,2.74009e-13,1,4.70868e-13
15088,0,12,1385.92,13,1405.04,0,2,0,0.161515,1,1.10314e-12,5.26614e-13,6.82288e-13,7.88111e-13,8.82484e-13,1,1.51666e-12
15089,0,12,1385.92,13,1405.04,0,2,0,0.161434,1,3.46641e-12,1.65453e-12,2.14375e-12,2.48034e-12,2.77742e-12,1,4.77385e-12
15090,0,12,1385.92,13,1405.04,0,2,0,0.161354,1,1.06496e-11,5.08234e-12,6.58543e-12,7.6318e-12,8.54607e-12,1,1.46907e-11
15091,0,12,1385.92,13,1401.34,0,2,13,0.161273,1,3.20025e-11,1.52704e-11,1.97876e-11,2.29682e-11,2.57203e-11,1,4.42179e-11
15092,0,12,1385.92,13,1401.34,0,2,9,0.161192,1,4.60065e-13,2.19494e-13,2.84438e-13,3.30673e-13,3.70303e-13,1,6.36688e-13
15093,0,12,1385.92,13,1401.34,0,2,9,0.161112,1,3.69563e-14,1.7629e-14,2.28463e-14,2.66006e-14,2.97893e-14,1,5.12244e-14
15094,0,12,1385.92,13,1401.34,0,2,0,0.161031,1,3.11874e-15,1.48749e-15,1.92781e-15,2.24798e-15,2.51751e-15,1,4.32946e-15
15095,0,12,1385.92,13,1401.34,0,2,0,0.160951,1,1.10157e-14,5.25319e-15,6.80857e-15,7.95103e-15,8.90455e-15,1,1.53152e-14
15096,0,12,1385.92,13,1401.34,0,2,0,0.16087,1,3.7953e-14,1.80964e-14,2.34556e-14,2.7431e-14,3.07213e-14,1,5.28442e-14
15097,0,12,1385.92,13,1401.34,0,2,0,0.16079,1,1.27612e-13,6.08377e-14,7.88589e-14,9.23551e-14,1.03435e-13,1,1.7794e-13
15098,0,12,1385.92,13,1401.34,0,2,0,0.160709,1,4.18948e-13,1.99699e-13,2.58867e-13,3.03592e-13,3.40023e-13,1,5.85006e-13
15099,0,12,1385.92,13,1401.34,0,2,0,0.160629,1,1.34356e-12,6.40337e-13,8.30103e-13,9.74848e-13,1.09185e-12,1,1.87873e-12
15100,0,12,1385.92,13,1401.34,0,2,0,0.160549,1,4.21097e-12,2.00664e-12,2.60145e-12,3.05915e-12,3.42641e-12,1,5.89637e-12
15101,0,12,1385.92,13,1401.34,0,2,0,0.160468,1,1.29043e-11,6.14835e-12,7.97125e-12,9.38602e-12,1.05131e-11,1,1.80935e-11
15102,0,12,1385.92,13,1401.34,0,2,0,0.160388,1,3.86819e-11,1.84275e-11,2.38923e-11,2.8169e-11,3.15521e-11,1,5.43086e-11
15103,0,12,1385.92,13,1401.34,0,2,9,0.160308,1,1.13473e-10,5.40488e-11,7.00809e-11,8.27295e-11,9.26676e-11,1,1.5952e-10
15104,0,12,1385.92,13,1401.34,0,2,0,0.160228,1,8.1178e-12,3.86606e-12,5.01308e-12,5.92521e-12,6.63714e-12,1,1.14266e-11
15105,0,12,1385.92,13,1401.34,0,2,0,0.160148,1,2.45672e-11,1.16983e-11,1.51698e-11,1.79517e-11,2.01091e-11,1,3.46237e-11
15106,0,12,1385.92,13,1401.34,0,2,0,0.160068,1,7.27444e-11,3.46339e-11,4.49141e-11,5.32139e-11,5.96104e-11,1,1.02648e-10
15107,0,12,1385.92,13,1401.34,0,2,0,0.159987,1,2.10843e-10,1.00368e-10,1.30167e-10,1.54401e-10,1.72965e-10,1,2.97875e-10
15108,0,12,1385.92,13,1401.34,0,2,0,0.159907,1,5.98439e-10,2.84835e-10,3.69419e-10,4.38699e-10,4.91454e-10,1,8.4646e-10
15109,0,12,1385.92,13,1401.34,0,2,0,0.159828,1,1.66403e-09,7.91896e-10,1.02711e-09,1.2211e-09,1.36798e-09,1,2.3564e-09
15110,0,12,1385.92,13,1401.34,0,2,9,0.159748,1,4.53479e-09,2.15775e-09,2.7988e-09,3.33109e-09,3.73184e-09,1,6.42896e-09
15111,0,12,1385.92,13,1401.34,0,2,9,0.159668,1,3.00264e-10,1.42851e-10,1.85301e-10,2.20781e-10,2.47347e-10,1,4.2616e-10
15112,0,12,1385.92,13,1401.34,0,2,0,0.159588,1,2.09668e-11,9.97348e-12,1.29379e-11,1.54315e-11,1.72888e-11,1,2.97904e-11
15113,0,12,1385.92,13,1401.34,0,2,0,0.159508,1,6.23312e-11,2.96453e-11,3.84587e-11,4.5919e-11,5.14468e-11,1,8.8658e-11
15114,0,12,1385.92,13,1401.34,0,2,0,0.159428,1,1.81368e-10,8.62475e-11,1.11894e-10,1.33736e-10,1.49839e-10,1,2.58245e-10
15115,0,12,1385.92,13,1401.34,0,2,0,0.159349,1,5.16753e-10,2.45699e-10,3.18778e-10,3.81385e-10,4.27316e-10,1,7.36553e-10
15116,0,12,1385.92,13,1401.34,0,2,0,0.159269,1,1.44229e-09,6.85658e-10,8.89641e-10,1.06541e-09,1.19375e-09,1,2.05785e-09
15117,0,12,1385.92,13,1401.34,0,2,0,0.159189,1,3.94498e-09,1.87515e-09,2.43313e-09,2.91667e-09,3.26808e-09,1,5.63432e-09
15118,0,12,1385.92,13,1401.34,0,2,0,0.15911,1,1.05788e-08,5.02762e-09,6.52402e-09,7.82794e-09,8.77128e-09,1,1.51237e-08
15119,0,12,1385.92,13,1401.34,0,2,9,0.15903,1,2.78225e-08,1.32208e-08,1.71567e-08,2.06048e-08,2.30884e-08,1,3.98141e-08
15120,0,12,1385.92,13,1401.34,0,2,0,0.158951,1,1.76733e-09,8.39684e-10,1.08972e-09,1.30992e-09,1.46785e-09,1,2.53146e-09
15121,0,12,1385.92,13,1401.34,0,2,9,0.158871,1,4.81696e-09,2.28826e-09,2.96979e-09,3.57311e-09,4.00397e-09,1,6.90604e-09
15122,0,12,1385.92,13,1401.34,0,2,0,0.158792,1,3.16402e-10,1.50283e-10,1.95052e-10,2.34883e-10,2.63213e-10,1,4.54038e-10
15123,0,12,1385.92,13,1401.34,0,2,9,0.158712,1,8.92472e-10,4.23837e-10,5.50128e-10,6.63037e-10,7.43024e-10,1,1.28185e-09
15124,0,12,1385.92,13,1401.34,0,2,0,0.158633,1,6.05372e-11,2.8745e-11,3.73121e-11,4.50081e-11,5.04389e-11,1,8.70253e-11
15125,0,12,1385.92,13,1401.34,0,2,0,0.158554,1,1.76484e-10,8.37877e-11,1.08765e-10,1.31308e-10,1.47155e-10,1,2.53924e-10
15126,0,12,1385.92,13,1401.34,0,2,0,0.158474,1,5.03777e-10,2.39138e-10,3.10443e-10,3.7509e-10,4.20369e-10,1,7.25446e-10
15127,0,12,1385.92,13,1401.34,0,2,0,0.158395,1,1.40865e-09,6.68571e-10,8.67968e-10,1.04955e-09,1.17627e-09,1,2.03016e-09
15128,0,12,1385.92,13,1401.34,0,2,0,0.158316,1,3.8599e-09,1.83171e-09,2.37813e-09,2.8779e-09,3.22545e-09,1,5.56749e-09
15129,0,12,1385.92,13,1401.34,0,2,9,0.158237,1,1.03689e-08,4.91979e-09,6.38776e-09,7.73611e-09,8.67056e-09,1,1.4968e-08
15130,0,12,1385.92,13,1397.96,0,2,13,0.158158,1,6.67493e-10,3.16663e-10,4.11171e-10,4.98338e-10,5.58545e-10,1,9.64323e-10
15131,0,12,1385.92,13,1397.96,0,2,9,0.158079,1,8.70763e-12,4.13034e-12,5.36331e-12,6.50513e-12,7.29122e-12,1,1.25896e-11
15132,0,12,1385.92,13,1397.96,0,2,0,0.158,1,6.44153e-13,3.05499e-13,3.96716e-13,4.81525e-13,5.39725e-13,1,9.32035e-13
15133,0,12,1385.92,13,1397.96,0,2,0,0.157921,1,2.05668e-12,9.75265e-13,1.26653e-12,1.53838e-12,1.72436e-12,1,2.97806e-12
15134,0,12,1385.92,13,1397.96,0,2,0,0.157842,1,6.41817e-12,3.043e-12,3.95201e-12,4.80363e-12,5.38448e-12,1,9.30032e-12
15135,0,12,1385.92,13,1397.96,0,2,0,0.157763,1,1.95849e-11,9.28426e-12,1.20583e-11,1.46668e-11,1.64407e-11,1,2.84002e-11
15136,0,12,1385.92,13,1397.96,0,2,0,0.157684,1,5.84639e-11,2.77108e-11,3.59923e-11,4.38079e-11,4.91074e-11,1,8.48391e-11
15137,0,12,1385.92,13,1392.29,0,2,13,0.157605,1,1.70805e-10,8.09464e-11,1.05143e-10,1.28059e-10,1.43554e-10,1,2.48034e-10
15138,0,12,1385.92,13,1392.29,0,2,0,0.157526,1,2.27395e-12,1.07749e-12,1.39965e-12,1.70581e-12,1.91225e-12,1,3.30438e-12
15139,0,12,1385.92,13,1392.29,0,2,0,0.157447,1,7.0864e-12,3.35732e-12,4.36135e-12,5.31876e-12,5.96258e-12,1,1.03045e-11
15140,0,12,1385.92,13,1392.29,0,2,9,0.157369,1,2.15946e-11,1.02294e-11,1.32892e-11,1.62166e-11,1.818e-11,1,3.1422e-11
15141,0,12,1385.92,13,1392.29,0,2,0,0.15729,1,1.56024e-12,7.38974e-13,9.6007e-13,1.17228e-12,1.31424e-12,1,2.27175e-12
15142,0,12,1385.92,13,1392.29,0,2,0,0.157211,1,4.90042e-12,2.32063e-12,3.01511e-12,3.68377e-12,4.12996e-12,1,7.1397e-12
15143,0,12,1385.92,13,1392.29,0,2,0,0.157133,1,1.50482e-11,7.12511e-12,9.25788e-12,1.13177e-11,1.26888e-11,1,2.19383e-11
15144,0,12,1385.92,13,1392.29,0,2,0,0.157054,1,4.52e-11,2.13984e-11,2.7805e-11,3.40112e-11,3.81325e-11,1,6.59364e-11
15145,0,12,1385.92,13,1392.29,0,2,0,0.156976,1,1.32857e-10,6.28874e-11,8.172e-11,1.00017e-10,1.12139e-10,1,1.93926e-10
15146,0,12,1385.92,13,1392.29,0,2,0,0.156897,1,3.82308e-10,1.80936e-10,2.35133e-10,2.87941e-10,3.22847e-10,1,5.58369e-10
15147,0,12,1385.92,13,1392.29,0,2,0,0.156819,1,1.07746e-09,5.09858e-10,6.62613e-10,8.11875e-10,9.10316e-10,1,1.57458e-09
15148,0,12,1385.92,13,1392.29,0,2,0,0.15674,1,2.97531e-09,1.40772e-09,1.82957e-09,2.24291e-09,2.51492e-09,1,4.35056e-09
15149,0,12,1385.92,13,1392.29,0,2,9,0.156662,1,8.0534e-09,3.80975e-09,4.95168e-09,6.07361e-09,6.81035e-09,1,1.17825e-08
15150,0,12,1385.92,13,1392.29,0,2,0,0.156584,1,5.14587e-10,2.43395e-10,3.16367e-10,3.88249e-10,4.35355e-10,1,7.53284e-10
15151,0,12,1385.92,13,1392.29,0,2,0,0.156505,1,1.44246e-09,6.82168e-10,8.86733e-10,1.08877e-09,1.22089e-09,1,2.11271e-09
15152,0,12,1385.92,13,1387.51,0,2,13,0.156427,1,3.96219e-09,1.87352e-09,2.43547e-09,2.99187e-09,3.35502e-09,1,5.80639e-09
15153,0,12,1385.92,13,1386.28,0,2,13,0.156349,1,4.88605e-11,2.31002e-11,3.00305e-11,3.69094e-11,4.13904e-11,1,7.16403e-11
15154,0,12,1385.92,13,1386.28,0,2,0,0.156271,1,6.56704e-13,3.10429e-13,4.03583e-13,4.96269e-13,5.56531e-13,1,9.63375e-13
15155,0,12,1385.92,13,1386.28,0,2,0,0.156193,1,2.10155e-12,9.9327e-13,1.2914e-12,1.58873e-12,1.7817e-12,1,3.08452e-12
15156,0,12,1385.92,13,1386.28,0,2,0,0.156114,1,6.57292e-12,3.10613e-12,4.03865e-12,4.97084e-12,5.57471e-12,1,9.65214e-12
15157,0,12,1385.92,13,1386.28,0,2,0,0.156036,1,2.01012e-11,9.49771e-12,1.23497e-11,1.52072e-11,1.7055e-11,1,2.95326e-11
15158,0,12,1385.92,13,1385.64,0,2,13,0.155958,1,6.01346e-11,2.8409e-11,3.69418e-11,4.55099e-11,5.10409e-11,1,8.83925e-11
15159,0,12,1385.92,13,1385.64,0,2,0,0.15588,1,8.01077e-13,3.78391e-13,4.92068e-13,6.06465e-13,6.80187e-13,1,1.17807e-12
15160,0,12,1385.92,13,1385.64,0,2,9,0.155802,1,2.55505e-12,1.2067e-12,1.56931e-12,1.93498e-12,2.17025e-12,1,3.75925e-12
15161,0,12,1385.92,13,1385.64,0,2,0,0.155725,1,1.90187e-13,8.98084e-14,1.16801e-13,1.44079e-13,1.61601e-13,1,2.79952e-13
15162,0,12,1385.92,13,1385.64,0,2,0,0.155647,1,6.24279e-13,2.94747e-13,3.83356e-13,4.73085e-13,5.3063e-13,1,9.19347e-13
15163,0,12,1385.92,13,1385.64,0,2,0,0.155569,1,2.00173e-12,9.44958e-13,1.2291e-12,1.51741e-12,1.70203e-12,1,2.94918e-12
15164,0,12,1385.92,13,1385.64,0,2,9,0.155491,1,6.27287e-12,2.96078e-12,3.85128e-12,4.7566e-12,5.33543e-12,1,9.24597e-12
15165,0,12,1385.92,13,1385.64,0,2,0,0.155413,1,4.57547e-13,2.15929e-13,2.80888e-13,3.47054e-13,3.89296e-13,1,6.74699e-13
15166,0,12,1385.92,13,1385.35,0,2,13,0.155336,1,1.47671e-12,6.96796e-13,9.06462e-13,1.12043e-12,1.25683e-12,1,2.17848e-12
15167,0,12,1385.92,13,1385.35,0,2,0,0.155258,1,2.10086e-14,9.91159e-15,1.28947e-14,1.59445e-14,1.7886e-14,1,3.10056e-14
15168,0,12,1385.92,13,1385.35,0,2,9,0.15518,1,7.20877e-14,3.40049e-14,4.42416e-14,5.47263e-14,6.13915e-14,1,1.06434e-13
15169,0,12,1385.92,13,1385.35,0,2,0,0.155103,1,5.73001e-15,2.70253e-15,3.51627e-15,4.3512e-15,4.88125e-15,1,8.46355e-15
15170,0,12,1385.92,13,1385.35,0,2,0,0.155025,1,2.0179e-14,9.51587e-15,1.23818e-14,1.53274e-14,1.71949e-14,1,2.98174e-14
15171,0,12,1385.92,13,1385.35,0,2,0,0.154948,1,6.93215e-14,3.26853e-14,4.25314e-14,5.26683e-14,5.9087e-14,1,1.02473e-13
15172,0,12,1385.92,13,1385.35,0,2,9,0.15487,1,2.32421e-13,1.09571e-13,1.42585e-13,1.76631e-13,1.98162e-13,1,3.43704e-13
15173,0,12,1385.92,13,1385.35,0,2,0,0.154793,1,1.80058e-14,8.48722e-15,1.10451e-14,1.36871e-14,1.53559e-14,1,2.66371e-14
15174,0,12,1385.92,13,1385.35,0,2,0,0.154715,1,6.20183e-14,2.92286e-14,3.80395e-14,4.71547e-14,5.2905e-14,1,9.17821e-14
15175,0,12,1385.92,13,1385.35,0,2,0,0.154638,1,2.0847e-13,9.8235e-14,1.27855e-13,1.58544e-13,1.77883e-13,1,3.08633e-13
15176,0,12,1385.92,13,1384.11,0,2,13,0.154561,1,6.84216e-13,3.22367e-13,4.19588e-13,5.20476e-13,5.83973e-13,1,1.01333e-12
15177,0,12,1385.92,13,1384.11,0,2,0,0.154483,1,9.78917e-15,4.61145e-15,6.00252e-15,7.4482e-15,8.35705e-15,1,1.4503e-14
15178,0,12,1385.92,13,1384.11,0,2,0,0.154406,1,3.41434e-14,1.60818e-14,2.0934e-14,2.59841e-14,2.91554e-14,1,5.06025e-14
15179,0,12,1385.92,13,1384.11,0,2,9,0.154329,1,1.16192e-13,5.47189e-14,7.12326e-14,8.84443e-14,9.92412e-14,1,1.72263e-13
15180,0,12,1385.92,13,1384.11,0,2,9,0.154252,1,9.08593e-15,4.27824e-15,5.56967e-15,6.91757e-15,7.76221e-15,1,1.34752e-14
15181,0,12,1385.92,13,1384.11,0,2,9,0.154175,1,7.46808e-16,3.51592e-16,4.57748e-16,5.68698e-16,6.38151e-16,1,1.10795e-15
15182,0,12,1385.92,13,1384.11,0,2,0,0.154098,1,6.44564e-17,3.03411e-17,3.9504e-17,4.90936e-17,5.50905e-17,1,9.5658e-17
15183,0,12,1385.92,13,1384.11,0,2,9,0.154021,1,2.48482e-16,1.16948e-16,1.52274e-16,1.89294e-16,2.12422e-16,1,3.68886e-16
15184,0,12,1385.92,13,1384.11,0,2,9,0.153944,1,2.18913e-17,1.03016e-17,1.34141e-17,1.668e-17,1.87184e-17,1,3.25093e-17
15185,0,12,1385.92,13,1384.11,0,2,0,0.153867,1,2.02241e-18,9.51561e-19,1.23913e-18,1.54125e-18,1.72964e-18,1,3.0043e-18
15186,0,12,1385.92,13,1384.11,0,2,9,0.15379,1,8.35274e-18,3.92945e-18,5.11722e-18,6.36665e-18,7.14502e-18,1,1.24119e-17
15187,0,12,1385.92,13,1384.11,0,2,9,0.153713,1,7.85538e-19,3.69492e-19,4.81204e-19,5.9886e-19,6.7209e-19,1,1.16765e-18
15188,0,12,1385.92,13,1384.11,0,2,0,0.153636,1,7.73685e-20,3.63861e-20,4.73897e-20,5.89924e-20,6.62077e-20,1,1.15038e-19
15189,0,12,1385.92,13,1384.11,0,2,0,0.153559,1,3.40999e-19,1.60346e-19,2.08848e-19,2.6005e-19,2.91863e-19,1,5.07176e-19
15190,0,12,1385.92,13,1384.11,0,2,0,0.153482,1,1.45961e-18,6.86242e-19,8.93864e-19,1.1133e-18,1.24952e-18,1,2.17156e-18
15191,0,12,1385.92,13,1384.11,0,2,0,0.153406,1,6.07111e-18,2.85393e-18,3.71758e-18,4.63138e-18,5.1982e-18,1,9.03501e-18
15192,0,12,1385.92,13,1384.11,0,2,0,0.153329,1,2.45524e-17,1.15399e-17,1.50329e-17,1.87328e-17,2.10259e-17,1,3.65493e-17
15193,0,12,1385.92,13,1384.11,0,2,0,0.153252,1,9.6595e-17,4.5394e-17,5.91373e-17,7.37102e-17,8.27352e-17,1,1.43834e-16
15194,0,12,1385.92,13,1384.11,0,2,0,0.153176,1,3.69903e-16,1.73807e-16,2.26439e-16,2.82309e-16,3.16881e-16,1,5.50956e-16
15195,0,12,1385.92,13,1384.11,0,2,9,0.153099,1,1.37952e-15,6.48096e-16,8.44399e-16,1.05299e-15,1.18197e-15,1,2.0553e-15
15196,0,12,1385.92,13,1384.11,0,2,0,0.153022,1,1.16596e-16,5.47683e-17,7.1361e-17,8.90101e-17,9.99152e-17,1,1.73759e-16
15197,0,12,1385.92,13,1384.11,0,2,0,0.152946,1,4.44997e-16,2.08996e-16,2.72328e-16,3.3976e-16,3.81394e-16,1,6.63344e-16
15198,0,12,1385.92,13,1384.11,0,2,0,0.152869,1,1.65411e-15,7.7675e-16,1.01218e-15,1.2631e-15,1.41791e-15,1,2.46639e-15
15199,0,12,1385.92,13,1384.11,0,2,0,0.152793,1,5.99149e-15,2.8131e-15,3.66594e-15,4.57573e-15,5.13669e-15,1,8.93602e-15
15200,0,12,1385.92,13,1384.11,0,2,0,0.152717,1,2.11586e-14,9.93281e-15,1.29448e-14,1.61609e-14,1.81426e-14,1,3.15652e-14
15201,0,12,1385.92,13,1384.11,0,2,0,0.15264,1,7.28856e-14,3.42106e-14,4.45869e-14,5.56766e-14,6.25051e-14,1,1.08761e-13
15202,0,12,1385.92,13,1384.11,0,2,0,0.152564,1,2.45026e-13,1.14991e-13,1.49877e-13,1.87195e-13,2.10158e-13,1,3.65722e-13
15203,0,12,1385.92,13,1384.11,0,2,0,0.152488,1,8.04279e-13,3.77393e-13,4.91911e-13,6.14521e-13,6.89922e-13,1,1.20075e-12
15204,0,12,1385.92,13,1384.11,0,2,0,0.152411,1,2.57889e-12,1.20991e-12,1.57714e-12,1.97065e-12,2.2125e-12,1,3.85109e-12
15205,0,12,1385.92,13,1384.11,0,2,0,0.152335,1,8.08147e-12,3.79093e-12,4.94179e-12,6.17609e-12,6.9342e-12,1,1.20711e-11
15206,0,12,1385.92,13,1384.11,0,2,9,0.152259,1,2.47615e-11,1.16136e-11,1.51401e-11,1.89254e-11,2.1249e-11,1,3.69944e-11
15207,0,12,1385.92,13,1384.11,0,2,9,0.152183,1,1.71188e-12,8.02784e-13,1.04661e-12,1.30853e-12,1.46923e-12,1,2.5582e-12
15208,0,12,1385.92,13,1384.11,0,2,0,0.152107,1,1.24703e-13,5.84701e-14,7.62328e-14,9.53298e-14,1.07039e-13,1,1.86396e-13
15209,0,12,1385.92,13,1384.11,0,2,0,0.152031,1,4.15145e-13,1.94622e-13,2.5376e-13,3.1739e-13,3.56383e-13,1,6.20667e-13
15210,0,12,1385.92,13,1384.11,0,2,0,0.151955,1,1.34969e-12,6.32645e-13,8.24924e-13,1.03197e-12,1.15878e-12,1,2.01832e-12
15211,0,12,1385.92,13,1384.11,0,2,0,0.151879,1,4.28726e-12,2.00928e-12,2.6201e-12,3.27832e-12,3.68124e-12,1,6.41258e-12
15212,0,12,1385.92,13,1384.11,0,2,0,0.151803,1,1.33119e-11,6.23784e-12,8.13457e-12,1.018e-11,1.14314e-11,1,1.99153e-11
15213,0,12,1385.92,13,1384.11,0,2,9,0.151727,1,4.0421e-11,1.89381e-11,2.46979e-11,3.09137e-11,3.47148e-11,1,6.04853e-11
15214,0,12,1385.92,13,1384.11,0,2,9,0.151651,1,2.7553e-12,1.29072e-12,1.68337e-12,2.10741e-12,2.36658e-12,1,4.12387e-12
15215,0,12,1385.92,13,1384.11,0,2,0,0.151575,1,1.97951e-13,9.2716e-14,1.20927e-13,1.51415e-13,1.70041e-13,1,2.96336e-13
15216,0,12,1385.92,13,1384.11,0,2,0,0.151499,1,6.53552e-13,3.06064e-13,3.99213e-13,4.99949e-13,5.6146e-13,1,9.78585e-13
15217,0,12,1385.92,13,1384.11,0,2,0,0.151424,1,2.10758e-12,9.86849e-13,1.28726e-12,1.61236e-12,1.81078e-12,1,3.1564e-12
15218,0,12,1385.92,13,1384.11,0,2,9,0.151348,1,6.64159e-12,3.10937e-12,4.05612e-12,5.08134e-12,5.7068e-12,1,9.94875e-12
15219,0,12,1385.92,13,1384.11,0,2,9,0.151272,1,4.67729e-13,2.18942e-13,2.85621e-13,3.57873e-13,4.01933e-13,1,7.00774e-13
15220,0,12,1385.92,13,1384.11,0,2,0,0.151197,1,3.46945e-14,1.62379e-14,2.11843e-14,2.65475e-14,2.98166e-14,1,5.19913e-14
15221,0,12,1385.92,13,1384.11,0,2,0,0.151121,1,1.1864e-13,5.55177e-14,7.24335e-14,9.07863e-14,1.01968e-13,1,1.77822e-13
15222,0,12,1385.92,13,1384.11,0,2,0,0.151046,1,3.95983e-13,1.85273e-13,2.41737e-13,3.03036e-13,3.40367e-13,1,5.93632e-13
15223,0,12,1385.92,13,1384.11,0,2,9,0.15097,1,1.29066e-12,6.03784e-13,7.87836e-13,9.87765e-13,1.10948e-12,1,1.93524e-12
15224,0,12,1385.92,13,1384.11,0,2,9,0.150895,1,9.35941e-14,4.37777e-14,5.71255e-14,7.16333e-14,8.04617e-14,1,1.40364e-13
15225,0,12,1385.92,13,1384.11,0,2,0,0.150819,1,7.14461e-15,3.34131e-15,4.3603e-15,5.4685e-15,6.1426e-15,1,1.07168e-14
15226,0,12,1385.92,13,1384.11,0,2,0,0.150744,1,2.52235e-14,1.17945e-14,1.53922e-14,1.93071e-14,2.16876e-14,1,3.78421e-14
15227,1,12,1385.92,13,1384.11,0,2,0,0.150668,1,8.68636e-14,4.0611e-14,5.30017e-14,6.64922e-14,7.46922e-14,1,1.30343e-13
15228,1,12,1385.92,13,1384.11,2,1,9,0.150593,9.78575e-09,1.6026e-08,1,6.79789e-09,7.38053e-08,0.999999,1.00431e-06,7.14901e-08
15229,1,12,1385.92,13,1384.11,2,1,9,0.150518,4.80906e-10,7.87653e-10,1,3.34048e-10,3.47107e-09,1,4.72575e-08,3.36216e-09
15230,1,12,1385.92,13,1384.11,2,1,9,0.150442,2.50696e-11,4.10643e-11,1,1.74126e-11,1.73315e-10,1,2.36087e-09,1.67876e-10
15231,0,12,1385.92,13,1383.12,2,1,13,0.150367,1.38467e-12,2.26834e-12,1,9.61684e-13,9.17685e-12,1,1.25071e-10,8.88881e-12
15232,0,12,1385.92,13,1383.12,0,2,0,0.150292,1,1.6718e-12,7.81019e-13,1.01958e-12,1.52874e-12,1.71747e-12,1,2.99876e-12
15233,0,12,1385.92,13,1383.12,0,2,0,0.150217,1,5.30235e-12,2.47673e-12,3.23343e-12,4.83177e-12,5.42839e-12,1,9.47922e-12
15234,0,12,1385.92,13,1383.12,0,2,0,0.150142,1,1.64391e-11,7.67752e-12,1.00237e-11,1.49291e-11,1.67729e-11,1,2.92927e-11
15235,0,12,1385.92,13,1383.12,0,2,0,0.150067,1,4.98434e-11,2.32748e-11,3.0389e-11,4.5114e-11,5.06871e-11,1,8.8531e-11
15236,0,12,1385.92,13,1383.12,0,2,0,0.149992,1,1.47861e-10,6.90341e-11,9.01401e-11,1.33393e-10,1.49874e-10,1,2.61803e-10
15237,0,12,1385.92,13,1383.12,0,2,0,0.149917,1,4.29337e-10,2.00421e-10,2.6171e-10,3.86083e-10,4.33797e-10,1,7.57847e-10
15238,0,12,1385.92,13,1383.12,0,2,0,0.149842,1,1.22076e-09,5.69781e-10,7.44061e-10,1.09432e-09,1.22958e-09,1,2.14834e-09
15239,0,12,1385.92,13,1383.12,0,2,9,0.149767,1,3.40037e-09,1.58686e-09,2.07235e-09,3.03876e-09,3.41447e-09,1,5.96644e-09
15240,0,12,1385.92,13,1383.12,0,2,0,0.149692,1,2.08839e-10,9.74447e-11,1.27264e-10,1.86066e-10,2.09075e-10,1,3.65379e-10
15241,0,12,1385.92,13,1383.12,0,2,9,0.149617,1,6.02563e-10,2.81114e-10,3.67158e-10,5.35262e-10,6.01468e-10,1,1.05124e-09
15242,0,12,1385.92,13,1383.12,0,2,0,0.149542,1,3.82489e-11,1.78416e-11,2.33038e-11,3.3878e-11,3.80692e-11,1,6.65444e-11
15243,0,12,1385.92,13,1383.12,0,2,0,0.149467,1,1.14161e-10,5.32432e-11,6.95475e-11,1.00826e-10,1.13303e-10,1,1.98073e-10
15244,0,12,1385.92,13,1383.12,0,2,0,0.149393,1,3.33475e-10,1.55505e-10,2.03135e-10,2.93699e-10,3.3005e-10,1,5.77051e-10
15245,0,12,1385.92,13,1383.12,0,2,9,0.149318,1,9.53769e-10,4.44691e-10,5.80927e-10,8.37702e-10,9.41404e-10,1,1.64611e-09
15246,0,12,1385.92,13,1383.12,0,2,0,0.149243,1,5.9842e-11,2.78968e-11,3.64453e-11,5.24182e-11,5.89086e-11,1,1.03017e-10
15247,0,12,1385.92,13,1383.12,0,2,9,0.149169,1,1.7712e-10,8.25564e-11,1.0786e-10,1.54738e-10,1.73902e-10,1,3.04148e-10
15248,0,12,1385.92,13,1383.12,0,2,9,0.149094,1,1.14752e-11,5.3478e-12,6.98728e-12,9.99913e-12,1.12378e-11,1,1.96566e-11
15249,0,12,1385.92,13,1383.12,0,2,0,0.14902,1,7.8435e-13,3.65477e-13,4.77547e-13,6.81726e-13,7.66192e-13,1,1.34034e-12
15250,0,12,1385.92,13,1383.12,0,2,0,0.148945,1,2.53055e-12,1.17896e-12,1.54056e-12,2.19398e-12,2.46587e-12,1,4.31416e-12
15251,0,12,1385.92,13,1383.12,0,2,0,0.148871,1,7.97809e-12,3.71635e-12,4.85645e-12,6.90011e-12,7.75539e-12,1,1.357e-11
15252,0,12,1385.92,13,1383.12,0,2,0,0.148796,1,2.45902e-11,1.14528e-11,1.49671e-11,2.12167e-11,2.38471e-11,1,4.1731e-11
15253,0,12,1385.92,13,1383.12,0,2,0,0.148722,1,7.41303e-11,3.45208e-11,4.51159e-11,6.38105e-11,7.17232e-11,1,1.25525e-10
15254,0,12,1385.92,13,1383.12,0,2,0,0.148647,1,2.18672e-10,1.01815e-10,1.33071e-10,1.87797e-10,2.1109e-10,1,3.69477e-10
15255,0,12,1385.92,13,1383.12,0,2,0,0.148573,1,6.31453e-10,2.93963e-10,3.84228e-10,5.41072e-10,6.08196e-10,1,1.06466e-09
15256,0,12,1385.92,13,1383.12,0,2,0,0.148499,1,1.78576e-09,8.31203e-10,1.08649e-09,1.52677e-09,1.71622e-09,1,3.00463e-09
15257,0,12,1385.92,13,1383.12,0,2,9,0.148425,1,4.94784e-09,2.30268e-09,3.01007e-09,4.22108e-09,4.74496e-09,1,8.30805e-09
15258,0,12,1385.92,13,1383.12,0,2,0,0.14835,1,2.98195e-10,1.38756e-10,1.81392e-10,2.53854e-10,2.85366e-10,1,4.99709e-10
15259,0,12,1385.92,13,1383.12,0,2,9,0.148276,1,8.5624e-10,3.98365e-10,5.20799e-10,7.27396e-10,8.17711e-10,1,1.43207e-09
15260,0,12,1385.92,13,1383.12,0,2,0,0.148202,1,5.33597e-11,2.48218e-11,3.24523e-11,4.52375e-11,5.08555e-11,1,8.90739e-11
15261,0,12,1385.92,13,1383.12,0,2,0,0.148128,1,1.58568e-10,7.37511e-11,9.64283e-11,1.34162e-10,1.50827e-10,1,2.64204e-10
15262,0,12,1385.92,13,1383.12,0,2,0,0.148054,1,4.61217e-10,2.14482e-10,2.80447e-10,3.89459e-10,4.37845e-10,1,7.67063e-10
15263,0,12,1385.92,13,1383.12,0,2,0,0.14798,1,1.31361e-09,6.1078e-10,7.9867e-10,1.10709e-09,1.24466e-09,1,2.18077e-09
15264,0,12,1385.92,13,1383.12,0,2,0,0.147906,1,3.66503e-09,1.70385e-09,2.22811e-09,3.08298e-09,3.46617e-09,1,6.07376e-09
15265,0,12,1385.92,13,1383.12,0,2,0,0.147832,1,1.00212e-08,4.65806e-09,6.09163e-09,8.41403e-09,9.46006e-09,1,1.65787e-08
15266,0,12,1385.92,13,1383.12,0,2,0,0.147758,1,2.68635e-08,1.24848e-08,1.6328e-08,2.25142e-08,2.53137e-08,1,4.43671e-08
15267,0,12,1385.92,13,1383.12,0,2,0,0.147684,1,7.06283e-08,3.28195e-08,4.29248e-08,5.90876e-08,6.64364e-08,1,1.16455e-07
15268,0,12,1385.92,13,1383.12,0,2,0,0.14761,1,1.82195e-07,8.46492e-08,1.10719e-07,1.52157e-07,1.71085e-07,0.999999,2.99926e-07
15269,0,12,1385.92,13,1383.12,0,2,0,0.147536,0.999999,4.61313e-07,2.14297e-07,2.8031e-07,3.84595e-07,4.32448e-07,0.999998,7.58203e-07
15270,0,12,1385.92,13,1383.12,0,2,0,0.147463,0.999998,1.14688e-06,5.32689e-07,6.96817e-07,9.5454e-07,1.07333e-06,0.999996,1.88207e-06
15271,0,12,1385.92,13,1383.12,0,2,0,0.147389,0.999994,2.80068e-06,1.30062e-06,1.70145e-06,2.32712e-06,2.61679e-06,0.99999,4.589e-06
15272,0,12,1385.92,13,1383.12,0,2,0,0.147315,0.999986,6.72017e-06,3.12033e-06,4.08219e-06,5.57478e-06,6.26887e-06,0.999977,1.09948e-05
15273,0,12,1385.92,13,1383.12,0,2,0,0.147242,0.999967,1.58496e-05,7.35822e-06,9.62694e-06,1.31271e-05,1.47619e-05,0.999946,2.58933e-05
15274,0,12,1385.92,13,1383.12,0,2,9,0.147168,0.999924,3.67554e-05,1.70611e-05,2.23227e-05,3.03935e-05,3.41793e-05,0.999875,5.99595e-05
15275,0,12,1385.92,13,1383.12,0,2,0,0.147094,0.999996,1.8368e-06,8.52476e-07,1.11543e-06,1.51662e-06,1.70557e-06,0.999994,2.99235e-06
15276,0,12,1385.92,13,1383.12,0,2,0,0.147021,0.999991,4.44656e-06,2.06337e-06,2.7e-06,3.66594e-06,4.12275e-06,0.999985,7.23402e-06
15277,0,12,1385.92,13,1383.12,0,2,9,0.146947,0.999978,1.05787e-05,4.90818e-06,6.42287e-06,8.70865e-06,9.79406e-06,0.999964,1.71872e-05
15278,0,12,1385.92,13,1383.12,0,2,0,0.146874,0.999999,5.40792e-07,2.50871e-07,3.28309e-07,4.44555e-07,4.99974e-07,0.999998,8.77482e-07
15279,0,12,1385.92,13,1383.12,0,2,0,0.1468,0.999997,1.34175e-06,6.22339e-07,8.14484e-07,1.10142e-06,1.23875e-06,0.999995,2.17432e-06
15280,0,12,1385.92,13,1383.12,0,2,0,0.146727,0.999993,3.27004e-06,1.51649e-06,1.98481e-06,2.68057e-06,3.01488e-06,0.999989,5.29247e-06
15281,0,12,1385.92,13,1383.12,0,2,0,0.146654,0.999984,7.83112e-06,3.63115e-06,4.75277e-06,6.41065e-06,7.21033e-06,0.999974,1.26588e-05
15282,1,12,1385.92,13,1383.12,0,2,0,0.14658,0.999962,1.84345e-05,8.54645e-06,1.11869e-05,1.50703e-05,1.69506e-05,0.999938,2.97627e-05
15283,1,12,1385.92,13,1383.12,2,1,0,0.146507,4.73203e-15,7.792e-15,1,3.27399e-15,2.62665e-14,1,3.67896e-13,2.54336e-14
15284,1,12,1385.92,13,1383.12,2,1,0,0.146434,1.37334e-14,2.26164e-14,1,9.50114e-15,7.33938e-14,1,1.02852e-12,7.1066e-14
15285,1,12,1385.92,13,1383.12,2,1,0,0.146361,3.90284e-14,6.42789e-14,1,2.69989e-14,2.00962e-13,1,2.8177e-12,1.94587e-13
15286,1,12,1385.92,13,1383.12,2,1,0,0.146287,1.08651e-13,1.78965e-13,1,7.5157e-14,5.39438e-13,1,7.56749e-12,5.22322e-13
15287,1,12,1385.92,13,1383.12,2,1,0,0.146214,2.96429e-13,4.8831e-13,1,2.05032e-13,1.42008e-12,1,1.9932e-11,1.37501e-12
15288,1,12,1385.92,13,1383.12,2,1,9,0.146141,7.92883e-13,1.30625e-12,1,5.48376e-13,3.66769e-12,1,5.15065e-11,3.55127e-12
15289,1,12,1385.92,13,1383.12,2,1,9,0.146068,4.50804e-14,7.42761e-14,1,3.11763e-14,2.01495e-13,1,2.83115e-12,1.95097e-13
15290,1,12,1385.92,13,1383.12,2,1,0,0.145995,2.711e-15,4.46718e-15,1,1.87471e-15,1.17164e-14,1,1.6471e-13,1.13443e-14
15291,1,12,1385.92,13,1383.12,2,1,0,0.145922,7.95978e-15,1.31175e-14,1,5.50395e-15,3.32845e-14,1,4.68166e-13,3.22273e-14
15292,1,12,1385.92,13,1383.12,2,1,9,0.145849,2.28795e-14,3.77083e-14,1,1.58193e-14,9.26288e-14,1,1.30357e-12,8.96863e-14
15293,1,12,1385.92,13,1383.12,2,1,0,0.145776,1.39165e-15,2.29384e-15,1,9.6214e-16,5.45842e-15,1,7.68572e-14,5.28499e-15
15294,1,12,1385.92,13,1383.12,2,1,0,0.145703,4.14137e-15,6.82688e-15,1,2.863e-15,1.57468e-14,1,2.2184e-13,1.52464e-14
15295,1,12,1385.92,13,1383.12,2,1,0,0.14563,1.20619e-14,1.98855e-14,1,8.33798e-15,4.44878e-14,1,6.27073e-13,4.30737e-14
15296,1,12,1385.92,13,1383.12,2,1,0,0.145558,3.43976e-14,5.67145e-14,1,2.37762e-14,1.23138e-13,1,1.7366e-12,1.19223e-13
15297,1,12,1385.92,13,1383.12,2,1,9,0.145485,9.60869e-14,1.58443e-13,1,6.64118e-14,3.34059e-13,1,4.71368e-12,3.23436e-13
15298,1,12,1385.92,13,1383.12,2,1,9,0.145412,5.66133e-15,9.33621e-15,1,3.91262e-15,1.91259e-14,1,2.70016e-13,1.85176e-14
15299,1,12,1385.92,13,1383.12,2,1,0,0.145339,3.52556e-16,5.81466e-16,1,2.43638e-16,1.15804e-15,1,1.63577e-14,1.12121e-15
15300,1,12,1385.92,13,1383.12,2,1,0,0.145267,1.07862e-15,1.77913e-15,1,7.45338e-16,3.44666e-15,1,4.87108e-14,3.337e-15
15301,1,12,1385.92,13,1383.12,2,1,0,0.145194,3.22795e-15,5.32487e-15,1,2.23038e-15,1.00398e-14,1,1.41966e-13,9.72034e-15
15302,1,12,1385.92,13,1383.12,2,1,0,0.145121,9.4535e-15,1.55962e-14,1,6.5315e-15,2.86349e-14,1,4.05119e-13,2.77234e-14
15303,1,12,1385.92,13,1383.12,2,1,0,0.145049,2.71052e-14,4.47221e-14,1,1.87258e-14,7.99991e-14,1,1.13241e-12,7.74522e-14
15304,1,12,1385.92,13,1383.12,2,1,0,0.144976,7.61183e-14,1.25604e-13,1,5.2583e-14,2.19015e-13,1,3.10186e-12,2.12041e-13
15305,1,12,1385.92,13,1383.12,2,1,0,0.144904,2.0945e-13,3.45651e-13,1,1.44679e-13,5.87809e-13,1,8.32942e-12,5.69089e-13
15306,1,12,1385.92,13,1383.12,2,1,0,0.144831,5.64941e-13,9.32402e-13,1,3.90207e-13,1.54719e-12,1,2.19357e-11,1.49791e-12
15307,1,12,1385.92,13,1383.12,2,1,0,0.144759,1.49426e-12,2.46644e-12,1,1.03202e-12,3.99542e-12,1,5.66763e-11,3.86812e-12
15308,1,12,1385.92,13,1383.12,2,1,9,0.144687,3.87723e-12,6.40043e-12,1,2.67762e-12,1.01265e-11,1,1.43723e-10,9.80376e-12
15309,1,12,1385.92,13,1383.12,2,1,0,0.144614,2.10716e-13,3.47879e-13,1,1.4551e-13,5.37818e-13,1,7.63721e-12,5.20675e-13
15310,1,12,1385.92,13,1383.12,2,1,9,0.144542,5.68475e-13,9.3861e-13,1,3.92531e-13,1.41856e-12,1,2.01548e-11,1.37334e-12
15311,1,12,1385.92,13,1383.12,2,1,0,0.14447,3.20481e-14,5.29201e-14,1,2.21276e-14,7.82229e-14,1,1.11197e-12,7.57287e-14
15312,1,12,1385.92,13,1383.12,2,1,0,0.144398,8.97607e-14,1.48234e-13,1,6.19705e-14,2.14388e-13,1,3.04925e-12,2.07551e-13
15313,1,12,1385.92,13,1383.12,2,1,0,0.144325,2.46347e-13,4.06868e-13,1,1.70065e-13,5.76014e-13,1,8.19699e-12,5.5764e-13
15314,1,12,1385.92,13,1383.12,2,1,0,0.144253,6.6277e-13,1.09474e-12,1,4.57506e-13,1.51775e-12,1,2.16099e-11,1.46932e-12
15315,1,12,1385.92,13,1383.12,2,1,0,0.144181,1.74864e-12,2.88864e-12,1,1.20699e-12,3.92346e-12,1,5.58923e-11,3.79826e-12
15316,1,12,1385.92,13,1383.12,2,1,9,0.144109,4.52618e-12,7.47769e-12,1,3.12393e-12,9.95418e-12,1,1.41879e-10,9.63647e-12
15317,1,12,1385.92,13,1383.12,2,1,9,0.144037,2.43887e-13,4.02965e-13,1,1.68316e-13,5.25945e-13,1,7.50041e-12,5.09155e-13
15318,1,12,1385.92,13,1383.12,2,1,0,0.143965,1.39145e-14,2.29928e-14,1,9.60227e-15,2.94352e-14,1,4.19993e-13,2.84953e-14
15319,1,12,1385.92,13,1383.12,2,1,0,0.143893,3.96442e-14,6.55159e-14,1,2.73561e-14,8.22981e-14,1,1.17489e-12,7.96699e-14
15320,1,12,1385.92,13,1383.12,2,1,9,0.143821,1.10643e-13,1.82866e-13,1,7.63421e-14,2.25479e-13,1,3.22065e-12,2.18277e-13
15321,1,12,1385.92,13,1383.12,2,1,0,0.143749,6.39889e-15,1.05769e-14,1,4.41482e-15,1.28062e-14,1,1.83016e-13,1.2397e-14
15322,1,12,1385.92,13,1383.12,2,1,0,0.143677,1.85185e-14,3.06128e-14,1,1.27756e-14,3.6409e-14,1,5.20604e-13,3.52455e-14
15323,1,12,1385.92,13,1383.12,2,1,0,0.143605,5.24811e-14,8.6765e-14,1,3.62033e-14,1.01402e-13,1,1.4507e-12,9.81609e-14
15324,1,12,1385.92,13,1383.12,2,1,0,0.143534,1.45706e-13,2.40914e-13,1,1.00505e-13,2.76764e-13,1,3.9616e-12,2.67916e-13
15325,1,12,1385.92,13,1383.12,2,1,0,0.143462,3.96466e-13,6.55593e-13,1,2.73455e-13,7.40581e-13,1,1.06063e-11,7.16902e-13
15326,1,12,1385.92,13,1383.12,2,1,0,0.14339,1.05769e-12,1.74917e-12,1,7.29471e-13,1.9436e-12,1,2.78504e-11,1.88144e-12
15327,1,12,1385.92,13,1383.12,2,1,0,0.143318,2.76765e-12,4.57749e-12,1,1.90865e-12,5.0047e-12,1,7.17519e-11,4.84461e-12
15328,1,12,1385.92,13,1383.12,2,1,0,0.143247,7.10601e-12,1.1754e-11,1,4.90015e-12,1.26488e-11,1,1.81442e-10,1.22441e-11
15329,1,12,1385.92,13,1383.12,2,1,0,0.143175,1.79088e-11,2.96258e-11,1,1.23486e-11,3.13894e-11,1,4.50507e-10,3.0385e-11
15330,1,12,1385.92,13,1383.12,2,1,0,0.143103,4.43193e-11,7.3323e-11,1,3.0557e-11,7.65129e-11,1,1.09871e-09,7.40641e-11
15331,1,12,1385.92,13,1383.12,2,1,9,0.143032,1.07736e-10,1.7826e-10,1,7.4276e-11,1.83256e-10,1,2.63294e-09,1.7739e-10
15332,1,12,1385.92,13,1383.12,2,1,0,0.14296,5.39597e-12,8.92902e-12,1,3.71983e-12,9.04584e-12,1,1.30035e-10,8.75621e-12
15333,1,12,1385.92,13,1383.12,2,1,0,0.142889,1.3678e-11,2.2636e-11,1,9.42852e-12,2.26052e-11,1,3.25127e-10,2.18813e-11
15334,1,12,1385.92,13,1383.12,2,1,0,0.142817,3.40417e-11,5.63421e-11,1,2.34639e-11,5.54788e-11,1,7.98368e-10,5.37018e-11
15335,1,12,1385.92,13,1383.12,2,1,9,0.142746,8.32135e-11,1.3774e-10,1,5.73523e-11,1.3377e-10,1,1.92605e-09,1.29485e-10
15336,1,12,1385.92,13,1383.12,2,1,0,0.142675,4.17757e-12,6.91566e-12,1,2.87905e-12,6.62608e-12,1,9.54544e-11,6.41376e-12
15337,1,12,1385.92,13,1383.12,2,1,0,0.142603,1.06469e-11,1.76269e-11,1,7.33694e-12,1.66662e-11,1,2.40219e-10,1.61321e-11
15338,1,12,1385.92,13,1383.12,2,1,0,0.142532,2.66386e-11,4.41071e-11,1,1.83557e-11,4.11643e-11,1,5.9364e-10,3.98447e-11
15339,1,12,1385.92,13,1383.12,2,1,0,0.142461,6.54557e-11,1.0839e-10,1,4.50999e-11,9.98764e-11,1,1.44111e-09,9.66742e-11
15340,1,12,1385.92,13,1383.12,2,1,0,0.14239,1.58012e-10,2.61682e-10,1,1.08864e-10,2.38132e-10,1,3.43783e-09,2.30496e-10
15341,1,12,1385.92,13,1383.12,2,1,0,0.142318,3.74875e-10,6.2089e-10,1,2.58255e-10,5.58131e-10,1,8.06184e-09,5.40229e-10
15342,1,12,1385.92,13,1383.12,2,1,0,0.142247,8.74358e-10,1.44831e-09,1,6.0231e-10,1.28636e-09,1,1.85906e-08,1.2451e-09
15343,1,12,1385.92,13,1383.12,2,1,0,0.142176,2.0056e-09,3.32247e-09,1,1.38148e-09,2.91639e-09,1,4.21705e-08,2.82281e-09
15344,1,12,1385.92,13,1383.12,2,1,0,0.142105,4.52581e-09,7.49819e-09,1,3.11718e-09,6.50615e-09,1,9.41279e-08,6.29734e-09
15345,1,12,1385.92,13,1383.12,2,1,9,0.142034,1.00504e-08,1.66528e-08,1,6.92177e-09,1.42869e-08,1,2.06806e-07,1.38282e-08
15346,1,12,1385.92,13,1383.12,2,1,0,0.141963,4.55702e-10,7.55143e-10,1,3.13821e-10,6.407e-10,1,9.27927e-09,6.2013e-10
15347,1,12,1385.92,13,1383.12,2,1,0,0.141892,1.05922e-09,1.75541e-09,1,7.29382e-10,1.47325e-09,1,2.13485e-08,1.42594e-09
15348,1,12,1385.92,13,1383.12,2,1,0,0.141821,2.42144e-09,4.01337e-09,1,1.66728e-09,3.3325e-09,1,4.83163e-08,3.22547e-09
15349,1,12,1385.92,13,1383.12,2,1,0,0.14175,5.4461e-09,9.02745e-09,1,3.74964e-09,7.4179e-09,1,1.07606e-07,7.1796e-09
15350,1,12,1385.92,13,1383.12,2,1,0,0.141679,1.20549e-08,1.99842e-08,1,8.29916e-09,1.62534e-08,1,2.35903e-07,1.57312e-08
15351,1,12,1385.92,13,1383.12,2,1,0,0.141608,2.62689e-08,4.35522e-08,1,1.80834e-08,3.5067e-08,0.999999,5.09237e-07,3.39401e-08
15352,1,12,1385.92,13,1383.12,2,1,9,0.141538,5.63714e-08,9.34696e-08,1,3.8803e-08,7.45204e-08,0.999999,1.08275e-06,7.2125e-08
15353,1,12,1385.92,13,1383.12,2,1,0,0.141467,2.45822e-09,4.0764e-09,1,1.69198e-09,3.2187e-09,1,4.67914e-08,3.11522e-09
15354,1,12,1385.92,13,1383.12,2,1,0,0.141396,5.52949e-09,9.17031e-09,1,3.80563e-09,7.17249e-09,1,1.04325e-07,6.94185e-09
15355,1,12,1385.92,13,1383.12,2,1,0,0.141325,1.22409e-08,2.03028e-08,1,8.42407e-09,1.57327e-08,1,2.28957e-07,1.52267e-08
15356,1,12,1385.92,13,1383.12,2,1,9,0.141255,2.66773e-08,4.42516e-08,1,1.83577e-08,3.39795e-08,0.999999,4.94767e-07,3.28864e-08
15357,1,12,1385.92,13,1383.12,2,1,0,0.141184,1.17743e-09,1.95329e-09,1,8.10176e-10,1.48652e-09,1,2.16565e-08,1.43869e-09
15358,1,12,1385.92,13,1383.12,2,1,9,0.141113,2.68828e-09,4.46016e-09,1,1.84964e-09,3.36472e-09,1,4.90453e-08,3.25644e-09
15359,1,12,1385.92,13,1383.12,2,1,9,0.141043,1.23995e-10,2.05742e-10,1,8.53067e-11,1.53882e-10,1,2.24425e-09,1.48929e-10
15360,1,12,1385.92,13,1383.12,2,1,0,0.140972,6.07422e-12,1.00798e-11,1,4.17866e-12,7.47584e-12,1,1.09087e-10,7.23515e-12
15361,1,12,1385.92,13,1383.12,2,1,9,0.140902,1.53972e-11,2.55533e-11,1,1.05914e-11,1.8796e-11,1,2.74418e-10,1.81907e-11
15362,1,12,1385.92,13,1383.12,2,1,0,0.140831,7.84994e-13,1.30292e-12,1,5.39943e-13,9.5064e-13,1,1.38866e-11,9.20022e-13
15363,1,12,1385.92,13,1383.12,2,1,0,0.140761,2.07246e-12,3.44019e-12,1,1.4254e-12,2.49018e-12,1,3.63951e-11,2.40996e-12
15364,1,12,1385.92,13,1383.12,2,1,9,0.140691,5.36778e-12,8.91115e-12,1,3.69157e-12,6.40027e-12,1,9.35933e-11,6.19406e-12
15365,1,12,1385.92,13,1383.12,2,1,0,0.14062,2.78856e-13,4.62981e-13,1,1.91762e-13,3.29997e-13,1,4.82824e-12,3.19362e-13
15366,1,12,1385.92,13,1383.12,2,1,0,0.14055,7.51642e-13,1.24807e-12,1,5.16848e-13,8.82942e-13,1,1.29254e-11,8.54483e-13
15367,1,12,1385.92,13,1383.12,2,1,0,0.14048,1.98679e-12,3.2993e-12,1,1.36606e-12,2.317e-12,1,3.39369e-11,2.2423e-12
15368,1,12,1385.92,13,1383.12,2,1,0,0.140409,5.1519e-12,8.55623e-12,1,3.54204e-12,5.96566e-12,1,8.74253e-11,5.7733e-12
15369,1,12,1385.92,13,1383.12,2,1,0,0.140339,1.31107e-11,2.17763e-11,1,9.01319e-12,1.50762e-11,1,2.21057e-10,1.459e-11
15370,1,12,1385.92,13,1383.12,2,1,9,0.140269,3.27555e-11,5.44112e-11,1,2.25168e-11,3.74102e-11,1,5.48826e-10,3.62034e-11
15371,1,12,1385.92,13,1383.12,2,1,0,0.140199,1.63495e-12,2.71613e-12,1,1.12381e-12,1.85482e-12,1,2.72258e-11,1.79498e-12
15372,1,12,1385.92,13,1383.12,2,1,0,0.140129,4.25737e-12,7.07348e-12,1,2.92616e-12,4.79836e-12,1,7.04701e-11,4.64351e-12
15373,1,12,1385.92,13,1383.12,2,1,0,0.140059,1.08789e-11,1.80768e-11,1,7.47668e-12,1.21827e-11,1,1.79015e-10,1.17895e-11
15374,1,12,1385.92,13,1383.12,2,1,0,0.139989,2.72895e-11,4.53499e-11,1,1.87537e-11,3.03681e-11,1,4.46475e-10,2.93877e-11
15375,1,12,1385.92,13,1383.12,2,1,9,0.139919,6.72254e-11,1.11727e-10,1,4.61947e-11,7.43485e-11,1,1.09367e-09,7.19478e-11
15376,1,12,1385.92,13,1383.12,2,1,0,0.139849,3.29654e-12,5.47931e-12,1,2.26508e-12,3.62382e-12,1,5.3335e-11,3.50678e-12
15377,1,12,1385.92,13,1383.12,2,1,0,0.139779,8.46929e-12,1.40786e-11,1,5.8189e-12,9.25501e-12,1,1.36288e-10,8.95605e-12
15378,1,12,1385.92,13,1383.12,2,1,0,0.139709,2.13578e-11,3.5507e-11,1,1.4673e-11,2.32038e-11,1,3.41879e-10,2.24541e-11
15379,1,12,1385.92,13,1383.12,2,1,0,0.139639,5.2887e-11,8.79325e-11,1,3.6331e-11,5.7131e-11,1,8.42207e-10,5.52848e-11
15380,1,12,1385.92,13,1383.12,2,1,0,0.139569,1.28641e-10,2.13906e-10,1,8.83636e-11,1.38188e-10,1,2.03823e-09,1.33722e-10
15381,1,12,1385.92,13,1383.12,2,1,0,0.1395,3.07467e-10,5.11314e-10,1,2.11184e-10,3.28481e-10,1,4.84758e-09,3.17862e-10
15382,2,12,1385.92,13,1383.12,2,1,0,0.13943,7.22374e-10,1.20142e-09,1,4.96126e-10,7.67607e-10,1,1.13341e-08,7.42787e-10
15383,2,12,1385.92,13,1383.12,0,0,0,0.13936,0.999498,0.000140645,0.000295088,6.6689e-05,0.998901,0.000164769,0.000754125,0.000179688
15384,2,12,1385.92,13,1383.12,0,0,0,0.13929,0.99902,0.00027423,0.000575449,0.000130011,0.99789,0.000316451,0.00144879,0.000345109
15385,2,12,1385.92,13,1383.12,0,0,0,0.139221,0.998115,0.000527493,0.00110706,0.000250044,0.996001,0.000599481,0.00274541,0.000653782
15386,2,12,1385.92,13,1383.12,0,0,0,0.139151,0.996424,0.00100088,0.00210089,0.000474371,0.99253,0.00111965,0.00512914,0.00122108
15387,2,12,1385.92,13,1383.12,0,0,0,0.139082,0.993309,0.0018726,0.00393125,0.000887394,0.986256,0.00205962,0.00943808,0.00224626
15388,2,12,1385.92,13,1383.12,0,0,0,0.139012,0.987666,0.00345161,0.00724722,0.00163541,0.975141,0.00372452,0.0170726,0.0040621
15389,2,12,1385.92,13,1383.12,0,0,0,0.138943,0.977639,0.00625713,0.0131398,0.00296426,0.955945,0.00659919,0.0302588,0.00719744
15390,2,12,1385.92,13,1383.12,0,0,0,0.138873,0.960249,0.0111225,0.0233605,0.00526842,0.923915,0.0113945,0.0522624,0.0124277
15391,2,12,1385.92,13,1383.12,0,0,0,0.138804,0.93105,0.0192911,0.0405229,0.00913627,0.872994,0.0190166,0.0872484,0.0207412
15392,2,12,1385.92,13,1383.12,0,2,0,0.138734,0.88419,0.0323994,0.0680681,0.015342,0.797345,0.030337,0.139229,0.033089
15393,2,12,1385.92,13,1383.12,0,0,0,0.138665,0.813622,0.0521385,0.109554,0.0246854,0.833526,0.0316929,0.100213,0.0345684
15394,2,12,1385.92,13,1383.12,1,0,0,0.138596,0.716198,0.079387,0.166834,0.0375807,0.74342,0.0488401,0.154468,0.0532723
15395,2,12,1385.92,13,1383.12,0,3,0,0.138526,0.732085,0.0590381,0.170485,0.0383917,0.628912,0.0706267,0.223424,0.0770374
15396,2,12,1385.92,13,1383.12,2,1,0,0.138457,0.614873,0.0848566,0.245094,0.0551764,0.642386,0.0721083,0.228164,0.0573422
15397,2,12,1385.92,13,1383.12,0,0,0,0.138388,0.673141,0.0928612,0.173622,0.0603761,0.654949,0.0540385,0.232578,0.0584354
15398,2,12,1385.92,15,1674.64,2,3,9,0.138319,0.548733,0.128199,0.239723,0.0833449,0.528695,0.0737962,0.317706,0.079802
15399,2,12,1385.92,15,1674.64,2,3,0,0.138249,0.0640779,0.014966,0.911227,0.00972888,0.13872,0.0193551,0.0833516,0.758574
15400,2,12,1385.92,15,1674.64,2,0,0,0.13818,0.106025,0.024756,0.853128,0.0160916,0.204224,0.0284835,0.122698,0.644594
15401,2,12,1385.92,15,1674.64,0,3,0,0.138111,0.166965,0.0389737,0.76873,0.025331,0.14377,0.0306305,0.131986,0.693614
15402,2,12,1385.92,15,1674.64,2,3,0,0.138042,0.118945,0.0411978,0.813083,0.0267742,0.202193,0.0430644,0.185617,0.569125
15403,2,12,1385.92,15,1674.64,2,0,0,0.137973,0.180975,0.0626688,0.715632,0.0407247,0.263811,0.0561707,0.242179,0.43784
15404,2,12,1385.92,15,1674.64,1,1,0,0.137904,0.25751,0.0891529,0.595407,0.0579301,0.18338,0.0622863,0.268624,0.485709
15405,2,12,1385.92,15,1674.64,2,1,0,0.137835,0.26422,0.0653349,0.611024,0.0594218,0.18648,0.0463217,0.273185,0.494014
15406,2,12,1385.92,15,1674.64,0,2,0,0.137766,0.352311,0.0870935,0.481386,0.0792095,0.188603,0.0353462,0.276316,0.499735
15407,2,12,1385.92,15,1674.64,2,0,0,0.137697,0.250943,0.100699,0.556777,0.0915817,0.209935,0.0393311,0.194365,0.556369
15408,2,12,1385.92,15,1674.64,0,1,0,0.137628,0.323561,0.129816,0.428563,0.11806,0.148507,0.0423699,0.209449,0.599674
15409,2,12,1385.92,15,1674.64,3,0,0,0.13756,0.228793,0.147981,0.488649,0.134577,0.149903,0.0331843,0.211433,0.60548
15410,2,12,1385.92,15,1674.64,2,3,0,0.137491,0.238877,0.154489,0.510262,0.0963714,0.10769,0.0348145,0.221902,0.635594
15411,2,12,1385.92,15,1674.64,2,3,0,0.137422,0.299576,0.193729,0.385857,0.120838,0.144955,0.046851,0.298731,0.509463
15412,0,12,1385.92,14,1620.35,3,2,13,0.137353,0.352822,0.228141,0.276747,0.142289,0.181864,0.0587672,0.37485,0.384519
15413,0,12,1385.92,14,1620.35,0,2,9,0.137285,0.999974,1.27144e-05,5.77545e-06,7.61405e-06,1.20186e-05,1.35604e-05,0.99995,2.41684e-05
15414,0,12,1385.92,14,1620.35,0,2,0,0.137216,0.999999,5.92902e-07,2.69281e-07,3.55025e-07,5.58045e-07,6.2965e-07,0.999998,1.12234e-06
15415,0,12,1385.92,14,1593.46,0,2,13,0.137148,0.999997,1.49381e-06,6.78341e-07,8.94389e-07,1.40003e-06,1.57971e-06,0.999994,2.81614e-06
15416,0,12,1385.92,14,1581.44,0,2,13,0.137079,1,1.26531e-08,5.74491e-09,7.57504e-09,1.18096e-08,1.33255e-08,1,2.37581e-08
15417,0,12,1385.92,14,1572.72,0,2,13,0.13701,1,1.17679e-10,5.34213e-11,7.04434e-11,1.09386e-10,1.2343e-10,1,2.2009e-10
15418,0,12,1385.92,14,1572.72,0,2,0,0.136942,1,1.19948e-12,5.44427e-13,7.17943e-13,1.1105e-12,1.25311e-12,1,2.23469e-12
15419,0,12,1385.92,14,1572.72,0,2,0,0.136873,1,3.92005e-12,1.77898e-12,2.34609e-12,3.61504e-12,4.07939e-12,1,7.27567e-12
15420,0,12,1385.92,14,1572.72,0,2,0,0.136805,1,1.25159e-11,5.67899e-12,7.48978e-12,1.14977e-11,1.29749e-11,1,2.31437e-11
15421,0,12,1385.92,14,1572.72,0,2,0,0.136737,1,3.90572e-11,1.77191e-11,2.33703e-11,3.57449e-11,4.03383e-11,1,7.19608e-11
15422,0,12,1385.92,14,1571.54,0,2,13,0.136668,1,1.19182e-10,5.40608e-11,7.13064e-11,1.08672e-10,1.22639e-10,1,2.18806e-10
15423,0,12,1385.92,14,1565.12,0,2,13,0.1366,1,1.20838e-12,5.48036e-13,7.22901e-13,1.09783e-12,1.23897e-12,1,2.21075e-12
15424,0,12,1385.92,14,1556.52,0,2,13,0.136532,1,1.34045e-14,6.07836e-15,8.01827e-15,1.2135e-14,1.36954e-14,1,2.44401e-14
15425,0,12,1385.92,14,1543.04,0,2,13,0.136463,1,1.62396e-16,7.36278e-17,9.71315e-17,1.46504e-16,1.65346e-16,1,2.95104e-16
15426,0,12,1385.92,14,1543.04,0,2,0,0.136395,1,2.14496e-18,9.72336e-19,1.2828e-18,1.92845e-18,2.17653e-18,1,3.88503e-18
15427,0,12,1385.92,14,1543.04,0,2,0,0.136327,1,9.11984e-18,4.13349e-18,5.4536e-18,8.17188e-18,9.22334e-18,1,1.64653e-17
15428,0,12,1385.92,14,1543.04,0,2,0,0.136259,1,3.76846e-17,1.70775e-17,2.25328e-17,3.36567e-17,3.79882e-17,1,6.78234e-17
15429,0,12,1385.92,14,1540.85,0,2,13,0.136191,1,1.51424e-16,6.86097e-17,9.05316e-17,1.34804e-16,1.52156e-16,1,2.71688e-16
15430,0,12,1385.92,14,1540.85,0,2,0,0.136123,1,1.99473e-18,9.03664e-19,1.19247e-18,1.77019e-18,1.99811e-18,1,3.56821e-18
15431,0,12,1385.92,14,1540.85,0,2,0,0.136054,1,8.49769e-18,3.84906e-18,5.07946e-18,7.51782e-18,8.48595e-18,1,1.51559e-17
15432,0,12,1385.92,14,1534.13,0,2,13,0.135986,1,3.5181e-17,1.59329e-17,2.10272e-17,3.10299e-17,3.50267e-17,1,6.2565e-17
15433,0,12,1385.92,14,1534.13,0,2,0,0.135918,1,4.75593e-19,2.15354e-19,2.84226e-19,4.18229e-19,4.7211e-19,1,8.43386e-19
15434,0,12,1385.92,14,1533.76,0,2,13,0.13585,1,2.08521e-18,9.44057e-19,1.24604e-18,1.82836e-18,2.06396e-18,1,3.68751e-18
15435,0,12,1385.92,14,1533.76,0,2,0,0.135783,1,2.97511e-20,1.34673e-20,1.77763e-20,2.60117e-20,2.93643e-20,1,5.2469e-20
15436,0,12,1385.92,14,1533.76,0,2,0,0.135715,1,1.37838e-19,6.23846e-20,8.23495e-20,1.20175e-19,1.35667e-19,1,2.42443e-19
15437,0,12,1385.92,14,1526.74,0,2,13,0.135647,1,6.19586e-19,2.80377e-19,3.70127e-19,5.38708e-19,6.08169e-19,1,1.08695e-18
15438,0,12,1385.92,14,1501.05,0,2,13,0.135579,1,9.02762e-21,4.08456e-21,5.39234e-21,7.82802e-21,8.83758e-21,1,1.57968e-20
15439,0,12,1385.92,14,1501.05,0,2,9,0.135511,1,1.42881e-22,6.46367e-23,8.53365e-23,1.23567e-22,1.39507e-22,1,2.49392e-22
15440,0,12,1385.92,14,1501.05,0,2,9,0.135443,1,1.41863e-23,6.41658e-24,8.47195e-24,1.22369e-23,1.38157e-23,1,2.47007e-23
15441,0,12,1385.92,14,1501.05,0,2,0,0.135376,1,1.47347e-24,6.66356e-25,8.79854e-25,1.26776e-24,1.43136e-24,1,2.55939e-24
15442,0,12,1385.92,14,1495.17,0,2,13,0.135308,1,8.31382e-24,3.75922e-24,4.96393e-24,7.13529e-24,8.05629e-24,1,1.4407e-23
15443,0,12,1385.92,14,1495.17,0,2,0,0.13524,1,1.5051e-25,6.80443e-26,8.98554e-26,1.28858e-25,1.45494e-25,1,2.60216e-25
15444,0,12,1385.92,14,1495.17,0,2,0,0.135173,1,8.88704e-25,4.01713e-25,5.30509e-25,7.59035e-25,8.57051e-25,1,1.53301e-24
15445,0,12,1385.92,14,1495.17,0,2,0,0.135105,1,5.0668e-24,2.28993e-24,3.02429e-24,4.31733e-24,4.87496e-24,1,8.72086e-24
15446,0,12,1385.92,14,1495.17,0,2,9,0.135038,1,2.79122e-23,1.26129e-23,1.66586e-23,2.37287e-23,2.67941e-23,1,4.79378e-23
15447,0,12,1385.92,14,1495.17,0,2,0,0.13497,1,2.84918e-24,1.28728e-24,1.70028e-24,2.41666e-24,2.72893e-24,1,4.88295e-24
15448,0,12,1385.92,14,1495.17,0,2,0,0.134903,1,1.58798e-23,7.17343e-24,9.47546e-24,1.34393e-23,1.51762e-23,1,2.71583e-23
15449,0,12,1385.92,14,1491.26,0,2,13,0.134835,1,8.55556e-23,3.86422e-23,5.10457e-23,7.22493e-23,8.1589e-23,1,1.46023e-22
15450,0,12,1385.92,14,1491.26,0,2,0,0.134768,1,1.46852e-24,6.6317e-25,8.76085e-25,1.23748e-24,1.39748e-24,1,2.50142e-24
15451,0,12,1385.92,14,1491.26,0,2,0,0.1347,1,8.29607e-24,3.74583e-24,4.94873e-24,6.97623e-24,7.87843e-24,1,1.41036e-23
15452,0,12,1385.92,14,1491.26,0,2,9,0.134633,1,4.52927e-23,2.04472e-23,2.7015e-23,3.80088e-23,4.29253e-23,1,7.68522e-23
15453,0,12,1385.92,14,1491.26,0,2,9,0.134566,1,4.56105e-24,2.05874e-24,2.72017e-24,3.81985e-24,4.31406e-24,1,7.72465e-24
15454,0,12,1385.92,14,1491.26,0,2,0,0.134498,1,4.80349e-25,2.16783e-25,2.86446e-25,4.01495e-25,4.53451e-25,1,8.12034e-25
15455,0,12,1385.92,14,1491.26,0,2,0,0.134431,1,2.77578e-24,1.25252e-24,1.65511e-24,2.31561e-24,2.61534e-24,1,4.68405e-24
15456,0,12,1385.92,14,1491.26,0,2,0,0.134364,1,1.54946e-23,6.99055e-24,9.238e-24,1.29014e-23,1.45717e-23,1,2.61008e-23
15457,0,12,1385.92,14,1491.26,0,2,0,0.134297,1,8.36073e-23,3.77142e-23,4.98421e-23,6.9485e-23,7.84826e-23,1,1.40595e-22
15458,0,12,1385.92,14,1491.26,0,2,0,0.13423,1,4.36381e-22,1.96815e-22,2.60119e-22,3.62008e-22,4.08895e-22,1,7.32584e-22
15459,0,12,1385.92,14,1490.71,0,2,13,0.134162,1,2.20461e-21,9.94155e-22,1.31399e-21,1.8256e-21,2.0621e-21,1,3.69493e-21
15460,0,12,1385.92,14,1490.71,0,2,9,0.134095,1,3.51244e-23,1.58366e-23,2.09327e-23,2.90348e-23,3.27969e-23,1,5.87733e-23
15461,0,12,1385.92,14,1490.71,0,2,0,0.134028,1,3.53612e-24,1.59408e-24,2.10717e-24,2.91802e-24,3.29619e-24,1,5.90759e-24
15462,0,12,1385.92,14,1490.84,0,2,9,0.133961,1,1.96597e-23,8.8612e-24,1.1714e-23,1.61959e-23,1.82953e-23,1,3.27935e-23
15463,0,12,1385.92,14,1490.84,0,2,9,0.133894,1,1.99945e-24,9.01064e-25,1.19122e-24,1.64443e-24,1.85764e-24,1,3.33013e-24
15464,0,12,1385.92,14,1490.84,0,2,0,0.133827,1,2.12624e-25,9.58051e-26,1.26663e-25,1.74587e-25,1.97228e-25,1,3.53605e-25
15465,0,12,1385.92,14,1490.84,0,2,0,0.13376,1,1.25029e-24,5.63272e-25,7.44737e-25,1.02498e-24,1.15793e-24,1,2.07627e-24
15466,0,12,1385.92,14,1490.84,0,2,0,0.133694,1,7.0995e-24,3.19791e-24,4.22839e-24,5.81103e-24,6.56494e-24,1,1.17729e-23
15467,0,12,1385.92,14,1490.84,0,2,0,0.133627,1,3.89552e-23,1.75442e-23,2.31989e-23,3.18363e-23,3.59676e-23,1,6.4508e-23
15468,0,12,1385.92,14,1490.84,0,2,0,0.13356,1,2.06689e-22,9.30713e-23,1.23076e-22,1.68663e-22,1.90554e-22,1,3.418e-22
15469,0,12,1385.92,14,1490.84,0,2,0,0.133493,1,1.06114e-21,4.7775e-22,6.31805e-22,8.64635e-22,9.76883e-22,1,1.75245e-21
15470,0,12,1385.92,14,1490.84,0,2,9,0.133426,1,5.27487e-21,2.3745e-21,3.14036e-21,4.29185e-21,4.84914e-21,1,8.69999e-21
15471,0,12,1385.92,14,1490.84,0,2,0,0.13336,1,4.77681e-22,2.14995e-22,2.84354e-22,3.88108e-22,4.38514e-22,1,7.86844e-22
15472,0,12,1385.92,14,1490.84,0,2,0,0.133293,1,2.41299e-21,1.08587e-21,1.43626e-21,1.95778e-21,2.21211e-21,1,3.96974e-21
15473,0,12,1385.92,14,1489.35,0,2,13,0.133226,1,1.18059e-20,5.31194e-21,7.02638e-21,9.56565e-21,1.08085e-20,1,1.93987e-20
15474,0,12,1385.92,14,1489.35,0,2,0,0.13316,1,1.79373e-22,8.06937e-23,1.06744e-22,1.4514e-22,1.64002e-22,1,2.9438e-22
15475,0,12,1385.92,14,1488.15,0,2,13,0.133093,1,9.24204e-22,4.15701e-22,5.49932e-22,7.46839e-22,8.43917e-22,1,1.51499e-21
15476,0,12,1385.92,14,1488.15,0,2,0,0.133027,1,1.47383e-23,6.62816e-24,8.76889e-24,1.18945e-23,1.34409e-23,1,2.41318e-23
15477,0,12,1385.92,14,1488.36,0,2,9,0.13296,1,7.98115e-23,3.58873e-23,4.74807e-23,6.43299e-23,7.26954e-23,1,1.30532e-22
15478,0,12,1385.92,14,1488.36,0,2,0,0.132894,1,7.81652e-24,3.51414e-24,4.64964e-24,6.29246e-24,7.11092e-24,1,1.27699e-23
15479,0,12,1385.92,14,1488.36,0,2,0,0.132827,1,4.28744e-23,1.92723e-23,2.55011e-23,3.44727e-23,3.89575e-23,1,6.99685e-23
15480,0,12,1385.92,14,1487.78,0,2,13,0.132761,1,2.27405e-22,1.02204e-22,1.35243e-22,1.82624e-22,2.06388e-22,1,3.7072e-22
15481,0,12,1385.92,14,1487.78,0,2,0,0.132694,1,3.70959e-24,1.66695e-24,2.20595e-24,2.97559e-24,3.36287e-24,1,6.0412e-24
15482,0,12,1385.92,14,1487.78,0,2,9,0.132628,1,2.0658e-23,9.28147e-24,1.22833e-23,1.65514e-23,1.87061e-23,1,3.36084e-23
15483,0,12,1385.92,14,1481.46,0,2,13,0.132562,1,2.07116e-24,9.30405e-25,1.23139e-24,1.65756e-24,1.87339e-24,1,3.36623e-24
15484,0,12,1385.92,14,1481.46,0,2,0,0.132495,1,3.69676e-26,1.66039e-26,2.19764e-26,2.95525e-26,3.34013e-26,1,6.00247e-26
15485,0,12,1385.92,14,1481.46,0,2,0,0.132429,1,2.25627e-25,1.01324e-25,1.34116e-25,1.80174e-25,2.03644e-25,1,3.66007e-25
15486,0,12,1385.92,14,1481.46,0,2,9,0.132363,1,1.3288e-24,5.96638e-25,7.8978e-25,1.05998e-24,1.19809e-24,1,2.15356e-24
15487,0,12,1385.92,14,1481.46,0,2,0,0.132297,1,1.4029e-25,6.29805e-26,8.3373e-26,1.11791e-25,1.2636e-25,1,2.27158e-25
15488,0,12,1385.92,14,1481.46,0,2,9,0.132231,1,8.34248e-25,3.7446e-25,4.95735e-25,6.64096e-25,7.50658e-25,1,1.34962e-24
15489,0,12,1385.92,14,1481.46,0,2,0,0.132165,1,8.87736e-26,3.98405e-26,5.27464e-26,7.05962e-26,7.98e-26,1,1.43491e-25
15490,0,12,1385.92,14,1481.46,0,2,0,0.132098,1,5.32846e-25,2.39096e-25,3.16567e-25,4.2332e-25,4.78522e-25,1,8.60546e-25
15491,0,12,1385.92,14,1479.7,0,2,13,0.132032,1,3.08718e-24,1.38505e-24,1.83392e-24,2.45024e-24,2.76982e-24,1,4.98166e-24
15492,0,12,1385.92,14,1479.09,0,2,13,0.131966,1,5.42232e-26,2.4323e-26,3.22076e-26,4.29949e-26,4.86038e-26,1,8.74268e-26
15493,0,12,1385.92,14,1479.09,0,2,0,0.1319,1,1.03069e-27,4.62263e-28,6.12147e-28,8.16492e-28,9.23032e-28,1,1.66051e-27
15494,0,12,1385.92,14,1479.09,0,2,0,0.131834,1,6.76075e-27,3.03171e-27,4.01493e-27,5.35083e-27,6.04917e-27,1,1.08836e-26
15495,0,12,1385.92,14,1479.09,0,2,0,0.131769,1,4.27309e-26,1.91586e-26,2.53735e-26,3.37891e-26,3.81999e-26,1,6.87368e-26
15496,0,12,1385.92,14,1479.09,0,2,0,0.131703,1,2.60428e-25,1.16746e-25,1.54625e-25,2.05749e-25,2.32613e-25,1,4.18613e-25
15497,0,12,1385.92,14,1479.09,0,2,0,0.131637,1,1.5316e-24,6.8648e-25,9.09268e-25,1.20898e-24,1.36686e-24,1,2.46011e-24
15498,0,12,1385.92,14,1479.09,0,2,0,0.131571,1,8.69801e-24,3.89793e-24,5.16323e-24,6.85998e-24,7.75606e-24,1,1.39612e-23
15499,0,12,1385.92,14,1479.09,0,2,0,0.131505,1,4.77325e-23,2.13874e-23,2.83316e-23,3.76144e-23,4.25287e-23,1,7.65621e-23
15500,0,12,1385.92,14,1479.09,0,2,0,0.131439,1,2.53292e-22,1.13474e-22,1.50326e-22,1.99437e-22,2.25499e-22,1,4.06001e-22
15501,0,12,1385.92,14,1479.09,0,2,0,0.131374,1,1.30056e-21,5.82555e-22,7.71788e-22,1.02321e-21,1.15695e-21,1,2.08329e-21
15502,0,12,1385.92,14,1479.09,0,2,0,0.131308,1,6.46588e-21,2.89576e-21,3.83662e-21,5.08298e-21,5.7475e-21,1,1.03505e-20
15503,0,12,1385.92,14,1479.09,0,2,0,0.131242,1,3.11449e-20,1.39461e-20,1.84783e-20,2.44647e-20,2.76638e-20,1,4.9825e-20
15504,0,12,1385.92,14,1479.09,0,2,0,0.131177,1,1.45439e-19,6.51144e-20,8.62803e-20,1.14157e-19,1.29088e-19,1,2.32527e-19
15505,0,12,1385.92,14,1477.59,0,2,13,0.131111,1,6.58837e-19,2.94919e-19,3.90807e-19,5.16744e-19,5.84343e-19,1,1.0527e-18
15506,0,12,1385.92,14,1477.59,0,2,0,0.131046,1,8.94608e-21,4.00395e-21,5.30606e-21,7.01151e-21,7.92893e-21,1,1.42858e-20
15507,0,12,1385.92,14,1477.59,0,2,0,0.13098,1,4.28377e-20,1.91695e-20,2.5405e-20,3.35499e-20,3.79407e-20,1,6.83669e-20
15508,0,12,1385.92,14,1477.59,0,2,9,0.130915,1,1.98887e-19,8.89859e-20,1.17938e-19,1.55655e-19,1.76031e-19,1,3.17234e-19
15509,0,12,1385.92,14,1477.59,0,2,0,0.130849,1,1.63414e-20,7.31032e-21,9.68932e-21,1.27805e-20,1.44538e-20,1,2.6051e-20
15510,0,12,1385.92,14,1477.21,0,2,13,0.130784,1,7.7352e-20,3.45977e-20,4.58595e-20,6.04549e-20,6.83719e-20,1,1.23246e-19
15511,0,12,1385.92,14,1477.21,0,2,9,0.130718,1,1.09024e-21,4.8756e-22,6.463e-22,8.51512e-22,9.63047e-22,1,1.73617e-21
15512,0,12,1385.92,14,1477.21,0,2,0,0.130653,1,9.91086e-23,4.43147e-23,5.8746e-23,7.73561e-23,8.74907e-23,1,1.57746e-22
15513,0,12,1385.92,14,1477.21,0,2,9,0.130588,1,5.19244e-22,2.32134e-22,3.07746e-22,4.05018e-22,4.58092e-22,1,8.26038e-22
15514,0,12,1385.92,14,1477.21,0,2,0,0.130522,1,4.78363e-23,2.13823e-23,2.83487e-23,3.72894e-23,4.21769e-23,1,7.60629e-23
15515,0,12,1385.92,14,1477.21,0,2,0,0.130457,1,2.54329e-22,1.13664e-22,1.50705e-22,1.98132e-22,2.24106e-22,1,4.04207e-22
15516,0,12,1385.92,14,1477.21,0,2,0,0.130392,1,1.30834e-21,5.84626e-22,7.75187e-22,1.01862e-21,1.15219e-21,1,2.07838e-21
15517,0,12,1385.92,14,1477.21,0,2,9,0.130327,1,6.51653e-21,2.91141e-21,3.86061e-21,5.07046e-21,5.73546e-21,1,1.03471e-20
15518,0,12,1385.92,14,1477.21,0,2,0,0.130262,1,5.69481e-22,2.54387e-22,3.37344e-22,4.42847e-22,5.0094e-22,1,9.03835e-22
15519,0,12,1385.92,14,1477.21,0,2,9,0.130196,1,2.8843e-21,1.28821e-21,1.7084e-21,2.24163e-21,2.53575e-21,1,4.57575e-21
15520,0,12,1385.92,14,1477.21,0,2,9,0.130131,1,2.55818e-22,1.14237e-22,1.51507e-22,1.98704e-22,2.24781e-22,1,4.05664e-22
15521,0,12,1385.92,14,1477.21,0,2,0,0.130066,1,2.37883e-23,1.06211e-23,1.40871e-23,1.84671e-23,2.08911e-23,1,3.77067e-23
15522,0,12,1385.92,14,1477.21,0,2,0,0.130001,1,1.28354e-22,5.72987e-23,7.60012e-23,9.95873e-23,1.12662e-22,1,2.0337e-22
15523,0,12,1385.92,14,1477.21,0,2,9,0.129936,1,6.69904e-22,2.99005e-22,3.96624e-22,5.19486e-22,5.87705e-22,1,1.06101e-21
15524,0,12,1385.92,14,1477.21,0,2,9,0.129871,1,6.09944e-23,2.72199e-23,3.61086e-23,4.7274e-23,5.34833e-23,1,9.65671e-23
15525,0,12,1385.92,14,1477.21,0,2,0,0.129806,1,5.81951e-24,2.59664e-24,3.44478e-24,4.50809e-24,5.10034e-24,1,9.21005e-24
15526,0,12,1385.92,14,1477.21,0,2,9,0.129741,1,3.23049e-23,1.4412e-23,1.91204e-23,2.50122e-23,2.82989e-23,1,5.11074e-23
15527,0,12,1385.92,14,1477.21,0,2,0,0.129677,1,3.11707e-24,1.39038e-24,1.84472e-24,2.4122e-24,2.72923e-24,1,4.92954e-24
15528,0,12,1385.92,14,1477.21,0,2,0,0.129612,1,1.75231e-23,7.81496e-24,1.03693e-23,1.35539e-23,1.53356e-23,1,2.77025e-23
15529,0,12,1385.92,14,1477.21,0,2,9,0.129547,1,9.521e-23,4.24549e-23,5.63346e-23,7.36079e-23,8.32864e-23,1,1.50467e-22
15530,0,12,1385.92,14,1477.21,0,2,0,0.129482,1,8.97403e-24,4.00095e-24,5.30927e-24,6.93463e-24,7.84663e-24,1,1.41776e-23
15531,0,12,1385.92,14,1477.21,0,2,9,0.129417,1,4.94229e-23,2.2031e-23,2.92368e-23,3.81734e-23,4.31948e-23,1,7.80553e-23
15532,0,12,1385.92,14,1477.21,0,2,0,0.129353,1,4.71289e-24,2.1005e-24,2.78769e-24,3.63849e-24,4.1172e-24,1,7.44089e-24
15533,0,12,1385.92,14,1477.21,0,2,0,0.129288,1,2.62955e-23,1.17178e-23,1.55522e-23,2.02917e-23,2.29621e-23,1,4.15035e-23
15534,0,12,1385.92,14,1477.21,0,2,0,0.129223,1,1.41823e-22,6.3189e-23,8.3871e-23,1.09393e-22,1.23792e-22,1,2.23779e-22
15535,0,12,1385.92,14,1477.21,0,2,9,0.129159,1,7.39903e-22,3.29609e-22,4.37516e-22,5.70466e-22,6.45571e-22,1,1.16713e-21
15536,0,12,1385.92,14,1477.21,0,2,0,0.129094,1,6.66944e-23,2.9706e-23,3.94333e-23,5.13995e-23,5.81679e-23,1,1.05175e-22
15537,0,12,1385.92,14,1477.21,0,2,9,0.12903,1,3.53281e-22,1.57327e-22,2.08857e-22,2.72149e-22,3.07994e-22,1,5.56957e-22
15538,0,12,1385.92,14,1477.21,0,2,9,0.128965,1,3.22706e-23,1.43688e-23,1.90761e-23,2.48493e-23,2.81229e-23,1,5.08617e-23
15539,0,12,1385.92,14,1477.21,0,2,0,0.128901,1,3.08876e-24,1.37508e-24,1.82566e-24,2.37746e-24,2.69074e-24,1,4.86691e-24
15540,0,12,1385.92,14,1477.27,0,2,9,0.128836,1,1.73945e-23,7.74255e-24,1.02802e-23,1.33834e-23,1.51473e-23,1,2.74011e-23
15541,0,12,1385.92,14,1477.27,0,2,0,0.128772,1,1.68313e-24,7.49065e-25,9.94631e-25,1.2945e-24,1.46515e-24,1,2.65073e-24
15542,0,12,1385.92,14,1477.27,0,2,9,0.128707,1,9.59575e-24,4.26984e-24,5.66994e-24,7.37729e-24,8.34999e-24,1,1.51086e-23
15543,0,12,1385.92,13,1547.59,0,2,13,0.128643,1,9.38242e-25,4.17424e-25,5.54331e-25,7.21054e-25,8.16146e-25,1,1.47692e-24
15544,0,12,1385.92,13,1547.59,0,2,0,0.128579,1,1.59941e-26,7.11462e-27,9.44862e-27,1.22871e-26,1.39079e-26,1,2.51711e-26
15545,0,12,1385.92,13,1524.9,0,2,13,0.128514,1,1.00032e-25,4.44899e-26,5.90885e-26,7.68196e-26,8.69548e-26,1,1.57393e-25
15546,0,12,1385.92,13,1524.9,0,2,0,0.12845,1,1.77886e-27,7.91027e-28,1.05065e-27,1.36557e-27,1.54578e-27,1,2.79828e-27
15547,0,12,1385.92,13,1524.9,0,2,0,0.128386,1,1.16232e-26,5.16779e-27,6.86429e-27,8.91959e-27,1.00969e-26,1,1.82803e-26
15548,0,12,1385.92,13,1524.9,0,2,0,0.128322,1,7.31849e-26,3.25336e-26,4.32162e-26,5.61423e-26,6.35542e-26,1,1.15078e-25
15549,0,12,1385.92,13,1515.96,0,2,13,0.128258,1,4.44376e-25,1.9751e-25,2.62379e-25,3.40777e-25,3.85776e-25,1,6.98607e-25
15550,0,12,1385.92,13,1515.96,0,2,0,0.128193,1,7.64062e-27,3.39545e-27,4.51089e-27,5.85736e-27,6.63097e-27,1,1.20095e-26
15551,0,12,1385.92,13,1515.96,0,2,0,0.128129,1,4.85294e-26,2.15627e-26,2.86479e-26,3.71907e-26,4.21037e-26,1,7.62643e-26
15552,0,12,1385.92,13,1515.96,0,2,9,0.128065,1,2.97193e-25,1.32028e-25,1.75421e-25,2.27681e-25,2.57764e-25,1,4.66956e-25
15553,0,12,1385.92,13,1515.96,0,2,0,0.128001,1,3.0919e-26,1.37335e-26,1.82483e-26,2.36795e-26,2.6809e-26,1,4.85719e-26
15554,0,12,1385.92,13,1515.96,0,2,9,0.127937,1,1.91095e-25,8.48667e-26,1.12772e-25,1.46306e-25,1.65645e-25,1,3.00148e-25
15555,0,12,1385.92,13,1513.74,0,2,13,0.127873,1,2.00284e-26,8.89331e-27,1.18182e-26,1.53293e-26,1.73561e-26,1,3.14528e-26
15556,0,12,1385.92,13,1513.74,0,2,0,0.127809,1,3.63902e-28,1.61559e-28,2.14706e-28,2.78438e-28,3.15259e-28,1,5.71383e-28
15557,0,12,1385.92,13,1513.74,0,2,0,0.127745,1,2.4569e-27,1.0906e-27,1.44944e-27,1.87932e-27,2.1279e-27,1,3.85711e-27
15558,0,12,1385.92,13,1513.74,0,2,0,0.127682,1,1.59744e-26,7.08971e-27,9.42303e-27,1.22154e-26,1.38315e-26,1,2.50744e-26
15559,0,12,1385.92,13,1513.74,0,2,0,0.127618,1,1.00095e-25,4.4417e-26,5.90385e-26,7.65194e-26,8.66451e-26,1,1.57094e-25
15560,0,12,1385.92,13,1513.74,0,2,9,0.127554,1,6.04893e-25,2.68375e-25,3.56742e-25,4.62287e-25,5.23474e-25,1,9.49207e-25
15561,0,12,1385.92,13,1513.74,0,2,0,0.12749,1,6.17165e-26,2.73775e-26,3.63941e-26,4.71533e-26,5.33956e-26,1,9.68329e-26
15562,0,12,1385.92,13,1513.74,0,2,0,0.127426,1,3.76651e-25,1.67056e-25,2.22087e-25,2.87693e-25,3.25787e-25,1,5.90886e-25
15563,0,12,1385.92,13,1513.74,0,2,0,0.127363,1,2.21808e-24,9.83626e-25,1.30772e-24,1.69375e-24,1.91807e-24,1,3.47925e-24
15564,0,12,1385.92,13,1513.74,0,2,0,0.127299,1,1.26132e-23,5.5925e-24,7.4356e-24,9.62895e-24,1.09045e-23,1,1.97823e-23
15565,0,12,1385.92,13,1513.74,0,2,9,0.127235,1,6.93072e-23,3.07248e-23,4.08531e-23,5.28955e-23,5.9904e-23,1,1.08688e-22
15566,0,12,1385.92,13,1513.74,0,2,0,0.127172,1,6.4158e-24,2.84375e-24,3.78138e-24,4.89528e-24,5.54403e-24,1,1.00601e-23
15567,0,12,1385.92,13,1509.95,0,2,13,0.127108,1,3.57383e-23,1.58381e-23,2.10614e-23,2.72615e-23,3.08751e-23,1,5.60319e-23
15568,0,12,1385.92,13,1509.95,0,2,0,0.127045,1,5.52934e-25,2.45004e-25,3.25823e-25,4.21676e-25,4.77583e-25,1,8.66819e-25
15569,0,12,1385.92,13,1509.95,0,2,0,0.126981,1,3.2341e-24,1.43279e-24,1.90553e-24,2.46576e-24,2.79275e-24,1,5.06948e-24
15570,0,12,1385.92,13,1509.95,0,2,0,0.126918,1,1.82684e-23,8.09204e-24,1.07626e-23,1.39249e-23,1.57719e-23,1,2.8633e-23
15571,0,12,1385.92,13,1509.95,0,2,0,0.126854,1,9.97271e-23,4.41672e-23,5.87467e-23,7.59976e-23,8.60799e-23,1,1.56292e-22
15572,0,12,1385.92,13,1509.95,0,2,0,0.126791,1,5.26484e-22,2.33132e-22,3.10106e-22,4.01115e-22,4.54341e-22,1,8.25028e-22
15573,0,12,1385.92,13,1509.95,0,2,0,0.126727,1,2.68971e-21,1.19083e-21,1.5841e-21,2.04874e-21,2.32065e-21,1,4.21453e-21
15574,0,12,1385.92,13,1509.83,0,2,13,0.126664,1,1.33062e-20,5.89019e-21,7.83587e-21,1.0133e-20,1.14781e-20,1,2.08479e-20
15575,0,12,1385.92,13,1509.83,0,2,0,0.126601,1,1.81769e-22,8.04496e-23,1.0703e-22,1.3839e-22,1.56765e-22,1,2.84768e-22
15576,0,12,1385.92,13,1509.83,0,2,0,0.126537,1,9.48766e-22,4.19848e-22,5.58598e-22,7.22179e-22,8.1809e-22,1,1.48626e-21
15577,0,12,1385.92,13,1509.83,0,2,0,0.126474,1,4.7934e-21,2.12083e-21,2.82187e-21,3.64782e-21,4.13238e-21,1,7.50839e-21
15578,0,12,1385.92,13,1509.83,0,2,0,0.126411,1,2.34559e-20,1.03763e-20,1.38071e-20,1.78463e-20,2.02175e-20,1,3.67388e-20
15579,0,12,1385.92,13,1509.83,0,2,0,0.126348,1,1.11241e-19,4.92021e-20,6.54735e-20,8.46187e-20,9.58639e-20,1,1.74223e-19
15580,0,12,1385.92,13,1509.83,0,2,0,0.126284,1,5.11615e-19,2.26252e-19,3.01092e-19,3.89094e-19,4.40813e-19,1,8.01228e-19
15581,0,12,1385.92,13,1509.83,0,2,0,0.126221,1,2.28327e-18,1.00957e-18,1.34359e-18,1.73611e-18,1.96693e-18,1,3.57555e-18
15582,0,12,1385.92,13,1509.83,0,2,0,0.126158,1,9.8938e-18,4.37392e-18,5.8214e-18,7.52135e-18,8.52151e-18,1,1.54925e-17
15583,0,12,1385.92,13,1508.8,0,2,13,0.126095,1,4.16501e-17,1.84099e-17,2.45038e-17,3.16563e-17,3.58668e-17,1,6.52154e-17
15584,0,12,1385.92,13,1508.8,0,2,0,0.126032,1,4.80603e-19,2.12399e-19,2.82721e-19,3.65212e-19,4.13798e-19,1,7.52485e-19
15585,0,12,1385.92,13,1507.74,0,2,13,0.125969,1,2.14866e-18,9.4943e-19,1.26385e-18,1.63246e-18,1.84967e-18,1,3.36401e-18
15586,0,12,1385.92,13,1507.74,0,2,0,0.125906,1,2.6238e-20,1.15919e-20,1.54316e-20,1.99306e-20,2.25832e-20,1,4.10769e-20
15587,0,12,1385.92,13,1507.74,0,2,0,0.125843,1,1.2429e-19,5.49022e-20,7.30921e-20,9.43938e-20,1.06959e-19,1,1.94574e-19
15588,0,12,1385.92,13,1507.29,0,2,13,0.12578,1,5.70983e-19,2.52177e-19,3.35746e-19,4.33559e-19,4.91286e-19,1,8.93823e-19
15589,0,12,1385.92,13,1507.29,0,2,0,0.125717,1,7.13551e-21,3.15091e-21,4.19533e-21,5.41713e-21,6.13856e-21,1,1.11696e-20
15590,0,12,1385.92,13,1507.29,0,2,0,0.125654,1,3.46979e-20,1.53194e-20,2.03985e-20,2.63371e-20,2.98453e-20,1,5.43122e-20
15591,0,12,1385.92,13,1507.29,0,2,9,0.125592,1,1.63545e-19,7.21946e-20,9.61358e-20,1.24114e-19,1.40651e-19,1,2.55985e-19
15592,0,12,1385.92,13,1505.91,0,2,13,0.125529,1,1.27537e-20,5.62902e-21,7.49615e-21,9.67708e-21,1.09667e-20,1,1.99618e-20
15593,0,12,1385.92,13,1505.91,0,2,0,0.125466,1,1.71128e-22,7.55175e-23,1.00572e-22,1.29824e-22,1.47128e-22,1,2.67838e-22
15594,0,12,1385.92,13,1505.91,0,2,0,0.125403,1,8.96425e-22,3.95521e-22,5.26774e-22,6.79942e-22,7.7059e-22,1,1.40298e-21
15595,0,12,1385.92,13,1505.91,0,2,0,0.125341,1,4.54487e-21,2.00496e-21,2.67046e-21,3.44671e-21,3.90632e-21,1,7.11294e-21
15596,0,12,1385.92,13,1505.91,0,2,0,0.125278,1,2.23165e-20,9.84326e-21,1.31112e-20,1.69214e-20,1.91782e-20,1,3.49255e-20
15597,0,12,1385.92,13,1505.98,0,2,9,0.125215,1,1.06194e-19,4.6832e-20,6.23838e-20,8.05078e-20,9.12477e-20,1,1.66191e-19
15598,0,12,1385.92,13,1505.98,0,2,0,0.125153,1,8.31832e-21,3.66781e-21,4.88609e-21,6.30525e-21,7.14657e-21,1,1.30177e-20
15599,0,12,1385.92,13,1503.89,0,2,13,0.12509,1,4.03751e-20,1.77997e-20,2.37134e-20,3.05992e-20,3.46829e-20,1,6.31838e-20
15600,0,12,1385.92,13,1503.89,0,2,0,0.125028,1,5.25669e-22,2.31708e-22,3.08707e-22,3.98326e-22,4.51498e-22,1,8.22617e-22
15601,0,12,1385.92,13,1503.82,0,2,13,0.124965,1,2.69561e-21,1.188e-21,1.58287e-21,2.04228e-21,2.31495e-21,1,4.21829e-21
15602,0,12,1385.92,13,1503.82,0,2,0,0.124903,1,3.6951e-23,1.62822e-23,2.16954e-23,2.79909e-23,3.17289e-23,1,5.78231e-23
15603,0,12,1385.92,13,1503.82,0,2,0,0.12484,1,1.99766e-22,8.80111e-23,1.17278e-22,1.51302e-22,1.71512e-22,1,3.12603e-22
15604,0,12,1385.92,13,1503.82,0,2,0,0.124778,1,1.04463e-21,4.60156e-22,6.1321e-22,7.91076e-22,8.96765e-22,1,1.63467e-21
15605,0,12,1385.92,13,1503.82,0,2,0,0.124715,1,5.28725e-21,2.32864e-21,3.10336e-21,4.00334e-21,4.5383e-21,1,8.27363e-21
15606,0,12,1385.92,13,1503.82,0,2,0,0.124653,1,2.59185e-20,1.14133e-20,1.52113e-20,1.96217e-20,2.22443e-20,1,4.05578e-20
15607,0,12,1385.92,13,1503.82,0,2,0,0.124591,1,1.23133e-19,5.42132e-20,7.22576e-20,9.32048e-20,1.05665e-19,1,1.92681e-19
15608,0,12,1385.92,13,1503.82,0,2,0,0.124528,1,5.67276e-19,2.4972e-19,3.32857e-19,4.29334e-19,4.86742e-19,1,8.87684e-19
15609,0,12,1385.92,13,1503.82,0,2,0,0.124466,1,2.53591e-18,1.11615e-18,1.48782e-18,1.91899e-18,2.17564e-18,1,3.96825e-18
15610,0,12,1385.92,13,1503.82,0,2,0,0.124404,1,1.10066e-17,4.8436e-18,6.45688e-18,8.32778e-18,9.4418e-18,1,1.72234e-17
15611,0,12,1385.92,13,1503.82,0,2,9,0.124342,1,4.6409e-17,2.04196e-17,2.72224e-17,3.5109e-17,3.98067e-17,1,7.26226e-17
15612,0,12,1385.92,13,1503.82,0,2,9,0.124279,1,3.1922e-18,1.40431e-18,1.87227e-18,2.41461e-18,2.73776e-18,1,4.99531e-18
15613,0,12,1385.92,13,1503.82,0,2,0,0.124217,1,2.31368e-19,1.01767e-19,1.35686e-19,1.74985e-19,1.98408e-19,1,3.62059e-19
15614,0,12,1385.92,13,1503.82,0,2,0,0.124155,1,1.05353e-18,4.63316e-19,6.17776e-19,7.96681e-19,9.03345e-19,1,1.64864e-18
15615,0,12,1385.92,13,1503.82,0,2,0,0.124093,1,4.65595e-18,2.04724e-18,2.7299e-18,3.52037e-18,3.9918e-18,1,7.28608e-18
15616,0,12,1385.92,13,1503.82,0,2,9,0.124031,1,1.99824e-17,8.78488e-18,1.17149e-17,1.51067e-17,1.71302e-17,1,3.12708e-17
15617,0,12,1385.92,13,1503.82,0,2,0,0.123969,1,1.39282e-18,6.12228e-19,8.16473e-19,1.05284e-18,1.19389e-18,1,2.17969e-18
15618,0,12,1385.92,13,1503.82,0,2,9,0.123907,1,6.12393e-18,2.69139e-18,3.58947e-18,4.62851e-18,5.24873e-18,1,9.58377e-18
15619,0,12,1385.92,13,1503.82,0,2,0,0.123845,1,4.36371e-19,1.91748e-19,2.55746e-19,3.2977e-19,3.73969e-19,1,6.82919e-19
15620,0,12,1385.92,13,1503.82,0,2,0,0.123783,1,1.96376e-18,8.62762e-19,1.15079e-18,1.48385e-18,1.68277e-18,1,3.07334e-18
15621,0,12,1385.92,13,1503.82,0,2,9,0.123721,1,8.5791e-18,3.76854e-18,5.02692e-18,6.48169e-18,7.35079e-18,1,1.34268e-17
15622,0,12,1385.92,13,1503.82,0,2,0,0.123659,1,6.06002e-19,2.66155e-19,3.55049e-19,4.57791e-19,5.19187e-19,1,9.48451e-19
15623,0,12,1385.92,13,1503.82,0,2,0,0.123598,1,2.71054e-18,1.19027e-18,1.5879e-18,2.04737e-18,2.32201e-18,1,4.24236e-18
15624,0,12,1385.92,13,1503.82,0,2,0,0.123536,1,1.1771e-17,5.16807e-18,6.89498e-18,8.88995e-18,1.00827e-17,1,1.84236e-17
15625,0,12,1385.92,13,1503.82,0,2,0,0.123474,1,4.96587e-17,2.17992e-17,2.90851e-17,3.75e-17,4.25325e-17,1,7.77264e-17
15626,0,12,1385.92,13,1503.82,0,2,0,0.123412,1,2.03637e-16,8.93779e-17,1.19257e-16,1.53759e-16,1.74398e-16,1,3.18743e-16
15627,0,12,1385.92,13,1503.82,0,2,9,0.123351,1,8.12153e-16,3.56402e-16,4.75575e-16,6.13156e-16,6.95476e-16,1,1.27126e-15
15628,0,12,1385.92,13,1503.8,0,2,13,0.123289,1,5.2209e-17,2.29074e-17,3.0569e-17,3.9412e-17,4.47044e-17,1,8.17252e-17
15629,0,12,1385.92,13,1503.8,0,2,9,0.123227,1,5.72162e-19,2.51003e-19,3.34971e-19,4.31869e-19,4.89875e-19,1,8.9566e-19
15630,0,12,1385.92,13,1503.8,0,2,0,0.123166,1,4.24087e-20,1.86013e-20,2.48254e-20,3.20065e-20,3.63064e-20,1,6.63885e-20
15631,0,12,1385.92,13,1503.8,0,2,9,0.123104,1,2.00159e-19,8.77791e-20,1.17158e-19,1.51046e-19,1.71342e-19,1,3.13348e-19
15632,0,12,1385.92,13,1503.8,0,2,0,0.123043,1,1.51268e-20,6.63272e-21,8.85312e-21,1.14139e-20,1.29479e-20,1,2.36818e-20
15633,0,12,1385.92,13,1503.8,0,2,0,0.122981,1,7.2887e-20,3.19538e-20,4.26533e-20,5.49906e-20,6.23829e-20,1,1.14112e-19
15634,0,12,1385.92,13,1503.8,0,2,0,0.12292,1,3.40476e-19,1.49241e-19,1.99224e-19,2.56849e-19,2.91384e-19,1,5.33071e-19
15635,0,12,1385.92,13,1503.8,0,2,0,0.122858,1,1.54285e-18,6.76165e-19,9.02678e-19,1.16377e-18,1.32028e-18,1,2.41568e-18
15636,0,12,1385.92,13,1503.8,0,2,9,0.122797,1,6.78613e-18,2.97358e-18,3.96995e-18,5.11823e-18,5.8067e-18,1,1.06256e-17
15637,0,12,1385.92,13,1503.8,0,2,0,0.122735,1,4.76647e-19,2.08825e-19,2.78813e-19,3.59458e-19,4.07821e-19,1,7.46357e-19
15638,0,12,1385.92,13,1503.8,0,2,0,0.122674,1,2.14642e-18,9.4022e-19,1.25541e-18,1.61853e-18,1.83634e-18,1,3.36111e-18
15639,0,12,1385.92,13,1503.8,0,2,9,0.122613,1,9.38315e-18,4.10952e-18,5.48747e-18,7.07471e-18,8.02697e-18,1,1.46938e-17
15640,0,12,1385.92,13,1503.8,0,2,0,0.122551,1,6.53492e-19,2.86161e-19,3.82135e-19,4.92669e-19,5.58996e-19,1,1.0234e-18
15641,0,12,1385.92,13,1503.8,0,2,0,0.12249,1,2.92562e-18,1.28091e-18,1.7106e-18,2.20541e-18,2.50238e-18,1,4.58185e-18
15642,0,12,1385.92,13,1503.8,0,2,0,0.122429,1,1.27164e-17,5.56661e-18,7.4344e-18,9.58494e-18,1.08759e-17,1,1.99161e-17
15643,0,12,1385.92,13,1503.8,0,2,0,0.122367,1,5.36943e-17,2.35009e-17,3.13881e-17,4.04679e-17,4.59195e-17,1,8.40988e-17
15644,0,12,1385.92,13,1503.8,0,2,0,0.122306,1,2.20375e-16,9.64376e-17,1.28811e-16,1.66074e-16,1.88451e-16,1,3.45179e-16
15645,0,12,1385.92,13,1503.8,0,2,9,0.122245,1,8.79651e-16,3.84878e-16,5.14107e-16,6.62837e-16,7.52169e-16,1,1.37789e-15
15646,0,12,1385.92,13,1503.8,0,2,0,0.122184,1,5.57641e-17,2.43947e-17,3.25875e-17,4.20154e-17,4.76791e-17,1,8.73531e-17
15647,0,12,1385.92,13,1502.19,0,2,13,0.122123,1,2.28791e-16,1.00071e-16,1.33687e-16,1.72365e-16,1.95605e-16,1,3.58413e-16
15648,0,12,1385.92,13,1502.19,0,2,0,0.122062,1,2.38678e-18,1.04378e-18,1.39449e-18,1.79797e-18,2.04044e-18,1,3.7392e-18
15649,0,12,1385.92,13,1502.19,0,2,0,0.122001,1,1.0426e-17,4.5587e-18,6.09077e-18,7.85314e-18,8.91242e-18,1,1.63344e-17
15650,0,12,1385.92,13,1502.19,0,2,0,0.12194,1,4.42381e-17,1.93397e-17,2.58408e-17,3.33183e-17,3.78134e-17,1,6.93118e-17
15651,0,12,1385.92,13,1502.19,0,2,0,0.121879,1,1.82434e-16,7.97418e-17,1.06554e-16,1.37388e-16,1.55928e-16,1,2.8585e-16
15652,0,12,1385.92,13,1502.19,0,2,0,0.121818,1,7.31621e-16,3.19739e-16,4.2727e-16,5.50922e-16,6.25282e-16,1,1.14642e-15
15653,0,12,1385.92,13,1502.19,0,2,0,0.121757,1,2.85483e-15,1.24743e-15,1.66705e-15,2.14953e-15,2.43972e-15,1,4.47362e-15
15654,0,12,1385.92,13,1502.19,0,2,0,0.121696,1,1.08448e-14,4.73792e-15,6.33207e-15,8.16481e-15,9.26732e-15,1,1.69952e-14
15655,0,12,1385.92,13,1502.19,0,2,9,0.121635,1,4.01277e-14,1.75282e-14,2.34272e-14,3.02084e-14,3.42884e-14,1,6.28885e-14
15656,0,12,1385.92,13,1502.19,0,2,0,0.121574,1,2.34226e-15,1.02296e-15,1.3673e-15,1.76311e-15,2.00129e-15,1,3.67102e-15
15657,0,12,1385.92,13,1502.19,0,2,0,0.121514,1,8.93624e-15,3.90215e-15,5.216e-15,6.72605e-15,7.63486e-15,1,1.40065e-14
15658,0,12,1385.92,13,1502.19,0,2,0,0.121453,1,3.3206e-14,1.44975e-14,1.93799e-14,2.49909e-14,2.83684e-14,1,5.20495e-14
15659,0,12,1385.92,13,1502.19,0,2,0,0.121392,1,1.20239e-13,5.2487e-14,7.01675e-14,9.04846e-14,1.02716e-13,1,1.88483e-13
15660,0,12,1385.92,13,1502.19,0,2,0,0.121332,1,4.24491e-13,1.85269e-13,2.47691e-13,3.19417e-13,3.62603e-13,1,6.65456e-13
15661,0,12,1385.92,13,1502.19,0,2,9,0.121271,1,1.46184e-12,6.37912e-13,8.52894e-13,1.09989e-12,1.24864e-12,1,2.2918e-12
15662,0,12,1385.92,13,1502.19,0,2,9,0.12121,1,7.91348e-14,3.45269e-14,4.61654e-14,5.95362e-14,6.75891e-14,1,1.24071e-13
15663,0,12,1385.92,13,1502.19,0,2,0,0.12115,1,4.53542e-15,1.9785e-15,2.64557e-15,3.41188e-15,3.87347e-15,1,7.11126e-15
15664,0,12,1385.92,13,1502.19,0,2,0,0.121089,1,1.70947e-14,7.45604e-15,9.97052e-15,1.28588e-14,1.45989e-14,1,2.68051e-14
15665,0,12,1385.92,13,1502.19,0,2,0,0.121028,1,6.27703e-14,2.73733e-14,3.66069e-14,4.72123e-14,5.36024e-14,1,9.84319e-14
15666,0,12,1385.92,13,1502.19,0,2,0,0.120968,1,2.24655e-13,9.79531e-14,1.31002e-13,1.68959e-13,1.91832e-13,1,3.52311e-13
15667,0,12,1385.92,13,1502.19,0,2,0,0.120907,1,7.841e-13,3.41822e-13,4.57179e-13,5.89657e-13,6.695e-13,1,1.22972e-12
15668,0,12,1385.92,13,1502.19,0,2,0,0.120847,1,2.67014e-12,1.16383e-12,1.55669e-12,2.00782e-12,2.27975e-12,1,4.18791e-12
15669,0,12,1385.92,13,1502.19,0,2,0,0.120787,1,8.87597e-12,3.86813e-12,5.17412e-12,6.67377e-12,7.57782e-12,1,1.39222e-11
15670,0,12,1385.92,13,1502.19,0,2,9,0.120726,1,2.88154e-11,1.25556e-11,1.67957e-11,2.16643e-11,2.45996e-11,1,4.52006e-11
15671,0,12,1385.92,13,1502.19,0,2,0,0.120666,1,1.46133e-12,6.36632e-13,8.51678e-13,1.09858e-12,1.24746e-12,1,2.29243e-12
15672,0,12,1385.92,13,1502.19,0,2,9,0.120606,1,4.91802e-12,2.14219e-12,2.86596e-12,3.6969e-12,4.19802e-12,1,7.71553e-12
15673,0,12,1385.92,13,1502.19,0,2,0,0.120545,1,2.57939e-13,1.12335e-13,1.50297e-13,1.93879e-13,2.20165e-13,1,4.04689e-13
15674,0,12,1385.92,13,1502.19,0,2,9,0.120485,1,8.98657e-13,3.91307e-13,5.23576e-13,6.75416e-13,7.67007e-13,1,1.41002e-12
15675,0,12,1385.92,13,1502.19,0,2,9,0.120425,1,4.86787e-14,2.11929e-14,2.83582e-14,3.65832e-14,4.15452e-14,1,7.63837e-14
15676,0,12,1385.92,13,1502.19,0,2,9,0.120364,1,2.79164e-15,1.21518e-15,1.62612e-15,2.09782e-15,2.38242e-15,1,4.38077e-15
15677,0,12,1385.92,13,1502.19,0,2,9,0.120304,1,1.69303e-16,7.36839e-17,9.86077e-17,1.27215e-16,1.44477e-16,1,2.65697e-16
15678,0,12,1385.92,13,1502.19,0,2,0,0.120244,1,1.08461e-17,4.71966e-18,6.31646e-18,8.14919e-18,9.25522e-18,1,1.70226e-17
15679,0,12,1385.92,13,1502.19,0,2,9,0.120184,1,4.61648e-17,2.00851e-17,2.68821e-17,3.46829e-17,3.93912e-17,1,7.24588e-17
15680,0,12,1385.92,13,1502.19,0,2,0,0.120124,1,3.03037e-18,1.31821e-18,1.76441e-18,2.27649e-18,2.5856e-18,1,4.75669e-18
15681,0,12,1385.92,13,1502.19,0,2,0,0.120064,1,1.32317e-17,5.75484e-18,7.70323e-18,9.93922e-18,1.12891e-17,1,2.07709e-17
15682,0,12,1385.92,13,1502.19,0,2,0,0.120004,1,5.612e-17,2.44041e-17,3.26684e-17,4.21522e-17,4.78781e-17,1,8.81024e-17
15683,0,12,1385.92,13,1502.19,0,2,0,0.119944,1,2.3134e-16,1.00583e-16,1.34653e-16,1.73748e-16,1.97355e-16,1,3.63205e-16
15684,0,12,1385.92,13,1502.19,0,2,0,0.119884,1,9.27387e-16,4.03146e-16,5.39731e-16,6.96462e-16,7.91109e-16,1,1.45611e-15
15685,0,12,1385.92,13,1502.19,0,2,0,0.119824,1,3.61733e-15,1.57223e-15,2.10503e-15,2.71638e-15,3.08561e-15,1,5.68003e-15
15686,0,12,1385.92,13,1502.19,0,2,0,0.119764,1,1.37362e-14,5.96929e-15,7.99262e-15,1.03142e-14,1.17165e-14,1,2.15705e-14
15687,0,12,1385.92,13,1502.19,0,2,0,0.119704,1,5.08076e-14,2.20756e-14,2.956e-14,3.81475e-14,4.33349e-14,1,7.97909e-14
15688,0,12,1385.92,13,1502.19,0,2,0,0.119644,1,1.83147e-13,7.95628e-14,1.06544e-13,1.375e-13,1.56202e-13,1,2.87644e-13
15689,0,12,1385.92,13,1502.19,0,2,9,0.119584,1,6.43724e-13,2.79601e-13,3.74439e-13,4.8325e-13,5.48992e-13,1,1.01108e-12
15690,0,12,1385.92,13,1502.19,0,2,0,0.119525,1,3.4737e-14,1.50855e-14,2.02035e-14,2.60755e-14,2.96236e-14,1,5.45647e-14
15691,0,12,1385.92,13,1502.19,0,2,0,0.119465,1,1.26215e-13,5.48029e-14,7.34001e-14,9.47364e-14,1.0763e-13,1,1.98272e-13
15692,0,12,1385.92,13,1502.19,0,2,0,0.119405,1,4.47084e-13,1.94093e-13,2.59973e-13,3.35555e-13,3.81234e-13,1,7.0238e-13
15693,0,12,1385.92,13,1502.19,0,2,0,0.119345,1,1.54472e-12,6.70499e-13,8.98136e-13,1.15929e-12,1.31714e-12,1,2.42697e-12
15694,0,12,1385.92,13,1502.19,0,2,0,0.119286,1,5.2084e-12,2.26038e-12,3.02796e-12,3.90855e-12,4.44084e-12,1,8.18375e-12
15695,0,12,1385.92,13,1502.19,0,2,0,0.119226,1,1.71461e-11,7.43993e-12,9.96698e-12,1.2866e-11,1.46186e-11,1,2.6943e-11
15696,0,12,1385.92,13,1502.19,0,2,0,0.119167,1,5.51361e-11,2.39204e-11,3.2047e-11,4.13699e-11,4.70063e-11,1,8.66462e-11
15697,0,12,1385.92,13,1502.19,0,2,9,0.119107,1,1.73269e-10,7.51587e-11,1.00699e-10,1.29998e-10,1.47713e-10,1,2.72312e-10
15698,1,12,1385.92,13,1502.19,0,2,9,0.119047,1,8.32285e-12,3.6096e-12,4.83648e-12,6.24392e-12,7.09498e-12,1,1.30813e-11
15699,1,12,1385.92,13,1502.19,2,1,0,0.118988,9.27794e-10,1.59532e-09,1,6.21729e-10,1.02412e-09,1,1.80359e-08,9.88875e-10
15700,1,12,1385.92,13,1502.19,2,1,0,0.118928,2.19233e-09,3.77007e-09,1,1.469e-09,2.40477e-09,1,4.2375e-08,2.32199e-09
15701,1,12,1385.92,13,1502.19,2,1,0,0.118869,5.09336e-09,8.7598e-09,1,3.41259e-09,5.55256e-09,1,9.7899e-08,5.36139e-09
15702,1,12,1385.92,13,1502.19,2,1,0,0.118809,1.16383e-08,2.00183e-08,1,7.79715e-09,1.26111e-08,1,2.22479e-07,1.21769e-08
15703,1,12,1385.92,13,1502.19,2,1,9,0.11875,2.61643e-08,4.50084e-08,1,1.75275e-08,2.81837e-08,0.999999,4.97487e-07,2.7213e-08
15704,1,12,1385.92,13,1502.19,2,1,0,0.118691,9.00507e-10,1.54924e-09,1,6.03201e-10,9.6439e-10,1,1.70328e-08,9.31168e-10
15705,1,12,1385.92,13,1502.19,2,1,0,0.118631,2.13007e-09,3.66498e-09,1,1.4267e-09,2.26822e-09,1,4.00837e-08,2.19007e-09
15706,1,12,1385.92,13,1502.19,2,1,0,0.118572,4.95375e-09,8.52431e-09,1,3.31772e-09,5.24566e-09,1,9.2754e-08,5.06489e-09
15707,1,12,1385.92,13,1502.19,2,1,0,0.118513,1.13306e-08,1.94996e-08,1,7.58796e-09,1.19328e-08,1,2.11118e-07,1.15215e-08
15708,1,12,1385.92,13,1502.19,2,1,0,0.118454,2.54975e-08,4.38851e-08,1,1.70739e-08,2.67089e-08,0.999999,4.72811e-07,2.57881e-08
15709,0,12,1385.92,13,1498.75,2,1,13,0.118394,5.64682e-08,9.72011e-08,1,3.78099e-08,5.88406e-08,0.999999,1.04222e-06,5.68117e-08
15710,0,12,1385.92,13,1498.75,0,2,0,0.118335,1,1.46014e-12,6.3199e-13,8.47397e-13,1.12262e-12,1.27603e-12,1,2.35613e-12
15711,0,12,1385.92,13,1498.75,0,2,9,0.118276,1,4.94011e-12,2.13786e-12,2.86669e-12,3.796e-12,4.31484e-12,1,7.96812e-12
15712,0,12,1385.92,13,1498.75,0,2,0,0.118217,1,2.52142e-13,1.09097e-13,1.46299e-13,1.93638e-13,2.20111e-13,1,4.06524e-13
15713,0,12,1385.92,13,1498.75,0,2,0,0.118158,1,8.83507e-13,3.82214e-13,5.12577e-13,6.78135e-13,7.70863e-13,1,1.42389e-12
15714,0,12,1385.92,13,1498.75,0,2,0,0.118099,1,3.02029e-12,1.30639e-12,1.75207e-12,2.31697e-12,2.63385e-12,1,4.86567e-12
15715,0,12,1385.92,13,1498.75,0,2,0,0.11804,1,1.0078e-11,4.35838e-12,5.8456e-12,7.72706e-12,8.78411e-12,1,1.62294e-11
15716,0,12,1385.92,13,1498.75,0,2,9,0.117981,1,3.28394e-11,1.41995e-11,1.90459e-11,2.51657e-11,2.8609e-11,1,5.2864e-11
15717,0,12,1385.92,13,1498.75,0,2,0,0.117922,1,1.60878e-12,6.95505e-13,9.32944e-13,1.23221e-12,1.40085e-12,1,2.58882e-12
15718,0,12,1385.92,13,1498.75,0,2,0,0.117863,1,5.43771e-12,2.35043e-12,3.15303e-12,4.16281e-12,4.73264e-12,1,8.74718e-12
15719,0,12,1385.92,13,1498.75,0,2,0,0.117804,1,1.79441e-11,7.75496e-12,1.04036e-11,1.37302e-11,1.561e-11,1,2.8855e-11
15720,0,12,1385.92,13,1498.75,0,2,0,0.117745,1,5.78384e-11,2.49921e-11,3.353e-11,4.42344e-11,5.0292e-11,1,9.29759e-11
15721,0,12,1385.92,13,1498.75,0,2,0,0.117686,1,1.82181e-10,7.87077e-11,1.05603e-10,1.39265e-10,1.5834e-10,1,2.92762e-10
15722,0,12,1385.92,13,1498.75,0,2,0,0.117627,1,5.61026e-10,2.42339e-10,3.25167e-10,4.28662e-10,4.8739e-10,1,9.01269e-10
15723,0,12,1385.92,13,1498.75,0,2,0,0.117568,1,1.68985e-09,7.29819e-10,9.79317e-10,1.29056e-09,1.46741e-09,1,2.71383e-09
15724,0,12,1385.92,13,1498.75,0,2,0,0.117509,1,4.98067e-09,2.15071e-09,2.88613e-09,3.80209e-09,4.3232e-09,1,7.99633e-09
15725,0,12,1385.92,13,1498.75,0,2,0,0.117451,1,1.43711e-08,6.20458e-09,8.32667e-09,1.09656e-08,1.24688e-08,1,2.30656e-08
15726,0,12,1385.92,13,1498.75,0,2,0,0.117392,1,4.06105e-08,1.75302e-08,2.35273e-08,3.09734e-08,3.52204e-08,1,6.51608e-08
15727,0,12,1385.92,13,1498.75,0,2,0,0.117333,1,1.12438e-07,4.85274e-08,6.51324e-08,8.57184e-08,9.74745e-08,1,1.80358e-07
15728,0,12,1385.92,13,1498.75,0,2,0,0.117275,0.999999,3.05129e-07,1.3167e-07,1.76735e-07,2.32521e-07,2.64418e-07,0.999999,4.89316e-07
15729,0,12,1385.92,13,1498.75,0,2,0,0.117216,0.999998,8.1195e-07,3.50315e-07,4.70241e-07,6.18482e-07,7.03342e-07,0.999997,1.30172e-06
15730,0,12,1385.92,13,1498.75,0,2,0,0.117157,0.999996,2.11941e-06,9.14266e-07,1.22732e-06,1.61375e-06,1.83521e-06,0.999993,3.39696e-06
15731,0,12,1385.92,13,1498.13,0,2,13,0.117099,0.999989,5.42885e-06,2.34148e-06,3.14343e-06,4.1319e-06,4.69907e-06,0.999982,8.69903e-06
15732,0,12,1385.92,13,1498.13,0,2,9,0.11704,1,3.22694e-08,1.39156e-08,1.86827e-08,2.45507e-08,2.79214e-08,1,5.16951e-08
15733,0,12,1385.92,13,1498.13,0,2,0,0.116982,1,1.36385e-09,5.88035e-10,7.89526e-10,1.03722e-09,1.17965e-09,1,2.18434e-09
15734,0,12,1385.92,13,1498.13,0,2,0,0.116923,1,4.04242e-09,1.74263e-09,2.33989e-09,3.07312e-09,3.49522e-09,1,6.47284e-09
15735,0,12,1385.92,13,1498.13,0,2,0,0.116865,1,1.17282e-08,5.05501e-09,6.78793e-09,8.91264e-09,1.01371e-08,1,1.87753e-08
15736,0,12,1385.92,13,1494.08,0,2,13,0.116806,1,3.33211e-08,1.43594e-08,1.92832e-08,2.53125e-08,2.87907e-08,1,5.33308e-08
15737,0,12,1385.92,13,1494.08,0,2,0,0.116748,1,2.17908e-10,9.38896e-11,1.26091e-10,1.65474e-10,1.88217e-10,1,3.48689e-10
15738,0,12,1385.92,13,1494.08,0,2,0,0.11669,1,6.7013e-10,2.88689e-10,3.87724e-10,5.08699e-10,5.7863e-10,1,1.0721e-09
15739,0,12,1385.92,13,1494.08,0,2,0,0.116631,1,2.01578e-09,8.68244e-10,1.16616e-09,1.52965e-09,1.73998e-09,1,3.22426e-09
15740,0,12,1385.92,13,1494.08,0,2,9,0.116573,1,5.93354e-09,2.55529e-09,3.43228e-09,4.50104e-09,5.12006e-09,1,9.48891e-09
15741,0,12,1385.92,13,1494.08,0,2,0,0.116515,1,2.57879e-10,1.11037e-10,1.49155e-10,1.95554e-10,2.22454e-10,1,4.12321e-10
15742,0,12,1385.92,13,1494.08,0,2,0,0.116456,1,7.90846e-10,3.40464e-10,4.57367e-10,5.99512e-10,6.81997e-10,1,1.26424e-09
15743,0,12,1385.92,13,1494.08,0,2,9,0.116398,1,2.3724e-09,1.02116e-09,1.37187e-09,1.79784e-09,2.04525e-09,1,3.79183e-09
15744,0,12,1385.92,13,1494.08,0,2,0,0.11634,1,1.04775e-10,4.50913e-11,6.05812e-11,7.93747e-11,9.03003e-11,1,1.67434e-10
15745,0,12,1385.92,13,1494.08,0,2,0,0.116282,1,3.27235e-10,1.40805e-10,1.89187e-10,2.47824e-10,2.81943e-10,1,5.22843e-10
15746,0,12,1385.92,13,1494.08,0,2,0,0.116224,1,9.99365e-10,4.29942e-10,5.77706e-10,7.5661e-10,8.60799e-10,1,1.59648e-09
15747,0,12,1385.92,13,1494.08,0,2,0,0.116165,1,2.9857e-09,1.28428e-09,1.72576e-09,2.25975e-09,2.57099e-09,1,4.76889e-09
15748,0,12,1385.92,13,1494.08,0,2,0,0.116107,1,8.72998e-09,3.75451e-09,5.04547e-09,6.60535e-09,7.51532e-09,1,1.39418e-08
15749,0,12,1385.92,13,1494.08,0,2,0,0.116049,1,2.49927e-08,1.07468e-08,1.44428e-08,1.89045e-08,2.15094e-08,1,3.99073e-08
15750,0,12,1385.92,13,1490.72,0,2,13,0.115991,1,7.0085e-08,3.01313e-08,4.04965e-08,5.29969e-08,6.0301e-08,1,1.11893e-07
15751,0,12,1385.92,13,1490.72,0,2,0,0.115933,1,4.44879e-10,1.91233e-10,2.57032e-10,3.36312e-10,3.82673e-10,1,7.10164e-10
15752,0,12,1385.92,13,1490.72,0,2,9,0.115875,1,1.35152e-09,5.80855e-10,7.80763e-10,1.02141e-09,1.16224e-09,1,2.15715e-09
15753,0,12,1385.92,13,1490.43,0,2,13,0.115817,1,5.99768e-11,2.57725e-11,3.46444e-11,4.53146e-11,5.15639e-11,1,9.5716e-11
15754,0,12,1385.92,13,1490.43,0,2,0,0.115759,1,4.36464e-13,1.8752e-13,2.52087e-13,3.29673e-13,3.75148e-13,1,6.96458e-13
15755,0,12,1385.92,13,1490.43,0,2,0,0.115702,1,1.52154e-12,6.53595e-13,8.78692e-13,1.14895e-12,1.30746e-12,1,2.42759e-12
15756,0,12,1385.92,13,1490.43,0,2,0,0.115644,1,5.1753e-12,2.22274e-12,2.98843e-12,3.90694e-12,4.44609e-12,1,8.25617e-12
15757,0,12,1385.92,13,1490.43,0,2,0,0.115586,1,1.71838e-11,7.37903e-12,9.92153e-12,1.2969e-11,1.47591e-11,1,2.74103e-11
15758,0,12,1385.92,13,1490.43,0,2,0,0.115528,1,5.5724e-11,2.39248e-11,3.21702e-11,4.20452e-11,4.78498e-11,1,8.88767e-11
15759,0,12,1385.92,13,1490.43,0,2,0,0.11547,1,1.76565e-10,7.57945e-11,1.01922e-10,1.33189e-10,1.51581e-10,1,2.81582e-10
15760,0,12,1385.92,13,1490.43,0,2,9,0.115413,1,5.46902e-10,2.3473e-10,3.15664e-10,4.12443e-10,4.69408e-10,1,8.72098e-10
15761,0,12,1385.92,13,1490.43,0,2,0,0.115355,1,2.45699e-11,1.05436e-11,1.41799e-11,1.85247e-11,2.10838e-11,1,3.91758e-11
15762,0,12,1385.92,13,1490.43,0,2,0,0.115297,1,7.9157e-11,3.39626e-11,4.56783e-11,5.96665e-11,6.79109e-11,1,1.26201e-10
15763,0,12,1385.92,13,1490.43,0,2,0,0.11524,1,2.49214e-10,1.06908e-10,1.43795e-10,1.87806e-10,2.13761e-10,1,3.97288e-10
15764,0,12,1385.92,13,1490.43,0,2,0,0.115182,1,7.67097e-10,3.29015e-10,4.42563e-10,5.77943e-10,6.57834e-10,1,1.22278e-09
15765,0,12,1385.92,13,1490.43,0,2,9,0.115124,1,2.3095e-09,9.90398e-10,1.33228e-09,1.73961e-09,1.98013e-09,1,3.68111e-09
15766,0,12,1385.92,13,1490.43,0,2,9,0.115067,1,1.00483e-10,4.30834e-11,5.7959e-11,7.56704e-11,8.6135e-11,1,1.60147e-10
15767,0,12,1385.92,13,1490.43,0,2,0,0.115009,1,4.64859e-12,1.99281e-12,2.68103e-12,3.49991e-12,3.98402e-12,1,7.40821e-12
15768,0,12,1385.92,13,1490.43,0,2,0,0.114952,1,1.54912e-11,6.63979e-12,8.93341e-12,1.16606e-11,1.32739e-11,1,2.46857e-11
15769,0,12,1385.92,13,1490.43,0,2,0,0.114894,1,5.04143e-11,2.16048e-11,2.90696e-11,3.794e-11,4.31901e-11,1,8.03312e-11
15770,0,12,1385.92,13,1490.43,0,2,9,0.114837,1,1.603e-10,6.86843e-11,9.24212e-11,1.2061e-10,1.37304e-10,1,2.55409e-10
15771,0,12,1385.92,13,1490.43,0,2,0,0.114779,1,7.32688e-12,3.13884e-12,4.22385e-12,5.51158e-12,6.2746e-12,1,1.16733e-11
15772,0,12,1385.92,13,1490.43,0,2,0,0.114722,1,2.42107e-11,1.03701e-11,1.39556e-11,1.82085e-11,2.07298e-11,1,3.85706e-11
15773,0,12,1385.92,13,1490.43,0,2,9,0.114665,1,7.81404e-11,3.3464e-11,4.5037e-11,5.87559e-11,6.68935e-11,1,1.2448e-10
15774,0,12,1385.92,13,1490.43,0,2,0,0.114607,1,3.61509e-12,1.54792e-12,2.08337e-12,2.71773e-12,3.09422e-12,1,5.75864e-12
15775,0,12,1385.92,13,1490.43,0,2,0,0.11455,1,1.21189e-11,5.18822e-12,6.98331e-12,9.10883e-12,1.03709e-11,1,1.93037e-11
15776,0,12,1385.92,13,1490.43,0,2,0,0.114493,1,3.967e-11,1.69802e-11,2.28567e-11,2.9811e-11,3.39424e-11,1,6.31858e-11
15777,0,12,1385.92,13,1490.43,0,2,9,0.114436,1,1.26859e-10,5.42913e-11,7.30845e-11,9.53127e-11,1.08525e-10,1,2.02051e-10
15778,0,12,1385.92,13,1490.43,0,2,0,0.114378,1,5.79656e-12,2.4803e-12,3.33907e-12,4.35427e-12,4.95797e-12,1,9.23187e-12
15779,0,12,1385.92,13,1490.43,0,2,9,0.114321,1,1.92616e-11,8.24048e-12,1.10943e-11,1.44662e-11,1.64723e-11,1,3.06757e-11
15780,0,12,1385.92,13,1490.43,0,2,0,0.114264,1,9.123e-13,3.90233e-13,5.25408e-13,6.85043e-13,7.80063e-13,1,1.45286e-12
15781,0,12,1385.92,13,1490.43,0,2,0,0.114207,1,3.14545e-12,1.34522e-12,1.81131e-12,2.36147e-12,2.68909e-12,1,5.00902e-12
15782,0,12,1385.92,13,1490.43,0,2,0,0.11415,1,1.05838e-11,4.52564e-12,6.09403e-12,7.94441e-12,9.04682e-12,1,1.68538e-11
15783,0,12,1385.92,13,1490.43,0,2,0,0.114093,1,3.47716e-11,1.48658e-11,2.00189e-11,2.60955e-11,2.97175e-11,1,5.53691e-11
15784,0,12,1385.92,13,1490.43,0,2,0,0.114036,1,1.11593e-10,4.7701e-11,6.42397e-11,8.37339e-11,9.53582e-11,1,1.77692e-10
15785,0,12,1385.92,13,1490.43,0,2,0,0.113979,1,3.5001e-10,1.49588e-10,2.01465e-10,2.62584e-10,2.99045e-10,1,5.57314e-10
15786,0,12,1385.92,13,1490.43,0,2,0,0.113922,1,1.07338e-09,4.58665e-10,6.17764e-10,8.05128e-10,9.16947e-10,1,1.70908e-09
15787,0,12,1385.92,13,1490.43,0,2,0,0.113865,1,3.21992e-09,1.37567e-09,1.85297e-09,2.41482e-09,2.75027e-09,1,5.1268e-09
15788,0,12,1385.92,13,1489.99,0,2,13,0.113808,1,9.45258e-09,4.03781e-09,5.43908e-09,7.08787e-09,8.07268e-09,1,1.50503e-08
15789,0,12,1385.92,13,1489.99,0,2,0,0.113751,1,5.99173e-11,2.55902e-11,3.4473e-11,4.49206e-11,5.11633e-11,1,9.53979e-11
15790,0,12,1385.92,13,1489.99,0,2,9,0.113694,1,1.9039e-10,8.13002e-11,1.09527e-10,1.42714e-10,1.62551e-10,1,3.03127e-10
15791,0,12,1385.92,13,1489.99,0,2,9,0.113637,1,8.55067e-12,3.65068e-12,4.91848e-12,6.40843e-12,7.29941e-12,1,1.36137e-11
15792,0,12,1385.92,13,1489.99,0,2,0,0.11358,1,4.08072e-13,1.74196e-13,2.34704e-13,3.05787e-13,3.4831e-13,1,6.49694e-13
15793,0,12,1385.92,13,1489.99,0,2,0,0.113523,1,1.43192e-12,6.11148e-13,8.23484e-13,1.07284e-12,1.22206e-12,1,2.27976e-12
15794,0,12,1385.92,13,1489.99,0,2,0,0.113467,1,4.90192e-12,2.09179e-12,2.81873e-12,3.67207e-12,4.18294e-12,1,7.80426e-12
15795,0,12,1385.92,13,1489.99,0,2,0,0.11341,1,1.6379e-11,6.98822e-12,9.41731e-12,1.22678e-11,1.39749e-11,1,2.60767e-11
15796,0,12,1385.92,13,1489.99,0,2,0,0.113353,1,5.34435e-11,2.27981e-11,3.07245e-11,4.00227e-11,4.55931e-11,1,8.5086e-11
15797,0,12,1385.92,13,1489.99,0,2,0,0.113297,1,1.70369e-10,7.26641e-11,9.79337e-11,1.27566e-10,1.45325e-10,1,2.71239e-10
15798,0,12,1385.92,13,1489.99,0,2,0,0.11324,1,5.30851e-10,2.26375e-10,3.05118e-10,3.97424e-10,4.52762e-10,1,8.45157e-10
15799,0,12,1385.92,13,1489.99,0,2,0,0.113183,1,1.61749e-09,6.89643e-10,9.29583e-10,1.21076e-09,1.37939e-09,1,2.57518e-09
15800,0,12,1385.92,13,1489.99,0,2,0,0.113127,1,4.82157e-09,2.0554e-09,2.77068e-09,3.60863e-09,4.11131e-09,1,7.67638e-09
15801,0,12,1385.92,13,1489.99,0,2,9,0.11307,1,1.4067e-08,5.99563e-09,8.0826e-09,1.05267e-08,1.19934e-08,1,2.23961e-08
15802,0,12,1385.92,13,1489.99,0,2,0,0.113014,1,5.75652e-10,2.45313e-10,3.30721e-10,4.30715e-10,4.90739e-10,1,9.16506e-10
15803,0,12,1385.92,13,1489.99,0,2,0,0.112957,1,1.75215e-09,7.46548e-10,1.00653e-09,1.31082e-09,1.49353e-09,1,2.78967e-09
15804,0,12,1385.92,13,1489.99,0,2,9,0.112901,1,5.2176e-09,2.22271e-09,2.99693e-09,3.90283e-09,4.44696e-09,1,8.30723e-09
15805,0,12,1385.92,13,1489.99,0,2,0,0.112844,1,2.17287e-10,9.25489e-11,1.24793e-10,1.62511e-10,1.85173e-10,1,3.45959e-10
15806,0,12,1385.92,13,1489.99,0,2,0,0.112788,1,6.74537e-10,2.87256e-10,3.87361e-10,5.04425e-10,5.74781e-10,1,1.074e-09
15807,0,12,1385.92,13,1489.99,0,2,0,0.112731,1,2.04784e-09,8.71936e-10,1.17586e-09,1.53118e-09,1.7448e-09,1,3.26062e-09
15808,0,12,1385.92,13,1489.99,0,2,0,0.112675,1,6.08266e-09,2.58946e-09,3.49226e-09,4.54745e-09,5.18199e-09,1,9.68516e-09
15809,0,12,1385.92,13,1489.99,0,2,0,0.112619,1,1.76843e-08,7.52713e-09,1.0152e-08,1.32192e-08,1.50642e-08,1,2.81586e-08
15810,0,12,1385.92,13,1489.99,0,2,0,0.112562,1,5.0346e-08,2.14255e-08,2.88989e-08,3.76293e-08,4.28822e-08,1,8.01671e-08
15811,0,12,1385.92,13,1489.99,0,2,0,0.112506,1,1.40411e-07,5.97441e-08,8.05881e-08,1.04932e-07,1.19583e-07,1,2.23586e-07
15812,0,12,1385.92,13,1489.99,0,2,0,0.11245,0.999999,3.83777e-07,1.63267e-07,2.20241e-07,2.86767e-07,3.26816e-07,0.999999,6.11126e-07
15813,0,12,1385.92,13,1489.99,0,2,0,0.112394,0.999998,1.02841e-06,4.37433e-07,5.90119e-07,7.68356e-07,8.75685e-07,0.999997,1.63768e-06
15814,0,12,1385.92,13,1489.99,0,2,0,0.112337,0.999995,2.70295e-06,1.14949e-06,1.55082e-06,2.01919e-06,2.3013e-06,0.999991,4.30438e-06
15815,0,12,1385.92,13,1489.99,0,2,0,0.112281,0.999986,6.97034e-06,2.9638e-06,3.9988e-06,5.20641e-06,5.93398e-06,0.999978,1.11004e-05
15816,0,12,1385.92,13,1489.99,0,2,0,0.112225,0.999965,1.76432e-05,7.50065e-06,1.01206e-05,1.31766e-05,1.50184e-05,0.999944,2.80975e-05
15817,0,12,1385.92,13,1489.99,0,2,0,0.112169,0.999912,4.38491e-05,1.86383e-05,2.51501e-05,3.27431e-05,3.73208e-05,0.99986,6.98314e-05
15818,0,12,1385.92,13,1490.22,0,2,9,0.112113,0.999786,0.000107039,4.54897e-05,6.13863e-05,7.99128e-05,9.10874e-05,0.999659,0.000170456
15819,0,12,1385.92,13,1490.22,0,2,0,0.112057,0.999993,3.62631e-06,1.54086e-06,2.07944e-06,2.70734e-06,3.086e-06,0.999988,5.77569e-06
15820,0,12,1385.92,13,1490.22,0,2,0,0.112001,0.999981,9.30366e-06,3.95255e-06,5.33443e-06,6.94508e-06,7.91667e-06,0.99997,1.48185e-05
15821,0,12,1385.92,13,1490.22,0,2,9,0.111945,0.999953,2.34311e-05,9.95272e-06,1.34332e-05,1.74887e-05,1.99358e-05,0.999925,3.73209e-05
15822,0,12,1385.92,13,1490.22,0,2,0,0.111889,0.999998,8.16175e-07,3.46624e-07,4.67865e-07,6.09132e-07,6.94383e-07,0.999997,1.30008e-06
15823,0,12,1385.92,13,1490.22,0,2,0,0.111833,0.999996,2.15766e-06,9.16188e-07,1.23672e-06,1.61013e-06,1.83553e-06,0.999993,3.43706e-06
15824,0,12,1385.92,13,1490.22,0,2,0,0.111777,0.999989,5.59605e-06,2.37579e-06,3.20717e-06,4.17551e-06,4.76014e-06,0.999982,8.91457e-06
15825,0,12,1385.92,13,1490.22,0,2,0,0.111721,0.999972,1.42442e-05,6.04631e-06,8.16265e-06,1.06271e-05,1.21153e-05,0.999955,2.26919e-05
15826,0,12,1385.92,13,1490.22,0,2,9,0.111665,0.999929,3.55967e-05,1.51073e-05,2.03964e-05,2.65537e-05,3.02731e-05,0.999886,5.67084e-05
15827,0,12,1385.92,13,1490.22,0,2,9,0.111609,0.999998,1.22536e-06,5.19955e-07,7.02034e-07,9.14004e-07,1.04206e-06,0.999996,1.95226e-06
15828,0,12,1385.92,13,1490.22,0,2,0,0.111554,1,4.50561e-08,1.91154e-08,2.58108e-08,3.36041e-08,3.83132e-08,1,7.17873e-08
15829,0,12,1385.92,13,1490.22,0,2,0,0.111498,1,1.2625e-07,5.35533e-08,7.23154e-08,9.41508e-08,1.07347e-07,1,2.01161e-07
15830,0,12,1385.92,13,1490.22,0,2,0,0.111442,0.999999,3.46664e-07,1.47024e-07,1.98545e-07,2.58496e-07,2.94736e-07,0.999999,5.52383e-07
15831,0,12,1385.92,13,1490.22,0,2,0,0.111386,0.999998,9.33163e-07,3.95697e-07,5.34391e-07,6.95755e-07,7.93317e-07,0.999997,1.48699e-06
15832,0,12,1385.92,13,1490.22,0,2,0,0.111331,0.999995,2.46348e-06,1.04443e-06,1.4106e-06,1.83655e-06,2.09413e-06,0.999992,3.92573e-06
15833,0,12,1385.92,13,1490.22,0,2,0,0.111275,0.999987,6.38044e-06,2.70462e-06,3.65305e-06,4.75616e-06,5.42337e-06,0.99998,1.01681e-05
15834,0,12,1385.92,13,1490.22,0,2,9,0.111219,0.999968,1.62189e-05,6.8739e-06,9.28492e-06,1.20886e-05,1.37848e-05,0.999948,2.58481e-05
15835,0,12,1385.92,13,1490.22,0,2,0,0.111164,0.999999,5.63814e-07,2.38915e-07,3.22733e-07,4.20199e-07,4.79172e-07,0.999998,8.98612e-07
15836,0,12,1385.92,13,1490.22,0,2,0,0.111108,0.999997,1.50419e-06,6.37288e-07,8.60921e-07,1.12093e-06,1.27828e-06,0.999995,2.39752e-06
15837,0,12,1385.92,13,1490.22,0,2,0,0.111053,0.999992,3.93632e-06,1.66743e-06,2.25269e-06,2.93306e-06,3.34487e-06,0.999987,6.27437e-06
15838,0,12,1385.92,13,1490.22,0,2,0,0.110997,0.99998,1.01079e-05,4.28099e-06,5.78394e-06,7.53087e-06,8.58845e-06,0.999968,1.61124e-05
15839,1,12,1385.92,13,1490.22,0,2,9,0.110942,0.999949,2.54785e-05,1.0789e-05,1.45776e-05,1.89804e-05,2.16465e-05,0.999919,4.06151e-05
15840,1,12,1385.92,13,1490.22,2,1,0,0.110886,2.74014e-11,4.78522e-11,1,1.8153e-11,2.78953e-11,1,5.33277e-10,2.69084e-11
15841,1,12,1385.92,13,1490.22,2,1,0,0.110831,7.03213e-11,1.22819e-10,1,4.6583e-11,7.12453e-11,1,1.36281e-09,6.8724e-11
15842,1,12,1385.92,13,1490.22,2,1,0,0.110775,1.77148e-10,3.09429e-10,1,1.17338e-10,1.7863e-10,1,3.41893e-09,1.72308e-10
15843,1,12,1385.92,13,1490.22,2,1,0,0.11072,4.38205e-10,7.65511e-10,1,2.90233e-10,4.39834e-10,1,8.42324e-09,4.24263e-10
15844,1,12,1385.92,13,1490.22,2,1,0,0.110665,1.0648e-09,1.86034e-09,1,7.05184e-10,1.06393e-09,1,2.03873e-08,1.02625e-09
15845,1,12,1385.92,13,1490.22,2,1,0,0.110609,2.54253e-09,4.44259e-09,1,1.68369e-09,2.52916e-09,1,4.84932e-08,2.43959e-09
15846,1,12,1385.92,13,1490.22,2,1,0,0.110554,5.96782e-09,1.04288e-08,1,3.95164e-09,5.91064e-09,1,1.13395e-07,5.70127e-09
15847,1,12,1385.92,13,1490.22,2,1,0,0.110499,1.37742e-08,2.40733e-08,1,9.11998e-09,1.35841e-08,1,2.60764e-07,1.31028e-08
15848,1,12,1385.92,13,1490.22,2,1,0,0.110443,3.12728e-08,5.46617e-08,1,2.07041e-08,3.07121e-08,0.999999,5.89906e-07,2.96237e-08
15849,1,12,1385.92,13,1490.22,2,1,0,0.110388,6.98638e-08,1.22129e-07,1,4.62494e-08,6.833e-08,0.999999,1.31323e-06,6.59081e-08
15850,1,12,1385.92,13,1490.22,2,1,0,0.110333,1.53626e-07,2.68583e-07,0.999999,1.01691e-07,1.49649e-07,0.999997,2.87781e-06,1.44344e-07
15851,1,12,1385.92,13,1490.22,2,1,0,0.110278,3.32614e-07,5.81572e-07,0.999999,2.20152e-07,3.22727e-07,0.999993,6.20982e-06,3.11283e-07
15852,1,12,1385.92,13,1490.22,2,1,0,0.110223,7.09272e-07,1.24029e-06,0.999998,4.69418e-07,6.85524e-07,0.999985,1.31985e-05,6.61212e-07
15853,1,12,1385.92,13,1490.22,2,1,0,0.110168,1.49009e-06,2.60598e-06,0.999995,9.86102e-07,1.43472e-06,0.99997,2.76392e-05,1.38383e-06
15854,1,12,1385.92,13,1490.22,2,1,0,0.110112,3.08506e-06,5.39599e-06,0.999989,2.04145e-06,2.95932e-06,0.999937,5.70436e-05,2.85433e-06
15855,1,12,1385.92,13,1490.22,2,1,0,0.110057,6.29644e-06,1.10142e-05,0.999979,4.16614e-06,6.01749e-06,0.999872,0.000116061,5.80396e-06
15856,1,12,1385.92,13,1490.22,2,1,9,0.110002,1.26714e-05,2.21682e-05,0.999957,8.38356e-06,1.20655e-05,0.999743,0.00023285,1.16373e-05
15857,1,12,1385.92,13,1490.22,2,1,0,0.109947,3.43801e-07,6.01535e-07,0.999999,2.27444e-07,3.26284e-07,0.999993,6.3006e-06,3.14701e-07
15858,1,12,1385.92,13,1490.22,2,1,0,0.109892,7.33053e-07,1.28274e-06,0.999997,4.84916e-07,6.9331e-07,0.999985,1.33959e-05,6.68694e-07
15859,1,12,1385.92,13,1490.22,2,1,0,0.109837,1.53989e-06,2.69489e-06,0.999995,1.01856e-06,1.45149e-06,0.999969,2.80617e-05,1.39994e-06
15860,1,12,1385.92,13,1490.22,2,1,0,0.109783,3.18788e-06,5.57957e-06,0.999989,2.10844e-06,2.99486e-06,0.999936,5.79342e-05,2.88848e-06
15861,1,12,1385.92,13,1490.22,2,1,0,0.109728,6.50566e-06,1.13878e-05,0.999978,4.30244e-06,6.09166e-06,0.99987,0.00011791,5.87524e-06
15862,1,12,1385.92,13,1490.22,2,1,0,0.109673,1.30913e-05,2.29181e-05,0.999955,8.65704e-06,1.2218e-05,0.999739,0.000236631,1.17838e-05
15863,1,12,1385.92,13,1490.22,2,1,0,0.109618,2.59829e-05,4.54919e-05,0.999911,1.71807e-05,2.41691e-05,0.999484,0.000468373,2.33101e-05
15864,1,12,1385.92,13,1490.22,2,1,0,0.109563,5.0877e-05,8.90872e-05,0.999826,3.36385e-05,4.71618e-05,0.998993,0.000914489,4.54853e-05
15865,1,12,1385.92,13,1490.22,2,1,0,0.109508,9.83061e-05,0.000172156,0.999665,6.49921e-05,9.07851e-05,0.99806,0.00176141,8.75572e-05
15866,1,12,1385.92,13,1490.22,2,1,0,0.109454,0.000187479,0.000328355,0.99936,0.000123936,0.000172378,0.996315,0.00334646,0.000166248
15867,1,12,1385.92,13,1490.22,2,1,9,0.109399,0.000352935,0.000618209,0.998796,0.000233294,0.000322713,0.993097,0.00626869,0.000311234
15868,1,12,1385.92,13,1490.22,2,1,0,0.109344,8.89981e-06,1.55908e-05,0.99997,5.88238e-06,8.16014e-06,0.999825,0.000158605,7.86984e-06
15869,1,12,1385.92,13,1490.22,2,1,0,0.10929,1.78096e-05,3.12026e-05,0.999939,1.17704e-05,1.6282e-05,0.999651,0.000316652,1.57026e-05
15870,1,12,1385.92,13,1490.22,2,1,0,0.109235,3.51551e-05,6.15991e-05,0.99988,2.32321e-05,3.20436e-05,0.999313,0.000623555,3.09031e-05
15871,1,12,1385.92,13,1490.22,2,1,0,0.10918,6.84683e-05,0.000119984,0.999766,4.52432e-05,6.22092e-05,0.998667,0.00121129,5.99948e-05
15872,1,12,1385.92,13,1490.22,2,1,0,0.109126,0.000131599,0.000230641,0.999551,8.69523e-05,0.000119137,0.997445,0.00232112,0.000114895
15873,1,12,1385.92,13,1490.22,2,1,0,0.109071,0.000249663,0.000437609,0.999148,0.000164947,0.00022502,0.995171,0.0043866,0.000217006
15874,1,12,1385.92,13,1490.22,2,1,0,0.109017,0.000467558,0.000819627,0.998404,0.000308881,0.000418904,0.991006,0.0081711,0.000403983
15875,1,12,1385.92,13,1490.22,2,1,0,0.108962,0.000864347,0.00151537,0.997049,0.000570963,0.000767698,0.983508,0.0149835,0.000740349
15876,1,12,1385.92,13,1490.22,2,1,0,0.108908,0.00157694,0.00276498,0.994616,0.00104159,0.00138184,0.9703,0.0269861,0.0013326
15877,1,12,1385.92,13,1490.22,2,1,0,0.108853,0.00283769,0.00497614,0.990312,0.00187419,0.00243341,0.947669,0.0475506,0.00234669
15878,1,12,1385.92,13,1490.22,2,1,0,0.108799,0.00503098,0.00882326,0.982823,0.0033225,0.00416627,0.910356,0.0814603,0.00401776
15879,1,12,1385.92,13,1490.22,2,1,0,0.108744,0.00877019,0.0153827,0.970056,0.00579142,0.00687158,0.852066,0.134435,0.00662659
15880,1,12,1385.92,13,1490.22,0,1,0,0.10869,0.0149827,0.0262823,0.948842,0.00989302,0.0107881,0.767624,0.211184,0.0104034
15881,1,12,1385.92,13,1490.22,2,1,0,0.108636,0.013136,0.0263134,0.950648,0.0099028,0.0159159,0.656987,0.311749,0.0153482
15882,1,12,1385.92,13,1490.22,2,2,9,0.108581,0.0219079,0.0438909,0.917686,0.0165147,0.0218496,0.528852,0.428228,0.0210701
15883,1,12,1385.92,13,1490.22,2,2,0,0.108527,0.000544247,0.00109051,0.997955,0.000410243,0.00109459,0.0265106,0.971339,0.00105553
15884,1,12,1385.92,13,1490.22,2,2,0,0.108473,0.0010009,0.00200579,0.996239,0.000754419,0.00193883,0.0469878,0.949204,0.00186964
15885,1,12,1385.92,13,1490.22,2,2,0,0.108418,0.00181628,0.0036403,0.993174,0.00136892,0.00333905,0.0809738,0.912467,0.00321986
15886,1,12,1385.92,13,1490.22,2,1,0,0.108364,0.00324965,0.00651407,0.987787,0.00244911,0.00553947,0.134421,0.854698,0.0053417
15887,1,12,1385.92,13,1490.22,2,2,0,0.10831,0.00572446,0.0114765,0.978485,0.00431402,0.00577775,0.0962884,0.892362,0.00557143
15888,1,12,1385.92,13,1490.22,2,2,0,0.108256,0.00990379,0.0198581,0.962775,0.00746318,0.00936181,0.156106,0.825505,0.00902745
15889,1,12,1385.92,13,1490.22,2,2,0,0.108202,0.0167609,0.033612,0.936997,0.0126298,0.0143785,0.239893,0.731864,0.0138648
15890,1,12,1385.92,13,1490.22,2,2,9,0.108148,0.0275796,0.0553153,0.896324,0.0207808,0.020679,0.345206,0.614175,0.0199402
15891,1,12,1385.92,13,1490.22,2,2,0,0.108094,0.000693275,0.00139067,0.997394,0.000522341,0.00074727,0.0124816,0.986051,0.000720564
15892,1,12,1385.92,13,1490.22,2,2,0,0.10804,0.00126923,0.00254635,0.995228,0.000956233,0.00135057,0.0225712,0.974776,0.00130229
15893,1,12,1385.92,13,1490.22,2,2,0,0.107986,0.00229222,0.00459933,0.991382,0.00172686,0.00239134,0.0399875,0.955315,0.00230585
15894,1,12,1385.92,13,1490.22,2,2,0,0.107932,0.00407965,0.00818695,0.98466,0.00307325,0.00412547,0.069024,0.922873,0.00397795
15895,1,12,1385.92,13,1490.22,2,2,0,0.107878,0.00714262,0.0143356,0.973141,0.00538032,0.00687731,0.115131,0.871361,0.00663134
15896,1,12,1385.92,13,1490.22,2,2,0,0.107824,0.0122643,0.0246185,0.953879,0.00923779,0.0109551,0.183499,0.794982,0.0105632
15897,1,12,1385.92,13,1490.22,2,2,0,0.10777,0.0205539,0.0412644,0.922701,0.0154809,0.0164627,0.275907,0.691757,0.0158737
15898,1,12,1385.92,13,1490.22,2,1,0,0.107716,0.0333857,0.067035,0.874435,0.0251442,0.0230803,0.387033,0.567632,0.0222544
15899,1,12,1385.92,13,1490.22,2,2,0,0.107662,0.0520688,0.104563,0.804155,0.039213,0.0271159,0.279429,0.66731,0.0261453
15900,1,12,1385.92,13,1490.22,2,1,0,0.107608,0.0771424,0.154937,0.709828,0.0580926,0.0372738,0.384285,0.542501,0.0359394
15901,1,12,1385.92,13,1490.22,2,3,0,0.107554,0.107527,0.215993,0.59551,0.0809693,0.0436628,0.278407,0.635831,0.0420993
15902,1,12,1385.92,13,1490.22,2,3,0,0.107501,0.140278,0.28182,0.472278,0.105625,0.0440448,0.280947,0.641736,0.033272
15903,1,12,1385.92,13,1490.22,1,2,0,0.107447,0.171557,0.344709,0.354565,0.12917,0.0443157,0.28278,0.646031,0.0268733
15904,1,12,1385.92,13,1490.22,0,1,0,0.107393,0.197287,0.246377,0.407802,0.148535,0.0598874,0.382285,0.521515,0.0363123
15905,1,12,1385.92,13,1490.22,2,2,0,0.107339,0.140708,0.263734,0.436576,0.158983,0.0699714,0.278012,0.609594,0.0424225
15906,1,12,1385.92,13,1490.22,0,3,0,0.107286,0.168712,0.316264,0.324395,0.190629,0.0922753,0.366732,0.485053,0.0559393
15907,1,12,1385.92,13,1490.22,1,3,0,0.107232,0.119334,0.335056,0.343673,0.201936,0.0935273,0.37181,0.491798,0.0428645
15908,1,12,1385.92,13,1490.22,1,1,0,0.107178,0.136357,0.240098,0.39278,0.230766,0.0944031,0.375396,0.496568,0.0336333
15909,1,12,1385.92,13,1490.22,0,2,9,0.107125,0.148577,0.171877,0.428072,0.251474,0.109777,0.273492,0.577628,0.0391026
15910,1,12,1385.92,13,1490.22,0,2,0,0.107071,0.902808,0.019618,0.0488689,0.0287053,0.00401032,0.00999291,0.984569,0.00142818
15911,1,12,1385.92,13,1490.22,0,2,9,0.107018,0.845731,0.0311352,0.0775728,0.0455609,0.00702053,0.0174969,0.972983,0.00249968
15912,1,12,1385.92,13,1490.22,0,2,0,0.106964,0.996029,0.00080137,0.00199696,0.00117275,0.000164634,0.000410384,0.999366,5.86063e-05
15913,1,12,1385.92,13,1490.22,0,2,0,0.106911,0.992839,0.00144487,0.00360118,0.00211464,0.000310654,0.000774511,0.998804,0.000110564
15914,1,12,1385.92,13,1490.22,0,2,0,0.106857,0.987268,0.00256871,0.0064034,0.00375972,0.000578634,0.00144289,0.997773,0.000205897
15915,1,12,1385.92,13,1490.22,0,2,0,0.106804,0.977711,0.00449638,0.0112108,0.00658167,0.00106377,0.00265312,0.995905,0.000378445
15916,1,12,1385.92,13,1490.22,0,2,0,0.106751,0.961676,0.00773025,0.0192774,0.0113162,0.00192946,0.0048131,0.992571,0.000686281
15917,1,12,1385.92,13,1490.22,0,2,9,0.106697,0.935538,0.013001,0.0324272,0.0190334,0.00344986,0.00860736,0.986716,0.00122681
15918,1,12,1385.92,13,1490.22,0,2,0,0.106644,0.998474,0.000307711,0.000767639,0.000450522,8.05775e-05,0.000201077,0.99969,2.86484e-05
15919,1,12,1385.92,13,1490.22,0,2,0,0.10659,0.997189,0.000566841,0.00141434,0.00082998,0.000154341,0.00038522,0.999406,5.48628e-05
15920,1,12,1385.92,13,1490.22,0,2,0,0.106537,0.994888,0.00103065,0.00257206,0.00150921,0.000291803,0.000728445,0.998876,0.000103704
15921,1,12,1385.92,13,1490.22,0,2,9,0.106484,0.99083,0.00184868,0.00461439,0.00270729,0.000544582,0.00135972,0.997902,0.0001935
15922,1,12,1385.92,13,1490.22,0,2,9,0.106431,0.999787,4.29122e-05,0.00010713,6.28472e-05,1.30112e-05,3.24925e-05,0.99995,4.62216e-06
15923,1,12,1385.92,13,1490.22,0,2,0,0.106377,0.999995,1.06313e-06,2.65458e-06,1.55712e-06,3.33811e-07,8.33769e-07,0.999999,1.1856e-07
15924,1,12,1385.92,13,1490.22,0,2,0,0.106324,0.999989,2.19491e-06,5.4816e-06,3.21506e-06,7.13317e-07,1.782e-06,0.999997,2.53297e-07
15925,1,12,1385.92,13,1490.22,0,2,0,0.106271,0.999978,4.46738e-06,1.11589e-05,6.54421e-06,1.50166e-06,3.75212e-06,0.999994,5.33126e-07
15926,1,12,1385.92,13,1490.22,0,2,0,0.106218,0.999955,8.96622e-06,2.24006e-05,1.31355e-05,3.1153e-06,7.78545e-06,0.999988,1.10578e-06
15927,1,12,1385.92,13,1490.22,0,2,0,0.106165,0.999912,1.77503e-05,4.43541e-05,2.60061e-05,6.37071e-06,1.5924e-05,0.999975,2.26081e-06
15928,1,12,1385.92,13,1490.22,0,2,0,0.106112,0.999828,3.46695e-05,8.66475e-05,5.07986e-05,1.28457e-05,3.21145e-05,0.99995,4.55769e-06
15929,1,12,1385.92,13,1490.22,0,2,0,0.106059,0.999668,6.68249e-05,0.000167042,9.7921e-05,2.55462e-05,6.38775e-05,0.999902,9.06197e-06
15930,1,12,1385.92,13,1490.22,0,2,0,0.106006,0.999369,0.000127134,0.000317855,0.000186309,5.01188e-05,0.000125344,0.999807,1.77749e-05
15931,1,12,1385.92,13,1490.22,0,2,0,0.105953,0.998814,0.00023877,0.000597073,0.000349932,9.70246e-05,0.000242697,0.999626,3.44032e-05
15932,1,12,1385.92,13,1490.22,0,2,0,0.1059,0.997801,0.000442703,0.00110723,0.000648858,0.000185375,0.00046378,0.999285,6.5717e-05
15933,1,12,1385.92,13,1490.22,0,2,0,0.105847,0.995975,0.000810235,0.00202683,0.00118763,0.000349592,0.000874789,0.998652,0.000123908
15934,1,12,1385.92,13,1490.22,0,2,9,0.105794,0.992731,0.00146323,0.00366099,0.00214494,0.000650761,0.0016287,0.99749,0.000230605
15935,1,12,1385.92,13,1490.22,0,2,9,0.105741,0.999832,3.37163e-05,8.43733e-05,4.94283e-05,1.53435e-05,3.84082e-05,0.999941,5.436e-06
15936,1,12,1385.92,13,1490.22,0,2,0,0.105688,0.999996,8.30791e-07,2.0794e-06,1.21804e-06,3.88416e-07,9.72474e-07,0.999999,1.37583e-07
15937,1,12,1385.92,13,1490.22,0,2,0,0.105635,0.999991,1.72567e-06,4.31999e-06,2.53024e-06,8.28516e-07,2.07473e-06,0.999997,2.93412e-07
15938,1,12,1385.92,13,1490.22,0,2,0,0.105582,0.999982,3.53325e-06,8.84665e-06,5.18097e-06,1.74112e-06,4.36082e-06,0.999993,6.16473e-07
15939,2,12,1385.92,13,1490.22,0,2,0,0.10553,0.999965,7.13285e-06,1.78627e-05,1.046e-05,3.60584e-06,9.03289e-06,0.999986,1.27645e-06
15940,2,12,1385.92,13,1490.22,3,2,0,0.105477,0.00147752,0.000910099,0.001128,0.996484,0.000283039,8.06465e-05,0.998986,0.000650487
15941,2,12,1385.92,13,1490.22,3,2,0,0.105424,0.00289135,0.0017808,0.00220727,0.993121,0.000568832,0.000162037,0.997962,0.00130752
15942,2,12,1385.92,13,1490.22,3,2,0,0.105371,0.00556658,0.00342816,0.00424933,0.986756,0.0011265,0.000320813,0.995963,0.0025898
15943,2,12,1385.92,13,1490.22,3,2,0,0.105319,0.0105199,0.00647799,0.00803005,0.974972,0.00219697,0.000625513,0.992126,0.00505165
15944,2,12,1385.92,13,1490.22,3,2,0,0.105266,0.0194343,0.0119662,0.0148338,0.953766,0.00421392,0.00119947,0.984896,0.00969097
15945,2,12,1385.92,13,1490.22,3,2,0,0.105213,0.034852,0.0214572,0.0266004,0.91709,0.00792856,0.00225625,0.971578,0.0182368
15946,2,12,1385.92,13,1490.22,3,2,0,0.105161,0.0600186,0.0369479,0.0458061,0.857227,0.0145659,0.00414403,0.947781,0.0335092
15947,2,12,1385.92,13,1490.22,3,2,0,0.105108,0.0978032,0.0602025,0.0746392,0.767355,0.0259282,0.00737475,0.907039,0.0596583
15948,2,12,1385.92,13,1490.22,3,2,0,0.105056,0.148378,0.0913247,0.113229,0.647068,0.044201,0.0125689,0.841511,0.101719
15949,2,12,1385.92,13,1490.22,2,2,0,0.105003,0.207017,0.127404,0.15797,0.507609,0.0710659,0.0202031,0.745161,0.16357
15950,2,12,1385.92,13,1490.22,3,3,0,0.104951,0.219521,0.135086,0.107027,0.538365,0.106053,0.030142,0.619664,0.24414
15951,2,12,1385.92,13,1490.22,3,2,0,0.104898,0.285941,0.175942,0.13939,0.398726,0.116915,0.0332208,0.683372,0.166492
15952,2,12,1385.92,13,1490.22,3,2,0,0.104846,0.344312,0.211838,0.167821,0.27603,0.166597,0.0473256,0.54882,0.237257
15953,2,12,1385.92,13,1490.22,0,3,0,0.104793,0.388082,0.238744,0.189127,0.184047,0.218058,0.0619288,0.409446,0.310567
15954,2,12,1385.92,13,1490.22,1,0,0,0.104741,0.268467,0.285421,0.226093,0.220019,0.24965,0.070883,0.468824,0.210643
15955,2,12,1385.92,13,1490.22,3,2,0,0.104689,0.304625,0.189196,0.256536,0.249642,0.169545,0.0784269,0.518917,0.233112
15956,2,12,1385.92,13,1490.22,2,3,0,0.104636,0.338752,0.210371,0.285265,0.165612,0.217337,0.100519,0.383303,0.298841
15957,2,12,1385.92,13,1490.22,0,0,0,0.104584,0.383034,0.237848,0.191884,0.187234,0.247075,0.114255,0.4358,0.20287
15958,2,12,1385.92,13,1490.22,1,2,0,0.104532,0.266351,0.282839,0.22817,0.22264,0.168233,0.126196,0.481474,0.224097
15959,2,12,1385.92,13,1490.22,0,3,0,0.104479,0.301271,0.188833,0.258076,0.25182,0.210567,0.157942,0.350987,0.280505
15960,2,12,1385.92,13,1490.22,2,0,0,0.104427,0.203052,0.215367,0.294359,0.287222,0.237025,0.177778,0.39513,0.190067
15961,2,12,1385.92,13,1490.22,2,0,0,0.104375,0.230706,0.244702,0.198229,0.326363,0.161361,0.195391,0.434347,0.208901
15962,2,12,1385.92,13,1490.22,2,3,0,0.104323,0.249323,0.264451,0.133502,0.352724,0.111106,0.207082,0.460409,0.221403
15963,2,12,1385.92,13,1490.22,0,2,0,0.104271,0.261417,0.277283,0.0914402,0.36986,0.120907,0.225377,0.501164,0.152552
15964,2,12,1385.92,13,1490.22,1,0,0,0.104218,0.178451,0.30843,0.101689,0.41143,0.152314,0.283957,0.371541,0.192188
15965,2,12,1385.92,13,1490.22,3,3,0,0.104166,0.202831,0.213882,0.115569,0.467718,0.104567,0.299949,0.392487,0.202997
15966,2,12,1385.92,13,1490.22,3,1,0,0.104114,0.250561,0.264215,0.142749,0.342474,0.112912,0.323956,0.423924,0.139208
15967,2,12,1385.92,13,1490.22,1,2,0,0.104062,0.290471,0.306303,0.165467,0.237758,0.129188,0.226374,0.485157,0.159281
15968,2,12,1385.92,13,1490.22,2,3,0,0.10401,0.330824,0.209967,0.188433,0.270777,0.16082,0.281836,0.359054,0.19829
15969,2,12,1385.92,13,1490.22,0,1,0,0.103958,0.355106,0.225358,0.128895,0.29064,0.173267,0.303683,0.386905,0.136145
15970,2,12,1385.92,13,1490.22,3,2,0,0.103906,0.249097,0.262403,0.150067,0.338434,0.196179,0.211543,0.438138,0.154141
15971,2,12,1385.92,13,1490.22,3,0,0,0.103854,0.287563,0.302928,0.173223,0.236285,0.237807,0.256435,0.318919,0.18684
15972,2,12,1385.92,13,1490.22,0,2,0,0.103802,0.315687,0.332557,0.190145,0.161612,0.16308,0.281575,0.350201,0.205144
15973,2,12,1385.92,13,1490.22,1,3,0,0.10375,0.219863,0.379149,0.21676,0.184227,0.189135,0.326598,0.246336,0.237931
15974,2,12,1385.92,13,1490.22,2,2,0,0.103698,0.25828,0.270675,0.254635,0.21641,0.207455,0.358272,0.270211,0.164062
15975,2,12,1385.92,13,1490.22,1,0,0,0.103647,0.286158,0.299893,0.174189,0.23976,0.230741,0.39853,0.188261,0.182468
15976,2,12,1385.92,13,1490.22,2,3,0,0.103595,0.323671,0.208143,0.197004,0.271181,0.161701,0.43433,0.205142,0.198828
15977,2,12,1385.92,13,1490.22,1,1,0,0.103543,0.347996,0.223766,0.136687,0.291551,0.173468,0.466028,0.220081,0.140423
15978,2,12,1385.92,13,1490.22,3,3,0,0.103491,0.378339,0.156121,0.148578,0.316962,0.212132,0.347006,0.269147,0.171715
15979,2,12,1385.92,13,1490.22,3,2,0,0.103439,0.429409,0.177164,0.168602,0.224825,0.225291,0.368568,0.285857,0.120284
15980,2,12,1385.92,13,1490.22,0,0,0,0.103388,0.465558,0.192044,0.182762,0.159636,0.251885,0.412116,0.201533,0.134466
15981,2,12,1385.92,13,1490.22,0,1,0,0.103336,0.348478,0.234118,0.2228,0.194603,0.178573,0.452537,0.221268,0.147621
15982,2,12,1385.92,13,1490.22,1,0,0,0.103284,0.249006,0.269867,0.256818,0.224309,0.216283,0.336926,0.268004,0.178787
15983,2,12,1385.92,13,1490.22,3,1,0,0.103233,0.277064,0.187598,0.285758,0.24958,0.151831,0.36465,0.290044,0.193475
15984,2,12,1385.92,13,1490.22,0,1,0,0.103181,0.304937,0.206454,0.314508,0.174101,0.176199,0.262624,0.336639,0.224537
15985,2,12,1385.92,13,1490.22,1,2,0,0.10313,0.21579,0.232927,0.354865,0.196418,0.194642,0.185385,0.371922,0.248051
15986,2,12,1385.92,13,1490.22,3,3,0,0.103078,0.234811,0.165276,0.386185,0.213728,0.226352,0.215584,0.269588,0.288476
15987,2,12,1385.92,13,1490.22,2,0,0,0.103026,0.253017,0.178078,0.416167,0.152739,0.253538,0.241475,0.301979,0.203009
15988,2,12,1385.92,13,1490.22,2,2,0,0.102975,0.299796,0.210987,0.308258,0.180959,0.178592,0.265717,0.33231,0.223381
15989,2,12,1385.92,13,1490.22,1,3,0,0.102923,0.338296,0.238065,0.219461,0.204178,0.203695,0.303091,0.238423,0.254792
15990,2,12,1385.92,13,1490.22,0,3,0,0.102872,0.368704,0.169621,0.239166,0.222508,0.22408,0.33345,0.262292,0.180178
15991,2,12,1385.92,13,1490.22,1,0,0,0.102821,0.269357,0.196306,0.276811,0.257527,0.238157,0.354425,0.278778,0.12864
15992,2,12,1385.92,13,1490.22,3,0,0,0.102769,0.288694,0.13861,0.296684,0.276012,0.170436,0.38595,0.30356,0.140054
15993,2,12,1385.92,13,1490.22,3,1,0,0.102718,0.32044,0.15383,0.329311,0.196419,0.123417,0.407847,0.320766,0.14797
15994,2,12,1385.92,13,1490.22,2,1,0,0.102666,0.342647,0.164466,0.352134,0.140754,0.145224,0.303138,0.377516,0.174122
15995,2,12,1385.92,13,1490.22,2,3,0,0.102615,0.39298,0.188598,0.257021,0.161401,0.16252,0.220053,0.42256,0.194867
15996,2,12,1385.92,13,1490.22,0,1,0,0.102564,0.430121,0.206392,0.186864,0.176623,0.173113,0.234409,0.450186,0.142292
15997,2,12,1385.92,13,1490.22,2,3,0,0.102512,0.324592,0.244615,0.221467,0.209327,0.187268,0.171722,0.48709,0.153921
15998,2,12,1385.92,13,1490.22,0,2,0,0.102461,0.350419,0.264063,0.159554,0.225963,0.195944,0.179674,0.509753,0.114629
15999,2,12,1385.92,13,1490.22,1,0,0,0.10241,0.257347,0.301909,0.182403,0.258341,0.240833,0.220833,0.397459,0.140874
16000,2,12,1385.92,13,1490.22,3,2,0,0.102359,0.288155,0.218351,0.204226,0.289268,0.175908,0.239708,0.431482,0.152901
16001,2,12,1385.92,13,1490.22,0,0,0,0.102308,0.320846,0.24311,0.22738,0.208663,0.208248,0.283796,0.326948,0.181007
16002,2,12,1385.92,13,1490.22,3,0,0,0.102256,0.234348,0.274077,0.25634,0.235235,0.150845,0.304375,0.350666,0.194115
16003,2,12,1385.92,13,1490.22,3,1,0,0.102205,0.254624,0.2978,0.278523,0.169053,0.110921,0.318688,0.367166,0.203225
16004,2,12,1385.92,13,1490.22,0,2,0,0.102154,0.268738,0.314318,0.293968,0.122976,0.124613,0.234458,0.412589,0.228339
16005,2,12,1385.92,13,1490.22,2,2,0,0.102103,0.195577,0.345778,0.323387,0.135259,0.145945,0.274627,0.31197,0.267459
16006,2,12,1385.92,13,1490.22,1,2,0,0.102052,0.220077,0.389137,0.238595,0.152191,0.163754,0.308177,0.227936,0.300132
16007,2,12,1385.92,13,1490.22,1,3,0,0.102001,0.254636,0.293219,0.276067,0.176077,0.17694,0.333036,0.165684,0.32434
16008,2,12,1385.92,13,1490.22,1,3,0,0.10195,0.283136,0.214123,0.306971,0.19577,0.199266,0.375105,0.186587,0.239042
16009,2,12,1385.92,13,1490.22,2,3,0,0.101899,0.303859,0.156615,0.329443,0.210083,0.215611,0.405925,0.20189,0.176575
16010,2,12,1385.92,13,1490.22,2,2,0,0.101848,0.34253,0.176523,0.244145,0.236802,0.227272,0.427933,0.212806,0.131989
16011,2,12,1385.92,13,1490.22,1,0,0,0.101797,0.371471,0.191413,0.180324,0.256791,0.242779,0.457189,0.159053,0.140979
16012,2,12,1385.92,13,1490.22,3,3,0,0.101746,0.393849,0.142752,0.191159,0.27224,0.182228,0.493791,0.171751,0.15223
16013,2,12,1385.92,13,1490.22,0,1,0,0.101695,0.431072,0.156212,0.209196,0.203521,0.189905,0.514697,0.178984,0.116413
16014,2,12,1385.92,13,1490.22,3,0,0,0.101645,0.332814,0.183184,0.24533,0.238673,0.231285,0.408969,0.217981,0.141765
16015,2,12,1385.92,13,1490.22,0,1,0,0.101594,0.359779,0.198002,0.265191,0.177027,0.173231,0.439888,0.234432,0.15245
16016,2,12,1385.92,13,1490.22,0,3,0,0.101543,0.271665,0.225249,0.301702,0.201384,0.203915,0.340665,0.275972,0.179448
16017,2,12,1385.92,13,1490.22,2,1,0,0.101492,0.201068,0.247078,0.330959,0.220895,0.215213,0.359577,0.291281,0.133929
16018,2,12,1385.92,15,1772.99,0,0,9,0.101441,0.225911,0.277617,0.248281,0.248192,0.244859,0.271352,0.331425,0.152364
16019,2,12,1385.92,15,1772.99,0,0,0,0.101391,0.944005,0.0200822,0.0179597,0.0179532,0.949386,0.0181876,0.022215,0.0102112
16020,2,12,1385.92,15,1772.99,0,1,0,0.10134,0.912957,0.0312176,0.0279176,0.0279076,0.920609,0.0285285,0.0348472,0.0160151
16021,2,12,1385.92,15,1772.99,0,0,0,0.101289,0.868188,0.0472747,0.0422763,0.0422612,0.923748,0.0252519,0.0349431,0.0160567
16022,0,12,1385.92,15,1749.57,0,0,13,0.101239,0.806731,0.0693175,0.0619871,0.0619648,0.883172,0.0386888,0.0535403,0.0245984
16023,0,12,1385.92,15,1733.76,0,2,13,0.101188,0.999999,4.42921e-07,1.81612e-07,2.4817e-07,3.32863e-07,3.81493e-07,0.999999,7.3288e-07
16024,0,12,1385.92,14,1629.67,0,2,13,0.101137,1,2.00359e-09,8.2139e-10,1.12249e-09,1.50499e-09,1.72492e-09,1,3.31414e-09
16025,0,12,1385.92,14,1609.8,0,2,13,0.101087,1,1.00746e-11,4.12944e-12,5.64354e-12,7.56386e-12,8.66939e-12,1,1.6659e-11
16026,0,12,1385.92,14,1609.8,0,2,0,0.101036,1,5.6192e-14,2.30282e-14,3.14737e-14,4.2168e-14,4.83326e-14,1,9.28871e-14
16027,0,12,1385.92,14,1608.75,0,2,13,0.100986,1,2.11971e-13,8.6853e-14,1.18713e-13,1.58994e-13,1.82243e-13,1,3.50286e-13
16028,0,12,1385.92,14,1608.75,0,2,0,0.100935,1,1.27334e-15,5.21645e-16,7.13044e-16,9.54662e-16,1.09428e-15,1,2.10358e-15
16029,0,12,1385.92,14,1584.41,0,2,13,0.100885,1,5.17899e-15,2.12128e-15,2.89979e-15,3.88109e-15,4.44883e-15,1,8.55326e-15
16030,0,12,1385.92,14,1569.76,0,2,13,0.100834,1,3.34078e-17,1.36812e-17,1.87033e-17,2.50244e-17,2.86858e-17,1,5.51582e-17
16031,0,12,1385.92,14,1569.69,0,2,13,0.100784,1,2.37867e-19,9.7394e-20,1.33154e-19,1.78098e-19,2.04163e-19,1,3.92623e-19
16032,0,12,1385.92,14,1521.74,0,2,13,0.100734,1,1.86576e-21,7.63793e-22,1.0443e-21,1.39635e-21,1.60075e-21,1,3.07878e-21
16033,0,12,1385.92,14,1521.74,0,2,0,0.100683,1,1.60908e-23,6.58599e-24,9.00531e-24,1.20374e-23,1.37998e-23,1,2.65453e-23
16034,0,12,1385.92,14,1521.74,0,2,0,0.100633,1,9.38885e-23,3.84218e-23,5.2539e-23,7.02081e-23,8.04895e-23,1,1.54849e-22
16035,0,12,1385.92,14,1521.21,0,2,13,0.100583,1,5.29101e-22,2.16484e-22,2.96045e-22,3.95491e-22,4.53419e-22,1,8.72422e-22
16036,0,12,1385.92,14,1521.21,0,2,0,0.100532,1,4.66246e-24,1.90732e-24,2.60846e-24,3.48368e-24,3.99405e-24,1,7.68595e-24
16037,0,12,1385.92,14,1521.21,0,2,0,0.100482,1,2.78928e-23,1.14084e-23,1.5603e-23,2.08326e-23,2.38853e-23,1,4.59697e-23
16038,0,12,1385.92,14,1511.14,0,2,13,0.100432,1,1.61081e-22,6.58718e-23,9.00976e-23,1.20262e-22,1.37889e-22,1,2.65415e-22
16039,0,12,1385.92,14,1509.95,0,2,13,0.100382,1,1.44832e-24,5.92162e-25,8.09993e-25,1.08089e-24,1.23935e-24,1,2.38587e-24
16040,0,12,1385.92,14,1505.52,0,2,13,0.100331,1,1.42794e-26,5.83726e-27,7.98503e-27,1.06528e-26,1.22148e-26,1,2.35179e-26
16041,0,12,1385.92,14,1505.52,0,2,9,0.100281,1,1.54095e-28,6.29812e-29,8.616e-29,1.14917e-28,1.31771e-28,1,2.53739e-28
16042,0,12,1385.92,14,1504.92,0,2,13,0.100231,1,1.31565e-29,5.37629e-30,7.35538e-30,9.80791e-30,1.12466e-29,1,2.16595e-29
16043,0,12,1385.92,14,1504.92,0,2,0,0.100181,1,1.62684e-31,6.64675e-32,9.09408e-32,1.21234e-31,1.39022e-31,1,2.67773e-31
16044,0,12,1385.92,14,1504.92,0,2,0,0.100131,1,1.36882e-30,5.59156e-31,7.65084e-31,1.0197e-30,1.16935e-30,1,2.2526e-30
16045,0,12,1385.92,14,1504.92,0,2,0,0.100081,1,1.10431e-29,4.51025e-30,6.17169e-30,8.22373e-30,9.43086e-30,1,1.81697e-29
16046,0,12,1385.92,14,1500.94,0,2,13,0.100031,1,8.54951e-29,3.49119e-29,4.77754e-29,6.36462e-29,7.29906e-29,1,1.40644e-28
16047,0,12,1385.92,13,1561.86,0,2,13,0.0999808,1,1.01406e-30,4.14017e-31,5.66601e-31,7.54658e-31,8.65479e-31,1,1.66789e-30
16048,0,12,1385.92,13,1560.24,0,2,13,0.0999308,1,1.31169e-32,5.35435e-33,7.32812e-33,9.75828e-33,1.11916e-32,1,2.15704e-32
16049,0,12,1385.92,13,1559.86,0,2,13,0.0998808,1,1.84712e-34,7.53865e-35,1.03183e-34,1.37372e-34,1.57553e-34,1,3.03704e-34
16050,0,12,1385.92,13,1558.3,0,2,13,0.0998309,1,2.827e-36,1.15358e-36,1.57902e-36,2.10179e-36,2.41064e-36,1,4.64743e-36
16051,0,12,1385.92,13,1558.3,0,2,0,0.099781,1,4.69471e-38,1.91536e-38,2.62192e-38,3.48928e-38,4.00212e-38,1,7.71664e-38
16052,0,12,1385.92,13,1558.3,0,2,0,0.0997311,1,5.32877e-37,2.17366e-37,2.97568e-37,3.95932e-37,4.54137e-37,1,8.75753e-37
16053,0,12,1385.92,13,1558.3,0,2,0,0.0996812,1,5.76521e-36,2.35127e-36,3.21902e-36,4.2823e-36,4.91196e-36,1,9.47342e-36
16054,0,12,1385.92,13,1558.3,0,2,0,0.0996314,1,5.95093e-35,2.42658e-35,3.32234e-35,4.41893e-35,5.06882e-35,1,9.77724e-35
16055,0,12,1385.92,13,1558.3,0,2,0,0.0995816,1,5.866e-34,2.39152e-34,3.27454e-34,4.35458e-34,4.99514e-34,1,9.63638e-34
16056,0,12,1385.92,13,1558.3,0,2,0,0.0995318,1,5.5269e-33,2.25286e-33,3.08488e-33,4.10166e-33,4.70515e-33,1,9.07814e-33
16057,0,12,1385.92,13,1529.31,0,2,13,0.099482,1,4.98187e-32,2.03034e-32,2.78035e-32,3.69613e-32,4.24007e-32,1,8.18188e-32
16058,0,12,1385.92,13,1529.31,0,2,0,0.0994323,1,6.76248e-34,2.75552e-34,3.77365e-34,5.01578e-34,5.75408e-34,1,1.11049e-33
16059,0,12,1385.92,13,1529.31,0,2,0,0.0993826,1,6.35641e-33,2.58959e-33,3.54664e-33,4.7133e-33,5.40722e-33,1,1.04368e-32
16060,0,12,1385.92,13,1529.31,0,2,0,0.0993329,1,5.71623e-32,2.32837e-32,3.18908e-32,4.23745e-32,4.86145e-32,1,9.38464e-32
16061,0,12,1385.92,13,1529.31,0,2,0,0.0992832,1,4.92244e-31,2.00467e-31,2.7459e-31,3.64803e-31,4.18535e-31,1,8.08054e-31
16062,0,12,1385.92,13,1529.31,0,2,0,0.0992336,1,4.06252e-30,1.65417e-30,2.26594e-30,3.00995e-30,3.45338e-30,1,6.66823e-30
16063,0,12,1385.92,13,1529.31,0,2,0,0.0991839,1,3.21604e-29,1.30927e-29,1.7936e-29,2.38217e-29,2.73319e-29,1,5.27829e-29
16064,0,12,1385.92,13,1529.31,0,2,0,0.0991343,1,2.44409e-28,9.94825e-29,1.36292e-28,1.80991e-28,2.07666e-28,1,4.01094e-28
16065,0,12,1385.92,13,1529.31,0,2,0,0.0990848,1,1.78457e-27,7.26246e-28,9.95024e-28,1.32118e-27,1.51594e-27,1,2.92834e-27
16066,0,12,1385.92,13,1529.31,0,2,0,0.0990352,1,1.25289e-26,5.09783e-27,6.98494e-27,9.27329e-27,1.06406e-26,1,2.05571e-26
16067,0,12,1385.92,13,1529.31,0,2,0,0.0989857,1,8.46434e-26,3.44341e-26,4.71838e-26,6.26338e-26,7.1871e-26,1,1.38869e-25
16068,0,12,1385.92,13,1522.42,0,2,13,0.0989362,1,5.50689e-25,2.23987e-25,3.06942e-25,4.07397e-25,4.67492e-25,1,9.03407e-25
16069,0,12,1385.92,13,1522.42,0,2,0,0.0988868,1,5.35368e-27,2.17716e-27,2.98367e-27,3.95968e-27,4.5439e-27,1,8.78203e-27
16070,0,12,1385.92,13,1512.32,0,2,13,0.0988373,1,3.6799e-26,1.49622e-26,2.05061e-26,2.72109e-26,3.12265e-26,1,6.03596e-26
16071,0,12,1385.92,13,1512.32,0,2,0,0.0987879,1,3.76578e-28,1.53087e-28,2.09822e-28,2.78395e-28,3.19487e-28,1,6.17639e-28
16072,0,12,1385.92,13,1512.32,0,2,0,0.0987385,1,2.72895e-27,1.10918e-27,1.52034e-27,2.01699e-27,2.31477e-27,1,4.47554e-27
16073,0,12,1385.92,13,1512.32,0,2,0,0.0986891,1,1.90181e-26,7.72845e-27,1.0594e-26,1.40532e-26,1.61284e-26,1,3.1188e-26
16074,0,12,1385.92,13,1511.91,0,2,13,0.0986398,1,1.27556e-25,5.18262e-26,7.1047e-26,9.42356e-26,1.08154e-25,1,2.09169e-25
16075,0,12,1385.92,13,1507.76,0,2,13,0.0985905,1,1.26775e-27,5.14995e-28,7.06035e-28,9.3638e-28,1.07471e-27,1,2.07875e-27
16076,0,12,1385.92,13,1507.76,0,2,0,0.0985412,1,1.37888e-29,5.60038e-30,7.67837e-30,1.01824e-29,1.1687e-29,1,2.26085e-29
16077,0,12,1385.92,13,1507.76,0,2,0,0.0984919,1,1.06765e-28,4.33553e-29,5.94458e-29,7.88249e-29,9.04748e-29,1,1.75046e-28
16078,0,12,1385.92,13,1507.76,0,2,9,0.0984427,1,7.93949e-28,3.22349e-28,4.42011e-28,5.86051e-28,6.72685e-28,1,1.30165e-27
16079,0,12,1385.92,13,1507.76,0,2,0,0.0983934,1,6.38281e-29,2.59101e-29,3.55305e-29,4.71049e-29,5.40697e-29,1,1.04639e-28
16080,0,12,1385.92,13,1505.53,0,2,13,0.0983442,1,4.79652e-28,1.94672e-28,2.66972e-28,3.53909e-28,4.06249e-28,1,7.86301e-28
16081,0,12,1385.92,13,1504.21,0,2,13,0.0982951,1,5.28788e-30,2.14576e-30,2.94286e-30,3.90085e-30,4.47788e-30,1,8.66814e-30
16082,0,12,1385.92,13,1504.21,0,2,0,0.0982459,1,6.36657e-32,2.58301e-32,3.54277e-32,4.69567e-32,5.39042e-32,1,1.0436e-31
16083,0,12,1385.92,13,1504.21,0,2,9,0.0981968,1,5.48838e-31,2.22632e-31,3.05373e-31,4.04718e-31,4.6461e-31,1,8.99616e-31
16084,0,12,1385.92,13,1504.21,0,2,0,0.0981477,1,5.07714e-32,2.05913e-32,2.82458e-32,3.7432e-32,4.29726e-32,1,8.32181e-32
16085,0,12,1385.92,13,1504.21,0,2,0,0.0980986,1,4.39776e-31,1.78327e-31,2.44633e-31,3.2417e-31,3.72163e-31,1,7.20804e-31
16086,0,12,1385.92,13,1499.32,0,2,13,0.0980496,1,3.65039e-30,1.47995e-30,2.03036e-30,2.69029e-30,3.08867e-30,1,5.98291e-30
16087,0,12,1385.92,13,1499.32,0,2,0,0.0980005,1,4.402e-32,1.78435e-32,2.44812e-32,3.24362e-32,3.72404e-32,1,7.21461e-32
16088,0,12,1385.92,13,1485.55,0,2,13,0.0979515,1,3.82543e-31,1.55035e-31,2.12721e-31,2.81826e-31,3.23577e-31,1,6.26951e-31
16089,0,12,1385.92,13,1484.93,0,2,13,0.0979026,1,4.81272e-33,1.95013e-33,2.67591e-33,3.54498e-33,4.07026e-33,1,7.88743e-33
16090,0,12,1385.92,13,1468.39,0,2,13,0.0978536,1,6.5953e-35,2.67195e-35,3.6666e-35,4.85714e-35,5.577e-35,1,1.08087e-34
16091,0,12,1385.92,13,1468.39,0,2,0,0.0978047,1,9.82823e-37,3.98099e-37,5.46328e-37,7.23677e-37,8.30954e-37,1,1.61067e-36
16092,0,12,1385.92,13,1468.39,0,2,0,0.0977558,1,1.05651e-35,4.27867e-36,5.87218e-36,7.77797e-36,8.93121e-36,1,1.7314e-35
16093,0,12,1385.92,13,1468.39,0,2,0,0.0977069,1,1.08369e-34,4.38798e-35,6.02258e-35,7.97676e-35,9.15973e-35,1,1.77593e-34
16094,0,12,1385.92,13,1468.39,0,2,0,0.0976581,1,1.06165e-33,4.29796e-34,5.89939e-34,7.8132e-34,8.97216e-34,1,1.7398e-33
16095,0,12,1385.92,13,1468.46,0,2,9,0.0976092,1,9.94247e-33,4.02435e-33,5.52419e-33,7.31591e-33,8.40135e-33,1,1.62932e-32
16096,0,12,1385.92,13,1468.46,0,2,0,0.0975604,1,9.86829e-34,3.9936e-34,5.48233e-34,7.26014e-34,8.33752e-34,1,1.61716e-33
16097,0,12,1385.92,13,1468.46,0,2,0,0.0975116,1,9.25785e-33,3.74588e-33,5.1426e-33,6.80992e-33,7.82072e-33,1,1.51712e-32
16098,0,12,1385.92,13,1468.46,0,2,9,0.0974629,1,8.30974e-32,3.36165e-32,4.61539e-32,6.11153e-32,7.01885e-32,1,1.36175e-31
16099,0,12,1385.92,13,1468.46,0,2,0,0.0974142,1,7.89026e-33,3.19138e-33,4.38189e-33,5.80209e-33,6.66367e-33,1,1.29301e-32
16100,0,12,1385.92,13,1468.46,0,2,0,0.0973655,1,7.10675e-32,2.87395e-32,3.9463e-32,5.22512e-32,6.00118e-32,1,1.16462e-31
16101,0,12,1385.92,13,1468.46,0,2,0,0.0973168,1,6.12928e-31,2.47822e-31,3.40312e-31,4.50575e-31,5.17512e-31,1,1.00444e-30
16102,0,12,1385.92,13,1463.36,0,2,13,0.0972681,1,5.06618e-30,2.04801e-30,2.81253e-30,3.72368e-30,4.27698e-30,1,8.3023e-30
16103,0,12,1385.92,13,1463.36,0,2,0,0.0972195,1,5.95873e-32,2.40839e-32,3.30765e-32,4.37904e-32,5.02986e-32,1,9.76506e-32
16104,0,12,1385.92,13,1463.36,0,2,0,0.0971709,1,5.1594e-31,2.08494e-31,2.86361e-31,3.79105e-31,4.3546e-31,1,8.45523e-31
16105,0,12,1385.92,13,1463.36,0,2,0,0.0971223,1,4.28098e-30,1.72965e-30,2.37578e-30,3.14514e-30,3.61277e-30,1,7.01576e-30
16106,0,12,1385.92,13,1463.36,0,2,0,0.0970737,1,3.40685e-29,1.37622e-29,1.89045e-29,2.50257e-29,2.87474e-29,1,5.58329e-29
16107,0,12,1385.92,13,1458.1,0,2,13,0.0970252,1,2.60247e-28,1.0511e-28,1.44393e-28,1.91142e-28,2.19574e-28,1,4.26512e-28
16108,0,12,1385.92,13,1458.1,0,2,0,0.0969767,1,2.81494e-30,1.13671e-30,1.56163e-30,2.06717e-30,2.37473e-30,1,4.6134e-30
16109,0,12,1385.92,13,1458.1,0,2,0,0.0969282,1,2.25983e-29,9.1238e-30,1.25353e-29,1.65929e-29,1.90621e-29,1,3.70371e-29
16110,0,12,1385.92,13,1458.1,0,2,0,0.0968797,1,1.74113e-28,7.02834e-29,9.65694e-29,1.27826e-28,1.46851e-28,1,2.85365e-28
16111,0,12,1385.92,13,1458.1,0,2,9,0.0968313,1,1.28852e-27,5.20035e-28,7.14573e-28,9.45836e-28,1.08665e-27,1,2.11188e-27
16112,0,12,1385.92,13,1458.1,0,2,0,0.0967829,1,1.00079e-28,4.03835e-29,5.5494e-29,7.34526e-29,8.43902e-29,1,1.64033e-28
16113,0,12,1385.92,13,1458.1,0,2,9,0.0967345,1,7.49014e-28,3.02186e-28,4.15283e-28,5.49664e-28,6.3153e-28,1,1.22769e-27
16114,0,12,1385.92,13,1448.91,0,2,13,0.0966861,1,5.87151e-29,2.3684e-29,3.25501e-29,4.30823e-29,4.95003e-29,1,9.62413e-29
16115,0,12,1385.92,13,1448.91,0,2,0,0.0966378,1,6.48812e-31,2.61665e-31,3.59641e-31,4.76003e-31,5.46929e-31,1,1.06351e-30
16116,0,12,1385.92,13,1448.91,0,2,0,0.0965894,1,5.36778e-30,2.16443e-30,2.97505e-30,3.93758e-30,4.52441e-30,1,8.79897e-30
16117,0,12,1385.92,13,1441.86,0,2,13,0.0965411,1,4.25953e-29,1.71724e-29,2.36053e-29,3.1242e-29,3.58992e-29,1,6.98251e-29
16118,0,12,1385.92,13,1441.86,0,2,0,0.0964929,1,4.72042e-31,1.9027e-31,2.61564e-31,3.46181e-31,3.97796e-31,1,7.7383e-31
16119,0,12,1385.92,13,1433.38,0,2,13,0.0964446,1,3.93174e-30,1.58451e-30,2.17837e-30,2.88305e-30,3.313e-30,1,6.44561e-30
16120,0,12,1385.92,13,1433.38,0,2,0,0.0963964,1,4.55711e-32,1.83621e-32,2.52455e-32,3.3412e-32,3.83958e-32,1,7.47109e-32
16121,0,12,1385.92,13,1431.57,0,2,13,0.0963482,1,3.97675e-31,1.60207e-31,2.20278e-31,2.91532e-31,3.35027e-31,1,6.51986e-31
16122,0,12,1385.92,13,1431.57,0,2,9,0.0963,1,4.81207e-33,1.93823e-33,2.66516e-33,3.52725e-33,4.05361e-33,1,7.88966e-33
16123,0,12,1385.92,13,1431.57,0,2,0,0.0962519,1,4.74741e-34,1.91184e-34,2.62904e-34,3.47943e-34,3.99876e-34,1,7.78394e-34
16124,0,12,1385.92,13,1431.57,0,2,9,0.0962038,1,4.53674e-33,1.82667e-33,2.51208e-33,3.32462e-33,3.82095e-33,1,7.43881e-33
16125,0,12,1385.92,13,1431.57,0,2,0,0.0961557,1,4.47421e-34,1.80116e-34,2.47716e-34,3.2784e-34,3.76794e-34,1,7.33659e-34
16126,0,12,1385.92,13,1431.57,0,2,0,0.0961076,1,4.28194e-33,1.72345e-33,2.37043e-33,3.13715e-33,3.6057e-33,1,7.02162e-33
16127,0,12,1385.92,13,1430.83,0,2,13,0.0960595,1,3.91926e-32,1.57719e-32,2.1694e-32,2.87109e-32,3.3e-32,1,6.42716e-32
16128,0,12,1385.92,13,1430.83,0,2,0,0.0960115,1,4.93073e-34,1.98386e-34,2.72895e-34,3.61164e-34,4.15128e-34,1,8.08623e-34
16129,0,12,1385.92,13,1430.83,0,2,0,0.0959635,1,4.71187e-33,1.89546e-33,2.60751e-33,3.45092e-33,3.96667e-33,1,7.72765e-33
16130,0,12,1385.92,13,1430.83,0,2,0,0.0959155,1,4.30651e-32,1.73208e-32,2.3829e-32,3.15368e-32,3.6251e-32,1,7.06317e-32
16131,0,12,1385.92,13,1430.83,0,2,9,0.0958676,1,3.76783e-31,1.51514e-31,2.08459e-31,2.75889e-31,3.17139e-31,1,6.17998e-31
16132,0,12,1385.92,13,1430.83,0,2,0,0.0958196,1,3.38646e-32,1.36154e-32,1.87338e-32,2.47937e-32,2.85015e-32,1,5.55473e-32
16133,0,12,1385.92,13,1430.83,0,2,0,0.0957717,1,2.97789e-31,1.19705e-31,1.64716e-31,2.17999e-31,2.50607e-31,1,4.88479e-31
16134,0,12,1385.92,13,1430.83,0,2,9,0.0957238,1,2.50863e-30,1.00823e-30,1.38743e-30,1.83626e-30,2.11098e-30,1,4.11525e-30
16135,0,12,1385.92,13,1430.83,0,2,9,0.095676,1,2.16669e-31,8.70646e-32,1.19817e-31,1.58579e-31,1.82309e-31,1,3.5545e-31
16136,0,12,1385.92,13,1430.83,0,2,0,0.0956281,1,1.96286e-32,7.886e-33,1.08533e-32,1.43646e-32,1.65146e-32,1,3.22029e-32
16137,0,12,1385.92,13,1421.87,0,2,13,0.0955803,1,1.74582e-31,7.01272e-32,9.65206e-32,1.27748e-31,1.46873e-31,1,2.86436e-31
16138,0,12,1385.92,13,1421.87,0,2,0,0.0955325,1,2.10769e-33,8.46479e-34,1.16514e-33,1.54212e-33,1.77303e-33,1,3.45828e-33
16139,0,12,1385.92,13,1421.87,0,2,0,0.0954848,1,1.95991e-32,7.86985e-33,1.08332e-32,1.43384e-32,1.64859e-32,1,3.21598e-32
16140,0,12,1385.92,13,1421.87,0,2,0,0.095437,1,1.74402e-31,7.00167e-32,9.63871e-32,1.27576e-31,1.46688e-31,1,2.86189e-31
16141,0,12,1385.92,13,1421.87,0,2,0,0.0953893,1,1.48638e-30,5.96625e-31,8.21384e-31,1.08719e-30,1.25008e-30,1,2.43925e-30
16142,0,12,1385.92,13,1421.87,0,2,0,0.0953416,1,1.21435e-29,4.87345e-30,6.70979e-30,8.88122e-30,1.02122e-29,1,1.99295e-29
16143,0,12,1385.92,13,1421.87,0,2,0,0.0952939,1,9.51828e-29,3.81918e-29,5.25861e-29,6.96051e-29,8.00389e-29,1,1.56219e-28
16144,0,12,1385.92,13,1421.87,0,2,9,0.0952463,1,7.16353e-28,2.87382e-28,3.9572e-28,5.238e-28,6.02334e-28,1,1.17579e-27
16145,0,12,1385.92,13,1420.91,0,2,13,0.0951987,1,5.48973e-29,2.20193e-29,3.03222e-29,4.0137e-29,4.61561e-29,1,9.01113e-29
16146,0,12,1385.92,13,1417.32,0,2,13,0.0951511,1,5.85937e-31,2.34977e-31,3.236e-31,4.28352e-31,4.92604e-31,1,9.61846e-31
16147,0,12,1385.92,13,1417.32,0,2,0,0.0951035,1,6.83427e-33,2.74023e-33,3.77396e-33,4.99573e-33,5.74523e-33,1,1.12195e-32
16148,0,12,1385.92,13,1417.32,0,2,0,0.0950559,1,6.21703e-32,2.49229e-32,3.43271e-32,4.54409e-32,5.22597e-32,1,1.02068e-31
16149,0,12,1385.92,13,1417.32,0,2,0,0.0950084,1,5.41437e-31,2.17012e-31,2.98917e-31,3.95703e-31,4.55095e-31,1,8.88964e-31
16150,0,12,1385.92,13,1417.32,0,2,9,0.0949609,1,4.51817e-30,1.81059e-30,2.4941e-30,3.30173e-30,3.7974e-30,1,7.41869e-30
16151,0,12,1385.92,13,1417.32,0,2,0,0.0949134,1,3.81043e-31,1.52669e-31,2.10316e-31,2.78426e-31,3.20234e-31,1,6.257e-31
16152,0,12,1385.92,13,1417.32,0,2,0,0.094866,1,3.20287e-30,1.28303e-30,1.76761e-30,2.34009e-30,2.69155e-30,1,5.25968e-30
16153,0,12,1385.92,13,1417.32,0,2,9,0.0948185,1,2.58142e-29,1.0339e-29,1.42447e-29,1.88587e-29,2.16917e-29,1,4.23944e-29
16154,0,12,1385.92,13,1417.32,0,2,0,0.0947711,1,2.09839e-30,8.40281e-31,1.15779e-30,1.53284e-30,1.76316e-30,1,3.44639e-30
16155,0,12,1385.92,13,1417.32,0,2,0,0.0947237,1,1.70597e-29,6.83016e-30,9.41163e-30,1.24607e-29,1.43334e-29,1,2.80208e-29
16156,0,12,1385.92,13,1417.32,0,2,0,0.0946764,1,1.33076e-28,5.32694e-29,7.34074e-29,9.71915e-29,1.11801e-28,1,2.18593e-28
16157,0,12,1385.92,13,1417.32,0,2,9,0.094629,1,9.96833e-28,3.98953e-28,5.49809e-28,7.27967e-28,8.37417e-28,1,1.63753e-27
16158,0,12,1385.92,13,1417.32,0,2,0,0.0945817,1,7.51451e-29,3.00691e-29,4.14418e-29,5.48718e-29,6.31236e-29,1,1.23452e-28
16159,0,12,1385.92,13,1417.32,0,2,0,0.0945344,1,5.69467e-28,2.27829e-28,3.14018e-28,4.15793e-28,4.78334e-28,1,9.35613e-28
16160,0,12,1385.92,13,1417.32,0,2,0,0.0944872,1,4.1465e-27,1.65861e-27,2.28621e-27,3.02727e-27,3.48271e-27,1,6.81303e-27
16161,0,12,1385.92,13,1417.32,0,2,0,0.0944399,1,2.90325e-26,1.16109e-26,1.60054e-26,2.11941e-26,2.43833e-26,1,4.77061e-26
16162,0,12,1385.92,13,1417.32,0,2,0,0.0943927,1,1.9562e-25,7.82196e-26,1.07831e-25,1.42792e-25,1.64284e-25,1,3.21465e-25
16163,0,12,1385.92,13,1417.32,0,2,0,0.0943455,1,1.2694e-24,5.07483e-25,6.99646e-25,9.2651e-25,1.06599e-24,1,2.08618e-24
16164,0,12,1385.92,13,1417.32,0,2,0,0.0942983,1,7.93898e-24,3.17327e-24,4.37514e-24,5.79398e-24,6.66641e-24,1,1.30481e-23
16165,0,12,1385.92,13,1417.32,0,2,0,0.0942512,1,4.78881e-23,1.91377e-23,2.63878e-23,3.49463e-23,4.02095e-23,1,7.87124e-23
16166,0,12,1385.92,13,1417.32,0,2,0,0.0942041,1,2.78804e-22,1.11399e-22,1.53611e-22,2.03439e-22,2.34085e-22,1,4.58297e-22
16167,0,12,1385.92,13,1416.34,0,2,13,0.094157,1,1.56777e-21,6.26307e-22,8.63686e-22,1.14388e-21,1.31623e-21,1,2.57729e-21
16168,0,12,1385.92,13,1416.34,0,2,0,0.0941099,1,1.16082e-23,4.6365e-24,6.39421e-24,8.46887e-24,9.74517e-24,1,1.90844e-23
16169,0,12,1385.92,13,1416.34,0,2,0,0.0940628,1,6.95377e-23,2.77693e-23,3.82991e-23,5.07273e-23,5.83738e-23,1,1.14331e-22
16170,0,12,1385.92,13,1416.34,0,2,9,0.0940158,1,4.02108e-22,1.60549e-22,2.21441e-22,2.93309e-22,3.37531e-22,1,6.61181e-22
16171,0,12,1385.92,13,1416.34,0,2,0,0.0939688,1,2.32429e-23,9.27842e-24,1.27984e-23,1.69526e-23,1.9509e-23,1,3.82209e-23
16172,0,12,1385.92,13,1416.34,0,2,0,0.0939218,1,1.37393e-22,5.48366e-23,7.56447e-23,1.00202e-22,1.15315e-22,1,2.25949e-22
16173,0,12,1385.92,13,1416.34,0,2,0,0.0938748,1,7.84196e-22,3.12932e-22,4.31704e-22,5.71869e-22,6.58145e-22,1,1.28974e-21
16174,0,12,1385.92,13,1416.34,0,2,0,0.0938279,1,4.32481e-21,1.72549e-21,2.38055e-21,3.15357e-21,3.62944e-21,1,7.11344e-21
16175,0,12,1385.92,13,1416.34,0,2,0,0.093781,1,2.30616e-20,9.1993e-21,1.26925e-20,1.68146e-20,1.93525e-20,1,3.79346e-20
16176,0,12,1385.92,13,1416.34,0,2,0,0.0937341,1,1.18982e-19,4.74532e-20,6.54765e-20,8.67445e-20,9.98397e-20,1,1.95731e-19
16177,0,12,1385.92,13,1416.34,0,2,0,0.0936872,1,5.94324e-19,2.3699e-19,3.27022e-19,4.3326e-19,4.98681e-19,1,9.77773e-19
16178,0,12,1385.92,13,1416.34,0,2,0,0.0936404,1,2.87606e-18,1.14663e-18,1.58234e-18,2.09646e-18,2.41309e-18,1,4.73202e-18
16179,0,12,1385.92,13,1416.34,0,2,0,0.0935936,1,1.3492e-17,5.37801e-18,7.42208e-18,9.83396e-18,1.13195e-17,1,2.22003e-17
16180,0,12,1385.92,13,1416.34,0,2,0,0.0935468,1,6.13938e-17,2.44675e-17,3.37693e-17,4.47447e-17,5.15053e-17,1,1.01028e-16
16181,0,12,1385.92,13,1416.34,0,2,0,0.0935,1,2.71148e-16,1.08042e-16,1.49125e-16,1.976e-16,2.27463e-16,1,4.46231e-16
16182,0,12,1385.92,13,1416.34,0,2,0,0.0934532,1,1.16299e-15,4.63322e-16,6.39545e-16,8.47467e-16,9.75569e-16,1,1.91411e-15
16183,0,12,1385.92,13,1416.34,0,2,0,0.0934065,1,4.84718e-15,1.9307e-15,2.66521e-15,3.53183e-15,4.06581e-15,1,7.97836e-15
16184,0,12,1385.92,13,1416.34,0,2,0,0.0933598,1,1.96422e-14,7.82233e-15,1.07989e-14,1.43108e-14,1.6475e-14,1,3.23333e-14
16185,0,12,1385.92,13,1416.34,0,2,9,0.0933131,1,7.7432e-14,3.08309e-14,4.25656e-14,5.64106e-14,6.4943e-14,1,1.27472e-13
16186,0,12,1385.92,13,1416.34,0,2,0,0.0932665,1,3.03254e-15,1.20724e-15,1.66684e-15,2.20908e-15,2.54329e-15,1,4.99274e-15
16187,0,12,1385.92,13,1416.34,0,2,0,0.0932198,1,1.2409e-14,4.93903e-15,6.81977e-15,9.03871e-15,1.04064e-14,1,2.04317e-14
16188,0,12,1385.92,13,1416.34,0,2,0,0.0931732,1,4.93868e-14,1.96534e-14,2.7139e-14,3.59705e-14,4.14148e-14,1,8.13233e-14
16189,0,12,1385.92,13,1416.34,0,2,9,0.0931266,1,1.91281e-13,7.61057e-14,1.051e-13,1.39307e-13,1.60396e-13,1,3.15001e-13
16190,0,12,1385.92,13,1416.34,0,2,0,0.0930801,1,7.33577e-15,2.91818e-15,4.03017e-15,5.34211e-15,6.151e-15,1,1.20815e-14
16191,0,12,1385.92,13,1416.34,0,2,0,0.0930335,1,2.95146e-14,1.17388e-14,1.6213e-14,2.14916e-14,2.47465e-14,1,4.86127e-14
16192,0,12,1385.92,13,1416.34,0,2,0,0.092987,1,1.15536e-13,4.59436e-14,6.3459e-14,8.41236e-14,9.68669e-14,1,1.90313e-13
16193,0,12,1385.92,13,1416.34,0,2,9,0.0929405,1,4.4028e-13,1.75047e-13,2.41797e-13,3.20549e-13,3.69117e-13,1,7.25298e-13
16194,0,12,1385.92,13,1416.34,0,2,9,0.0928941,1,1.65576e-14,6.58179e-15,9.09218e-15,1.20539e-14,1.38807e-14,1,2.72786e-14
16195,0,12,1385.92,13,1416.34,0,2,9,0.0928476,1,6.6397e-16,2.63885e-16,3.64558e-16,4.83332e-16,5.56596e-16,1,1.09398e-15
16196,0,12,1385.92,13,1416.34,0,2,0,0.0928012,1,2.83549e-17,1.12671e-17,1.55666e-17,2.06391e-17,2.37683e-17,1,4.67226e-17
16197,0,12,1385.92,13,1416.34,0,2,0,0.0927548,1,1.27465e-16,5.06404e-17,6.9969e-17,9.27731e-17,1.06842e-16,1,2.10053e-16
16198,0,12,1385.92,13,1416.34,0,2,0,0.0927084,1,5.56281e-16,2.20963e-16,3.0532e-16,4.04847e-16,4.66253e-16,1,9.16786e-16
16199,0,12,1385.92,13,1416.34,0,2,0,0.0926621,1,2.35824e-15,9.36555e-16,1.29419e-15,1.71614e-15,1.97649e-15,1,3.88687e-15
16200,0,12,1385.92,13,1416.34,0,2,9,0.0926157,1,9.71684e-15,3.85824e-15,5.33191e-15,7.07058e-15,8.14349e-15,1,1.60167e-14
16201,0,12,1385.92,13,1416.34,0,2,0,0.0925694,1,3.91972e-16,1.5561e-16,2.1506e-16,2.85201e-16,3.28488e-16,1,6.46162e-16
16202,0,12,1385.92,13,1416.34,0,2,9,0.0925231,1,1.674e-15,6.64445e-16,9.1835e-16,1.21792e-15,1.40281e-15,1,2.75982e-15
16203,0,12,1385.92,13,1416.34,0,2,9,0.0924769,1,6.98138e-17,2.77054e-17,3.8295e-17,5.07892e-17,5.85011e-17,1,1.15108e-16
16204,0,12,1385.92,13,1416.34,0,2,9,0.0924306,1,3.09826e-18,1.22931e-18,1.69929e-18,2.2538e-18,2.5961e-18,1,5.10881e-18
16205,0,12,1385.92,13,1416.34,0,2,0,0.0923844,1,1.46134e-19,5.79716e-20,8.01399e-20,1.06296e-19,1.22443e-19,1,2.40986e-19
16206,0,12,1385.92,13,1416.34,0,2,0,0.0923382,1,7.30149e-19,2.89597e-19,4.00364e-19,5.3106e-19,6.11749e-19,1,1.20417e-18
16207,0,12,1385.92,13,1416.34,0,2,0,0.0922921,1,3.53426e-18,1.40153e-18,1.93772e-18,2.57039e-18,2.96101e-18,1,5.82929e-18
16208,0,12,1385.92,13,1416.34,0,2,9,0.0922459,1,1.6584e-17,6.57523e-18,9.09135e-18,1.20602e-17,1.38934e-17,1,2.73555e-17
16209,0,12,1385.92,13,1416.34,0,2,0,0.0921998,1,7.54319e-19,2.99017e-19,4.13468e-19,5.48517e-19,6.31911e-19,1,1.24437e-18
16210,0,12,1385.92,13,1416.34,0,2,0,0.0921537,1,3.65055e-18,1.44684e-18,2.00075e-18,2.65437e-18,3.05801e-18,1,6.0227e-18
16211,0,12,1385.92,13,1416.34,0,2,0,0.0921076,1,1.71263e-17,6.7865e-18,9.38529e-18,1.24519e-17,1.43458e-17,1,2.82577e-17
16212,0,12,1385.92,13,1416.34,0,2,9,0.0920616,1,7.79367e-17,3.08775e-17,4.27044e-17,5.66605e-17,6.52805e-17,1,1.28604e-16
16213,0,12,1385.92,13,1416.34,0,2,0,0.0920155,1,3.42735e-18,1.35762e-18,1.87775e-18,2.49153e-18,2.87065e-18,1,5.656e-18
16214,0,12,1385.92,13,1416.34,0,2,9,0.0919695,1,1.61066e-17,6.37886e-18,8.82328e-18,1.17079e-17,1.34898e-17,1,2.65824e-17
16215,0,12,1385.92,13,1416.34,0,2,0,0.0919235,1,7.29643e-19,2.88914e-19,3.99654e-19,5.30338e-19,6.11073e-19,1,1.20431e-18
16216,0,12,1385.92,13,1416.34,0,2,9,0.0918776,1,3.53664e-18,1.40013e-18,1.93692e-18,2.57041e-18,2.96179e-18,1,5.83794e-18
16217,0,12,1385.92,13,1416.34,0,2,0,0.0918316,1,1.64841e-19,6.52475e-20,9.02683e-20,1.19797e-19,1.38042e-19,1,2.72129e-19
16218,1,12,1385.92,13,1416.34,0,2,0,0.0917857,1,8.23136e-19,3.25753e-19,4.50701e-19,5.98162e-19,6.8928e-19,1,1.359e-18
16219,1,12,1385.92,13,1416.34,0,2,0,0.0917398,0.999959,7.97933e-06,2.10677e-05,1.19623e-05,3.99216e-06,1.05439e-05,0.999984,1.33114e-06
16220,1,12,1385.92,13,1416.34,0,2,0,0.091694,0.999916,1.62718e-05,4.29704e-05,2.43959e-05,8.35472e-06,2.20703e-05,0.999967,2.78518e-06
16221,1,12,1385.92,13,1416.34,0,2,0,0.0916481,0.999832,3.27188e-05,8.64204e-05,4.90586e-05,1.72321e-05,4.55302e-05,0.999931,5.74333e-06
16222,1,12,1385.92,13,1416.34,0,2,0,0.0916023,0.999666,6.4887e-05,0.00017142,9.72996e-05,3.50385e-05,9.25959e-05,0.999861,1.16755e-05
16223,1,12,1385.92,13,1416.34,0,2,0,0.0915565,0.999347,0.000126941,0.000335422,0.000190367,7.02524e-05,0.000185691,0.999721,2.34043e-05
16224,1,12,1385.92,13,1416.34,0,2,9,0.0915107,0.99874,0.000245014,0.000647534,0.000367463,0.000138924,0.000367276,0.999448,4.62718e-05
16225,1,12,1385.92,13,1416.34,0,2,0,0.0914649,0.999976,4.60527e-06,1.21734e-05,6.90739e-06,2.67128e-06,7.06348e-06,0.999989,8.89535e-07
16226,1,12,1385.92,13,1416.34,0,2,0,0.0914192,0.999951,9.49968e-06,2.5116e-05,1.42496e-05,5.63842e-06,1.49122e-05,0.999978,1.87718e-06
16227,1,12,1385.92,13,1416.34,0,2,0,0.0913735,0.999901,1.93182e-05,5.10848e-05,2.89798e-05,1.17276e-05,3.10225e-05,0.999953,3.90356e-06
16228,1,12,1385.92,13,1416.34,0,2,9,0.0913278,0.999801,3.87381e-05,0.000102458,5.81169e-05,2.40432e-05,6.36128e-05,0.999904,8.00108e-06
16229,1,12,1385.92,13,1416.34,0,2,0,0.0912822,0.999996,7.51943e-07,1.9892e-06,1.12819e-06,4.76864e-07,1.26192e-06,0.999998,1.58656e-07
16230,1,12,1385.92,13,1416.34,0,2,0,0.0912365,0.999992,1.60843e-06,4.2558e-06,2.41344e-06,1.04191e-06,2.75772e-06,0.999996,3.46572e-07
16231,1,12,1385.92,13,1416.34,0,2,0,0.0911909,0.999983,3.38937e-06,8.96979e-06,5.08615e-06,2.24172e-06,5.93455e-06,0.999991,7.45507e-07
16232,1,12,1385.92,13,1416.34,0,2,9,0.0911453,0.999964,7.03822e-06,1.86299e-05,1.05625e-05,4.751e-06,1.25799e-05,0.999981,1.57965e-06
16233,1,12,1385.92,13,1416.34,0,2,9,0.0910997,0.999999,1.40822e-07,3.72823e-07,2.11354e-07,9.69765e-08,2.56828e-07,1,3.22363e-08
16234,1,12,1385.92,13,1416.34,0,2,0,0.0910542,1,3.04189e-09,8.05492e-09,4.56583e-09,2.13625e-09,5.65864e-09,1,7.09961e-10
16235,1,12,1385.92,13,1416.34,0,2,0,0.0910087,1,7.26046e-09,1.92294e-08,1.08987e-08,5.19774e-09,1.37708e-08,1,1.72704e-09
16236,1,12,1385.92,13,1416.34,0,2,0,0.0909631,1,1.7035e-08,4.51263e-08,2.55735e-08,1.24272e-08,3.29309e-08,1,4.12824e-09
16237,1,12,1385.92,13,1416.34,0,2,0,0.0909177,1,3.93033e-08,1.04136e-07,5.9008e-08,2.92064e-08,7.74092e-08,1,9.70005e-09
16238,1,12,1385.92,13,1416.34,0,2,0,0.0908722,1,8.92004e-08,2.36386e-07,1.33932e-07,6.74957e-08,1.78927e-07,1,2.24118e-08
16239,1,12,1385.92,13,1416.34,0,2,0,0.0908268,0.999999,1.99204e-07,5.28004e-07,2.99123e-07,1.53431e-07,4.06814e-07,0.999999,5.09351e-08
16240,1,12,1385.92,13,1416.34,0,2,0,0.0907814,0.999998,4.37883e-07,1.16087e-06,6.57576e-07,3.43185e-07,9.10117e-07,0.999999,1.13904e-07
16241,1,12,1385.92,13,1416.34,0,2,0,0.090736,0.999995,9.47736e-07,2.51303e-06,1.42334e-06,7.55551e-07,2.00409e-06,0.999997,2.50713e-07
16242,1,12,1385.92,13,1416.34,0,2,0,0.0906906,0.99999,2.0203e-06,5.35809e-06,3.03441e-06,1.63777e-06,4.34501e-06,0.999993,5.43338e-07
16243,1,12,1385.92,13,1416.34,0,2,0,0.0906453,0.999978,4.243e-06,1.12552e-05,6.37334e-06,3.49647e-06,9.27797e-06,0.999986,1.15972e-06
16244,1,12,1385.92,13,1416.34,0,2,0,0.0905999,0.999955,8.78184e-06,2.32996e-05,1.31921e-05,7.354e-06,1.95178e-05,0.999971,2.43865e-06
16245,1,12,1385.92,13,1416.34,0,2,0,0.0905546,0.999908,1.79173e-05,4.75468e-05,2.69176e-05,1.52426e-05,4.04623e-05,0.999939,5.05345e-06
16246,1,12,1385.92,13,1416.34,0,2,0,0.0905094,0.999814,3.60453e-05,9.56713e-05,5.41562e-05,3.11425e-05,8.26857e-05,0.999876,1.03225e-05
16247,1,12,1385.92,13,1416.34,0,2,0,0.0904641,0.999631,7.15178e-05,0.00018986,0.000107461,6.27362e-05,0.000166602,0.99975,2.07901e-05
16248,1,12,1385.92,13,1416.34,0,2,0,0.0904189,0.999278,0.000139976,0.000371669,0.000210341,0.000124638,0.000331052,0.999503,4.12944e-05
16249,1,12,1385.92,13,1416.34,0,2,9,0.0903737,0.998606,0.000270282,0.000717803,0.000406184,0.00024424,0.000648856,0.999026,8.09026e-05
16250,1,12,1385.92,13,1416.34,0,2,0,0.0903285,0.999974,4.96685e-06,1.31933e-05,7.46487e-06,4.55088e-06,1.20924e-05,0.999982,1.50711e-06
16251,1,12,1385.92,13,1416.34,0,2,0,0.0902833,0.999947,1.02549e-05,2.72451e-05,1.54137e-05,9.52843e-06,2.53234e-05,0.999962,3.15482e-06
16252,1,12,1385.92,13,1416.34,0,2,0,0.0902382,0.999892,2.08725e-05,5.54647e-05,3.13752e-05,1.96619e-05,5.22651e-05,0.999922,6.50853e-06
16253,1,12,1385.92,13,1416.34,0,2,0,0.090193,0.999784,4.18913e-05,0.00011134,6.29755e-05,3.99967e-05,0.00010634,0.99984,1.32369e-05
16254,1,12,1385.92,13,1416.34,0,2,9,0.0901479,0.999572,8.29236e-05,0.00022044,0.00012467,8.02274e-05,0.000213343,0.99968,2.65453e-05
16255,1,12,1385.92,13,1416.34,0,2,0,0.0901029,0.999992,1.552e-06,4.12657e-06,2.33351e-06,1.5209e-06,4.04522e-06,0.999994,5.03119e-07
16256,1,12,1385.92,13,1416.34,0,2,0,0.0900578,0.999983,3.28068e-06,8.72462e-06,4.93308e-06,3.25592e-06,8.66164e-06,0.999987,1.07683e-06
16257,1,12,1385.92,13,1416.34,0,2,0,0.0900128,0.999965,6.8334e-06,1.81762e-05,1.0276e-05,6.86658e-06,1.82705e-05,0.999973,2.27048e-06
16258,1,12,1385.92,13,1416.34,0,2,0,0.0899678,0.999928,1.40292e-05,3.73236e-05,2.10987e-05,1.427e-05,3.79771e-05,0.999943,4.71744e-06
16259,1,12,1385.92,13,1416.34,0,2,0,0.0899228,0.999853,2.83966e-05,7.55619e-05,4.27096e-05,2.92313e-05,7.78089e-05,0.999883,9.66125e-06
16260,1,12,1385.92,13,1416.34,0,2,0,0.0898778,0.999707,5.6682e-05,0.000150858,8.52591e-05,5.90365e-05,0.000157176,0.999764,1.95079e-05
16261,1,12,1385.92,13,1416.34,0,2,0,0.0898329,0.999423,0.000111599,0.000297076,0.000167877,0.000117582,0.000313106,0.99953,3.88448e-05
16262,1,12,1385.92,13,1416.34,0,2,0,0.089788,0.99888,0.000216759,0.000577124,0.000326094,0.000230983,0.000615199,0.999078,7.62914e-05
16263,1,12,1385.92,13,1416.34,0,2,0,0.0897431,0.997854,0.000415346,0.00110608,0.000624901,0.000447581,0.00119232,0.998212,0.000147799
16264,1,12,1385.92,13,1416.34,0,2,9,0.0896982,0.995943,0.000785049,0.00209102,0.00118123,0.000855414,0.0022792,0.996583,0.00028241
16265,1,12,1385.92,13,1416.34,0,2,9,0.0896534,0.999928,1.39855e-05,3.72584e-05,2.1045e-05,1.53916e-05,4.10182e-05,0.999939,5.08033e-06
16266,1,12,1385.92,13,1416.34,0,2,0,0.0896085,0.999999,2.68576e-07,7.15648e-07,4.0418e-07,2.98664e-07,7.96085e-07,0.999999,9.85584e-08
16267,1,12,1385.92,13,1416.34,0,2,9,0.0895637,0.999997,5.88426e-07,1.56823e-06,8.85596e-07,6.61047e-07,1.76236e-06,0.999997,2.18096e-07
16268,1,12,1385.92,13,1416.34,0,2,0,0.089519,1,1.20109e-08,3.2017e-08,1.80783e-08,1.36287e-08,3.63415e-08,1,4.49546e-09
16269,1,12,1385.92,13,1416.34,0,2,0,0.0894742,1,2.79906e-08,7.46278e-08,4.21335e-08,3.20733e-08,8.55414e-08,1,1.05771e-08
16270,1,12,1385.92,13,1416.34,0,2,0,0.0894295,1,6.41524e-08,1.71075e-07,9.65747e-08,7.42189e-08,1.97985e-07,1,2.44704e-08
16271,1,12,1385.92,13,1416.34,0,2,0,0.0893847,0.999999,1.44651e-07,3.85817e-07,2.17775e-07,1.68932e-07,4.50729e-07,0.999999,5.56855e-08
16272,1,12,1385.92,13,1416.34,0,2,9,0.0893401,0.999998,3.20982e-07,8.56297e-07,4.83284e-07,3.78337e-07,1.00964e-06,0.999998,1.24684e-07
16273,1,12,1385.92,13,1416.34,0,2,0,0.0892954,1,6.60334e-09,1.76195e-08,9.94308e-09,7.85403e-09,2.09636e-08,1,2.58779e-09
16274,1,12,1385.92,13,1416.34,0,2,0,0.0892507,1,1.55796e-08,4.15786e-08,2.34611e-08,1.86955e-08,4.9911e-08,1,6.15853e-09
16275,1,12,1385.92,13,1416.34,0,2,9,0.0892061,1,3.61415e-08,9.64729e-08,5.44295e-08,4.37488e-08,1.16818e-07,1,1.44082e-08
16276,1,12,1385.92,13,1416.34,0,2,9,0.0891615,1,7.7443e-10,2.0676e-09,1.1664e-09,9.45468e-10,2.52509e-09,1,3.11311e-10
16277,1,12,1385.92,13,1416.34,0,2,0,0.0891169,1,1.78916e-11,4.7777e-11,2.69493e-11,2.20265e-11,5.88383e-11,1,7.25096e-12
16278,1,12,1385.92,13,1416.34,0,2,0,0.0890724,1,4.74731e-11,1.26795e-10,7.15126e-11,5.89258e-11,1.57437e-10,1,1.93937e-11
16279,1,12,1385.92,13,1416.34,0,2,0,0.0890278,1,1.23565e-10,3.30093e-10,1.86151e-10,1.54613e-10,4.13172e-10,1,5.08749e-11
16280,1,12,1385.92,13,1416.34,0,2,0,0.0889833,1,3.15616e-10,8.43306e-10,4.75516e-10,3.98045e-10,1.06391e-09,1,1.30946e-10
16281,1,12,1385.92,13,1416.34,0,2,0,0.0889388,1,7.91405e-10,2.115e-09,1.19245e-09,1.00584e-09,2.68897e-09,1,3.30822e-10
16282,1,12,1385.92,13,1416.34,0,2,0,0.0888944,1,1.94883e-09,5.20921e-09,2.93665e-09,2.49573e-09,6.67327e-09,1,8.20663e-10
16283,1,12,1385.92,13,1416.34,0,2,0,0.0888499,1,4.71456e-09,1.26045e-08,7.10484e-09,6.08263e-09,1.62674e-08,1,1.99969e-09
16284,1,12,1385.92,13,1416.34,0,2,0,0.0888055,1,1.12086e-08,2.99723e-08,1.68928e-08,1.45669e-08,3.89655e-08,1,4.78786e-09
16285,1,12,1385.92,13,1416.34,0,2,0,0.0887611,1,2.61974e-08,7.00666e-08,3.94859e-08,3.42906e-08,9.1743e-08,1,1.12682e-08
16286,1,12,1385.92,13,1416.34,0,2,0,0.0887167,1,6.02148e-08,1.6108e-07,9.07659e-08,7.93712e-08,2.12396e-07,1,2.60762e-08
16287,1,12,1385.92,13,1416.34,0,2,0,0.0886723,0.999999,1.36155e-07,3.64298e-07,2.05252e-07,1.80707e-07,4.83665e-07,0.999999,5.93554e-08
16288,1,12,1385.92,13,1416.34,0,2,0,0.088628,0.999998,3.02961e-07,8.10768e-07,4.56749e-07,4.04814e-07,1.0837e-06,0.999998,1.32936e-07
16289,1,12,1385.92,13,1416.34,0,2,0,0.0885837,0.999997,6.63596e-07,1.77623e-06,1.00053e-06,8.92568e-07,2.38991e-06,0.999996,2.93044e-07
16290,1,12,1385.92,13,1416.34,0,2,0,0.0885394,0.999993,1.43126e-06,3.83177e-06,2.15815e-06,1.93762e-06,5.18914e-06,0.999992,6.36009e-07
16291,1,12,1385.92,13,1416.34,0,2,0,0.0884951,0.999984,3.04063e-06,8.14198e-06,4.58524e-06,4.14259e-06,1.10964e-05,0.999983,1.35947e-06
16292,1,12,1385.92,13,1416.34,0,2,9,0.0884509,0.999967,6.36452e-06,1.70458e-05,9.59841e-06,8.72525e-06,2.33763e-05,0.999965,2.86272e-06
16293,1,12,1385.92,13,1416.34,0,2,0,0.0884067,0.999999,1.21365e-07,3.25111e-07,1.83047e-07,1.67401e-07,4.48582e-07,0.999999,5.49115e-08
16294,1,12,1385.92,13,1416.34,0,2,0,0.0883625,0.999999,2.70826e-07,7.25628e-07,4.08504e-07,3.758e-07,1.00722e-06,0.999998,1.23244e-07
16295,1,12,1385.92,13,1416.34,0,2,0,0.0883183,0.999997,5.94876e-07,1.59417e-06,8.97362e-07,8.30315e-07,2.22585e-06,0.999997,2.72241e-07
16296,1,12,1385.92,13,1416.34,0,2,0,0.0882741,0.999993,1.28658e-06,3.4485e-06,1.94094e-06,1.80615e-06,4.84276e-06,0.999993,5.92061e-07
16297,1,12,1385.92,13,1416.34,0,2,0,0.08823,0.999986,2.74064e-06,7.34736e-06,4.13489e-06,3.8692e-06,1.03764e-05,0.999984,1.26805e-06
16298,1,12,1385.92,13,1416.34,0,2,0,0.0881859,0.99997,5.75177e-06,1.54229e-05,8.6786e-06,8.16536e-06,2.19021e-05,0.999967,2.67544e-06
16299,1,12,1385.92,13,1416.34,0,2,0,0.0881418,0.999938,1.18963e-05,3.19053e-05,1.79513e-05,1.69802e-05,4.55552e-05,0.999932,5.56242e-06
16300,1,12,1385.92,13,1416.34,0,2,0,0.0880977,0.999874,2.42548e-05,6.50632e-05,3.66031e-05,3.48047e-05,9.33944e-05,0.99986,1.13989e-05
16301,1,12,1385.92,13,1416.34,0,2,0,0.0880537,0.999747,4.87611e-05,0.000130827,7.35916e-05,7.03355e-05,0.000188774,0.999718,2.30305e-05
16302,1,12,1385.92,13,1416.34,0,2,0,0.0880096,0.999498,9.66786e-05,0.000259441,0.000145922,0.000140166,0.000376267,0.999438,4.58853e-05
16303,1,12,1385.92,13,1416.34,0,2,0,0.0879656,0.999018,0.000189078,0.000507498,0.000285409,0.00027549,0.000739683,0.998895,9.01655e-05
16304,1,12,1385.92,13,1416.34,0,2,0,0.0879216,0.998105,0.00036478,0.00097929,0.000550673,0.000534049,0.00143419,0.997857,0.000174751
16305,1,12,1385.92,13,1416.34,0,2,0,0.0878777,0.996394,0.000694155,0.0018639,0.00104798,0.00102094,0.00274227,0.995903,0.000333994
16306,1,12,1385.92,13,1416.34,0,2,0,0.0878337,0.993233,0.00130239,0.00349778,0.00196641,0.0019237,0.00516814,0.992279,0.000629188
16307,1,12,1385.92,13,1416.34,0,2,0,0.0877898,0.987492,0.00240708,0.00646589,0.00363464,0.0035688,0.00958969,0.985675,0.00116699
16308,1,12,1385.92,13,1416.34,0,2,0,0.0877459,0.977266,0.00437469,0.0117536,0.00660622,0.00650507,0.0174832,0.973885,0.00212668
16309,1,12,1385.92,13,1416.34,0,2,0,0.0877021,0.95949,0.00779412,0.0209448,0.0117709,0.0116078,0.0312036,0.953395,0.00379404
16310,1,12,1385.92,13,1416.34,0,2,9,0.0876582,0.929599,0.0135435,0.0364021,0.0204554,0.0201573,0.0541968,0.919059,0.006587
16311,1,12,1385.92,13,1416.34,0,2,0,0.0876144,0.998781,0.000234483,0.000630366,0.000354181,0.000354441,0.000953169,0.998577,0.000115798
16312,1,12,1385.92,13,1416.34,0,2,0,0.0875706,0.997657,0.000450709,0.00121189,0.000680841,0.000684026,0.00183986,0.997253,0.000223426
16313,1,12,1385.92,13,1416.34,0,2,0,0.0875268,0.995557,0.000854415,0.00229785,0.00129078,0.00130159,0.00350164,0.994772,0.000425047
16314,1,12,1385.92,13,1416.34,0,2,0,0.087483,0.991697,0.00159658,0.00429468,0.0024122,0.0024403,0.0065664,0.990197,0.000796726
16315,1,12,1385.92,13,1416.34,0,2,0,0.0874393,0.984721,0.00293744,0.00790303,0.00443839,0.00450157,0.0121153,0.981914,0.00146938
16316,1,12,1385.92,13,1416.34,0,2,9,0.0873956,0.972378,0.00530971,0.0142883,0.00802349,0.00814904,0.0219363,0.967255,0.00265937
16317,1,12,1385.92,13,1416.34,0,2,0,0.0873519,0.999536,8.92244e-05,0.000240149,0.000134838,0.000138177,0.00037203,0.999445,4.50827e-05
16318,2,12,1385.92,13,1416.34,0,2,0,0.0873082,0.999089,0.000175039,0.000471214,0.000264545,0.000272068,0.000732666,0.998907,8.87472e-05
16319,2,12,1385.92,13,1416.34,0,0,0,0.0872645,0.999967,1.18857e-05,1.05563e-05,1.05523e-05,0.999981,6.317e-06,8.91748e-06,3.90657e-06
16320,2,12,1385.92,13,1416.34,0,0,0,0.0872209,0.999937,2.27113e-05,2.01706e-05,2.01629e-05,0.999963,1.22459e-05,1.72883e-05,7.57241e-06
16321,2,12,1385.92,13,1416.34,0,0,0,0.0871773,0.999881,4.28465e-05,3.80524e-05,3.80379e-05,0.999929,2.3432e-05,3.30826e-05,1.4488e-05
16322,2,12,1385.92,13,1416.34,0,0,0,0.0871337,0.999778,7.9826e-05,7.08926e-05,7.08656e-05,0.999866,4.42659e-05,6.25015e-05,2.7367e-05
16323,2,12,1385.92,13,1416.34,0,0,0,0.0870901,0.999592,0.0001469,0.000130457,0.000130408,0.99975,8.25793e-05,0.000116606,5.10491e-05
16324,2,12,1385.92,13,1416.34,0,0,0,0.0870466,0.999259,0.00026707,0.000237171,0.00023708,0.999539,0.000152162,0.000214875,9.40548e-05
16325,2,12,1385.92,13,1416.34,0,0,0,0.0870031,0.998668,0.000479743,0.000426024,0.000425862,0.999161,0.000276978,0.000391162,0.00017119
16326,2,12,1385.92,13,1416.34,0,0,0,0.0869596,0.997636,0.000851519,0.000756153,0.000755865,0.99849,0.000498127,0.000703528,0.000307845
16327,2,12,1385.92,13,1416.34,0,0,0,0.0869161,0.995855,0.0014933,0.00132602,0.00132552,0.997318,0.000885114,0.00125017,0.000546952
16328,2,12,1385.92,13,1416.34,0,0,0,0.0868726,0.992821,0.00258665,0.00229685,0.00229598,0.995292,0.0015537,0.00219467,0.000960011
16329,2,12,1385.92,13,1416.34,0,0,0,0.0868292,0.987724,0.00442289,0.00392727,0.00392577,0.991838,0.00269334,0.00380471,0.00166401
16330,2,12,1385.92,13,1416.34,0,0,0,0.0867858,0.979303,0.0074571,0.00662131,0.00661878,0.986037,0.00460735,0.00650896,0.00284626
16331,2,12,1385.92,13,1416.34,0,0,0,0.0867424,0.965655,0.0123745,0.0109873,0.0109831,0.97646,0.00776763,0.0109744,0.00479812
16332,2,12,1385.92,13,1416.34,0,0,0,0.086699,0.944069,0.0201522,0.0178927,0.0178858,0.960969,0.012879,0.0181971,0.00795466
16333,2,12,1385.92,13,1416.34,0,0,0,0.0866557,0.910995,0.0320697,0.0284733,0.0284624,0.936565,0.0209314,0.0295766,0.012927
16334,2,12,1385.92,13,1416.34,0,1,0,0.0866123,0.862406,0.0495776,0.0440167,0.0439999,0.899426,0.0331857,0.0468956,0.0204931
16335,2,12,1385.92,13,1416.34,0,0,0,0.086569,0.794884,0.0739079,0.0656165,0.0655915,0.903971,0.028343,0.0471048,0.0205811
16336,2,12,1385.92,13,1416.34,0,0,0,0.0865257,0.707498,0.105397,0.0935706,0.0935348,0.852023,0.043674,0.0725916,0.0317116
16337,2,12,1385.92,13,1416.34,1,0,0,0.0864825,0.603759,0.142779,0.126755,0.126707,0.780505,0.0647794,0.107682,0.0470332
16338,2,12,1385.92,13,1416.34,0,1,0,0.0864392,0.627658,0.108929,0.131731,0.131681,0.689146,0.0917389,0.152513,0.066603
16339,2,12,1385.92,13,1416.34,0,0,0,0.086396,0.517261,0.141223,0.170791,0.170726,0.704102,0.0721052,0.155776,0.0680167
16340,2,12,1385.92,13,1416.34,0,0,0,0.0863528,0.407297,0.173387,0.209698,0.209618,0.599556,0.0975737,0.21083,0.0920401
16341,2,12,1385.92,13,1416.34,1,0,0,0.0863096,0.307749,0.202503,0.244921,0.244827,0.487355,0.124903,0.269923,0.117818
16342,2,12,1385.92,13,1416.34,1,1,0,0.0862665,0.329062,0.147299,0.26187,0.26177,0.378508,0.151411,0.327259,0.142821
16343,2,12,1385.92,13,1416.34,2,2,0,0.0862234,0.343918,0.108826,0.27368,0.273576,0.396028,0.112173,0.342397,0.149403
16344,2,12,1385.92,13,1416.34,0,0,0,0.0861802,0.378377,0.119702,0.200949,0.300972,0.449003,0.127145,0.254497,0.169355
16345,2,12,1385.92,13,1416.34,0,0,0,0.0861372,0.284221,0.137816,0.231382,0.346581,0.344937,0.151147,0.30258,0.201336
16346,2,12,1385.92,13,1416.34,3,2,0,0.0860941,0.209731,0.152139,0.255457,0.382673,0.255503,0.171769,0.343911,0.228818
16347,2,12,1385.92,13,1416.34,1,2,0,0.086051,0.241606,0.17525,0.294293,0.288851,0.290088,0.195004,0.255121,0.259786
16348,2,12,1385.92,13,1416.34,0,2,0,0.086008,0.255219,0.128758,0.310886,0.305136,0.317147,0.213177,0.185665,0.284011
16349,2,12,1385.92,13,1416.34,1,3,0,0.085965,0.187522,0.140442,0.339156,0.332881,0.336311,0.226041,0.136481,0.301167
16350,2,12,1385.92,13,1416.34,3,2,0,0.085922,0.195149,0.105398,0.352992,0.346461,0.374149,0.251452,0.151809,0.222591
16351,2,12,1385.92,13,1416.34,3,1,0,0.0858791,0.221062,0.11938,0.399913,0.259645,0.390843,0.26265,0.114008,0.232499
16352,2,12,1385.92,13,1416.34,0,0,0,0.0858361,0.240447,0.129832,0.435033,0.194688,0.426297,0.195821,0.124319,0.253563
16353,2,12,1385.92,13,1416.34,2,0,0,0.0857932,0.181495,0.139886,0.468836,0.209782,0.328046,0.229356,0.145596,0.297002
16354,2,12,1385.92,13,1416.34,3,2,0,0.0857503,0.215886,0.166384,0.368189,0.249541,0.244371,0.257916,0.163711,0.334002
16355,2,12,1385.92,13,1416.34,2,1,0,0.0857074,0.233855,0.180223,0.398875,0.187047,0.256428,0.270643,0.122427,0.350502
16356,2,12,1385.92,13,1416.34,1,0,0,0.0856646,0.269858,0.207959,0.306349,0.215834,0.280657,0.201723,0.133975,0.383645
16357,2,12,1385.92,13,1416.34,3,3,0,0.0856217,0.287984,0.154761,0.326934,0.230321,0.210806,0.221299,0.146965,0.42093
16358,2,12,1385.92,13,1416.34,2,0,0,0.0855789,0.309768,0.166447,0.351674,0.172111,0.245584,0.257811,0.171198,0.325407
16359,2,12,1385.92,13,1416.34,2,2,0,0.0855361,0.350343,0.188225,0.266799,0.194633,0.182982,0.279204,0.185389,0.352425
16360,2,12,1385.92,13,1416.34,2,3,0,0.0854934,0.381844,0.205124,0.200924,0.212108,0.193241,0.294884,0.139641,0.372234
16361,2,12,1385.92,13,1416.34,0,0,0,0.0854506,0.404897,0.217481,0.152734,0.224887,0.220403,0.33636,0.159258,0.283979
16362,2,12,1385.92,13,1416.34,3,1,0,0.0854079,0.313893,0.250743,0.176081,0.259283,0.165375,0.360117,0.170481,0.304027
16363,2,12,1385.92,13,1416.34,0,1,0,0.0853652,0.341274,0.272603,0.191419,0.194703,0.187522,0.274377,0.193314,0.344786
16364,2,12,1385.92,13,1416.34,1,3,0,0.0853225,0.259846,0.306314,0.215075,0.218766,0.204966,0.206833,0.211298,0.376904
16365,2,12,1385.92,13,1416.34,0,3,0,0.0852799,0.28803,0.231089,0.238394,0.242486,0.23367,0.235799,0.24089,0.28964
16366,2,12,1385.92,13,1416.34,0,0,0,0.0852372,0.21644,0.254324,0.262366,0.26687,0.257597,0.259944,0.265558,0.216901
16367,2,12,1385.92,13,1416.34,1,2,0,0.0851946,0.161941,0.272012,0.280614,0.285433,0.191768,0.282996,0.289108,0.236127
16368,2,12,1385.92,13,1416.34,3,1,0,0.085152,0.176926,0.204579,0.306615,0.311881,0.211194,0.311687,0.217062,0.260057
16369,2,12,1385.92,13,1416.34,0,1,0,0.0851094,0.196189,0.22686,0.340036,0.236914,0.234429,0.235948,0.240943,0.28868
16370,2,12,1385.92,13,1416.34,1,3,0,0.0850669,0.150145,0.239847,0.35953,0.250478,0.252393,0.177386,0.259408,0.310814
16371,2,12,1385.92,13,1416.34,2,3,0,0.0850243,0.16121,0.183734,0.386093,0.268964,0.279854,0.196672,0.287634,0.235839
16372,2,12,1385.92,13,1416.34,3,1,0,0.0849818,0.183511,0.209156,0.301131,0.306203,0.30113,0.21161,0.309503,0.177757
16373,2,12,1385.92,13,1416.34,2,2,0,0.0849393,0.202747,0.231086,0.332729,0.233438,0.32059,0.160681,0.329506,0.189224
16374,2,12,1385.92,13,1416.34,1,0,0,0.0848969,0.226043,0.257646,0.256042,0.260269,0.357523,0.179167,0.25231,0.211001
16375,2,12,1385.92,13,1416.34,3,3,0,0.0848544,0.245268,0.194496,0.277824,0.282412,0.27657,0.201734,0.284109,0.237586
16376,2,12,1385.92,13,1416.34,3,3,0,0.084812,0.268388,0.21282,0.304021,0.21477,0.297483,0.216974,0.305594,0.179949
16377,2,12,1385.92,13,1416.34,3,0,0,0.0847696,0.285582,0.226443,0.323506,0.164468,0.312726,0.228078,0.321254,0.137942
16378,2,12,1385.92,13,1416.34,1,0,0,0.0847272,0.298153,0.2364,0.337755,0.127692,0.239866,0.252254,0.355332,0.152548
16379,2,12,1385.92,13,1416.34,1,3,0,0.0846848,0.319272,0.182327,0.361688,0.136713,0.184981,0.270465,0.38101,0.163544
16380,2,12,1385.92,13,1416.34,0,2,0,0.0846425,0.334898,0.142324,0.379399,0.14338,0.192768,0.281873,0.397108,0.128251
16381,2,12,1385.92,13,1416.34,2,0,0,0.0846002,0.261627,0.157985,0.42123,0.159157,0.219674,0.32124,0.312947,0.146139
16382,2,12,1385.92,13,1416.34,3,2,0,0.0845579,0.300214,0.181268,0.335905,0.182613,0.169132,0.342058,0.333225,0.155585
16383,2,12,1385.92,13,1416.34,2,1,0,0.0845156,0.314952,0.190147,0.352402,0.142499,0.188046,0.380364,0.258608,0.172982
16384,2,12,1385.92,13,1416.34,0,0,0,0.0844733,0.35222,0.212625,0.275819,0.159336,0.212616,0.299386,0.292417,0.19558
16385,2,12,1385.92,13,1416.34,0,3,0,0.0844311,0.276096,0.23761,0.308246,0.178049,0.163803,0.317954,0.310551,0.207692
16386,2,12,1385.92,13,1416.34,2,3,0,0.0843889,0.213701,0.258088,0.334829,0.193382,0.17346,0.336744,0.328902,0.160895
16387,2,12,1385.92,13,1416.34,2,2,0,0.0843467,0.23714,0.286406,0.261865,0.214589,0.180571,0.350596,0.342429,0.126404
16388,2,12,1385.92,13,1416.34,0,2,0,0.0843045,0.256283,0.309538,0.202273,0.231906,0.201033,0.390375,0.267875,0.140717
16389,2,12,1385.92,13,1416.34,0,0,0,0.0842624,0.199188,0.333314,0.217792,0.249706,0.216834,0.421115,0.210285,0.151767
16390,2,12,1385.92,15,1821.6,3,1,9,0.0842202,0.156447,0.351118,0.229406,0.263028,0.171733,0.4454,0.222381,0.160486
16391,0,12,1385.92,15,1786.67,3,1,13,0.0841781,0.00665769,0.0149444,0.00976323,0.968635,0.00456611,0.985254,0.00591306,0.00426703
16392,0,12,1385.92,15,1786.67,0,2,0,0.084136,1,3.564e-17,1.36489e-17,1.91025e-17,2.29908e-17,2.66264e-17,1,5.37746e-17
16393,0,12,1385.92,15,1761.92,0,2,13,0.084094,1,1.64336e-16,6.29228e-17,8.80705e-17,1.06229e-16,1.23031e-16,1,2.48507e-16
16394,0,12,1385.92,15,1761.92,0,2,0,0.0840519,1,7.38276e-19,2.82626e-19,3.95606e-19,4.78196e-19,5.53847e-19,1,1.11886e-18
16395,0,12,1385.92,15,1761.92,0,2,0,0.0840099,1,3.67699e-18,1.40735e-18,1.97007e-18,2.38637e-18,2.76398e-18,1,5.58448e-18
16396,0,12,1385.92,15,1738.09,0,2,13,0.0839679,1,1.77429e-17,6.78971e-18,9.5052e-18,1.15375e-17,1.33635e-17,1,2.70041e-17
16397,0,12,1385.92,15,1692.29,0,2,13,0.0839259,1,8.29965e-20,3.17543e-20,4.44572e-20,5.40717e-20,6.26313e-20,1,1.26579e-19
16398,0,12,1385.92,15,1692.29,0,2,0,0.0838839,1,4.31226e-22,1.64954e-22,2.30958e-22,2.81463e-22,3.26029e-22,1,6.59003e-22
16399,0,12,1385.92,15,1689.33,0,2,13,0.083842,1,2.4905e-21,9.52492e-22,1.3337e-21,1.62852e-21,1.88643e-21,1,3.81358e-21
16400,0,12,1385.92,15,1689.33,0,2,9,0.0838001,1,1.38364e-23,5.29072e-24,7.4087e-24,9.06366e-24,1.04994e-23,1,2.12284e-23
16401,0,12,1385.92,15,1674.82,0,2,13,0.0837582,1,7.14027e-25,2.72975e-25,3.82278e-25,4.68547e-25,5.42782e-25,1,1.09759e-24
16402,0,12,1385.92,14,1739.12,0,2,13,0.0837163,1,4.65096e-27,1.77774e-27,2.48973e-27,3.0572e-27,3.54168e-27,1,7.16284e-27
16403,0,12,1385.92,14,1721,0,2,13,0.0836744,1,3.34297e-29,1.27754e-29,1.78932e-29,2.2011e-29,2.54999e-29,1,5.15794e-29
16404,0,12,1385.92,14,1702.03,0,2,13,0.0836326,1,2.64629e-31,1.0111e-31,1.41625e-31,1.74525e-31,2.02194e-31,1,4.09041e-31
16405,0,12,1385.92,14,1615.07,0,2,13,0.0835908,1,2.30264e-33,8.79632e-34,1.23218e-33,1.52105e-33,1.76225e-33,1,3.56556e-33
16406,0,12,1385.92,14,1615.07,0,2,0,0.083549,1,2.1983e-35,8.39611e-36,1.1762e-35,1.45442e-35,1.6851e-35,1,3.40993e-35
16407,0,12,1385.92,14,1615.07,0,2,0,0.0835072,1,2.33054e-34,8.89947e-35,1.2468e-34,1.54428e-34,1.78927e-34,1,3.62125e-34
16408,0,12,1385.92,14,1615.07,0,2,0,0.0834655,1,2.35824e-33,9.0035e-34,1.26146e-33,1.56499e-33,1.81332e-33,1,3.67044e-33
16409,0,12,1385.92,14,1615.07,0,2,9,0.0834237,1,2.27972e-32,8.70203e-33,1.2193e-32,1.51512e-32,1.75559e-32,1,3.55408e-32
16410,0,12,1385.92,14,1595.5,0,2,13,0.083382,1,1.74333e-33,6.65326e-34,9.32297e-34,1.16031e-33,1.3445e-33,1,2.72224e-33
16411,0,12,1385.92,14,1595.5,0,2,0,0.0833403,1,1.66328e-35,6.34653e-36,8.89377e-36,1.1086e-35,1.28462e-35,1,2.60137e-35
16412,0,12,1385.92,14,1595.5,0,2,0,0.0832987,1,1.77448e-34,6.76956e-35,9.48722e-35,1.18436e-34,1.37245e-34,1,2.77962e-34
16413,0,12,1385.92,14,1595.5,0,2,0,0.083257,1,1.8067e-33,6.89114e-34,9.65826e-34,1.2075e-33,1.39931e-33,1,2.83442e-33
16414,0,12,1385.92,14,1594.43,0,2,13,0.0832154,1,1.75715e-32,6.70087e-33,9.39222e-33,1.17595e-32,1.36279e-32,1,2.76083e-32
16415,0,12,1385.92,14,1594.43,0,2,0,0.0831738,1,1.59363e-34,6.0761e-35,8.51709e-35,1.06791e-34,1.23761e-34,1,2.5076e-34
16416,0,12,1385.92,14,1594.43,0,2,0,0.0831322,1,1.62679e-33,6.20132e-34,8.6932e-34,1.09152e-33,1.26501e-33,1,2.56347e-33
16417,0,12,1385.92,14,1594.43,0,2,0,0.0830906,1,1.58621e-32,6.04547e-33,8.4753e-33,1.06562e-32,1.23504e-32,1,2.50308e-32
16418,0,12,1385.92,14,1592.59,0,2,13,0.0830491,1,1.47867e-31,5.63452e-32,7.89972e-32,9.94591e-32,1.15275e-31,1,2.33664e-31
16419,0,12,1385.92,14,1592.59,0,2,0,0.0830076,1,1.27935e-33,4.87408e-34,6.83403e-34,8.61557e-34,9.98589e-34,1,2.02444e-33
16420,0,12,1385.92,14,1591.91,0,2,13,0.082966,1,1.25398e-32,4.77649e-33,6.69765e-33,8.4546e-33,9.79961e-33,1,1.98696e-32
16421,0,12,1385.92,14,1589.38,0,2,13,0.0829246,1,1.13648e-34,4.32809e-35,6.06931e-35,7.67119e-35,8.89183e-35,1,1.80315e-34
16422,0,12,1385.92,14,1534.51,0,2,13,0.0828831,1,1.12915e-36,4.29935e-37,6.02941e-37,7.63029e-37,8.84469e-37,1,1.79384e-36
16423,0,12,1385.92,14,1530.58,0,2,13,0.0828417,1,1.22764e-38,4.67345e-39,6.5545e-39,8.30497e-39,9.62702e-39,1,1.95279e-38
16424,0,12,1385.92,14,1530.58,0,2,0,0.0828002,1,1.45795e-40,5.54915e-41,7.78318e-41,9.87365e-41,1.14458e-40,1,2.32204e-40
16425,0,12,1385.92,14,1530.58,0,2,0,0.0827588,1,1.96285e-39,7.46941e-40,1.04772e-39,1.3307e-39,1.54262e-39,1,3.13001e-39
16426,0,12,1385.92,14,1530.58,0,2,0,0.0827175,1,2.51037e-38,9.55109e-39,1.33981e-38,1.70364e-38,1.97502e-38,1,4.00792e-38
16427,0,12,1385.92,14,1530.58,0,2,0,0.0826761,1,3.05307e-37,1.16136e-37,1.62924e-37,2.07403e-37,2.40448e-37,1,4.88012e-37
16428,0,12,1385.92,13,1474.14,0,2,13,0.0826348,1,3.5344e-36,1.3442e-36,1.88587e-36,2.40339e-36,2.78639e-36,1,5.65605e-36
16429,0,12,1385.92,13,1474.14,0,2,0,0.0825934,1,3.72913e-38,1.41798e-38,1.98952e-38,2.53826e-38,2.94285e-38,1,5.97448e-38
16430,0,12,1385.92,13,1474.14,0,2,0,0.0825521,1,4.50201e-37,1.71153e-37,2.40156e-37,3.06723e-37,3.55624e-37,1,7.2208e-37
16431,0,12,1385.92,13,1474.14,0,2,0,0.0825109,1,5.17428e-36,1.96673e-36,2.75982e-36,3.52852e-36,4.09119e-36,1,8.30817e-36
16432,0,12,1385.92,13,1474.14,0,2,0,0.0824696,1,5.66709e-35,2.15363e-35,3.0223e-35,3.8681e-35,4.48505e-35,1,9.10929e-35
16433,0,12,1385.92,13,1474.14,0,2,0,0.0824284,1,5.92042e-34,2.24947e-34,3.157e-34,4.0446e-34,4.68984e-34,1,9.52658e-34
16434,0,12,1385.92,13,1474.14,0,2,0,0.0823872,1,5.90517e-33,2.24324e-33,3.14848e-33,4.0377e-33,4.68197e-33,1,9.51194e-33
16435,0,12,1385.92,13,1474.14,0,2,9,0.082346,1,5.62858e-32,2.13776e-32,3.00063e-32,3.85185e-32,4.46661e-32,1,9.0757e-32
16436,0,12,1385.92,13,1474.14,0,2,0,0.0823048,1,4.14033e-33,1.57221e-33,2.20695e-33,2.83574e-33,3.28843e-33,1,6.68269e-33
16437,0,12,1385.92,13,1474.14,0,2,9,0.0822636,1,3.9755e-32,1.50932e-32,2.11883e-32,2.72507e-32,3.16018e-32,1,6.42298e-32
16438,0,12,1385.92,13,1474.14,0,2,9,0.0822225,1,2.93979e-33,1.11589e-33,1.56663e-33,2.01673e-33,2.33881e-33,1,4.75425e-33
16439,0,12,1385.92,13,1474.14,0,2,0,0.0821814,1,2.28713e-34,8.67985e-35,1.21867e-34,1.57022e-34,1.82105e-34,1,3.70228e-34
16440,0,12,1385.92,13,1474.14,0,2,0,0.0821403,1,2.3268e-33,8.82873e-34,1.23965e-33,1.59868e-33,1.85411e-33,1,3.77004e-33
16441,0,12,1385.92,13,1474.14,0,2,0,0.0820992,1,2.26124e-32,8.57828e-33,1.20457e-32,1.5548e-32,1.80326e-32,1,3.66717e-32
16442,0,12,1385.92,13,1474.14,0,2,0,0.0820582,1,2.10108e-31,7.96915e-32,1.11911e-31,1.44573e-31,1.67682e-31,1,3.41051e-31
16443,0,12,1385.92,13,1474.14,0,2,9,0.0820172,1,1.86825e-30,7.08469e-31,9.94972e-31,1.28644e-30,1.49211e-30,1,3.03526e-30
16444,0,12,1385.92,13,1474.14,0,2,0,0.0819762,1,1.27392e-31,4.82995e-32,6.78364e-32,8.77811e-32,1.01818e-31,1,2.07148e-31
16445,0,12,1385.92,13,1474.14,0,2,0,0.0819352,1,1.14439e-30,4.33802e-31,6.09313e-31,7.89097e-31,9.15309e-31,1,1.86246e-30
16446,0,12,1385.92,13,1469.5,0,2,13,0.0818942,1,9.84449e-30,3.73101e-30,5.24089e-30,6.79267e-30,7.87935e-30,1,1.60351e-29
16447,0,12,1385.92,13,1469.5,0,2,0,0.0818533,1,7.57162e-32,2.86905e-32,4.03038e-32,5.22782e-32,6.06434e-32,1,1.23431e-31
16448,0,12,1385.92,13,1458.03,0,2,13,0.0818123,1,6.87545e-31,2.60475e-31,3.65935e-31,4.75019e-31,5.51045e-31,1,1.12174e-30
16449,0,12,1385.92,13,1458.03,0,2,0,0.0817714,1,5.56048e-33,2.10617e-33,2.9591e-33,3.8441e-33,4.45947e-33,1,9.07922e-33
16450,0,12,1385.92,13,1458.03,0,2,0,0.0817305,1,5.31889e-32,2.01426e-32,2.83018e-32,3.67933e-32,4.26845e-32,1,8.69156e-32
16451,0,12,1385.92,13,1458.03,0,2,0,0.0816897,1,4.86604e-31,1.84241e-31,2.58889e-31,3.36809e-31,3.9075e-31,1,7.9577e-31
16452,0,12,1385.92,13,1456.47,0,2,13,0.0816488,1,4.26148e-30,1.6132e-30,2.26696e-30,2.95137e-30,3.42413e-30,1,6.97431e-30
16453,0,12,1385.92,13,1456.47,0,2,0,0.081608,1,3.30772e-32,1.25191e-32,1.75937e-32,2.29214e-32,2.65939e-32,1,5.41743e-32
16454,0,12,1385.92,13,1456.47,0,2,0,0.0815672,1,3.05615e-31,1.15647e-31,1.62535e-31,2.11899e-31,2.45857e-31,1,5.00907e-31
16455,0,12,1385.92,13,1456.47,0,2,0,0.0815264,1,2.70249e-30,1.02244e-30,1.43709e-30,1.87481e-30,2.17533e-30,1,4.43262e-30
16456,0,12,1385.92,13,1453.62,0,2,13,0.0814857,1,2.28917e-29,8.65898e-30,1.21714e-29,1.58893e-29,1.84367e-29,1,3.75734e-29
16457,0,12,1385.92,13,1453.62,0,2,0,0.0814449,1,1.71014e-31,6.46751e-32,9.09161e-32,1.18764e-31,1.37809e-31,1,2.80891e-31
16458,0,12,1385.92,13,1453.62,0,2,0,0.0814042,1,1.53046e-30,5.78684e-31,8.13533e-31,1.0634e-30,1.23396e-30,1,2.5155e-30
16459,0,12,1385.92,13,1453.62,0,2,0,0.0813635,1,1.31169e-29,4.95868e-30,6.97154e-30,9.11851e-30,1.05814e-29,1,2.15737e-29
16460,0,12,1385.92,13,1453.62,0,2,9,0.0813228,1,1.07753e-28,4.07269e-29,5.72629e-29,7.49439e-29,8.69695e-29,1,1.77342e-28
16461,0,12,1385.92,13,1453.62,0,2,0,0.0812821,1,6.68781e-30,2.52726e-30,3.55364e-30,4.6537e-30,5.4006e-30,1,1.10141e-29
16462,0,12,1385.92,13,1453.62,0,2,0,0.0812415,1,5.56948e-29,2.10425e-29,2.95902e-29,3.87732e-29,4.49975e-29,1,9.17819e-29
16463,0,12,1385.92,13,1453.62,0,2,0,0.0812009,1,4.44819e-28,1.68028e-28,2.36299e-28,3.09812e-28,3.59557e-28,1,7.33499e-28
16464,0,12,1385.92,13,1453.62,0,2,0,0.0811603,1,3.40997e-27,1.28784e-27,1.81123e-27,2.37607e-27,2.75767e-27,1,5.62646e-27
16465,0,12,1385.92,13,1453.62,0,2,9,0.0811197,1,2.51112e-26,9.48192e-27,1.33363e-26,1.75052e-26,2.03171e-26,1,4.14588e-26
16466,0,12,1385.92,13,1453.62,0,2,0,0.0810791,1,1.3934e-27,5.2604e-28,7.39928e-28,9.71761e-28,1.12789e-27,1,2.30189e-27
16467,0,12,1385.92,13,1452.98,0,2,13,0.0810386,1,1.04479e-26,3.94354e-27,5.54736e-27,7.28941e-27,8.46085e-27,1,1.727e-26
16468,0,12,1385.92,13,1452.98,0,2,9,0.0809981,1,6.81998e-29,2.5737e-29,3.62066e-29,4.7602e-29,5.52534e-29,1,1.12798e-28
16469,0,12,1385.92,13,1452.98,0,2,0,0.0809576,1,4.24376e-30,1.60118e-30,2.25268e-30,2.96323e-30,3.43964e-30,1,7.02289e-30
16470,0,12,1385.92,13,1452.98,0,2,0,0.0809171,1,3.57061e-29,1.34694e-29,1.89512e-29,2.49417e-29,2.89525e-29,1,5.91222e-29
16471,0,12,1385.92,13,1452.98,0,2,0,0.0808766,1,2.88061e-28,1.08644e-28,1.5287e-28,2.01295e-28,2.33671e-28,1,4.77235e-28
16472,0,12,1385.92,13,1452.98,0,2,0,0.0808362,1,2.23016e-27,8.40955e-28,1.18337e-27,1.559e-27,1.80981e-27,1,3.69676e-27
16473,0,12,1385.92,13,1452.98,0,2,0,0.0807958,1,1.65827e-26,6.25183e-27,8.79802e-27,1.15964e-26,1.34624e-26,1,2.75025e-26
16474,0,12,1385.92,13,1452.98,0,2,9,0.0807554,1,1.18519e-25,4.46739e-26,6.28727e-26,8.29101e-26,9.62542e-26,1,1.96668e-25
16475,0,12,1385.92,13,1452.98,0,2,0,0.080715,1,6.33101e-27,2.38591e-27,3.35809e-27,4.43039e-27,5.1436e-27,1,1.0511e-26
16476,0,12,1385.92,13,1452.98,0,2,9,0.0806747,1,4.61343e-26,1.73829e-26,2.44674e-26,3.22953e-26,3.74954e-26,1,7.66329e-26
16477,0,12,1385.92,13,1452.98,0,2,0,0.0806343,1,2.50679e-27,9.44343e-28,1.32931e-27,1.7554e-27,2.03811e-27,1,4.16607e-27
16478,0,12,1385.92,13,1452.69,0,2,13,0.080594,1,1.86112e-26,7.00974e-27,9.86798e-27,1.30368e-26,1.51369e-26,1,3.09455e-26
16479,0,12,1385.92,13,1452.69,0,2,0,0.0805537,1,1.18473e-28,4.46129e-29,6.28082e-29,8.30141e-29,9.63893e-29,1,1.97084e-28
16480,0,12,1385.92,13,1449.18,0,2,13,0.0805134,1,9.34679e-28,3.51901e-28,4.95457e-28,6.55133e-28,7.6071e-28,1,1.55562e-27
16481,0,12,1385.92,13,1449.18,0,2,0,0.0804732,1,6.29725e-30,2.37041e-30,3.33764e-30,4.41517e-30,5.12684e-30,1,1.04857e-29
16482,0,12,1385.92,13,1449.18,0,2,0,0.0804329,1,5.26712e-29,1.98226e-29,2.7913e-29,3.69399e-29,4.28955e-29,1,8.77448e-29
16483,0,12,1385.92,13,1449.18,0,2,0,0.0803927,1,4.2247e-28,1.58964e-28,2.23859e-28,2.96375e-28,3.44168e-28,1,7.04114e-28
16484,0,12,1385.92,13,1449.18,0,2,0,0.0803525,1,3.25223e-27,1.22349e-27,1.72307e-27,2.28216e-27,2.65026e-27,1,5.42279e-27
16485,0,12,1385.92,13,1449.18,0,2,0,0.0803123,1,2.40481e-26,9.0451e-27,1.27394e-26,1.68797e-26,1.96028e-26,1,4.01158e-26
16486,0,12,1385.92,13,1449.18,0,2,0,0.0802722,1,1.70939e-25,6.4282e-26,9.05427e-26,1.20016e-25,1.39382e-25,1,2.85276e-25
16487,0,12,1385.92,13,1449.18,0,2,0,0.0802321,1,1.16897e-24,4.39507e-25,6.19099e-25,8.20942e-25,9.53439e-25,1,1.9517e-24
16488,0,12,1385.92,13,1449.18,0,2,0,0.0801919,1,7.69658e-24,2.89318e-24,4.07568e-24,5.4065e-24,6.27928e-24,1,1.28556e-23
16489,0,12,1385.92,13,1449.18,0,2,0,0.0801518,1,4.88261e-23,1.83504e-23,2.58523e-23,3.43065e-23,3.98459e-23,1,8.15885e-23
16490,0,12,1385.92,13,1449.18,0,2,0,0.0801118,1,2.98666e-22,1.12226e-22,1.58116e-22,2.099e-22,2.438e-22,1,4.99276e-22
16491,0,12,1385.92,13,1449.18,0,2,0,0.0800717,1,1.76284e-21,6.6227e-22,9.33142e-22,1.2392e-21,1.43937e-21,1,2.9481e-21
16492,0,12,1385.92,13,1448.61,0,2,13,0.0800317,1,1.0047e-20,3.77377e-21,5.31763e-21,7.06421e-21,8.20559e-21,1,1.6809e-20
16493,0,12,1385.92,13,1448.61,0,2,9,0.0799917,1,4.83918e-23,1.81729e-23,2.56093e-23,3.40325e-23,3.95324e-23,1,8.0993e-23
16494,0,12,1385.92,13,1448.61,0,2,0,0.0799517,1,2.25957e-24,8.48385e-25,1.19563e-24,1.58943e-24,1.84634e-24,1,3.78328e-24
16495,0,12,1385.92,13,1448.61,0,2,0,0.0799117,1,1.47006e-23,5.51845e-24,7.77767e-24,1.03428e-23,1.2015e-23,1,2.46232e-23
16496,0,12,1385.92,13,1448.61,0,2,0,0.0798717,1,9.21735e-23,3.45942e-23,4.87602e-23,6.48634e-23,7.53525e-23,1,1.54447e-22
16497,0,12,1385.92,13,1448.61,0,2,0,0.0798318,1,5.57388e-22,2.09156e-22,2.94823e-22,3.92317e-22,4.55773e-22,1,9.34313e-22
16498,0,12,1385.92,13,1448.61,0,2,0,0.0797919,1,3.25312e-21,1.22047e-21,1.72048e-21,2.29015e-21,2.66065e-21,1,5.45499e-21
16499,0,12,1385.92,13,1448.61,0,2,0,0.079752,1,1.83375e-20,6.87831e-21,9.6969e-21,1.29117e-20,1.5001e-20,1,3.07603e-20
16500,0,12,1385.92,13,1448.61,0,2,0,0.0797121,1,9.9902e-20,3.74655e-20,5.28217e-20,7.03556e-20,8.17426e-20,1,1.67641e-19
16501,0,12,1385.92,13,1448.61,0,2,0,0.0796722,1,5.26378e-19,1.97365e-19,2.78279e-19,3.70765e-19,4.30786e-19,1,8.83599e-19
16502,0,12,1385.92,13,1448.61,0,2,0,0.0796324,1,2.68409e-18,1.0062e-18,1.41881e-18,1.89092e-18,2.1971e-18,1,4.50718e-18
16503,0,12,1385.92,13,1448.61,0,2,0,0.0795926,1,1.32542e-17,4.9677e-18,7.0053e-18,9.33907e-18,1.08516e-17,1,2.22644e-17
16504,0,12,1385.92,13,1448.61,0,2,0,0.0795528,1,6.34228e-17,2.37663e-17,3.35168e-17,4.46957e-17,5.19359e-17,1,1.06573e-16
16505,0,12,1385.92,13,1448.61,0,2,0,0.079513,1,2.94267e-16,1.10248e-16,1.5549e-16,2.0741e-16,2.41016e-16,1,4.94639e-16
16506,0,12,1385.92,13,1448.61,0,2,0,0.0794733,1,1.32467e-15,4.96196e-16,6.99863e-16,9.3382e-16,1.08515e-15,1,2.22739e-15
16507,0,12,1385.92,13,1448.61,0,2,0,0.0794335,1,5.78899e-15,2.16802e-15,3.05811e-15,4.08154e-15,4.74313e-15,1,9.73718e-15
16508,0,12,1385.92,13,1448.61,0,2,0,0.0793938,1,2.45744e-14,9.2015e-15,1.29801e-14,1.73288e-14,2.01382e-14,1,4.13478e-14
16509,0,12,1385.92,13,1447.6,0,2,13,0.0793541,1,1.01391e-13,3.79567e-14,5.35474e-14,7.15062e-14,8.3102e-14,1,1.70649e-13
16510,0,12,1385.92,13,1447.6,0,2,0,0.0793144,1,3.47364e-16,1.30014e-16,1.8343e-16,2.45013e-16,2.84754e-16,1,5.84825e-16
16511,0,12,1385.92,13,1446.95,0,2,13,0.0792748,1,1.55981e-15,5.83699e-16,8.23567e-16,1.10035e-15,1.27887e-15,1,2.6269e-15
16512,0,12,1385.92,13,1446.95,0,2,0,0.0792351,1,5.78989e-18,2.16623e-18,3.05664e-18,4.08497e-18,4.74783e-18,1,9.75385e-18
16513,0,12,1385.92,13,1446.95,0,2,0,0.0791955,1,2.82038e-17,1.05501e-17,1.48876e-17,1.99013e-17,2.31313e-17,1,4.75273e-17
16514,0,12,1385.92,13,1446.95,0,2,0,0.0791559,1,1.33167e-16,4.98034e-17,7.02844e-17,9.3977e-17,1.09233e-16,1,2.24471e-16
16515,0,12,1385.92,13,1446.95,0,2,0,0.0791164,1,6.09824e-16,2.28025e-16,3.21819e-16,4.30408e-16,5.00295e-16,1,1.02824e-15
16516,0,12,1385.92,13,1446.95,0,2,0,0.0790768,1,2.71016e-15,1.01318e-15,1.43004e-15,1.91303e-15,2.22372e-15,1,4.571e-15
16517,0,12,1385.92,13,1446.95,0,2,9,0.0790373,1,1.16957e-14,4.37153e-15,6.17053e-15,8.25658e-15,9.59781e-15,1,1.97318e-14
16518,0,12,1385.92,13,1446.95,0,2,0,0.0789977,1,3.65366e-16,1.36537e-16,1.92738e-16,2.57957e-16,2.9987e-16,1,6.16579e-16
16519,0,12,1385.92,13,1446.95,0,2,0,0.0789582,1,1.64109e-15,6.13152e-16,8.65601e-16,1.15877e-15,1.34709e-15,1,2.77022e-15
16520,0,12,1385.92,13,1446.95,0,2,9,0.0789188,1,7.15627e-15,2.67323e-15,3.77412e-15,5.05353e-15,5.87497e-15,1,1.20833e-14
16521,0,12,1385.92,13,1446.95,0,2,9,0.0788793,1,2.25187e-16,8.41024e-17,1.18746e-16,1.59035e-16,1.84892e-16,1,3.80331e-16
16522,0,12,1385.92,13,1446.95,0,2,0,0.0788399,1,7.58216e-18,2.83121e-18,3.99771e-18,5.35529e-18,6.22616e-18,1,1.28093e-17
16523,0,12,1385.92,13,1446.95,0,2,0,0.0788004,1,3.67963e-17,1.37372e-17,1.93984e-17,2.59916e-17,3.02192e-17,1,6.21803e-17
16524,0,12,1385.92,13,1446.95,0,2,0,0.078761,1,1.73101e-16,6.4611e-17,9.12442e-17,1.22283e-16,1.42177e-16,1,2.92591e-16
16525,0,12,1385.92,13,1446.95,0,2,0,0.0787217,1,7.8985e-16,2.94759e-16,4.1629e-16,5.58018e-16,6.4882e-16,1,1.33542e-15
16526,0,12,1385.92,13,1446.95,0,2,0,0.0786823,1,3.49788e-15,1.30509e-15,1.84332e-15,2.4714e-15,2.87364e-15,1,5.91548e-15
16527,0,12,1385.92,13,1446.95,0,2,0,0.078643,1,1.5043e-14,5.61159e-15,7.92638e-15,1.06294e-14,1.23598e-14,1,2.54466e-14
16528,0,12,1385.92,13,1446.95,0,2,0,0.0786036,1,6.28622e-14,2.34452e-14,3.31187e-14,4.44215e-14,5.16546e-14,1,1.06363e-13
16529,0,12,1385.92,13,1446.95,0,2,0,0.0785643,1,2.55396e-13,9.52341e-14,1.34537e-13,1.80488e-13,2.09883e-13,1,4.32238e-13
16530,0,12,1385.92,13,1446.95,0,2,0,0.0785251,1,1.00937e-12,3.76308e-13,5.31646e-13,7.1337e-13,8.29578e-13,1,1.7087e-12
16531,0,12,1385.92,13,1446.95,0,2,9,0.0784858,1,3.88272e-12,1.44725e-12,2.04481e-12,2.74429e-12,3.19143e-12,1,6.57441e-12
16532,0,12,1385.92,13,1446.95,0,2,0,0.0784465,1,1.06884e-13,3.98324e-14,5.62828e-14,7.55503e-14,8.78627e-14,1,1.81025e-13
16533,0,12,1385.92,13,1446.95,0,2,0,0.0784073,1,4.29983e-13,1.60209e-13,2.2639e-13,3.03948e-13,3.53493e-13,1,7.28413e-13
16534,0,12,1385.92,13,1446.95,0,2,0,0.0783681,1,1.683e-12,6.26954e-13,8.86002e-13,1.18976e-12,1.38374e-12,1,2.85176e-12
16535,0,12,1385.92,13,1446.95,0,2,0,0.0783289,1,6.41286e-12,2.38845e-12,3.37556e-12,4.53368e-12,5.273e-12,1,1.08688e-11
16536,0,12,1385.92,13,1446.95,0,2,0,0.0782898,1,2.38003e-11,8.86262e-12,1.25263e-11,1.68269e-11,1.95716e-11,1,4.0347e-11
16537,0,12,1385.92,13,1446.95,0,2,0,0.0782506,1,8.60806e-11,3.20478e-11,4.52989e-11,6.08624e-11,7.07918e-11,1,1.45959e-10
16538,0,12,1385.92,13,1446.95,0,2,9,0.0782115,1,3.03556e-10,1.12992e-10,1.59723e-10,2.14637e-10,2.49661e-10,1,5.14828e-10
16539,0,12,1385.92,13,1446.95,0,2,0,0.0781724,1,7.62122e-12,2.83626e-12,4.00955e-12,5.38902e-12,6.26859e-12,1,1.29284e-11
16540,0,12,1385.92,13,1446.95,0,2,9,0.0781333,1,2.82065e-11,1.04951e-11,1.48376e-11,1.99459e-11,2.32021e-11,1,4.7859e-11
16541,0,12,1385.92,13,1446.95,0,2,0,0.0780942,1,7.41061e-13,2.75679e-13,3.89774e-13,5.24055e-13,6.09625e-13,1,1.25766e-12
16542,0,12,1385.92,13,1446.95,0,2,0,0.0780552,1,2.87318e-12,1.06863e-12,1.51101e-12,2.0319e-12,2.36375e-12,1,4.87714e-12
16543,0,12,1385.92,13,1446.95,0,2,9,0.0780162,1,1.08464e-11,4.03334e-12,5.70341e-12,7.67085e-12,8.92393e-12,1,1.84154e-11
16544,0,12,1385.92,13,1446.95,0,2,0,0.0779772,1,2.89693e-13,1.07703e-13,1.5231e-13,2.04884e-13,2.38361e-13,1,4.91953e-13
16545,0,12,1385.92,13,1446.95,0,2,0,0.0779382,1,1.14481e-12,4.2554e-13,6.01825e-13,8.09693e-13,9.42018e-13,1,1.94451e-12
16546,0,12,1385.92,13,1446.95,0,2,0,0.0778992,1,4.40333e-12,1.63644e-12,2.31452e-12,3.11445e-12,3.62354e-12,1,7.48079e-12
16547,0,12,1385.92,13,1446.95,0,2,0,0.0778603,1,1.64935e-11,6.12839e-12,8.66835e-12,1.16661e-11,1.35734e-11,1,2.80264e-11
16548,0,12,1385.92,13,1446.95,0,2,0,0.0778213,1,6.01942e-11,2.23616e-11,3.16317e-11,4.25774e-11,4.95402e-11,1,1.02305e-10
16549,0,12,1385.92,13,1446.95,0,2,0,0.0777824,1,2.14157e-10,7.95416e-11,1.12524e-10,1.51484e-10,1.76262e-10,1,3.64051e-10
16550,0,12,1385.92,13,1446.95,0,2,9,0.0777435,1,7.43129e-10,2.75956e-10,3.9041e-10,5.25666e-10,6.11666e-10,1,1.26352e-09
16551,0,12,1385.92,13,1446.95,0,2,0,0.0777046,1,1.81489e-11,6.73814e-12,9.53347e-12,1.28382e-11,1.49391e-11,1,3.0864e-11
16552,0,12,1385.92,13,1446.95,0,2,0,0.0776658,1,6.61529e-11,2.45557e-11,3.47451e-11,4.67965e-11,5.44558e-11,1,1.12522e-10
16553,0,12,1385.92,13,1446.95,0,2,0,0.077627,1,2.35068e-10,8.72392e-11,1.23448e-10,1.6629e-10,1.93513e-10,1,3.99913e-10
16554,0,12,1385.92,13,1446.95,0,2,0,0.0775881,1,8.14711e-10,3.02298e-10,4.27796e-10,5.76345e-10,6.70718e-10,1,1.3863e-09
16555,0,12,1385.92,13,1446.95,0,2,0,0.0775494,1,2.75545e-09,1.02221e-09,1.44667e-09,1.9493e-09,2.26855e-09,1,4.68954e-09
16556,0,12,1385.92,13,1446.95,0,2,0,0.0775106,1,9.09854e-09,3.37467e-09,4.77631e-09,6.43669e-09,7.49112e-09,1,1.54879e-08
16557,0,12,1385.92,13,1446.95,0,2,9,0.0774718,1,2.93459e-08,1.08823e-08,1.54032e-08,2.07607e-08,2.41624e-08,1,4.99629e-08
16558,0,12,1385.92,13,1446.95,0,2,0,0.0774331,1,6.62528e-10,2.45635e-10,3.47707e-10,4.6871e-10,5.45525e-10,1,1.1282e-09
16559,0,12,1385.92,13,1446.95,0,2,0,0.0773944,1,2.25139e-09,8.34549e-10,1.18142e-09,1.59278e-09,1.85387e-09,1,3.83453e-09
16560,0,12,1385.92,13,1446.95,0,2,0,0.0773557,1,7.46874e-09,2.76797e-09,3.91872e-09,5.2839e-09,6.15022e-09,1,1.2723e-08
16561,0,12,1385.92,13,1446.95,0,2,0,0.077317,1,2.41991e-08,8.9666e-09,1.26952e-08,1.71202e-08,1.99278e-08,1,4.12305e-08
16562,1,12,1385.92,13,1446.95,0,2,0,0.0772783,1,7.66144e-08,2.83826e-08,4.01879e-08,5.42028e-08,6.30935e-08,1,1.30559e-07
16563,1,12,1385.92,13,1446.95,0,2,0,0.0772397,0.99871,0.000240105,0.000679337,0.000370488,0.000365789,0.0010353,0.998486,0.00011279
16564,1,12,1385.92,13,1446.95,0,2,0,0.0772011,0.997458,0.00047305,0.00133869,0.000729991,0.000723898,0.0020493,0.997004,0.00022316
16565,1,12,1385.92,13,1446.95,0,2,0,0.0771625,0.995064,0.000918576,0.00260004,0.00141763,0.00141153,0.00399675,0.994157,0.000435037
16566,1,12,1385.92,13,1446.95,0,2,0,0.0771239,0.990558,0.00175676,0.00497356,0.00271143,0.00270937,0.00767319,0.988783,0.000834838
16567,1,12,1385.92,13,1446.95,0,2,0,0.0770853,0.98224,0.00330405,0.00935605,0.0051,0.00510978,0.0144744,0.978842,0.00157411
16568,1,12,1385.92,13,1446.95,0,2,0,0.0770468,0.967239,0.00609396,0.0172598,0.00940721,0.00943634,0.0267358,0.960922,0.00290625
16569,1,12,1385.92,13,1446.95,0,2,0,0.0770083,0.941025,0.0109686,0.0310726,0.0169336,0.0169635,0.0480722,0.929741,0.00522326
16570,1,12,1385.92,13,1446.95,3,2,0,0.0769698,0.897209,0.0191153,0.0541623,0.0295132,0.0294096,0.0833602,0.878177,0.00905345
16571,1,12,1385.92,13,1446.95,0,1,0,0.0769313,0.903172,0.0192275,0.0544916,0.0231092,0.0485293,0.137583,0.798952,0.0149358
16572,1,12,1385.92,13,1446.95,0,2,0,0.0768928,0.83773,0.0322183,0.0913272,0.0387241,0.0508512,0.0958556,0.837647,0.0156467
16573,1,12,1385.92,13,1446.95,3,2,0,0.0768544,0.742979,0.0510245,0.144666,0.0613301,0.0807716,0.152276,0.742106,0.0248472
16574,1,12,1385.92,13,1446.95,0,2,0,0.0768159,0.755727,0.0518722,0.1471,0.0453004,0.11938,0.225091,0.618814,0.0367153
16575,1,12,1385.92,13,1446.95,0,1,0,0.0767775,0.636624,0.0771549,0.218843,0.0673783,0.162582,0.306587,0.480841,0.0499903
16576,1,12,1385.92,13,1446.95,0,2,0,0.0767391,0.50081,0.105979,0.300663,0.0925475,0.185069,0.210574,0.547466,0.0568911
16577,1,12,1385.92,13,1446.95,2,1,0,0.0767008,0.367415,0.134283,0.381041,0.117261,0.240878,0.274082,0.411011,0.0740297
16578,1,12,1385.92,13,1446.95,0,1,0,0.0766624,0.436514,0.159505,0.264698,0.139282,0.269937,0.186479,0.460643,0.0829409
16579,1,12,1385.92,13,1446.95,2,2,0,0.0766241,0.311912,0.194768,0.323249,0.17007,0.289465,0.127596,0.494019,0.0889199
16580,1,12,1385.92,13,1446.95,2,0,0,0.0765858,0.359463,0.22444,0.220124,0.195973,0.3646,0.160689,0.362736,0.111974
16581,1,12,1385.92,13,1446.95,0,1,0,0.0765475,0.392209,0.244863,0.149128,0.2138,0.252645,0.188987,0.426684,0.131684
16582,1,12,1385.92,13,1446.95,3,1,0,0.0765092,0.276171,0.291621,0.177588,0.25462,0.271133,0.129607,0.457957,0.141302
16583,1,12,1385.92,13,1446.95,3,1,0,0.076471,0.307069,0.324251,0.197439,0.171241,0.283309,0.0904904,0.478573,0.147628
16584,1,12,1385.92,13,1446.95,1,2,0,0.0764327,0.327491,0.345819,0.210551,0.116139,0.291326,0.0647223,0.492166,0.151786
16585,1,12,1385.92,13,1446.95,0,2,0,0.0763945,0.380602,0.239777,0.244675,0.134946,0.365226,0.081116,0.363394,0.190264
16586,1,12,1385.92,13,1446.95,0,1,9,0.0763563,0.268469,0.283191,0.288978,0.159362,0.428217,0.0950774,0.253656,0.22305
16587,1,12,1385.92,13,1446.95,0,1,0,0.0763181,0.969698,0.0117309,0.0119707,0.00660065,0.041373,0.912574,0.0245049,0.0215476
16588,1,12,1385.92,13,1446.95,0,1,0,0.07628,0.946438,0.0207359,0.0211598,0.0116661,0.0691783,0.853828,0.0409694,0.0360243
16589,1,12,1385.92,13,1446.95,0,1,0,0.0762418,0.908015,0.0356119,0.03634,0.0200331,0.10991,0.767778,0.0650851,0.0572276
16590,1,12,1385.92,13,1446.95,0,1,0,0.0762037,0.847978,0.0588564,0.06006,0.0331053,0.163646,0.654263,0.0968956,0.0851955
16591,1,12,1385.92,13,1446.95,0,0,0,0.0761656,0.761193,0.0924581,0.0943494,0.0519995,0.225938,0.522686,0.133765,0.11761
16592,1,12,1385.92,13,1446.95,0,2,0,0.0761275,0.64808,0.136255,0.139042,0.0766224,0.156553,0.569591,0.14573,0.128126
16593,1,12,1385.92,13,1446.95,1,3,0,0.0760895,0.518181,0.186553,0.19037,0.104895,0.164435,0.598421,0.102572,0.134571
16594,1,12,1385.92,13,1446.95,2,1,0,0.0760514,0.554044,0.130331,0.203505,0.112119,0.171839,0.625529,0.107181,0.0954507
16595,1,12,1385.92,13,1446.95,0,1,0,0.0760134,0.596315,0.140234,0.142815,0.120635,0.232146,0.494138,0.144782,0.128934
16596,1,12,1385.92,13,1446.95,2,0,0,0.0759754,0.465726,0.185601,0.189017,0.159656,0.290971,0.365991,0.181452,0.161586
16597,1,12,1385.92,13,1446.95,2,0,0,0.0759374,0.498526,0.198635,0.131976,0.170863,0.200448,0.412748,0.204605,0.182199
16598,1,12,1385.92,13,1446.95,0,1,0,0.0758994,0.520502,0.207353,0.093787,0.178357,0.138569,0.444724,0.220425,0.196282
16599,1,12,1385.92,13,1446.95,3,1,0,0.0758615,0.392881,0.262553,0.118735,0.225831,0.168816,0.323476,0.268564,0.239143
16600,1,12,1385.92,13,1446.95,1,1,0,0.0758236,0.428054,0.286035,0.129334,0.156577,0.193673,0.223818,0.308136,0.274374
16601,1,12,1385.92,13,1446.95,2,3,0,0.0757856,0.47924,0.200729,0.144765,0.175265,0.211411,0.152675,0.336389,0.299525
16602,1,12,1385.92,13,1446.95,0,0,0,0.0757477,0.502676,0.210508,0.103017,0.183799,0.239183,0.172721,0.380615,0.207481
16603,1,12,1385.92,13,1446.95,1,1,0,0.0757099,0.378331,0.263151,0.128761,0.229757,0.166161,0.189281,0.417174,0.227383
16604,1,12,1385.92,13,1446.95,0,2,0,0.075672,0.419105,0.183794,0.142607,0.254493,0.177759,0.132597,0.446375,0.24327
16605,1,12,1385.92,13,1446.95,3,3,0,0.0756342,0.304936,0.219914,0.170624,0.304526,0.215798,0.160962,0.327895,0.295345
16606,1,12,1385.92,13,1446.95,1,3,0,0.0755964,0.345558,0.249193,0.193331,0.211918,0.243277,0.181447,0.369679,0.205596
16607,1,12,1385.92,13,1446.95,0,0,0,0.0755586,0.380223,0.173923,0.2127,0.233154,0.262258,0.195593,0.398556,0.143593
16608,1,12,1385.92,13,1446.95,1,2,0,0.0755208,0.273601,0.203836,0.249292,0.27327,0.184641,0.216157,0.440522,0.158681
16609,1,12,1385.92,13,1446.95,3,1,0,0.075483,0.295378,0.140471,0.269129,0.295021,0.222829,0.260872,0.324804,0.191494
16610,1,12,1385.92,13,1446.95,3,3,0,0.0754453,0.332699,0.158196,0.303127,0.205978,0.246592,0.18203,0.359469,0.211909
16611,1,12,1385.92,13,1446.95,1,2,0,0.0754076,0.358549,0.170463,0.326674,0.144314,0.266327,0.196586,0.388267,0.148819
16612,1,12,1385.92,13,1446.95,3,2,0,0.0753699,0.380112,0.120611,0.346313,0.152964,0.312894,0.230945,0.281342,0.17482
16613,1,12,1385.92,13,1446.95,0,3,0,0.0753322,0.399783,0.126823,0.364229,0.109165,0.349487,0.257938,0.197333,0.195242
16614,1,12,1385.92,13,1446.95,0,0,9,0.0752945,0.292138,0.14955,0.429588,0.128723,0.374473,0.276363,0.211417,0.137748
16615,1,12,1385.92,13,1446.95,0,0,0,0.0752569,0.975206,0.00523757,0.0150483,0.00450805,0.982127,0.00789677,0.00604069,0.00393546
16616,1,12,1385.92,13,1446.95,0,0,0,0.0752192,0.957403,0.00899725,0.0258559,0.00774382,0.968958,0.0137161,0.0104917,0.00683465
16617,1,12,1385.92,13,1446.95,0,0,0,0.0751816,0.928497,0.0151009,0.0434056,0.0129968,0.94717,0.023344,0.0178552,0.0116305
16618,1,12,1385.92,13,1446.95,0,0,0,0.075144,0.883497,0.0246014,0.0707283,0.0211729,0.912363,0.0387264,0.0296193,0.0192918
16619,1,12,1385.92,13,1446.95,0,0,0,0.0751065,0.817378,0.0385588,0.110879,0.0331841,0.859353,0.0621541,0.047535,0.030958
16620,1,12,1385.92,13,1446.95,0,1,0,0.0750689,0.727454,0.0575384,0.165491,0.0495166,0.783721,0.0955816,0.0730962,0.0476012
16621,1,12,1385.92,13,1446.95,2,0,9,0.0750314,0.616554,0.0809411,0.232851,0.0696545,0.803833,0.072435,0.0749365,0.0487954
16622,1,12,1385.92,13,1446.95,1,0,0,0.0749939,0.0256993,0.00337243,0.968026,0.00290209,0.99727,0.00100815,0.00104297,0.00067908
16623,1,12,1385.92,13,1446.95,2,0,0,0.0749564,0.0256816,0.00335613,0.968063,0.00289883,0.99503,0.00183522,0.00189863,0.00123609
16624,1,12,1385.92,13,1446.95,2,0,0,0.0749189,0.0442918,0.00578579,0.944925,0.00499728,0.991075,0.00329585,0.00340974,0.0022197
16625,1,12,1385.92,13,1446.95,2,0,0,0.0748814,0.0743304,0.00970574,0.907581,0.00838276,0.984203,0.00583344,0.00603505,0.00392842
16626,1,12,1385.92,13,1446.95,0,0,0,0.074844,0.12036,0.0157097,0.850362,0.013568,0.972495,0.0101572,0.0105084,0.00683966
16627,1,12,1385.92,13,1446.95,2,0,0,0.0748066,0.0886221,0.016264,0.881068,0.0140462,0.953028,0.0173464,0.0179462,0.0116798
16628,1,12,1385.92,13,1446.95,2,0,0,0.0747692,0.139735,0.0256355,0.812491,0.0221392,0.921694,0.0289182,0.0299183,0.0194698
16629,1,12,1385.92,13,1446.95,0,1,0,0.0747318,0.209275,0.0383803,0.7192,0.0331448,0.873446,0.0467367,0.0483534,0.031464
16630,1,12,1385.92,13,1446.95,2,0,0,0.0746944,0.151637,0.0411561,0.771666,0.0355409,0.882013,0.0374357,0.0487994,0.0317515
16631,1,12,1385.92,13,1446.95,2,0,0,0.0746571,0.220045,0.0597073,0.668688,0.0515596,0.815811,0.0584402,0.0761839,0.0495651
16632,1,12,1385.92,13,1446.95,3,3,0,0.0746197,0.299523,0.0812519,0.549063,0.0701621,0.72613,0.0868933,0.113282,0.0736947
16633,1,12,1385.92,13,1446.95,0,0,0,0.0745824,0.304898,0.0826882,0.558982,0.053432,0.739292,0.0884308,0.115293,0.0569844
16634,1,12,1385.92,13,1446.95,2,0,0,0.0745451,0.2211,0.0926288,0.626421,0.0598503,0.631609,0.124956,0.162921,0.0805138
16635,1,12,1385.92,13,1446.95,0,0,0,0.0745079,0.292792,0.122643,0.505329,0.0792362,0.511456,0.16571,0.216069,0.106764
16636,1,12,1385.92,13,1446.95,0,0,0,0.0744706,0.211928,0.13664,0.563161,0.0882717,0.392269,0.206137,0.268796,0.132798
16637,1,12,1385.92,13,1446.95,2,3,0,0.0744334,0.154224,0.146616,0.604451,0.0947085,0.286608,0.241975,0.315544,0.155873
16638,1,12,1385.92,13,1446.95,1,0,0,0.0743961,0.200987,0.19107,0.48453,0.123413,0.302014,0.254973,0.332512,0.110501
16639,1,12,1385.92,13,1446.95,0,2,0,0.074359,0.213997,0.13863,0.515984,0.131389,0.215016,0.286753,0.373977,0.124254
16640,1,12,1385.92,13,1446.95,3,3,0,0.0743218,0.155807,0.148868,0.554235,0.14109,0.249874,0.333261,0.272483,0.144382
16641,1,12,1385.92,13,1446.95,2,1,0,0.0742846,0.162387,0.155154,0.577791,0.104668,0.26177,0.349146,0.28546,0.103624
16642,1,12,1385.92,13,1446.95,2,2,0,0.0742475,0.207942,0.198678,0.459362,0.134018,0.300589,0.252644,0.327798,0.118969
16643,1,12,1385.92,13,1446.95,0,1,0,0.0742103,0.250985,0.239801,0.347469,0.161745,0.341757,0.287235,0.235771,0.135237
16644,1,12,1385.92,13,1446.95,2,3,0,0.0741732,0.179603,0.26265,0.380605,0.177143,0.380613,0.206245,0.262557,0.150585
16645,1,12,1385.92,13,1446.95,0,2,0,0.0741362,0.208809,0.305383,0.27986,0.205948,0.398952,0.216156,0.275188,0.109704
16646,1,12,1385.92,13,1446.95,1,0,0,0.0740991,0.148665,0.328606,0.301137,0.221592,0.4405,0.238638,0.199765,0.121097
16647,1,12,1385.92,13,1446.95,0,1,0,0.074062,0.168785,0.237673,0.34194,0.251601,0.332808,0.284582,0.238217,0.144393
16648,1,12,1385.92,13,1446.95,2,1,0,0.074025,0.122052,0.251027,0.361179,0.265741,0.369723,0.205272,0.264623,0.160382
16649,1,12,1385.92,13,1446.95,3,0,0,0.073988,0.140392,0.28879,0.265098,0.305721,0.395924,0.149001,0.283356,0.171719
16650,1,12,1385.92,13,1446.95,0,1,0,0.073951,0.157636,0.324309,0.297698,0.220356,0.295248,0.173821,0.330601,0.20033
16651,1,12,1385.92,13,1446.95,2,3,0,0.073914,0.11443,0.340952,0.312971,0.231647,0.312296,0.126126,0.349698,0.21188
16652,1,12,1385.92,13,1446.95,1,2,0,0.0738771,0.128577,0.383188,0.227913,0.260322,0.335298,0.135391,0.375463,0.153848
16653,1,12,1385.92,13,1446.95,1,3,0,0.0738401,0.148974,0.285267,0.264099,0.301661,0.387179,0.156312,0.278884,0.177625
16654,1,12,1385.92,13,1446.95,0,2,9,0.0738032,0.16543,0.206233,0.293306,0.335031,0.40924,0.165189,0.294755,0.130816
16655,1,12,1385.92,13,1446.95,3,2,0,0.0737663,0.9549,0.0111442,0.0158505,0.0181058,0.013245,0.00534535,0.977177,0.00423289
16656,1,12,1385.92,13,1446.95,0,2,0,0.0737294,0.956859,0.0111571,0.01587,0.0161141,0.0220308,0.00888944,0.962041,0.00703907
16657,1,12,1385.92,13,1446.95,0,0,0,0.0736926,0.929923,0.0181224,0.0257792,0.0261758,0.0359232,0.0144924,0.938109,0.0114752
16658,1,12,1385.92,13,1446.95,1,2,0,0.0736557,0.889132,0.0286694,0.0407853,0.0414129,0.0302133,0.0145664,0.943687,0.0115333
16659,1,12,1385.92,13,1446.95,2,2,0,0.0736189,0.892776,0.0247396,0.0409272,0.0415571,0.0482378,0.023253,0.910099,0.0184102
16660,1,12,1385.92,13,1446.95,0,0,0,0.0735821,0.899083,0.0248965,0.0341956,0.041825,0.0747753,0.0360402,0.860652,0.0285329
16661,1,12,1385.92,13,1446.95,0,2,0,0.0735453,0.844644,0.0383244,0.0526422,0.0643898,0.0597139,0.0366053,0.874702,0.028979
16662,2,12,1385.92,13,1446.95,0,2,0,0.0735085,0.770123,0.056704,0.0778933,0.0952798,0.0899196,0.0551163,0.811333,0.0436314
16663,2,12,1385.92,13,1446.95,3,1,0,0.0734718,5.2271e-08,1.22758e-07,7.83117e-08,1,3.7089e-08,1,4.8729e-08,3.45286e-08
16664,2,12,1385.92,13,1446.95,3,1,0,0.073435,1.0311e-07,2.42195e-07,1.54491e-07,1,7.42602e-08,1,9.75714e-08,6.91327e-08
16665,2,12,1385.92,13,1446.95,3,1,0,0.0733983,2.00693e-07,4.71487e-07,3.00724e-07,0.999999,1.46665e-07,1,1.92716e-07,1.36536e-07
16666,2,12,1385.92,13,1446.95,3,1,0,0.0733616,3.85534e-07,9.05889e-07,5.77743e-07,0.999998,2.85808e-07,0.999999,3.75568e-07,2.66066e-07
16667,2,12,1385.92,13,1446.95,3,1,0,0.0733249,7.31154e-07,1.71829e-06,1.09576e-06,0.999996,5.49686e-07,0.999998,7.22358e-07,5.1171e-07
16668,2,12,1385.92,13,1446.95,3,1,0,0.0732883,1.36924e-06,3.21841e-06,2.05221e-06,0.999993,1.04366e-06,0.999997,1.37158e-06,9.71546e-07
16669,2,12,1385.92,13,1446.95,3,1,0,0.0732516,2.53271e-06,5.95414e-06,3.79631e-06,0.999988,1.95669e-06,0.999994,2.57163e-06,1.82146e-06
16670,2,12,1385.92,13,1446.95,3,1,0,0.073215,4.62836e-06,1.08827e-05,6.93808e-06,0.999978,3.62334e-06,0.999988,4.76231e-06,3.37286e-06
16671,2,12,1385.92,13,1446.95,3,1,0,0.0731784,8.35817e-06,1.9656e-05,1.25302e-05,0.999959,6.62864e-06,0.999978,8.71278e-06,6.17033e-06
16672,2,12,1385.92,13,1446.95,3,1,0,0.0731418,1.49189e-05,3.50908e-05,2.23675e-05,0.999928,1.19832e-05,0.999961,1.57517e-05,1.11545e-05
16673,2,12,1385.92,13,1446.95,3,1,0,0.0731052,2.63267e-05,6.1934e-05,3.94743e-05,0.999872,2.14118e-05,0.999931,2.81471e-05,1.99308e-05
16674,2,12,1385.92,13,1446.95,3,1,0,0.0730687,4.59395e-05,0.000108092,6.88872e-05,0.999777,3.78236e-05,0.999877,4.97241e-05,3.52069e-05
16675,2,12,1385.92,13,1446.95,3,1,0,0.0730321,7.92842e-05,0.000186581,0.000118898,0.999615,6.60682e-05,0.999786,8.686e-05,6.14966e-05
16676,2,12,1385.92,13,1446.95,3,1,0,0.0729956,0.000135355,0.000318588,0.000203001,0.999343,0.000114137,0.99963,0.000150065,0.000106238
16677,2,12,1385.92,13,1446.95,3,1,0,0.0729591,0.000228619,0.000538197,0.000342903,0.99889,0.000195048,0.999367,0.000256459,0.000181547
16678,2,12,1385.92,13,1446.95,3,1,0,0.0729226,0.000382068,0.000899589,0.000573105,0.998145,0.000329763,0.99893,0.000433612,0.000306932
16679,2,12,1385.92,13,1446.95,3,1,0,0.0728862,0.000631789,0.00148782,0.000947766,0.996933,0.000551632,0.99821,0.000725391,0.000513433
16680,2,12,1385.92,13,1446.95,3,1,0,0.0728497,0.00103365,0.00243459,0.00155074,0.994981,0.000913059,0.997036,0.00120073,0.00084982
16681,2,12,1385.92,13,1446.95,3,1,0,0.0728133,0.00167282,0.00394073,0.00250986,0.991877,0.00149528,0.995147,0.00196649,0.00139169
16682,2,12,1385.92,13,1446.95,3,1,0,0.0727769,0.00267673,0.00630676,0.00401642,0.987,0.00242229,0.992137,0.00318581,0.00225445
16683,2,12,1385.92,13,1446.95,3,1,0,0.0727405,0.00423164,0.00997205,0.00635007,0.979446,0.00387994,0.987406,0.0051032,0.00361105
16684,2,12,1385.92,13,1446.95,3,1,0,0.0727041,0.00660144,0.0155592,0.00990703,0.967932,0.00614042,0.980068,0.00807681,0.0057148
16685,2,12,1385.92,13,1446.95,3,1,0,0.0726678,0.0101441,0.0239133,0.0152249,0.950718,0.00959044,0.968869,0.0126155,0.00892555
16686,2,12,1385.92,13,1446.95,3,1,0,0.0726315,0.0153155,0.0361101,0.0229882,0.925586,0.0147565,0.952098,0.0194121,0.0137333
16687,2,12,1385.92,13,1446.95,3,1,0,0.0725951,0.0226413,0.0533917,0.0339869,0.88998,0.0223127,0.927568,0.0293538,0.0207652
16688,2,12,1385.92,13,1446.95,3,1,0,0.0725588,0.0326336,0.0769684,0.0489904,0.841408,0.0330431,0.892733,0.0434728,0.030751
16689,2,12,1385.92,13,1446.95,3,1,0,0.0725226,0.0456343,0.10765,0.0685131,0.778202,0.0477235,0.845074,0.0627904,0.0444124
16690,2,12,1385.92,13,1446.95,3,2,0,0.0724863,0.0616086,0.145358,0.0925036,0.70053,0.0668937,0.782837,0.0880177,0.0622517
16691,2,12,1385.92,13,1446.95,2,1,0,0.0724501,0.0799764,0.188727,0.120092,0.611205,0.0678913,0.794902,0.0740275,0.0631791
16692,2,12,1385.92,13,1446.95,3,1,0,0.0724138,0.081953,0.193424,0.0980581,0.626565,0.0924092,0.720834,0.100763,0.085994
16693,2,12,1385.92,13,1446.95,3,3,0,0.0723776,0.102717,0.242472,0.122906,0.531905,0.121074,0.634238,0.132021,0.112667
16694,2,12,1385.92,13,1446.95,2,1,0,0.0723414,0.12358,0.291772,0.147876,0.436772,0.123778,0.648616,0.134972,0.0926349
16695,2,12,1385.92,13,1446.95,3,1,0,0.0723053,0.127985,0.302224,0.117335,0.452456,0.156612,0.555408,0.170779,0.117201
16696,2,12,1385.92,13,1446.95,0,2,0,0.0722691,0.149045,0.352015,0.13664,0.3623,0.19021,0.460033,0.20742,0.142336
16697,2,12,1385.92,13,1446.95,0,1,0,0.072233,0.117037,0.365266,0.141757,0.375941,0.200862,0.485881,0.162958,0.150299
16698,2,12,1385.92,13,1446.95,3,1,0,0.0721969,0.0934915,0.375017,0.145513,0.385979,0.236884,0.393699,0.192174,0.177242
16699,2,12,1385.92,13,1446.95,3,2,0,0.0721608,0.106062,0.425556,0.165092,0.30329,0.269561,0.310084,0.218675,0.20168
16700,2,12,1385.92,13,1446.95,1,3,0,0.0721247,0.11601,0.465602,0.180594,0.237795,0.287017,0.330174,0.168081,0.214728
16701,2,12,1385.92,13,1446.95,3,2,0,0.0720886,0.135355,0.376431,0.210726,0.277488,0.304845,0.350692,0.178502,0.165962
16702,2,12,1385.92,15,1949.63,1,1,9,0.0720526,0.146763,0.408244,0.228508,0.216485,0.319346,0.367385,0.139433,0.173836
16703,2,12,1385.92,15,1949.63,1,1,0,0.0720166,0.0031501,0.987298,0.00490509,0.00464694,0.00760811,0.98493,0.0033213,0.00414096
16704,2,12,1385.92,15,1949.63,1,1,0,0.0719805,0.00492093,0.980156,0.00766318,0.0072598,0.0118836,0.976462,0.0051869,0.00646724
16705,2,12,1385.92,15,1949.63,1,1,0,0.0719446,0.00759028,0.96939,0.0118211,0.0111987,0.0183143,0.963728,0.00799239,0.00996569
16706,2,12,1385.92,15,1949.63,1,1,0,0.0719086,0.0115418,0.953451,0.0179767,0.0170301,0.0277962,0.944952,0.0121283,0.0151234
16707,2,12,1385.92,15,1949.63,0,1,0,0.0718726,0.0172634,0.930371,0.0268908,0.0254744,0.0414385,0.91794,0.0180779,0.0225432
16708,2,12,1385.92,15,1949.63,3,1,0,0.0718367,0.0169023,0.930749,0.0268826,0.0254664,0.0604728,0.880256,0.0263774,0.0328942
16709,2,12,1385.92,15,1949.63,1,1,0,0.0718008,0.0169145,0.93217,0.0269046,0.0240105,0.0860272,0.829666,0.0375176,0.0467888
16710,0,12,1385.92,15,1850.62,1,2,13,0.0717649,0.0248381,0.90039,0.0395117,0.0352606,0.118744,0.764904,0.0517771,0.064575
16711,0,12,1385.92,15,1774.61,0,2,13,0.071729,0.999998,9.66136e-07,3.47323e-07,4.96988e-07,6.63899e-07,7.76355e-07,0.999997,1.64225e-06
16712,0,12,1385.92,15,1729.64,0,2,13,0.0716931,1,1.85934e-09,6.6829e-10,9.56332e-10,1.27816e-09,1.49471e-09,1,3.16227e-09
16713,0,12,1385.92,15,1706.31,0,2,13,0.0716573,1,4.04475e-12,1.45348e-12,2.0801e-12,2.78148e-12,3.25283e-12,1,6.88286e-12
16714,0,12,1385.92,15,1706.31,0,2,0,0.0716215,1,9.92169e-15,3.56463e-15,5.10176e-15,6.82533e-15,7.9822e-15,1,1.68926e-14
16715,0,12,1385.92,14,1634.03,0,2,13,0.0715856,1,4.30979e-14,1.54809e-14,2.21581e-14,2.96581e-14,3.46862e-14,1,7.34167e-14
16716,0,12,1385.92,14,1634.03,0,2,0,0.0715499,1,1.15366e-16,4.14313e-17,5.93056e-17,7.94167e-17,9.28834e-17,1,1.96626e-16
16717,0,12,1385.92,14,1634.03,0,2,0,0.0715141,1,5.47523e-16,1.96591e-16,2.81426e-16,3.77034e-16,4.40981e-16,1,9.3366e-16
16718,0,12,1385.92,14,1632.36,0,2,13,0.0714783,1,2.52003e-15,9.04647e-16,1.29512e-15,1.7359e-15,2.03038e-15,1,4.29943e-15
16719,0,12,1385.92,14,1632.36,0,2,0,0.0714426,1,7.10793e-18,2.5511e-18,3.65249e-18,4.89776e-18,5.72881e-18,1,1.21329e-17
16720,0,12,1385.92,14,1622.72,0,2,13,0.0714069,1,3.5666e-17,1.27982e-17,1.83249e-17,2.45834e-17,2.87556e-17,1,6.09097e-17
16721,0,12,1385.92,14,1618.75,0,2,13,0.0713712,1,1.09163e-19,3.91636e-20,5.60798e-20,7.52651e-20,8.80416e-20,1,1.86516e-19
16722,0,12,1385.92,14,1617.53,0,2,13,0.0713355,1,3.74215e-22,1.34227e-22,1.92218e-22,2.58086e-22,3.01907e-22,1,6.39687e-22
16723,0,12,1385.92,14,1617.53,0,2,0,0.0712998,1,1.43355e-24,5.14093e-25,7.36255e-25,9.88965e-25,1.15692e-24,1,2.45167e-24
16724,0,12,1385.92,14,1608.17,0,2,13,0.0712642,1,9.76805e-24,3.50225e-24,5.01608e-24,6.74055e-24,7.88552e-24,1,1.6713e-23
16725,0,12,1385.92,14,1608.17,0,2,0,0.0712285,1,4.01162e-26,1.43803e-26,2.05977e-26,2.76901e-26,3.23946e-26,1,6.86694e-26
16726,0,12,1385.92,13,1596.1,0,2,13,0.0711929,1,2.93505e-25,1.0519e-25,1.5068e-25,2.02644e-25,2.37081e-25,1,5.02635e-25
16727,0,12,1385.92,13,1596.1,0,2,0,0.0711573,1,1.28865e-27,4.6175e-28,6.61482e-28,8.89951e-28,1.04122e-27,1,2.20782e-27
16728,0,12,1385.92,13,1596.1,0,2,0,0.0711217,1,1.00959e-26,3.61684e-27,5.18169e-27,6.97407e-27,8.15974e-27,1,1.73046e-26
16729,0,12,1385.92,13,1587.97,0,2,13,0.0710862,1,7.59497e-26,2.72031e-26,3.89756e-26,5.24773e-26,6.14009e-26,1,1.30235e-25
16730,0,12,1385.92,13,1586.69,0,2,13,0.0710506,1,3.41166e-28,1.22171e-28,1.75055e-28,2.35784e-28,2.75887e-28,1,5.85259e-28
16731,0,12,1385.92,13,1586.69,0,2,0,0.0710151,1,1.70344e-30,6.09877e-31,8.73933e-31,1.17754e-30,1.37787e-30,1,2.92341e-30
16732,0,12,1385.92,13,1586.69,0,2,9,0.0709796,1,1.52279e-29,5.45087e-30,7.81147e-30,1.0529e-29,1.23206e-29,1,2.61444e-29
16733,0,12,1385.92,13,1583.2,0,2,13,0.0709441,1,7.83178e-31,2.80283e-31,4.01694e-31,5.41631e-31,6.33813e-31,1,1.34516e-30
16734,0,12,1385.92,13,1576.89,0,2,13,0.0709086,1,4.39318e-33,1.5719e-33,2.25297e-33,3.03889e-33,3.5562e-33,1,7.54857e-33
16735,0,12,1385.92,13,1576.89,0,2,0,0.0708732,1,2.72714e-35,9.75586e-36,1.39838e-35,1.88684e-35,2.2081e-35,1,4.68774e-35
16736,0,12,1385.92,13,1576.89,0,2,0,0.0708377,1,3.03587e-34,1.0858e-34,1.55648e-34,2.10086e-34,2.45865e-34,1,5.22041e-34
16737,0,12,1385.92,13,1576.89,0,2,0,0.0708023,1,3.22258e-33,1.15234e-33,1.65198e-33,2.23051e-33,2.61045e-33,1,5.54358e-33
16738,0,12,1385.92,13,1576.89,0,2,0,0.0707669,1,3.26497e-32,1.16726e-32,1.67349e-32,2.26028e-32,2.64539e-32,1,5.61861e-32
16739,0,12,1385.92,13,1576.89,0,2,0,0.0707315,1,3.16017e-31,1.12957e-31,1.61956e-31,2.18814e-31,2.56104e-31,1,5.44027e-31
16740,0,12,1385.92,13,1576.89,0,2,9,0.0706962,1,2.92477e-30,1.04521e-30,1.49872e-30,2.02552e-30,2.37077e-30,1,5.03686e-30
16741,0,12,1385.92,13,1576.89,0,2,0,0.0706608,1,1.54357e-31,5.51501e-32,7.90852e-32,1.06917e-31,1.25145e-31,1,2.65919e-31
16742,0,12,1385.92,13,1576.89,0,2,9,0.0706255,1,1.44948e-30,5.17781e-31,7.4255e-31,1.00417e-30,1.17541e-30,1,2.49799e-30
16743,0,12,1385.92,13,1576.89,0,2,9,0.0705902,1,7.74354e-32,2.76555e-32,3.96637e-32,5.36546e-32,6.2806e-32,1,1.33496e-31
16744,0,12,1385.92,13,1576.89,0,2,0,0.0705549,1,4.38014e-33,1.56402e-33,2.24328e-33,3.03547e-33,3.55332e-33,1,7.55383e-33
16745,0,12,1385.92,13,1565.66,0,2,13,0.0705196,1,4.41603e-32,1.57651e-32,2.26136e-32,3.06082e-32,3.58311e-32,1,7.61831e-32
16746,0,12,1385.92,13,1561.04,0,2,13,0.0704843,1,2.58131e-34,9.21328e-35,1.32166e-34,1.78942e-34,2.09483e-34,1,4.45463e-34
16747,0,12,1385.92,13,1561.04,0,2,0,0.0704491,1,1.66841e-36,5.95371e-37,8.5413e-37,1.15675e-36,1.35422e-36,1,2.88017e-36
16748,0,12,1385.92,13,1561.04,0,2,0,0.0704139,1,1.96688e-35,7.01734e-36,1.00679e-35,1.36388e-35,1.59676e-35,1,3.39653e-35
16749,0,12,1385.92,13,1558.15,0,2,13,0.0703787,1,2.20854e-34,7.87791e-35,1.13034e-34,1.53167e-34,1.79326e-34,1,3.81508e-34
16750,0,12,1385.92,13,1558.15,0,2,9,0.0703435,1,1.42625e-36,5.08642e-37,7.29866e-37,9.89272e-37,1.15826e-36,1,2.46452e-36
16751,0,12,1385.92,13,1558.15,0,2,0,0.0703083,1,9.95178e-38,3.54836e-38,5.09201e-38,6.90363e-38,8.08317e-38,1,1.72018e-37
16752,0,12,1385.92,13,1558.15,0,2,0,0.0702732,1,1.24141e-36,4.42539e-37,6.35104e-37,8.61284e-37,1.00847e-36,1,2.14645e-36
16753,0,12,1385.92,13,1558.15,0,2,0,0.070238,1,1.47331e-35,5.251e-36,7.53645e-36,1.02231e-35,1.19705e-35,1,2.54821e-35
16754,0,12,1385.92,13,1558.15,0,2,0,0.0702029,1,1.66522e-34,5.93374e-35,8.51697e-35,1.1556e-34,1.35318e-34,1,2.881e-34
16755,0,12,1385.92,13,1558.15,0,2,0,0.0701678,1,1.79417e-33,6.39192e-34,9.17527e-34,1.24524e-33,1.45818e-33,1,3.10502e-33
16756,0,12,1385.92,13,1551.74,0,2,13,0.0701327,1,1.84451e-32,6.56993e-33,9.43148e-33,1.28032e-32,1.49931e-32,1,3.19309e-32
16757,0,12,1385.92,13,1551.74,0,2,0,0.0700977,1,1.08121e-34,3.85035e-35,5.52779e-35,7.50579e-35,8.78988e-35,1,1.87227e-34
16758,0,12,1385.92,13,1551.74,0,2,9,0.0700626,1,1.17554e-33,4.18539e-34,6.00921e-34,8.16143e-34,9.55799e-34,1,2.03619e-33
16759,0,12,1385.92,13,1551.74,0,2,0,0.0700276,1,7.13187e-35,2.53871e-35,3.64524e-35,4.95196e-35,5.79951e-35,1,1.23569e-34
16760,0,12,1385.92,13,1551.74,0,2,0,0.0699926,1,7.82081e-34,2.78337e-34,3.99684e-34,5.43086e-34,6.36057e-34,1,1.35544e-33
16761,0,12,1385.92,13,1551.74,0,2,0,0.0699576,1,8.18043e-33,2.91076e-33,4.18006e-33,5.68112e-33,6.65389e-33,1,1.41816e-32
16762,0,12,1385.92,13,1551.74,0,2,9,0.0699226,1,8.16926e-32,2.90618e-32,4.17379e-32,5.67389e-32,6.64562e-32,1,1.41661e-31
16763,0,12,1385.92,13,1551.74,0,2,0,0.0698876,1,4.54126e-33,1.6152e-33,2.31988e-33,3.15436e-33,3.69471e-33,1,7.87699e-33
16764,0,12,1385.92,13,1551.74,0,2,0,0.0698527,1,4.58976e-32,1.63211e-32,2.34434e-32,3.18833e-32,3.73461e-32,1,7.96326e-32
16765,0,12,1385.92,13,1551.74,0,2,0,0.0698178,1,4.43182e-31,1.57562e-31,2.26336e-31,3.07886e-31,3.6065e-31,1,7.69126e-31
16766,0,12,1385.92,13,1551.74,0,2,0,0.0697828,1,4.09207e-30,1.45454e-30,2.08957e-30,2.84306e-30,3.3304e-30,1,7.10351e-30
16767,0,12,1385.92,13,1551.74,0,2,0,0.069748,1,3.61626e-29,1.28514e-29,1.84636e-29,2.51267e-29,2.94347e-29,1,6.27917e-29
16768,0,12,1385.92,13,1551.74,0,2,0,0.0697131,1,3.06132e-28,1.0877e-28,1.56281e-28,2.12724e-28,2.49203e-28,1,5.31694e-28
16769,0,12,1385.92,13,1551.74,0,2,0,0.0696782,1,2.48461e-27,8.82613e-28,1.26823e-27,1.72662e-27,2.02278e-27,1,4.31641e-27
16770,0,12,1385.92,13,1551.74,0,2,0,0.0696434,1,1.93497e-26,6.87219e-27,9.87539e-27,1.34475e-26,1.57545e-26,1,3.36237e-26
16771,0,12,1385.92,13,1535.99,0,2,13,0.0696086,1,1.44713e-25,5.13853e-26,7.38465e-26,1.00578e-25,1.17837e-25,1,2.51529e-25
16772,0,12,1385.92,13,1524.77,0,2,13,0.0695738,1,6.07297e-28,2.15597e-28,3.0986e-28,4.22108e-28,4.94556e-28,1,1.05581e-27
16773,0,12,1385.92,13,1524.77,0,2,0,0.069539,1,2.8366e-30,1.00681e-30,1.44711e-30,1.97172e-30,2.31021e-30,1,4.93275e-30
16774,0,12,1385.92,13,1524.77,0,2,0,0.0695042,1,2.52799e-29,8.97093e-30,1.28951e-29,1.75731e-29,2.05906e-29,1,4.39716e-29
16775,0,12,1385.92,13,1519.37,0,2,13,0.0694694,1,2.15782e-28,7.65572e-29,1.10053e-28,1.50006e-28,1.7577e-28,1,3.75417e-28
16776,0,12,1385.92,13,1515.86,0,2,13,0.0694347,1,1.02468e-30,3.6347e-31,5.22538e-31,7.1237e-31,8.34744e-31,1,1.78315e-30
16777,0,12,1385.92,13,1515.86,0,2,0,0.0694,1,5.40256e-33,1.91598e-33,2.75468e-33,3.75611e-33,4.40149e-33,1,9.40376e-33
16778,0,12,1385.92,13,1515.86,0,2,0,0.0693653,1,5.45432e-32,1.93394e-32,2.7807e-32,3.79228e-32,4.44402e-32,1,9.49605e-32
16779,0,12,1385.92,13,1515.86,0,2,0,0.0693306,1,5.26101e-31,1.86501e-31,2.68178e-31,3.65804e-31,4.28684e-31,1,9.16159e-31
16780,0,12,1385.92,13,1515.86,0,2,0,0.0692959,1,4.85263e-30,1.71988e-30,2.47328e-30,3.37423e-30,3.95437e-30,1,8.45233e-30
16781,0,12,1385.92,13,1515.86,0,2,0,0.0692613,1,4.284e-29,1.51803e-29,2.18317e-29,2.97895e-29,3.49124e-29,1,7.46355e-29
16782,0,12,1385.92,13,1515.86,0,2,0,0.0692267,1,3.62295e-28,1.28352e-28,1.84604e-28,2.51938e-28,2.95273e-28,1,6.31328e-28
16783,0,12,1385.92,13,1515.86,0,2,9,0.0691921,1,2.93756e-27,1.04049e-27,1.4966e-27,2.04283e-27,2.39429e-27,1,5.12004e-27
16784,0,12,1385.92,13,1516.01,0,2,9,0.0691575,1,1.30281e-28,4.61363e-29,6.63657e-29,9.0603e-29,1.06194e-28,1,2.27124e-28
16785,0,12,1385.92,13,1516.01,0,2,0,0.0691229,1,6.14043e-30,2.17405e-30,3.12753e-30,4.27044e-30,5.00547e-30,1,1.07072e-29
16786,0,12,1385.92,13,1496.59,0,2,13,0.0690883,1,5.40023e-29,1.91158e-29,2.75015e-29,3.75577e-29,4.40235e-29,1,9.41846e-29
16787,0,12,1385.92,13,1494.49,0,2,13,0.0690538,1,2.59762e-31,9.19316e-32,1.3227e-31,1.80665e-31,2.11774e-31,1,4.53142e-31
16788,0,12,1385.92,13,1494.49,0,2,0,0.0690192,1,1.38696e-33,4.90754e-34,7.06141e-34,9.64658e-34,1.1308e-33,1,2.41999e-33
16789,0,12,1385.92,13,1494.49,0,2,0,0.0689847,1,1.44114e-32,5.09817e-33,7.33624e-33,1.00236e-32,1.17504e-32,1,2.51504e-32
16790,0,12,1385.92,13,1494.49,0,2,0,0.0689502,1,1.42983e-31,5.05714e-32,7.27772e-32,9.9452e-32,1.16588e-31,1,2.49583e-31
16791,0,12,1385.92,13,1493.06,0,2,13,0.0689158,1,1.35582e-30,4.79437e-31,6.90008e-31,9.4306e-31,1.10559e-30,1,2.36712e-30
16792,0,12,1385.92,13,1493.06,0,2,0,0.0688813,1,6.9691e-33,2.46386e-33,3.54625e-33,4.84753e-33,5.68315e-33,1,1.21697e-32
16793,0,12,1385.92,13,1493.06,0,2,0,0.0688469,1,7.01819e-32,2.4807e-32,3.57075e-32,4.88176e-32,5.72346e-32,1,1.22579e-31
16794,0,12,1385.92,13,1493.06,0,2,0,0.0688124,1,6.75278e-31,2.38639e-31,3.43525e-31,4.69721e-31,5.50727e-31,1,1.17967e-30
16795,0,12,1385.92,13,1493.06,0,2,0,0.068778,1,6.21357e-30,2.19538e-30,3.16051e-30,4.32219e-30,5.06774e-30,1,1.08569e-29
16796,0,12,1385.92,13,1484.04,0,2,13,0.0687437,1,5.47249e-29,1.93313e-29,2.78319e-29,3.80673e-29,4.4635e-29,1,9.56385e-29
16797,0,12,1385.92,13,1481.8,0,2,13,0.0687093,1,2.597e-31,9.17188e-32,1.3206e-31,1.80652e-31,2.11827e-31,1,4.53945e-31
16798,0,12,1385.92,13,1481.8,0,2,0,0.0686749,1,1.36836e-33,4.83167e-34,6.9573e-34,9.51864e-34,1.11616e-33,1,2.3923e-33
16799,0,12,1385.92,13,1481.8,0,2,0,0.0686406,1,1.42459e-32,5.02916e-33,7.24221e-33,9.90985e-33,1.16207e-32,1,2.49108e-32
16800,0,12,1385.92,13,1481.8,0,2,0,0.0686063,1,1.41613e-31,4.99825e-32,7.19822e-32,9.85102e-32,1.15521e-31,1,2.47675e-31
16801,0,12,1385.92,13,1481.8,0,2,9,0.068572,1,1.34535e-30,4.74745e-31,6.83753e-31,9.3587e-31,1.09751e-30,1,2.3534e-30
16802,0,12,1385.92,13,1481.8,0,2,0,0.0685377,1,6.84044e-32,2.41334e-32,3.47607e-32,4.75844e-32,5.58048e-32,1,1.19681e-31
16803,0,12,1385.92,13,1481.8,0,2,9,0.0685034,1,6.59511e-31,2.3263e-31,3.35095e-31,4.58778e-31,5.38051e-31,1,1.1541e-30
16804,0,12,1385.92,13,1481.8,0,2,0,0.0684692,1,3.39507e-32,1.1973e-32,1.72479e-32,2.36172e-32,2.76989e-32,1,5.94223e-32
16805,0,12,1385.92,13,1481.8,0,2,0,0.0684349,1,3.32015e-31,1.17063e-31,1.6865e-31,2.3096e-31,2.70885e-31,1,5.81217e-31
16806,0,12,1385.92,13,1481.8,0,2,9,0.0684007,1,3.10406e-30,1.09421e-30,1.57652e-30,2.15927e-30,2.53261e-30,1,5.43486e-30
16807,0,12,1385.92,13,1480.96,0,2,13,0.0683665,1,1.54562e-31,5.44732e-32,7.84896e-32,1.07517e-31,1.2611e-31,1,2.70668e-31
16808,0,12,1385.92,13,1480.71,0,2,13,0.0683323,1,8.11931e-34,2.86095e-34,4.1226e-34,5.64794e-34,6.62491e-34,1,1.42211e-33
16809,0,12,1385.92,13,1480.71,0,2,0,0.0682982,1,4.7261e-36,1.66496e-36,2.39937e-36,3.28754e-36,3.85633e-36,1,8.27928e-36
16810,0,12,1385.92,13,1480.71,0,2,9,0.068264,1,5.51508e-35,1.9425e-35,2.79954e-35,3.83632e-35,4.5002e-35,1,9.66312e-35
16811,0,12,1385.92,13,1480.71,0,2,0,0.0682299,1,3.39851e-36,1.19676e-36,1.7249e-36,2.364e-36,2.77318e-36,1,5.95566e-36
16812,0,12,1385.92,13,1480.71,0,2,0,0.0681958,1,3.9932e-35,1.40588e-35,2.02646e-35,2.77763e-35,3.25851e-35,1,6.99901e-35
16813,0,12,1385.92,13,1480.71,0,2,0,0.0681617,1,4.46925e-34,1.57316e-34,2.26774e-34,3.10872e-34,3.64705e-34,1,7.83475e-34
16814,0,12,1385.92,13,1480.71,0,2,0,0.0681276,1,4.76925e-33,1.67841e-33,2.41963e-33,3.31735e-33,3.89192e-33,1,8.36208e-33
16815,0,12,1385.92,13,1480.71,0,2,0,0.0680935,1,4.85709e-32,1.70896e-32,2.46386e-32,3.37839e-32,3.96367e-32,1,8.51754e-32
16816,0,12,1385.92,13,1480.71,0,2,0,0.0680595,1,4.72514e-31,1.66219e-31,2.3966e-31,3.28656e-31,3.85605e-31,1,8.28754e-31
16817,0,12,1385.92,13,1480.71,0,2,0,0.0680254,1,4.39501e-30,1.54573e-30,2.22885e-30,3.05688e-30,3.58669e-30,1,7.70981e-30
16818,0,12,1385.92,13,1480.71,0,2,0,0.0679914,1,3.91199e-29,1.37557e-29,1.98363e-29,2.72087e-29,3.19254e-29,1,6.86362e-29
16819,0,12,1385.92,13,1480.71,0,2,13,0.0679574,1,3.33508e-28,1.17246e-28,1.69087e-28,2.31958e-28,2.72177e-28,1,5.8524e-28
16820,0,12,1385.92,13,1480.71,0,2,0,0.0679235,1,1.48099e-30,5.20542e-31,7.50754e-31,1.03002e-30,1.20865e-30,1,2.59927e-30
16821,0,12,1385.92,13,1480.71,0,2,0,0.0678895,1,1.34762e-29,4.73564e-30,6.83051e-30,9.3724e-30,1.09982e-29,1,2.36558e-29
16822,0,12,1385.92,13,1480.71,0,2,0,0.0678556,1,1.17399e-28,4.12462e-29,5.94962e-29,8.16462e-29,9.58121e-29,1,2.06112e-28
16823,0,12,1385.92,13,1477.01,0,2,13,0.0678216,1,9.79974e-28,3.44227e-28,4.96572e-28,6.81518e-28,7.99789e-28,1,1.72078e-27
16824,0,12,1385.92,13,1477.01,0,2,9,0.0677877,1,4.23714e-30,1.48803e-30,2.14675e-30,2.94662e-30,3.45809e-30,1,7.44135e-30
16825,0,12,1385.92,13,1477.01,0,2,0,0.0677538,1,2.06424e-31,7.24784e-32,1.04571e-31,1.43549e-31,1.68472e-31,1,3.62584e-31
16826,0,12,1385.92,13,1477.01,0,2,0,0.0677199,1,1.95475e-30,6.86197e-31,9.90106e-31,1.35932e-30,1.59536e-30,1,3.43407e-30
16827,0,12,1385.92,13,1477.01,0,2,0,0.0676861,1,1.77076e-29,6.2148e-30,8.96792e-30,1.23134e-29,1.44521e-29,1,3.11133e-29
16828,0,12,1385.92,13,1472.82,0,2,13,0.0676522,1,1.53585e-28,5.38921e-29,7.77718e-29,1.06796e-28,1.25349e-28,1,2.69901e-28
16829,0,12,1385.92,13,1472.82,0,2,9,0.0676184,1,6.843e-31,2.40066e-31,3.46465e-31,4.75815e-31,5.58495e-31,1,1.20273e-30
16830,0,12,1385.92,13,1472.82,0,2,0,0.0675846,1,3.44129e-32,1.20702e-32,1.74211e-32,2.39276e-32,2.80863e-32,1,6.04936e-32
16831,0,12,1385.92,13,1472.82,0,2,0,0.0675508,1,3.37932e-31,1.18503e-31,1.7105e-31,2.3496e-31,2.75805e-31,1,5.94134e-31
16832,0,12,1385.92,13,1472.82,0,2,0,0.067517,1,3.17222e-30,1.11218e-30,1.60546e-30,2.20553e-30,2.58903e-30,1,5.57809e-30
16833,0,12,1385.92,13,1472.82,0,2,0,0.0674833,1,2.84912e-29,9.98691e-30,1.44174e-29,1.98083e-29,2.32533e-29,1,5.01071e-29
16834,0,12,1385.92,13,1472.82,0,2,9,0.0674495,1,2.45049e-28,8.58779e-29,1.23985e-28,1.70362e-28,1.99998e-28,1,4.31029e-28
16835,0,12,1385.92,13,1472.82,0,2,0,0.0674158,1,1.09207e-29,3.82638e-30,5.5247e-30,7.59201e-30,8.91296e-30,1,1.92119e-29
16836,0,12,1385.92,13,1472.82,0,2,0,0.0673821,1,9.57607e-29,3.35455e-29,4.8438e-29,6.657e-29,7.81551e-29,1,1.68489e-28
16837,0,12,1385.92,13,1472.82,0,2,9,0.0673484,1,8.04497e-28,2.8176e-28,4.06878e-28,5.59242e-28,6.56587e-28,1,1.41571e-27
16838,0,12,1385.92,13,1472.82,0,2,0,0.0673147,1,3.49268e-29,1.22299e-29,1.7662e-29,2.42783e-29,2.85053e-29,1,6.14715e-29
16839,0,12,1385.92,13,1472.82,0,2,9,0.0672811,1,2.99446e-28,1.04831e-28,1.51405e-28,2.08143e-28,2.44389e-28,1,5.27106e-28
16840,0,12,1385.92,13,1472.82,0,2,0,0.0672474,1,1.32341e-29,4.63207e-30,6.69044e-30,9.19856e-30,1.08008e-29,1,2.3299e-29
16841,0,12,1385.92,13,1472.82,0,2,0,0.0672138,1,1.15704e-28,4.04891e-29,5.84857e-29,8.04187e-29,9.4429e-29,1,2.0373e-28
16842,0,12,1385.92,13,1472.82,0,2,9,0.0671802,1,9.69229e-28,3.39099e-28,4.89858e-28,6.73626e-28,7.9101e-28,1,1.70686e-27
16843,0,12,1385.92,13,1472.82,0,2,0,0.0671466,1,4.17406e-29,1.46005e-29,2.10932e-29,2.90091e-29,3.40652e-29,1,7.35179e-29
16844,0,12,1385.92,13,1472.82,0,2,0,0.067113,1,3.56907e-28,1.24817e-28,1.80335e-28,2.48035e-28,2.91275e-28,1,6.28714e-28
16845,0,12,1385.92,13,1472.82,0,2,9,0.0670795,1,2.92529e-27,1.02281e-27,1.47786e-27,2.03286e-27,2.38733e-27,1,5.15382e-27
16846,0,12,1385.92,13,1472.82,0,2,0,0.0670459,1,1.2293e-28,4.29728e-29,6.20962e-29,8.5424e-29,1.00323e-28,1,2.16612e-28
16847,0,12,1385.92,13,1472.82,0,2,0,0.0670124,1,1.02941e-27,3.59775e-28,5.19918e-28,7.15303e-28,8.40083e-28,1,1.81415e-27
16848,0,12,1385.92,13,1472.82,0,2,0,0.0669789,1,8.26633e-27,2.88845e-27,4.17446e-27,5.74376e-27,6.74594e-27,1,1.457e-26
16849,0,12,1385.92,13,1472.82,0,2,9,0.0669454,1,6.37081e-26,2.22564e-26,3.21679e-26,4.42648e-26,5.19899e-26,1,1.12306e-25
16850,0,12,1385.92,13,1472.82,0,2,9,0.066912,1,2.50995e-27,8.76665e-28,1.26717e-27,1.74385e-27,2.04825e-27,1,4.42522e-27
16851,0,12,1385.92,13,1472.82,0,2,9,0.0668785,1,1.05334e-28,3.6783e-29,5.31714e-29,7.31803e-29,8.59573e-29,1,1.85738e-28
16852,0,12,1385.92,13,1472.82,0,2,0,0.0668451,1,4.70289e-30,1.64192e-30,2.37364e-30,3.26716e-30,3.83771e-30,1,8.29387e-30
16853,0,12,1385.92,13,1472.82,0,2,13,0.0668116,1,4.20538e-29,1.46791e-29,2.12225e-29,2.9214e-29,3.43168e-29,1,7.41753e-29
16854,0,12,1385.92,13,1472.82,0,2,0,0.0667782,1,1.85907e-31,6.48782e-32,9.38051e-32,1.2914e-31,1.51702e-31,1,3.27951e-31
16855,0,12,1385.92,13,1472.82,0,2,9,0.0667448,1,1.77285e-30,6.18562e-31,8.94422e-31,1.23145e-30,1.44664e-30,1,3.12785e-30
16856,0,12,1385.92,13,1472.82,0,2,0,0.0667115,1,8.5521e-32,2.98328e-32,4.31405e-32,5.94014e-32,6.97838e-32,1,1.50906e-31
16857,0,12,1385.92,13,1472.82,0,2,9,0.0666781,1,8.28466e-31,2.88938e-31,4.17857e-31,5.75411e-31,6.76005e-31,1,1.46208e-30
16858,0,12,1385.92,13,1472.82,0,2,0,0.0666448,1,4.05002e-32,1.4122e-32,2.04245e-32,2.8128e-32,3.30465e-32,1,7.14845e-32
16859,0,12,1385.92,13,1472.82,0,2,0,0.0666115,1,3.98324e-31,1.38862e-31,2.00849e-31,2.76629e-31,3.2501e-31,1,7.03155e-31
16860,0,12,1385.92,13,1472.82,0,2,0,0.0665781,1,3.74481e-30,1.30522e-30,1.88801e-30,2.60057e-30,3.0555e-30,1,6.61155e-30
16861,0,12,1385.92,13,1472.82,0,2,0,0.0665449,1,3.3684e-29,1.17378e-29,1.698e-29,2.33905e-29,2.74833e-29,1,5.9478e-29
16862,0,12,1385.92,13,1472.82,0,2,0,0.0665116,1,2.90134e-28,1.01081e-28,1.46236e-28,2.01462e-28,2.3672e-28,1,5.12378e-28
16863,0,12,1385.92,13,1472.82,0,2,9,0.0664783,1,2.39512e-27,8.34273e-28,1.20705e-27,1.66303e-27,1.95415e-27,1,4.23038e-27
16864,0,12,1385.92,13,1472.82,0,2,0,0.0664451,1,9.94668e-29,3.46391e-29,5.01204e-29,6.90603e-29,8.11519e-29,1,1.75707e-28
16865,0,12,1385.92,13,1472.82,0,2,0,0.0664119,1,8.39003e-28,2.92119e-28,4.22708e-28,5.82494e-28,6.84503e-28,1,1.48229e-27
16866,0,12,1385.92,13,1472.82,0,2,0,0.0663787,1,6.78552e-27,2.36205e-27,3.41822e-27,4.71073e-27,5.53587e-27,1,1.19897e-26
16867,0,12,1385.92,13,1472.82,0,2,0,0.0663455,1,5.26621e-26,1.83279e-26,2.65251e-26,3.65578e-26,4.29628e-26,1,9.30643e-26
16868,0,12,1385.92,13,1472.82,0,2,0,0.0663123,1,3.92522e-25,1.3658e-25,1.9768e-25,2.72473e-25,3.20221e-25,1,6.93757e-25
16869,0,12,1385.92,13,1472.82,0,2,0,0.0662791,1,2.81208e-24,9.78269e-25,1.41601e-24,1.95193e-24,2.29406e-24,1,4.97083e-24
16870,0,12,1385.92,13,1472.82,0,2,0,0.066246,1,1.9379e-23,6.74015e-24,9.75686e-24,1.34506e-23,1.58087e-23,1,3.42602e-23
16871,0,12,1385.92,13,1472.82,0,2,0,0.0662129,1,1.2856e-22,4.47047e-23,6.47181e-23,8.92267e-23,1.04873e-22,1,2.27312e-22
16872,0,12,1385.92,13,1472.82,0,2,9,0.0661798,1,8.21641e-22,2.85652e-22,4.13563e-22,5.70225e-22,6.70238e-22,1,1.45296e-21
16873,0,12,1385.92,13,1472.82,0,2,9,0.0661467,1,2.63009e-23,9.14184e-24,1.32364e-23,1.8252e-23,2.1454e-23,1,4.65159e-23
16874,0,12,1385.92,13,1472.82,0,2,0,0.0661136,1,9.00489e-25,3.12932e-25,4.53126e-25,6.24877e-25,7.34523e-25,1,1.59282e-24
16875,0,12,1385.92,13,1472.82,0,2,9,0.0660806,1,6.35254e-24,2.20712e-24,3.19616e-24,4.40798e-24,5.1816e-24,1,1.12381e-23
16876,0,12,1385.92,13,1472.82,0,2,0,0.0660475,1,2.2331e-25,7.75705e-26,1.12339e-25,1.54945e-25,1.82144e-25,1,3.95103e-25
16877,0,12,1385.92,13,1472.82,0,2,9,0.0660145,1,1.62002e-24,5.6262e-25,8.14856e-25,1.12399e-24,1.32134e-24,1,2.86667e-24
16878,0,12,1385.92,13,1472.82,0,2,0,0.0659815,1,5.84074e-26,2.02802e-26,2.93744e-26,4.05215e-26,4.76379e-26,1,1.03367e-25
16879,0,12,1385.92,13,1472.82,0,2,0,0.0659485,1,4.35273e-25,1.51103e-25,2.18879e-25,3.01964e-25,3.55006e-25,1,7.7043e-25
16880,0,12,1385.92,13,1472.82,0,2,9,0.0659155,1,3.11785e-24,1.08212e-24,1.56761e-24,2.16284e-24,2.54284e-24,1,5.51929e-24
16881,0,12,1385.92,13,1472.82,0,2,9,0.0658826,1,1.10669e-25,3.84019e-26,5.56348e-26,7.67657e-26,9.0256e-26,1,1.95933e-25
16882,0,12,1385.92,13,1472.82,0,2,0,0.0658496,1,4.19297e-27,1.45465e-27,2.10758e-27,2.9083e-27,3.4195e-27,1,7.42441e-27
16883,0,12,1385.92,13,1472.82,0,2,0,0.0658167,1,3.29434e-26,1.14265e-26,1.65566e-26,2.28487e-26,2.68657e-26,1,5.83398e-26
16884,0,12,1385.92,13,1472.82,0,2,0,0.0657838,1,2.4852e-25,8.61813e-26,1.24883e-25,1.72357e-25,2.02665e-25,1,4.40162e-25
16885,0,12,1385.92,13,1472.82,0,2,9,0.0657509,1,1.80156e-24,6.24609e-25,9.05173e-25,1.24936e-24,1.46911e-24,1,3.19121e-24
16886,0,12,1385.92,13,1472.82,0,2,0,0.065718,1,6.43602e-26,2.23093e-26,3.23326e-26,4.46306e-26,5.24822e-26,1,1.1402e-25
16887,0,12,1385.92,13,1472.82,0,2,0,0.0656852,1,4.79373e-25,1.66131e-25,2.40789e-25,3.32401e-25,3.90891e-25,1,8.49361e-25
16888,0,12,1385.92,13,1472.82,0,2,0,0.0656523,1,3.4319e-24,1.1891e-24,1.72361e-24,2.37956e-24,2.79837e-24,1,6.08147e-24
16889,0,12,1385.92,13,1472.82,0,2,9,0.0656195,1,2.36341e-23,8.18713e-24,1.18682e-23,1.63861e-23,1.92707e-23,1,4.1886e-23
16890,0,12,1385.92,13,1472.82,0,2,0,0.0655867,1,7.99532e-25,2.76908e-25,4.01439e-25,5.54302e-25,6.51902e-25,1,1.41717e-24
16891,0,12,1385.92,13,1472.82,0,2,0,0.0655539,1,5.66918e-24,1.96304e-24,2.84607e-24,3.93011e-24,4.62226e-24,1,1.00499e-23
16892,0,12,1385.92,13,1472.82,0,2,0,0.0655211,1,3.86753e-23,1.3389e-23,1.94132e-23,2.68097e-23,3.15322e-23,1,6.85691e-23
16893,0,12,1385.92,13,1472.82,0,2,9,0.0654884,1,2.54042e-22,8.79284e-23,1.275e-22,1.76091e-22,2.07117e-22,1,4.5046e-22
16894,0,12,1385.92,13,1472.82,0,2,9,0.0654556,1,8.17036e-24,2.8273e-24,4.10002e-24,5.66299e-24,6.66097e-24,1,1.44892e-23
16895,0,12,1385.92,13,1472.82,0,2,9,0.0654229,1,2.8103e-25,9.72281e-26,1.41006e-25,1.94774e-25,2.29106e-25,1,4.98439e-25
16896,0,12,1385.92,13,1472.82,0,2,9,0.0653902,1,1.03244e-26,3.57116e-27,5.1795e-27,7.15507e-27,8.41655e-27,1,1.83138e-26
16897,0,12,1385.92,13,1472.82,0,2,9,0.0653575,1,4.04581e-28,1.39914e-28,2.02941e-28,2.80369e-28,3.2981e-28,1,7.17752e-28
16898,0,12,1385.92,13,1472.82,0,2,0,0.0653248,1,1.68898e-29,5.83966e-30,8.47092e-30,1.17037e-29,1.3768e-29,1,2.99674e-29
16899,0,12,1385.92,13,1472.82,0,2,0,0.0652921,1,1.48421e-28,5.13057e-29,7.44288e-29,1.02841e-28,1.20984e-28,1,2.63374e-28
16900,0,12,1385.92,13,1472.82,0,2,0,0.0652595,1,1.24954e-27,4.31844e-28,6.26519e-28,8.65747e-28,1.01851e-27,1,2.21759e-27
16901,0,12,1385.92,13,1472.82,0,2,0,0.0652269,1,1.00868e-26,3.48529e-27,5.05683e-27,6.98824e-27,8.22164e-27,1,1.79036e-26
16902,0,12,1385.92,13,1472.82,0,2,0,0.0651942,1,7.81394e-26,2.69938e-26,3.91684e-26,5.41324e-26,6.36886e-26,1,1.38711e-25
16903,0,12,1385.92,13,1472.82,0,2,9,0.0651616,1,5.81372e-25,2.00796e-25,2.9138e-25,4.02729e-25,4.7384e-25,1,1.03216e-24
16904,1,12,1385.92,13,1472.82,0,2,9,0.0651291,1,2.09043e-26,7.21845e-27,1.04756e-26,1.44799e-26,1.70373e-26,1,3.7118e-26
16905,1,12,1385.92,13,1472.82,0,2,0,0.0650965,0.84488,0.0376516,0.0525457,0.0649226,0.0568436,0.0340032,0.882547,0.0266063
16906,0,12,1385.92,13,1472.56,0,2,13,0.065064,0.766616,0.0566445,0.0790571,0.0976828,0.0876065,0.0523998,0.818995,0.040999
16907,0,12,1385.92,13,1472.56,0,2,9,0.0650314,1,3.69855e-25,1.27633e-25,1.85267e-25,2.5453e-25,2.99512e-25,1,6.52832e-25
16908,0,12,1385.92,13,1472.56,0,2,0,0.0649989,1,1.3371e-26,4.6132e-27,6.69682e-27,9.20231e-27,1.08289e-26,1,2.3607e-26
16909,0,12,1385.92,13,1472.56,0,2,0,0.0649664,1,1.03129e-25,3.55735e-26,5.16447e-26,7.09805e-26,8.353e-26,1,1.82123e-25
16910,0,12,1385.92,13,1472.56,0,2,0,0.0649339,1,7.64015e-25,2.63485e-25,3.82549e-25,5.25877e-25,6.18874e-25,1,1.34956e-24
16911,0,12,1385.92,13,1472.56,0,2,0,0.0649015,1,5.44095e-24,1.87601e-24,2.72395e-24,3.74524e-24,4.4077e-24,1,9.61324e-24
16912,0,12,1385.92,13,1472.56,0,2,0,0.064869,1,3.72768e-23,1.28501e-23,1.86596e-23,2.56605e-23,3.02003e-23,1,6.58775e-23
16913,0,12,1385.92,13,1472.56,0,2,0,0.0648366,1,2.45881e-22,8.47425e-23,1.23064e-22,1.69267e-22,1.9922e-22,1,4.34637e-22
16914,0,12,1385.92,13,1472.56,0,2,0,0.0648042,1,1.56265e-21,5.38451e-22,7.82e-22,1.07579e-21,1.2662e-21,1,2.7629e-21
16915,0,12,1385.92,13,1472.56,0,2,0,0.0647718,1,9.57566e-21,3.29883e-21,4.7913e-21,6.59257e-21,7.75967e-21,1,1.69345e-20
16916,0,12,1385.92,13,1472.56,0,2,0,0.0647394,1,5.66185e-20,1.9501e-20,2.83258e-20,3.89818e-20,4.58844e-20,1,1.00152e-19
16917,0,12,1385.92,13,1472.56,0,2,0,0.064707,1,3.2325e-19,1.11313e-19,1.61697e-19,2.22566e-19,2.61985e-19,1,5.71927e-19
16918,0,12,1385.92,13,1472.56,0,2,9,0.0646746,1,1.78325e-18,6.13939e-19,8.91899e-19,1.22785e-18,1.44537e-18,1,3.15581e-18
16919,0,12,1385.92,13,1472.56,0,2,0,0.0646423,1,4.70704e-20,1.6202e-20,2.35392e-20,3.24114e-20,3.81543e-20,1,8.33189e-20
16920,0,12,1385.92,13,1472.56,0,2,9,0.06461,1,2.69862e-19,9.28689e-20,1.34935e-19,1.85826e-19,2.18759e-19,1,4.77786e-19
16921,0,12,1385.92,13,1472.56,0,2,0,0.0645777,1,7.38154e-21,2.5397e-21,3.69037e-21,5.08304e-21,5.98408e-21,1,1.30717e-20
16922,0,12,1385.92,13,1467.4,0,2,13,0.0645454,1,4.39163e-20,1.51067e-20,2.19528e-20,3.02423e-20,3.56043e-20,1,7.77869e-20
16923,0,12,1385.92,13,1467.4,0,2,0,0.0645131,1,1.17213e-22,4.03113e-23,5.85841e-23,8.07192e-23,9.50339e-23,1,2.07659e-22
16924,0,12,1385.92,13,1467.4,0,2,0,0.0644809,1,7.57246e-22,2.60372e-22,3.78425e-22,5.21491e-22,6.13993e-22,1,1.34185e-21
16925,0,12,1385.92,13,1467.4,0,2,0,0.0644486,1,4.71548e-21,1.62103e-21,2.35618e-21,3.24747e-21,3.82363e-21,1,8.35763e-21
16926,0,12,1385.92,13,1467.4,0,2,0,0.0644164,1,2.83243e-20,9.73491e-21,1.41508e-20,1.95069e-20,2.29685e-20,1,5.0212e-20
16927,0,12,1385.92,13,1467.4,0,2,9,0.0643842,1,1.64229e-19,5.64324e-20,8.20372e-20,1.13106e-19,1.33181e-19,1,2.91197e-19
16928,0,12,1385.92,13,1467.4,0,2,0,0.064352,1,4.50838e-21,1.54884e-21,2.25176e-21,3.10501e-21,3.65625e-21,1,7.99553e-21
16929,0,12,1385.92,13,1467.4,0,2,0,0.0643198,1,2.71185e-20,9.31451e-21,1.35428e-20,1.86773e-20,2.19939e-20,1,4.8104e-20
16930,0,12,1385.92,13,1467.4,0,2,0,0.0642877,1,1.57455e-19,5.407e-20,7.86206e-20,1.08445e-19,1.27706e-19,1,2.79356e-19
16931,0,12,1385.92,13,1467.4,0,2,9,0.0642555,1,8.83063e-19,3.03179e-19,4.40872e-19,6.08206e-19,7.16252e-19,1,1.56704e-18
16932,0,12,1385.92,13,1467.4,0,2,0,0.0642234,1,2.3364e-20,8.01979e-21,1.16629e-20,1.6092e-20,1.89514e-20,1,4.1469e-20
16933,0,12,1385.92,13,1467.4,0,2,0,0.0641913,1,1.36127e-19,4.67161e-20,6.7943e-20,9.37584e-20,1.10422e-19,1,2.41661e-19
16934,0,12,1385.92,13,1467.4,0,2,0,0.0641592,1,7.66053e-19,2.62838e-19,3.82295e-19,5.27627e-19,6.2142e-19,1,1.36021e-18
16935,0,12,1385.92,13,1467.4,0,2,0,0.0641271,1,4.16667e-18,1.42931e-18,2.07907e-18,2.86985e-18,3.38012e-18,1,7.39979e-18
16936,0,12,1385.92,13,1467.4,0,2,0,0.064095,1,2.19194e-17,7.51747e-18,1.09357e-17,1.50973e-17,1.77822e-17,1,3.89352e-17
16937,0,12,1385.92,13,1467.4,0,2,0,0.064063,1,1.116e-16,3.82661e-17,5.56701e-17,7.68662e-17,9.05391e-17,1,1.98271e-16
16938,0,12,1385.92,13,1467.4,0,2,0,0.064031,1,5.50271e-16,1.8864e-16,2.74457e-16,3.79007e-16,4.4644e-16,1,9.7781e-16
16939,0,12,1385.92,13,1467.4,0,2,0,0.0639989,1,2.62931e-15,9.01169e-16,1.31123e-15,1.81097e-15,2.13325e-15,1,4.67306e-15
16940,0,12,1385.92,13,1467.4,0,2,0,0.0639669,1,1.21823e-14,4.17448e-15,6.07446e-15,8.39073e-15,9.88424e-15,1,2.16557e-14
16941,0,12,1385.92,13,1467.4,0,2,0,0.063935,1,5.47656e-14,1.87623e-14,2.73039e-14,3.77203e-14,4.44357e-14,1,9.73708e-14
16942,0,12,1385.92,13,1467.4,0,2,0,0.063903,1,2.39019e-13,8.18687e-14,1.19149e-13,1.64625e-13,1.93941e-13,1,4.25043e-13
16943,0,12,1385.92,13,1467.4,0,2,0,0.063871,1,1.01335e-12,3.47018e-13,5.05075e-13,6.97945e-13,8.22256e-13,1,1.80235e-12
16944,0,12,1385.92,13,1467.4,0,2,0,0.0638391,1,4.1758e-12,1.42968e-12,2.08101e-12,2.87605e-12,3.38842e-12,1,7.42844e-12
16945,0,12,1385.92,13,1467.4,0,2,9,0.0638072,1,1.67346e-11,5.72823e-12,8.33853e-12,1.15257e-11,1.35795e-11,1,2.9775e-11
16946,0,12,1385.92,13,1467.4,0,2,0,0.0637753,1,3.13776e-13,1.07382e-13,1.56327e-13,2.16106e-13,2.54622e-13,1,5.58384e-13
16947,0,12,1385.92,13,1467.4,0,2,0,0.0637434,1,1.32406e-12,4.53031e-13,6.59571e-13,9.11907e-13,1.07447e-12,1,2.35667e-12
16948,0,12,1385.92,13,1467.4,0,2,0,0.0637115,1,5.43112e-12,1.85787e-12,2.70509e-12,3.74046e-12,4.4074e-12,1,9.66844e-12
16949,0,12,1385.92,13,1467.4,0,2,0,0.0636797,1,2.16674e-11,7.41036e-12,1.07904e-11,1.49223e-11,1.75836e-11,1,3.85789e-11
16950,0,12,1385.92,13,1467.4,0,2,0,0.0636478,1,8.41199e-11,2.87633e-11,4.18862e-11,5.79324e-11,6.82665e-11,1,1.49802e-10
16951,0,12,1385.92,13,1467.4,0,2,0,0.063616,1,3.1798e-10,1.08704e-10,1.58311e-10,2.18986e-10,2.58057e-10,1,5.66362e-10
16952,0,12,1385.92,13,1467.4,0,2,0,0.0635842,1,1.17096e-09,4.00216e-10,5.82896e-10,8.06395e-10,9.50303e-10,1,2.08597e-09
16953,0,12,1385.92,13,1467.4,0,2,0,0.0635524,1,4.20286e-09,1.43617e-09,2.09187e-09,2.8943e-09,3.41092e-09,1,7.48836e-09
16954,0,12,1385.92,13,1467.4,0,2,0,0.0635206,1,1.47107e-08,5.02574e-09,7.32087e-09,1.01303e-08,1.19389e-08,1,2.62149e-08
16955,0,12,1385.92,13,1467.4,0,2,0,0.0634889,1,5.02368e-08,1.71592e-08,2.49972e-08,3.45941e-08,4.07718e-08,1,8.95388e-08
16956,0,12,1385.92,13,1467.4,0,2,0,0.0634571,1,1.67465e-07,5.71879e-08,8.33167e-08,1.15317e-07,1.35914e-07,0.999999,2.98528e-07
16957,0,12,1385.92,13,1467.4,0,2,9,0.0634254,0.999999,5.45187e-07,1.86137e-07,2.71202e-07,3.75409e-07,4.42477e-07,0.999998,9.72027e-07
16958,0,12,1385.92,13,1467.4,0,2,0,0.0633937,1,8.23214e-09,2.81e-09,4.09449e-09,5.66841e-09,6.68131e-09,1,1.46797e-08
16959,0,12,1385.92,13,1467.4,0,2,0,0.063362,1,2.84576e-08,9.71176e-09,1.41522e-08,1.95945e-08,2.30967e-08,1,5.07545e-08
16960,0,12,1385.92,13,1467.4,0,2,0,0.0633303,1,9.60042e-08,3.27564e-08,4.7737e-08,6.61022e-08,7.79192e-08,1,1.71253e-07
16961,0,12,1385.92,13,1467.4,0,2,0,0.0632986,0.999999,3.16228e-07,1.07873e-07,1.57219e-07,2.17727e-07,2.56659e-07,0.999999,5.64181e-07
16962,0,12,1385.92,13,1467.4,0,2,0,0.063267,0.999998,1.01749e-06,3.47018e-07,5.05797e-07,7.0054e-07,8.25829e-07,0.999997,1.8156e-06
16963,0,12,1385.92,13,1467.4,0,2,0,0.0632354,0.999994,3.19954e-06,1.09097e-06,1.59027e-06,2.2028e-06,2.59684e-06,0.999989,5.71011e-06
16964,0,12,1385.92,13,1467.4,0,2,0,0.0632037,0.999982,9.83699e-06,3.35348e-06,4.88861e-06,6.77222e-06,7.98394e-06,0.999968,1.75584e-05
16965,0,12,1385.92,13,1467.4,0,2,0,0.0631721,0.999946,2.9583e-05,1.00828e-05,1.46995e-05,2.0365e-05,2.40096e-05,0.999903,5.28106e-05
16966,0,12,1385.92,13,1467.4,0,2,0,0.0631405,0.99984,8.70558e-05,2.96649e-05,4.32512e-05,5.99225e-05,7.06488e-05,0.999714,0.000155421
16967,0,12,1385.92,13,1467.4,0,2,0,0.063109,0.999539,0.000250761,8.54304e-05,0.000124566,0.000172558,0.000203453,0.999176,0.000447648
16968,0,12,1385.92,13,1467.4,0,2,9,0.0630774,0.998701,0.00070707,0.000240836,0.00035119,0.000486223,0.000573296,0.997679,0.0012616
16969,0,12,1385.92,13,1466.6,0,2,13,0.0630459,0.999983,9.18424e-06,3.12758e-06,4.56102e-06,6.3218e-06,7.45415e-06,0.99997,1.64062e-05
16970,0,12,1385.92,13,1466.6,0,2,0,0.0630144,1,1.19638e-08,4.07326e-09,5.94058e-09,8.2349e-09,9.71024e-09,1,2.13751e-08
16971,0,12,1385.92,13,1466.6,0,2,9,0.0629829,1,4.11387e-08,1.40032e-08,2.04243e-08,2.83153e-08,3.33893e-08,1,7.35114e-08
16972,0,12,1385.92,13,1466.6,0,2,0,0.0629514,1,6.45638e-10,2.19722e-10,3.20498e-10,4.4437e-10,5.24016e-10,1,1.15388e-09
16973,0,12,1385.92,13,1466.6,0,2,9,0.0629199,1,2.35304e-09,8.00608e-10,1.1679e-09,1.61945e-09,1.90978e-09,1,4.20597e-09
16974,0,12,1385.92,13,1466.6,0,2,0,0.0628884,1,3.90118e-11,1.32707e-11,1.93602e-11,2.68484e-11,3.16627e-11,1,6.97429e-11
16975,0,12,1385.92,13,1466.6,0,2,0,0.062857,1,1.50358e-10,5.11362e-11,7.46069e-11,1.03474e-10,1.22032e-10,1,2.68841e-10
16976,0,12,1385.92,13,1466.6,0,2,9,0.0628256,1,5.64321e-10,1.91883e-10,2.79975e-10,3.88342e-10,4.58007e-10,1,1.00916e-09
16977,0,12,1385.92,13,1466.6,0,2,0,0.0627941,1,9.59849e-12,3.26301e-12,4.7614e-12,6.605e-12,7.79013e-12,1,1.71673e-11
16978,0,12,1385.92,13,1464.38,0,2,13,0.0627627,1,3.80557e-11,1.29343e-11,1.88752e-11,2.61862e-11,3.08858e-11,1,6.80747e-11
16979,0,12,1385.92,13,1464.38,0,2,0,0.0627314,1,6.25835e-14,2.12661e-14,3.10363e-14,4.30619e-14,5.07919e-14,1,1.11967e-13
16980,0,12,1385.92,13,1464.38,0,2,0,0.0627,1,2.7423e-13,9.31645e-14,1.35977e-13,1.88682e-13,2.22559e-13,1,4.90693e-13
16981,0,12,1385.92,13,1464.38,0,2,0,0.0626686,1,1.16719e-12,3.96443e-13,5.78666e-13,8.03039e-13,9.47253e-13,1,2.08881e-12
16982,0,12,1385.92,13,1464.38,0,2,0,0.0626373,1,4.82818e-12,1.63957e-12,2.39338e-12,3.3217e-12,3.91836e-12,1,8.64184e-12
16983,0,12,1385.92,13,1463.89,0,2,13,0.062606,1,1.94219e-11,6.59393e-12,9.62626e-12,1.33613e-11,1.57618e-11,1,3.47678e-11
16984,0,12,1385.92,13,1463.89,0,2,0,0.0625747,1,3.21458e-14,1.09115e-14,1.59305e-14,2.21137e-14,2.60876e-14,1,5.75537e-14
16985,0,12,1385.92,13,1463.89,0,2,0,0.0625434,1,1.42853e-13,4.84792e-14,7.07839e-14,9.82671e-14,1.1593e-13,1,2.55801e-13
16986,0,12,1385.92,13,1463.89,0,2,0,0.0625121,1,6.16459e-13,2.09159e-13,3.05413e-13,4.24035e-13,5.00269e-13,1,1.10403e-12
16987,0,12,1385.92,13,1463.89,0,2,0,0.0624809,1,2.58475e-12,8.76792e-13,1.28039e-12,1.77785e-12,2.09755e-12,1,4.62974e-12
16988,0,12,1385.92,13,1463.89,0,2,9,0.0624496,1,1.05361e-11,3.57326e-12,5.21846e-12,7.24666e-12,8.55003e-12,1,1.88748e-11
16989,0,12,1385.92,13,1463.9,0,2,9,0.0624184,1,1.91824e-13,6.50419e-14,9.49956e-14,1.31929e-13,1.55662e-13,1,3.4369e-13
16990,0,12,1385.92,13,1463.9,0,2,0,0.0623872,1,3.77736e-15,1.28051e-15,1.87037e-15,2.59779e-15,3.06522e-15,1,6.76883e-15
16991,0,12,1385.92,13,1460.87,0,2,13,0.062356,1,1.75319e-14,5.94197e-15,8.67973e-15,1.20565e-14,1.42264e-14,1,3.14206e-14
16992,0,12,1385.92,13,1460.87,0,2,0,0.0623248,1,3.29731e-17,1.11729e-17,1.63221e-17,2.26742e-17,2.67558e-17,1,5.91028e-17
16993,0,12,1385.92,13,1460.87,0,2,0,0.0622937,1,1.68162e-16,5.69695e-17,8.32309e-17,1.15632e-16,1.36452e-16,1,3.01466e-16
16994,0,12,1385.92,13,1456.19,0,2,13,0.0622625,1,8.30541e-16,2.81307e-16,4.11013e-16,5.7107e-16,6.73915e-16,1,1.48913e-15
16995,0,12,1385.92,13,1456.19,0,2,0,0.0622314,1,1.65243e-18,5.59562e-19,8.17629e-19,1.13613e-18,1.34078e-18,1,2.96316e-18
16996,0,12,1385.92,13,1456.19,0,2,9,0.0622003,1,8.94677e-18,3.02899e-18,4.42628e-18,6.15106e-18,7.2593e-18,1,1.60457e-17
16997,0,12,1385.92,13,1451.98,0,2,13,0.0621692,1,2.13297e-19,7.21975e-20,1.05511e-19,1.46638e-19,1.73063e-19,1,3.82594e-19
16998,0,12,1385.92,13,1451.98,0,2,0,0.0621381,1,4.97793e-22,1.68458e-22,2.46206e-22,3.42205e-22,4.03888e-22,1,8.93024e-22
16999,0,12,1385.92,13,1436.12,0,2,13,0.062107,1,3.1663e-21,1.07128e-21,1.56582e-21,2.17654e-21,2.56895e-21,1,5.68103e-21
17000,0,12,1385.92,13,1436.13,0,2,9,0.062076,1,8.00989e-24,2.70945e-24,3.96054e-24,5.50577e-24,6.49861e-24,1,1.43735e-23
17001,0,12,1385.92,13,1436.13,0,2,9,0.0620449,1,2.50698e-25,8.47836e-26,1.23942e-25,1.72313e-25,2.03393e-25,1,4.4993e-25
17002,0,12,1385.92,13,1436.13,0,2,0,0.0620139,1,8.39609e-27,2.83886e-27,4.15033e-27,5.77061e-27,6.81166e-27,1,1.50706e-26
17003,0,12,1385.92,13,1436.13,0,2,0,0.0619829,1,6.6437e-26,2.24586e-26,3.28363e-26,4.56595e-26,5.38985e-26,1,1.19268e-25
17004,0,12,1385.92,13,1436.13,0,2,0,0.0619519,1,5.04695e-25,1.70572e-25,2.49409e-25,3.46837e-25,4.09436e-25,1,9.06155e-25
17005,0,12,1385.92,13,1436.13,0,2,0,0.0619209,1,3.6837e-24,1.24471e-24,1.82015e-24,2.53138e-24,2.98835e-24,1,6.61481e-24
17006,0,12,1385.92,13,1436.13,0,2,0,0.06189,1,2.58536e-23,8.73395e-24,1.27727e-23,1.77652e-23,2.09729e-23,1,4.64315e-23
17007,0,12,1385.92,13,1436.13,0,2,0,0.061859,1,1.74612e-22,5.89753e-23,8.62529e-23,1.19977e-22,1.41645e-22,1,3.13635e-22
17008,0,12,1385.92,13,1436.13,0,2,0,0.0618281,1,1.13573e-21,3.83511e-22,5.60937e-22,7.80324e-22,9.21283e-22,1,2.04026e-21
17009,0,12,1385.92,13,1436.12,0,2,13,0.0617972,1,7.1195e-21,2.40357e-21,3.51582e-21,4.8913e-21,5.77506e-21,1,1.27914e-20
17010,0,12,1385.92,13,1436.12,0,2,9,0.0617663,1,1.748e-23,5.90004e-24,8.63093e-24,1.20086e-23,1.41788e-23,1,3.14101e-23
17011,0,12,1385.92,13,1436.12,0,2,0,0.0617354,1,5.33859e-25,1.80154e-25,2.63561e-25,3.66733e-25,4.33024e-25,1,9.59426e-25
17012,0,12,1385.92,13,1436.12,0,2,9,0.0617045,1,3.89703e-24,1.3148e-24,1.92365e-24,2.6769e-24,3.16088e-24,1,7.00451e-24
17013,0,12,1385.92,13,1436.12,0,2,0,0.0616737,1,1.22388e-25,4.12829e-26,6.04049e-26,8.40647e-26,9.92667e-26,1,2.2001e-25
17014,0,12,1385.92,13,1436.12,0,2,0,0.0616428,1,9.20173e-25,3.10316e-25,4.54088e-25,6.32e-25,7.46314e-25,1,1.65436e-24
17015,0,12,1385.92,13,1436.12,0,2,9,0.061612,1,6.64851e-24,2.24164e-24,3.28045e-24,4.56611e-24,5.39219e-24,1,1.19548e-23
17016,0,12,1385.92,13,1436.12,0,2,0,0.0615812,1,2.06042e-25,6.94548e-26,1.01649e-25,1.41498e-25,1.67103e-25,1,3.70536e-25
17017,0,12,1385.92,13,1436.12,0,2,0,0.0615504,1,1.53403e-24,5.16995e-25,7.56695e-25,1.05343e-24,1.24409e-24,1,2.7591e-24
17018,0,12,1385.92,13,1436.12,0,2,9,0.0615197,1,1.0978e-23,3.69897e-24,5.41437e-24,7.5382e-24,8.90286e-24,1,1.97476e-23
17019,0,12,1385.92,13,1436.12,0,2,0,0.0614889,1,3.35939e-25,1.13168e-25,1.65662e-25,2.30663e-25,2.7243e-25,1,6.04377e-25
17020,0,12,1385.92,13,1436.12,0,2,0,0.0614581,1,2.47836e-24,8.34706e-25,1.22199e-24,1.70159e-24,2.00977e-24,1,4.45933e-24
17021,0,12,1385.92,13,1436.12,0,2,9,0.0614274,1,1.75775e-23,5.91878e-24,8.6656e-24,1.20676e-23,1.42537e-23,1,3.16315e-23
17022,0,12,1385.92,13,1436.12,0,2,0,0.0613967,1,5.31452e-25,1.78914e-25,2.61965e-25,3.6484e-25,4.30946e-25,1,9.56497e-25
17023,0,12,1385.92,13,1436.12,0,2,9,0.061366,1,3.88735e-24,1.30839e-24,1.91589e-24,2.66849e-24,3.1521e-24,1,6.99729e-24
17024,0,12,1385.92,13,1436.12,0,2,9,0.0613353,1,1.20879e-25,4.06761e-26,5.9567e-26,8.29725e-26,9.80128e-26,1,2.17612e-25
17025,0,12,1385.92,13,1436.12,0,2,0,0.0613047,1,4.02255e-27,1.35331e-27,1.98197e-27,2.76095e-27,3.26154e-27,1,7.24255e-27
17026,0,12,1385.92,13,1436.12,0,2,0,0.061274,1,3.24283e-26,1.09075e-26,1.59756e-26,2.22564e-26,2.62926e-26,1,5.83944e-26
17027,0,12,1385.92,13,1436.12,0,2,0,0.0612434,1,2.50884e-25,8.43684e-26,1.23579e-25,1.72178e-25,2.03408e-25,1,4.51831e-25
17028,0,12,1385.92,13,1436.12,0,2,0,0.0612127,1,1.86424e-24,6.26779e-25,9.18148e-25,1.27932e-24,1.51142e-24,1,3.35785e-24
17029,0,12,1385.92,13,1436.12,0,2,9,0.0611821,1,1.33155e-23,4.47585e-24,6.55703e-24,9.13706e-24,1.07951e-23,1,2.39869e-23
17030,0,12,1385.92,13,1436.12,0,2,0,0.0611515,1,4.01882e-25,1.35058e-25,1.97872e-25,2.75752e-25,3.25803e-25,1,7.24053e-25
17031,0,12,1385.92,13,1436.12,0,2,0,0.061121,1,2.96009e-24,9.94564e-25,1.45724e-24,2.03094e-24,2.39965e-24,1,5.33376e-24
17032,0,12,1385.92,13,1436.12,0,2,0,0.0610904,1,2.09611e-23,7.04122e-24,1.03176e-23,1.43807e-23,1.6992e-23,1,3.77745e-23
17033,0,12,1385.92,13,1436.12,0,2,0,0.0610599,1,1.42812e-22,4.79627e-23,7.02859e-23,9.79722e-23,1.15766e-22,1,2.57398e-22
17034,0,12,1385.92,13,1436.12,0,2,0,0.0610293,1,9.36893e-22,3.14582e-22,4.61032e-22,6.42686e-22,7.59439e-22,1,1.68883e-21
17035,0,12,1385.92,13,1436.12,0,2,9,0.0609988,1,5.92261e-21,1.98821e-21,2.91402e-21,4.0625e-21,4.80067e-21,1,1.06774e-20
17036,0,12,1385.92,13,1436.12,0,2,0,0.0609683,1,1.57558e-22,5.28801e-23,7.75098e-23,1.08067e-22,1.27707e-22,1,2.84084e-22
17037,0,12,1385.92,13,1436.12,0,2,0,0.0609378,1,1.03216e-21,3.46344e-22,5.07697e-22,7.07902e-22,8.36586e-22,1,1.86128e-21
17038,0,12,1385.92,13,1436.12,0,2,0,0.0609074,1,6.51582e-21,2.18591e-21,3.20453e-21,4.46854e-21,5.28101e-21,1,1.17514e-20
17039,0,12,1385.92,13,1436.12,0,2,9,0.0608769,1,3.96661e-20,1.33042e-20,1.95053e-20,2.72011e-20,3.21479e-20,1,7.15473e-20
17040,0,12,1385.92,13,1436.12,0,2,9,0.0608465,1,1.01253e-21,3.39533e-22,4.97828e-22,6.94299e-22,8.20593e-22,1,1.82658e-21
17041,0,12,1385.92,13,1436.12,0,2,0,0.0608161,1,2.77683e-23,9.30954e-24,1.36508e-23,1.90397e-23,2.25037e-23,1,5.00996e-23
17042,0,12,1385.92,13,1436.12,0,2,0,0.0607856,1,1.8844e-22,6.31623e-23,9.26235e-23,1.29198e-22,1.52709e-22,1,3.40027e-22
17043,0,12,1385.92,13,1436.12,0,2,0,0.0607553,1,1.23142e-21,4.12662e-22,6.0519e-22,8.44225e-22,9.9789e-22,1,2.22229e-21
17044,0,12,1385.92,13,1436.12,0,2,9,0.0607249,1,7.75479e-21,2.59815e-21,3.81061e-21,5.31611e-21,6.28395e-21,1,1.39965e-20
17045,0,12,1385.92,13,1436.12,0,2,9,0.0606945,1,2.03525e-22,6.81738e-23,9.99956e-23,1.39512e-22,1.64917e-22,1,3.67387e-22
17046,0,12,1385.92,13,1436.12,0,2,0,0.0606642,1,5.73561e-24,1.92081e-24,2.81761e-24,3.93138e-24,4.64744e-24,1,1.03548e-23
17047,0,12,1385.92,13,1436.12,0,2,0,0.0606338,1,4.01934e-23,1.34575e-23,1.97421e-23,2.75481e-23,3.25667e-23,1,7.25722e-23
17048,0,12,1385.92,13,1436.12,0,2,0,0.0606035,1,2.71057e-22,9.0735e-23,1.33118e-22,1.85767e-22,2.19616e-22,1,4.89476e-22
17049,0,12,1385.92,13,1436.12,0,2,0,0.0605732,1,1.76047e-21,5.89179e-22,8.64458e-22,1.20644e-21,1.42632e-21,1,3.17946e-21
17050,0,12,1385.92,13,1436.12,0,2,0,0.0605429,1,1.102e-20,3.68727e-21,5.41047e-21,7.55143e-21,8.92803e-21,1,1.9905e-20
17051,0,12,1385.92,13,1436.12,0,2,0,0.0605127,1,6.65328e-20,2.22569e-20,3.26609e-20,4.55884e-20,5.39008e-20,1,1.20191e-19
17052,0,12,1385.92,13,1436.12,0,2,0,0.0604824,1,3.87707e-19,1.29669e-19,1.90298e-19,2.6564e-19,3.14086e-19,1,7.00476e-19
17053,0,12,1385.92,13,1436.12,0,2,0,0.0604522,1,2.18218e-18,7.29673e-19,1.07092e-18,1.49503e-18,1.76774e-18,1,3.94306e-18
17054,0,12,1385.92,13,1436.12,0,2,0,0.0604219,1,1.18711e-17,3.96858e-18,5.82503e-18,8.13246e-18,9.61627e-18,1,2.14531e-17
17055,0,12,1385.92,13,1436.12,0,2,0,0.0603917,1,6.24603e-17,2.08762e-17,3.06442e-17,4.27862e-17,5.05945e-17,1,1.1289e-16
17056,0,12,1385.92,13,1436.12,0,2,9,0.0603615,1,3.18062e-16,1.06283e-16,1.56025e-16,2.17862e-16,2.5763e-16,1,5.74936e-16
17057,0,12,1385.92,13,1436.12,0,2,0,0.0603313,1,6.69036e-18,2.23515e-18,3.28148e-18,4.58237e-18,5.41899e-18,1,1.20952e-17
17058,0,12,1385.92,13,1436.12,0,2,0,0.0603012,1,3.56225e-17,1.18984e-17,1.74696e-17,2.43969e-17,2.88521e-17,1,6.44082e-17
17059,0,12,1385.92,13,1436.12,0,2,9,0.060271,1,1.83525e-16,6.1286e-17,8.99894e-17,1.25683e-16,1.48639e-16,1,3.31868e-16
17060,1,12,1385.92,13,1436.12,0,2,0,0.0602409,1,3.89198e-18,1.2994e-18,1.90812e-18,2.66515e-18,3.15205e-18,1,7.03875e-18
17061,1,12,1385.92,13,1436.12,0,2,0,0.0602108,1,9.0537e-08,1.27693e-07,1.58832e-07,1.33595e-07,7.86243e-08,1,6.10442e-08
17062,1,12,1385.92,13,1436.12,0,2,0,0.0601807,0.999999,1.97359e-07,2.78374e-07,3.46273e-07,2.91667e-07,1.71635e-07,0.999999,1.33251e-07
17063,1,12,1385.92,13,1436.12,0,2,9,0.0601506,0.999998,4.23668e-07,5.97624e-07,7.43423e-07,6.27057e-07,3.68961e-07,0.999999,2.86433e-07
17064,1,12,1385.92,13,1436.12,0,2,0,0.0601205,1,3.79224e-09,5.34968e-09,6.65511e-09,5.62103e-09,3.30707e-09,1,2.56723e-09
17065,1,12,1385.92,13,1436.12,0,2,0,0.0600904,1,8.80513e-09,1.24222e-08,1.54541e-08,1.30702e-08,7.6889e-09,1,5.96848e-09
17066,1,12,1385.92,13,1436.12,0,2,0,0.0600604,1,2.0108e-08,2.83701e-08,3.5296e-08,2.98905e-08,1.7582e-08,1,1.36473e-08
17067,1,12,1385.92,13,1436.12,0,2,0,0.0600304,1,4.51795e-08,6.37474e-08,7.93134e-08,6.72526e-08,3.95547e-08,1,3.07011e-08
17068,1,12,1385.92,13,1436.12,0,2,0,0.0600004,1,9.99056e-08,1.40975e-07,1.75406e-07,1.48919e-07,8.75778e-08,1,6.79717e-08
17069,1,12,1385.92,13,1436.12,0,2,0,0.0599704,0.999999,2.17497e-07,3.06926e-07,3.81906e-07,3.24636e-07,1.90895e-07,0.999999,1.48151e-07
17070,1,12,1385.92,13,1436.12,0,2,0,0.0599404,0.999998,4.66299e-07,6.58076e-07,8.18873e-07,6.96916e-07,4.09761e-07,0.999999,3.17995e-07
17071,1,12,1385.92,13,1436.12,0,2,9,0.0599104,0.999996,9.84819e-07,1.38994e-06,1.72965e-06,1.47378e-06,8.66439e-07,0.999997,6.72366e-07
17072,1,12,1385.92,13,1436.12,0,2,9,0.0598804,1,8.59985e-09,1.21384e-08,1.51057e-08,1.2886e-08,7.57489e-09,1,5.8779e-09
17073,1,12,1385.92,13,1436.12,0,2,9,0.0598505,1,8.24065e-11,1.16322e-10,1.44764e-10,1.23632e-10,7.26677e-11,1,5.63852e-11
17074,1,12,1385.92,13,1436.12,0,2,0,0.0598206,1,8.6491e-13,1.22096e-12,1.51956e-12,1.29918e-12,7.63548e-13,1,5.92431e-13
17075,0,12,1385.92,13,1434.47,0,2,13,0.0597907,1,2.3732e-12,3.35038e-12,4.16994e-12,3.56906e-12,2.09736e-12,1,1.62725e-12
17076,0,12,1385.92,13,1434.47,0,2,0,0.0597608,1,7.16927e-16,2.38517e-16,3.50685e-16,4.87511e-16,5.76886e-16,1,1.29155e-15
17077,0,12,1385.92,13,1434.47,0,2,0,0.0597309,1,3.49155e-15,1.16136e-15,1.70765e-15,2.37436e-15,2.80975e-15,1,6.29156e-15
17078,0,12,1385.92,13,1434.47,0,2,0,0.059701,1,1.64825e-14,5.48121e-15,8.06012e-15,1.12091e-14,1.32649e-14,1,2.97075e-14
17079,0,12,1385.92,13,1434.47,0,2,0,0.0596712,1,7.5467e-14,2.50908e-14,3.68989e-14,5.13242e-14,6.07395e-14,1,1.36051e-13
17080,0,12,1385.92,13,1434.47,0,2,0,0.0596413,1,3.35339e-13,1.11467e-13,1.63937e-13,2.28069e-13,2.69916e-13,1,6.04687e-13
17081,0,12,1385.92,13,1434.47,0,2,0,0.0596115,1,1.44697e-12,4.80869e-13,7.07282e-13,9.84141e-13,1.16476e-12,1,2.6098e-12
17082,0,12,1385.92,13,1434.47,0,2,0,0.0595817,1,6.06652e-12,2.01563e-12,2.9649e-12,4.12621e-12,4.88365e-12,1,1.09443e-11
17083,0,12,1385.92,13,1434.47,0,2,0,0.0595519,1,2.47269e-11,8.2138e-12,1.20831e-11,1.68188e-11,1.99068e-11,1,4.46184e-11
17084,0,12,1385.92,13,1434.47,0,2,9,0.0595221,1,9.80372e-11,3.25589e-11,4.79001e-11,6.66851e-11,7.89317e-11,1,1.76943e-10
17085,0,12,1385.92,13,1434.47,0,2,9,0.0594924,1,1.56489e-12,5.19599e-13,7.64483e-13,1.06447e-12,1.26e-12,1,2.82503e-12
17086,0,12,1385.92,13,1434.47,0,2,0,0.0594626,1,2.70872e-14,8.99192e-15,1.32308e-14,1.84257e-14,2.18111e-14,1,4.89101e-14
17087,0,12,1385.92,13,1434.47,0,2,9,0.0594329,1,1.22984e-13,4.08168e-14,6.00628e-14,8.36599e-14,9.90339e-14,1,2.22114e-13
17088,0,12,1385.92,13,1434.47,0,2,9,0.0594032,1,2.23463e-15,7.41483e-16,1.09119e-15,1.52014e-15,1.79956e-15,1,4.03671e-15
17089,0,12,1385.92,13,1434.47,0,2,0,0.0593735,1,4.39173e-17,1.45692e-17,2.14422e-17,2.9876e-17,3.53687e-17,1,7.93508e-17
17090,0,12,1385.92,13,1434.47,0,2,0,0.0593438,1,2.26572e-16,7.51469e-17,1.10606e-16,1.54135e-16,1.82479e-16,1,4.09463e-16
17091,0,12,1385.92,13,1434.47,0,2,0,0.0593141,1,1.13173e-15,3.75278e-16,5.524e-16,7.6992e-16,9.1153e-16,1,2.04571e-15
17092,0,12,1385.92,13,1434.47,0,2,0,0.0592845,1,5.47678e-15,1.81568e-15,2.67284e-15,3.72592e-15,4.41136e-15,1,9.90184e-15
17093,0,12,1385.92,13,1434.47,0,2,0,0.0592548,1,2.56935e-14,8.51609e-15,1.25374e-14,1.74798e-14,2.06962e-14,1,4.64626e-14
17094,0,12,1385.92,13,1434.47,0,2,0,0.0592252,1,1.16924e-13,3.87459e-14,5.70463e-14,7.95466e-14,9.41869e-14,1,2.11482e-13
17095,0,12,1385.92,13,1434.47,0,2,0,0.0591956,1,5.16453e-13,1.71102e-13,2.51937e-13,3.51359e-13,4.1604e-13,1,9.34306e-13
17096,0,12,1385.92,13,1434.47,0,2,0,0.059166,1,2.21544e-12,7.33818e-13,1.08058e-12,1.50724e-12,1.78476e-12,1,4.00871e-12
17097,0,12,1385.92,13,1434.47,0,2,0,0.0591364,1,9.23508e-12,3.05825e-12,4.50377e-12,6.28298e-12,7.44011e-12,1,1.67137e-11
17098,0,12,1385.92,13,1434.47,0,2,0,0.0591068,1,3.74302e-11,1.23925e-11,1.82514e-11,2.54653e-11,3.01562e-11,1,6.7755e-11
17099,0,12,1385.92,13,1434.47,0,2,9,0.0590773,1,1.47586e-10,4.88523e-11,7.1954e-11,1.00409e-10,1.18909e-10,1,2.67208e-10
17100,0,12,1385.92,13,1434.47,0,2,0,0.0590477,1,2.30475e-12,7.62728e-13,1.1235e-12,1.56802e-12,1.85699e-12,1,4.17364e-12
17101,0,12,1385.92,13,1434.47,0,2,9,0.0590182,1,9.60677e-12,3.17853e-12,4.68235e-12,6.53588e-12,7.74063e-12,1,1.74001e-11
17102,0,12,1385.92,13,1434.47,0,2,0,0.0589887,1,1.58072e-13,5.22885e-14,7.70331e-14,1.07542e-13,1.2737e-13,1,2.8636e-13
17103,0,12,1385.92,13,1434.47,0,2,0,0.0589592,1,6.9504e-13,2.29862e-13,3.38666e-13,4.72861e-13,5.6006e-13,1,1.25936e-12
17104,0,12,1385.92,13,1434.47,0,2,9,0.0589297,1,2.96829e-12,9.81448e-13,1.44612e-12,2.01943e-12,2.39191e-12,1,5.37936e-12
17105,0,12,1385.92,13,1434.47,0,2,9,0.0589003,1,4.98521e-14,1.64796e-14,2.42839e-14,3.39157e-14,4.01727e-14,1,9.03627e-14
17106,0,12,1385.92,13,1434.47,0,2,0,0.0588708,1,9.06999e-16,2.99761e-16,4.41754e-16,6.17051e-16,7.30914e-16,1,1.64435e-15
17107,0,12,1385.92,13,1434.47,0,2,0,0.0588414,1,4.42039e-15,1.4606e-15,2.15264e-15,3.00725e-15,3.5623e-15,1,8.01546e-15
17108,0,12,1385.92,13,1434.47,0,2,0,0.058812,1,2.08819e-14,6.89835e-15,1.01676e-14,1.42061e-14,1.68287e-14,1,3.7872e-14
17109,0,12,1385.92,13,1434.47,0,2,0,0.0587826,1,9.5676e-14,3.15997e-14,4.65789e-14,6.50882e-14,7.71067e-14,1,1.73553e-13
17110,0,12,1385.92,13,1434.47,0,2,0,0.0587532,1,4.25425e-13,1.40477e-13,2.07084e-13,2.89412e-13,3.42863e-13,1,7.71846e-13
17111,0,12,1385.92,13,1434.47,0,2,0,0.0587238,1,1.83691e-12,6.06423e-13,8.94025e-13,1.24961e-12,1.48045e-12,1,3.3333e-12
17112,0,12,1385.92,13,1434.47,0,2,0,0.0586944,1,7.70638e-12,2.54356e-12,3.75015e-12,5.2424e-12,6.21103e-12,1,1.39867e-11
17113,0,12,1385.92,13,1434.47,0,2,0,0.0586651,1,3.1431e-11,1.03718e-11,1.5293e-11,2.13811e-11,2.53325e-11,1,5.70557e-11
17114,0,12,1385.92,13,1434.47,0,2,0,0.0586358,1,1.24696e-10,4.11387e-11,6.06633e-11,8.48235e-11,1.00503e-10,1,2.26397e-10
17115,0,12,1385.92,13,1434.47,0,2,9,0.0586064,1,4.81474e-10,1.58809e-10,2.34198e-10,3.27513e-10,3.88066e-10,1,8.74316e-10
17116,0,12,1385.92,13,1434.47,0,2,0,0.0585771,1,7.23717e-12,2.38657e-12,3.51979e-12,4.92283e-12,5.83321e-12,1,1.31444e-11
17117,0,12,1385.92,13,1434.47,0,2,0,0.0585478,1,2.95753e-11,9.75075e-12,1.43818e-11,2.01171e-11,2.38382e-11,1,5.3725e-11
17118,0,12,1385.92,13,1434.47,0,2,0,0.0585186,1,1.1756e-10,3.87501e-11,5.71587e-11,7.99624e-11,9.47563e-11,1,2.13591e-10
17119,0,12,1385.92,13,1434.47,0,2,9,0.0584893,1,4.54778e-10,1.4987e-10,2.21085e-10,3.09325e-10,3.66566e-10,1,8.26412e-10
17120,0,12,1385.92,13,1434.47,0,2,9,0.0584601,1,6.81835e-12,2.24646e-12,3.31419e-12,4.6375e-12,5.49586e-12,1,1.23923e-11
17121,0,12,1385.92,13,1434.47,0,2,0,0.0584308,1,1.10989e-13,3.65599e-14,5.39407e-14,7.54875e-14,8.94625e-14,1,2.01756e-13
17122,0,12,1385.92,13,1434.47,0,2,0,0.0584016,1,4.93132e-13,1.62401e-13,2.39627e-13,3.35385e-13,3.97489e-13,1,8.96565e-13
17123,0,12,1385.92,13,1434.47,0,2,9,0.0583724,1,2.12763e-12,7.00529e-13,1.03372e-12,1.44699e-12,1.71498e-12,1,3.8689e-12
17124,0,12,1385.92,13,1434.47,0,2,9,0.0583432,1,3.53434e-14,1.16344e-14,1.71694e-14,2.40361e-14,2.84888e-14,1,6.42796e-14
17125,0,12,1385.92,13,1434.47,0,2,9,0.0583141,1,6.36153e-16,2.09363e-16,3.08991e-16,4.32618e-16,5.12779e-16,1,1.15717e-15
17126,1,12,1385.92,13,1434.47,0,2,0,0.0582849,1,1.2387e-17,4.07574e-18,6.01572e-18,8.42355e-18,9.98471e-18,1,2.25359e-17
17127,1,12,1385.92,13,1434.47,0,2,9,0.0582558,1,1.49433e-16,2.11726e-16,2.64122e-16,2.26836e-16,1.32562e-16,1,1.02576e-16
17128,1,12,1385.92,13,1434.47,0,2,9,0.0582266,1,1.92976e-18,2.73438e-18,3.41121e-18,2.93252e-18,1.71356e-18,1,1.32588e-18
17129,1,12,1385.92,13,1434.47,0,2,0,0.0581975,1,2.71347e-20,3.84514e-20,4.79712e-20,4.12789e-20,2.4118e-20,1,1.86605e-20
17130,1,12,1385.92,13,1434.47,0,2,0,0.0581684,1,1.05364e-19,1.49317e-19,1.86293e-19,1.60454e-19,9.37383e-20,1,7.25233e-20
17131,1,12,1385.92,13,1434.47,0,2,0,0.0581393,1,3.98319e-19,5.6452e-19,7.04345e-19,6.07211e-19,3.54698e-19,1,2.74408e-19
17132,1,12,1385.92,13,1434.47,0,2,9,0.0581103,1,1.46681e-18,2.07899e-18,2.59404e-18,2.23832e-18,1.30736e-18,1,1.01137e-18
17133,1,12,1385.92,13,1434.47,0,2,0,0.0580812,1,2.06534e-20,2.92753e-20,3.65297e-20,3.15481e-20,1.84246e-20,1,1.42525e-20
17134,1,12,1385.92,13,1434.47,0,2,9,0.0580522,1,8.06618e-20,1.14342e-19,1.42683e-19,1.23331e-19,7.20199e-20,1,5.57088e-20
17135,1,12,1385.92,13,1434.47,0,2,9,0.0580231,1,1.20047e-21,1.70185e-21,2.12375e-21,1.83728e-21,1.07277e-21,1,8.29766e-22
17136,1,12,1385.92,13,1434.47,0,2,9,0.0579941,1,1.93992e-23,2.75031e-23,3.4323e-23,2.97177e-23,1.735e-23,1,1.34192e-23
17137,1,12,1385.92,13,1434.47,0,2,0,0.0579651,1,3.39823e-25,4.81817e-25,6.01318e-25,5.21059e-25,3.04176e-25,1,2.3525e-25
17138,1,12,1385.92,13,1434.47,0,2,9,0.0579362,1,1.6513e-24,2.34146e-24,2.92232e-24,2.53429e-24,1.47927e-24,1,1.14401e-24
17139,1,12,1385.92,13,1434.47,0,2,0,0.0579072,1,3.03112e-26,4.29827e-26,5.3648e-26,4.65609e-26,2.71748e-26,1,2.10148e-26
17140,1,12,1385.92,13,1434.47,0,2,0,0.0578782,1,1.54542e-25,2.19162e-25,2.73556e-25,2.37599e-25,1.38657e-25,1,1.07221e-25
17141,1,12,1385.92,13,1434.47,0,2,0,0.0578493,1,7.62988e-25,1.0821e-24,1.35073e-24,1.17406e-24,6.85083e-25,1,5.29734e-25
17142,1,12,1385.92,13,1434.47,0,2,0,0.0578204,1,3.65004e-24,5.17701e-24,6.46244e-24,5.62133e-24,3.27977e-24,1,2.53592e-24
17143,1,12,1385.92,13,1434.47,0,2,0,0.0577915,1,1.69299e-23,2.40141e-23,2.99781e-23,2.6095e-23,1.52236e-23,1,1.17703e-23
17144,1,12,1385.92,13,1434.47,0,2,0,0.0577626,1,7.61827e-23,1.08068e-22,1.34913e-22,1.17521e-22,6.85529e-23,1,5.29997e-23
17145,1,12,1385.92,13,1434.47,0,2,0,0.0577337,1,3.32784e-22,4.72101e-22,5.89401e-22,5.13771e-22,2.99664e-22,1,2.31665e-22
17146,1,12,1385.92,13,1434.47,0,2,0,0.0577048,1,1.41198e-21,2.00323e-21,2.50107e-21,2.18162e-21,1.27232e-21,1,9.83556e-22
17147,1,12,1385.92,13,1434.47,0,2,9,0.057676,1,5.82243e-21,8.2611e-21,1.03146e-20,9.00308e-21,5.25003e-21,1,4.05829e-21
17148,1,12,1385.92,13,1434.47,0,2,0,0.0576471,1,9.00852e-23,1.27825e-22,1.59607e-22,1.39403e-22,8.12822e-23,1,6.28281e-23
17149,1,12,1385.92,13,1434.47,0,2,0,0.0576183,1,3.92356e-22,5.56767e-22,6.95227e-22,6.07607e-22,3.54242e-22,1,2.73802e-22
17150,1,12,1385.92,13,1434.47,0,2,0,0.0575895,1,1.65994e-21,2.35568e-21,2.94163e-21,2.57249e-21,1.49963e-21,1,1.15904e-21
17151,1,12,1385.92,13,1434.47,0,2,0,0.0575607,1,6.82555e-21,9.68708e-21,1.20972e-20,1.05856e-20,6.17018e-21,1,4.76858e-21
17152,1,12,1385.92,13,1434.47,0,2,0,0.0575319,1,2.72938e-20,3.87391e-20,4.83794e-20,4.23594e-20,2.4688e-20,1,1.9079e-20
17153,1,12,1385.92,13,1434.47,0,2,0,0.0575032,1,1.06197e-19,1.50739e-19,1.88259e-19,1.6493e-19,9.61146e-20,1,7.42738e-20
17154,1,12,1385.92,13,1434.47,0,2,0,0.0574744,1,4.02265e-19,5.7103e-19,7.13195e-19,6.25173e-19,3.64286e-19,1,2.81492e-19
17155,1,12,1385.92,13,1434.47,0,2,0,0.0574457,1,1.48423e-18,2.10706e-18,2.63176e-18,2.30824e-18,1.34486e-18,1,1.03915e-18
17156,1,12,1385.92,13,1434.47,0,2,9,0.0574169,1,5.33703e-18,7.57717e-18,9.46444e-18,8.30555e-18,4.83857e-18,1,3.73849e-18
17157,1,12,1385.92,13,1434.47,0,2,9,0.0573882,1,7.14829e-20,1.01494e-19,1.26779e-19,1.11315e-19,6.48418e-20,1,5.00971e-20
17158,1,12,1385.92,13,1434.47,0,2,9,0.0573595,1,1.04173e-21,1.47919e-21,1.84778e-21,1.62325e-21,9.45454e-22,1,7.30424e-22
17159,1,12,1385.92,13,1434.47,0,2,9,0.0573309,1,1.64905e-23,2.34171e-23,2.92536e-23,2.57122e-23,1.49743e-23,1,1.1568e-23
17160,1,12,1385.92,13,1434.47,0,2,0,0.0573022,1,2.83092e-25,4.02028e-25,5.02253e-25,4.41673e-25,2.57195e-25,1,1.98679e-25
17161,1,12,1385.92,13,1434.47,0,2,0,0.0572735,1,1.38358e-24,1.96501e-24,2.45498e-24,2.15994e-24,1.25764e-24,1,9.71457e-25
17162,1,12,1385.92,13,1434.47,0,2,0,0.0572449,1,6.55353e-24,9.30819e-24,1.16297e-23,1.0237e-23,5.95992e-24,1,4.60347e-24
17163,1,12,1385.92,13,1434.47,0,2,9,0.0572163,1,3.0103e-23,4.27592e-23,5.34261e-23,4.70504e-23,2.73895e-23,1,2.11547e-23
17164,1,12,1385.92,13,1434.47,0,2,0,0.0571877,1,5.08572e-25,7.22443e-25,9.02706e-25,7.9535e-25,4.62947e-25,1,3.57545e-25
17165,1,12,1385.92,13,1434.47,0,2,9,0.0571591,1,2.45784e-24,3.49168e-24,4.36311e-24,3.84597e-24,2.23837e-24,1,1.72866e-24
17166,1,12,1385.92,13,1434.47,0,2,0,0.0571305,1,4.35468e-26,6.18683e-26,7.73125e-26,6.81794e-26,3.96764e-26,1,3.06399e-26
17167,1,12,1385.92,13,1434.47,0,2,0,0.0571019,1,2.20992e-25,3.13992e-25,3.92392e-25,3.46189e-25,2.01439e-25,1,1.55553e-25
17168,1,12,1385.92,13,1434.47,0,2,0,0.0570734,1,1.08609e-24,1.54326e-24,1.92868e-24,1.70231e-24,9.9043e-25,1,7.64775e-25
17169,1,12,1385.92,13,1434.47,0,2,0,0.0570448,1,5.17255e-24,7.35035e-24,9.18645e-24,8.11163e-24,4.71895e-24,1,3.64362e-24
17170,1,12,1385.92,13,1434.47,0,2,9,0.0570163,1,2.38869e-23,3.39463e-23,4.24279e-23,3.74792e-23,2.18012e-23,1,1.68324e-23
17171,1,12,1385.92,13,1434.47,0,2,0,0.0569878,1,4.02516e-25,5.72068e-25,7.15033e-25,6.31886e-25,3.67521e-25,1,2.83743e-25
17172,1,12,1385.92,13,1434.47,0,2,0,0.0569593,1,1.9556e-24,2.77955e-24,3.47434e-24,3.07153e-24,1.78629e-24,1,1.37902e-24
17173,1,12,1385.92,13,1434.47,0,2,0,0.0569308,1,9.20919e-24,1.30902e-23,1.6363e-23,1.44715e-23,8.41518e-24,1,6.49623e-24
17174,1,12,1385.92,13,1434.47,0,2,0,0.0569024,1,4.20608e-23,5.97906e-23,7.47428e-23,6.61277e-23,3.8449e-23,1,2.96798e-23
17175,0,12,1385.92,13,1432.98,0,2,13,0.0568739,1,1.86427e-22,2.65031e-22,3.31323e-22,2.93242e-22,1.70483e-22,1,1.31593e-22
17176,0,12,1385.92,13,1432.98,0,2,0,0.0568455,1,3.27291e-16,1.06493e-16,1.57798e-16,2.20857e-16,2.62237e-16,1,5.96742e-16
17177,0,12,1385.92,13,1432.98,0,2,9,0.0568171,1,1.64836e-15,5.3622e-16,7.94616e-16,1.11237e-15,1.32083e-15,1,3.00615e-15
17178,0,12,1385.92,13,1432.57,0,2,13,0.0567887,1,3.00079e-17,9.75954e-18,1.44636e-17,2.02512e-17,2.40471e-17,1,5.47392e-17
17179,0,12,1385.92,13,1432.57,0,2,0,0.0567603,1,4.92145e-20,1.60025e-20,2.37176e-20,3.32143e-20,3.94414e-20,1,8.97965e-20
17180,0,12,1385.92,13,1432.57,0,2,0,0.0567319,1,2.95227e-19,9.59742e-20,1.42256e-19,1.99253e-19,2.36617e-19,1,5.38796e-19
17181,0,12,1385.92,13,1432.57,0,2,0,0.0567035,1,1.70958e-18,5.55636e-19,8.23648e-19,1.15386e-18,1.37028e-18,1,3.12075e-18
17182,0,12,1385.92,13,1432.57,0,2,0,0.0566752,1,9.56308e-18,3.10743e-18,4.60666e-18,6.45467e-18,7.6656e-18,1,1.74609e-17
17183,0,12,1385.92,13,1432.57,0,2,9,0.0566468,1,5.17103e-17,1.6799e-17,2.49059e-17,3.49033e-17,4.14527e-17,1,9.44379e-17
17184,0,12,1385.92,13,1432.57,0,2,0,0.0566185,1,1.00252e-18,3.25614e-19,4.82788e-19,6.767e-19,8.03708e-19,1,1.83131e-18
17185,0,12,1385.92,13,1432.57,0,2,0,0.0565902,1,5.67063e-18,1.84137e-18,2.73041e-18,3.82775e-18,4.54632e-18,1,1.03609e-17
17186,0,12,1385.92,13,1432.57,0,2,0,0.0565619,1,3.09986e-17,1.00636e-17,1.49237e-17,2.0925e-17,2.4854e-17,1,5.66506e-17
17187,0,12,1385.92,13,1432.57,0,2,0,0.0565336,1,1.63879e-16,5.31911e-17,7.88851e-17,1.10626e-16,1.31402e-16,1,2.99559e-16
17188,0,12,1385.92,13,1432.57,0,2,9,0.0565054,1,8.38423e-16,2.72069e-16,4.03525e-16,5.65983e-16,6.72303e-16,1,1.53291e-15
17189,0,12,1385.92,13,1432.57,0,2,0,0.0564771,1,1.53103e-17,4.9671e-18,7.36763e-18,1.03355e-17,1.22775e-17,1,2.79983e-17
17190,0,12,1385.92,13,1432.57,0,2,0,0.0564489,1,8.21241e-17,2.66374e-17,3.9514e-17,5.54402e-17,6.58592e-17,1,1.50214e-16
17191,0,12,1385.92,13,1432.57,0,2,0,0.0564206,1,4.26177e-16,1.38202e-16,2.05025e-16,2.87707e-16,3.41788e-16,1,7.79691e-16
17192,0,12,1385.92,13,1432.57,0,2,0,0.0563924,1,2.14105e-15,6.94147e-16,1.02986e-15,1.44541e-15,1.71717e-15,1,3.91787e-15
17193,0,12,1385.92,13,1432.57,0,2,9,0.0563642,1,1.04198e-14,3.37742e-15,5.01126e-15,7.03442e-15,8.35727e-15,1,1.9071e-14
17194,0,12,1385.92,13,1432.57,0,2,0,0.0563361,1,1.80164e-16,5.83845e-17,8.6635e-17,1.2163e-16,1.44508e-16,1,3.29817e-16
17195,0,12,1385.92,13,1432.57,0,2,0,0.0563079,1,9.21185e-16,2.98455e-16,4.42903e-16,6.21904e-16,7.38907e-16,1,1.68672e-15
17196,0,12,1385.92,13,1429.8,0,2,13,0.0562797,1,4.56112e-15,1.47742e-15,2.19265e-15,3.07928e-15,3.65874e-15,1,8.35325e-15
17197,0,12,1385.92,13,1429.8,0,2,0,0.0562516,1,6.59923e-18,2.13712e-18,3.17196e-18,4.45527e-18,5.29383e-18,1,1.20883e-17
17198,0,12,1385.92,13,1429.65,0,2,13,0.0562235,1,3.60457e-17,1.16705e-17,1.7323e-17,2.43351e-17,2.89165e-17,1,6.60409e-17
17199,0,12,1385.92,13,1429.65,0,2,0,0.0561954,1,5.72345e-20,1.85267e-20,2.75021e-20,3.86401e-20,4.59161e-20,1,1.04883e-19
17200,0,12,1385.92,13,1429.65,0,2,0,0.0561673,1,3.43565e-19,1.11186e-19,1.65064e-19,2.31947e-19,2.75632e-19,1,6.29711e-19
17201,0,12,1385.92,13,1429.65,0,2,0,0.0561392,1,1.99079e-18,6.44123e-19,9.56324e-19,1.34401e-18,1.5972e-18,1,3.64958e-18
17202,0,12,1385.92,13,1429.65,0,2,0,0.0561111,1,1.11432e-17,3.60459e-18,5.35212e-18,7.52292e-18,8.94042e-18,1,2.04321e-17
17203,0,12,1385.92,13,1429.65,0,2,9,0.056083,1,6.02921e-17,1.94988e-17,2.89543e-17,4.07038e-17,4.8375e-17,1,1.10573e-16
17204,0,12,1385.92,13,1429.65,0,2,0,0.056055,1,1.14367e-18,3.69786e-19,5.49149e-19,7.72097e-19,9.17642e-19,1,2.09784e-18
17205,0,12,1385.92,13,1429.65,0,2,0,0.056027,1,6.47577e-18,2.09336e-18,3.10897e-18,4.37179e-18,5.19607e-18,1,1.18808e-17
17206,0,12,1385.92,13,1429.65,0,2,0,0.055999,1,3.54364e-17,1.14526e-17,1.70103e-17,2.39228e-17,2.84344e-17,1,6.50258e-17
17207,0,12,1385.92,13,1429.65,0,2,0,0.055971,1,1.87529e-16,6.05932e-17,9.00049e-17,1.26598e-16,1.50478e-16,1,3.44181e-16
17208,0,12,1385.92,13,1429.65,0,2,0,0.055943,1,9.60365e-16,3.10237e-16,4.60862e-16,6.48319e-16,7.70637e-16,1,1.76293e-15
17209,0,12,1385.92,13,1429.65,0,2,0,0.055915,1,4.76251e-15,1.53814e-15,2.2851e-15,3.21501e-15,3.82172e-15,1,8.74412e-15
17210,0,12,1385.92,13,1429.65,0,2,0,0.055887,1,2.28846e-14,7.38932e-15,1.09787e-14,1.54484e-14,1.83643e-14,1,4.20246e-14
17211,0,12,1385.92,13,1429.65,0,2,0,0.0558591,1,1.06618e-13,3.44185e-14,5.11414e-14,7.19717e-14,8.55595e-14,1,1.95826e-13
17212,0,12,1385.92,13,1429.65,0,2,0,0.0558312,1,4.81905e-13,1.55534e-13,2.31121e-13,3.25301e-13,3.86729e-13,1,8.85279e-13
17213,0,12,1385.92,13,1428.36,0,2,13,0.0558033,1,2.11445e-12,6.82283e-13,1.01394e-12,1.4273e-12,1.69688e-12,1,3.88504e-12
17214,0,12,1385.92,13,1428.36,0,2,0,0.0557754,1,2.64351e-15,8.52804e-16,1.26745e-15,1.78438e-15,2.12148e-15,1,4.858e-15
17215,0,12,1385.92,13,1428.36,0,2,0,0.0557475,1,1.28632e-14,4.14877e-15,6.16648e-15,8.68256e-15,1.03232e-14,1,2.36431e-14
17216,0,12,1385.92,13,1428.36,0,2,0,0.0557196,1,6.06722e-14,1.95642e-14,2.90812e-14,4.09522e-14,4.86922e-14,1,1.11537e-13
17217,0,12,1385.92,13,1428.36,0,2,0,0.0556917,1,2.77567e-13,8.94832e-14,1.33023e-13,1.87347e-13,2.22763e-13,1,5.10359e-13
17218,0,12,1385.92,13,1428.36,0,2,0,0.0556639,1,1.23239e-12,3.97213e-13,5.90533e-13,8.31793e-13,9.8907e-13,1,2.26638e-12
17219,0,12,1385.92,13,1428.36,0,2,0,0.0556361,1,5.31359e-12,1.71224e-12,2.54577e-12,3.58628e-12,4.26452e-12,1,9.77344e-12
17220,0,12,1385.92,13,1428.36,0,2,9,0.0556082,1,2.22607e-11,7.17161e-12,1.06637e-11,1.50239e-11,1.78659e-11,1,4.09519e-11
17221,0,12,1385.92,13,1428.36,0,2,0,0.0555804,1,3.22378e-13,1.03835e-13,1.54408e-13,2.17569e-13,2.58734e-13,1,5.93165e-13
17222,0,12,1385.92,13,1428.36,0,2,0,0.0555526,1,1.42816e-12,4.59895e-13,6.83939e-13,9.63822e-13,1.14622e-12,1,2.62822e-12
17223,0,12,1385.92,13,1428.36,0,2,0,0.0555249,1,6.14424e-12,1.97811e-12,2.94201e-12,4.14643e-12,4.9313e-12,1,1.13091e-11
17224,0,12,1385.92,13,1428.36,0,2,0,0.0554971,1,2.56855e-11,8.26748e-12,1.2297e-11,1.73333e-11,2.0615e-11,1,4.72848e-11
17225,0,12,1385.92,13,1428.36,0,2,0,0.0554694,1,1.04397e-10,3.35948e-11,4.99729e-11,7.04475e-11,8.37882e-11,1,1.92217e-10
17226,0,12,1385.92,13,1428.36,0,2,0,0.0554416,1,4.12766e-10,1.32798e-10,1.97555e-10,2.78528e-10,3.31284e-10,1,7.60121e-10
17227,0,12,1385.92,13,1428.36,0,2,0,0.0554139,1,1.58847e-09,5.10936e-10,7.60148e-10,1.07184e-09,1.2749e-09,1,2.9257e-09
17228,0,12,1385.92,13,1428.36,0,2,0,0.0553862,1,5.95307e-09,1.91439e-09,2.84837e-09,4.01676e-09,4.77791e-09,1,1.09664e-08
17229,0,12,1385.92,13,1428.36,0,2,0,0.0553585,1,2.17381e-08,6.98897e-09,1.03995e-08,1.4667e-08,1.74469e-08,1,4.00513e-08
17230,0,12,1385.92,13,1428.36,0,2,0,0.0553308,1,7.73823e-08,2.48734e-08,3.70143e-08,5.2209e-08,6.21066e-08,1,1.42596e-07
17231,0,12,1385.92,13,1428.36,0,2,0,0.0553032,1,2.68672e-07,8.63409e-08,1.28495e-07,1.81263e-07,2.15634e-07,0.999999,4.95177e-07
17232,0,12,1385.92,13,1428.36,0,2,0,0.0552755,0.999998,9.10283e-07,2.92464e-07,4.35287e-07,6.14111e-07,7.30583e-07,0.999997,1.67797e-06
17233,0,12,1385.92,13,1428.36,0,2,0,0.0552479,0.999995,3.01102e-06,9.6719e-07,1.43963e-06,2.03127e-06,2.4166e-06,0.99999,5.55126e-06
17234,0,12,1385.92,13,1428.36,0,2,0,0.0552202,0.999982,9.72836e-06,3.1242e-06,4.65062e-06,6.56251e-06,7.8077e-06,0.999968,1.79384e-05
17235,0,12,1385.92,13,1428.36,0,2,0,0.0551926,0.999945,3.07148e-05,9.86159e-06,1.4681e-05,2.07179e-05,2.46498e-05,0.999898,5.6643e-05
17236,0,12,1385.92,13,1428.36,0,2,0,0.055165,0.999829,9.48008e-05,3.04308e-05,4.5306e-05,6.39368e-05,7.60736e-05,0.999685,0.000174839
17237,0,12,1385.92,13,1428.36,0,2,0,0.0551375,0.999485,0.00028613,9.18261e-05,0.000136723,0.000192911,0.000229539,0.99905,0.000527633
17238,0,12,1385.92,13,1428.36,0,2,9,0.0551099,0.998481,0.000844509,0.000270962,0.000403477,0.000568867,0.000676899,0.997198,0.00155623
17239,0,12,1385.92,13,1428.36,0,2,0,0.0550823,0.999985,8.52278e-06,2.73392e-06,4.07129e-06,5.74806e-06,6.8399e-06,0.999972,1.57279e-05
17240,0,12,1385.92,13,1428.36,0,2,0,0.0550548,0.999951,2.7004e-05,8.66034e-06,1.28978e-05,1.82112e-05,2.16711e-05,0.99991,4.98396e-05
17241,0,12,1385.92,13,1428.36,0,2,0,0.0550273,0.99985,8.36388e-05,2.68173e-05,3.9942e-05,5.63975e-05,6.71148e-05,0.999722,0.000154377
17242,0,12,1385.92,13,1428.36,0,2,9,0.0549998,0.999545,0.000253311,8.12013e-05,0.000120952,0.000170755,0.000203211,0.999159,0.000467505
17243,0,12,1385.92,13,1428.36,0,2,0,0.0549723,0.999995,2.60551e-06,8.3503e-07,1.2439e-06,1.75695e-06,2.09097e-06,0.999991,4.81124e-06
17244,0,12,1385.92,13,1428.36,0,2,9,0.0549448,0.999985,8.45792e-06,2.71003e-06,4.03732e-06,5.70302e-06,6.78748e-06,0.999972,1.56204e-05
17245,0,12,1385.92,13,1426.12,0,2,13,0.0549173,1,9.2839e-08,2.97401e-08,4.43094e-08,6.25975e-08,7.45034e-08,1,1.71487e-07
17246,0,12,1385.92,13,1426.12,0,2,0,0.0548898,1,8.96702e-11,2.87185e-11,4.27907e-11,6.0458e-11,7.19594e-11,1,1.65659e-10
17247,0,12,1385.92,13,1426.12,0,2,9,0.0548624,1,3.56988e-10,1.14306e-10,1.7033e-10,2.40679e-10,2.86476e-10,1,6.59611e-10
17248,0,12,1385.92,13,1426.12,0,2,0,0.054835,1,4.76994e-12,1.52696e-12,2.27555e-12,3.2157e-12,3.82772e-12,1,8.81481e-12
17249,0,12,1385.92,13,1426.12,0,2,0,0.0548075,1,2.01332e-11,6.4436e-12,9.60331e-12,1.35723e-11,1.6156e-11,1,3.72116e-11
17250,0,12,1385.92,13,1426.12,0,2,0,0.0547801,1,8.26051e-11,2.64316e-11,3.93959e-11,5.56835e-11,6.62858e-11,1,1.527e-10
17251,0,12,1385.92,13,1426.12,0,2,0,0.0547527,1,3.2964e-10,1.05453e-10,1.57188e-10,2.22196e-10,2.64513e-10,1,6.09448e-10
17252,0,12,1385.92,13,1426.12,0,2,0,0.0547254,1,1.28012e-09,4.0942e-10,6.10331e-10,8.62829e-10,1.02719e-09,1,2.36708e-09
17253,0,12,1385.92,13,1426.12,0,2,0,0.054698,1,4.8403e-09,1.54772e-09,2.3074e-09,3.2623e-09,3.88387e-09,1,8.95157e-09
17254,0,12,1385.92,13,1426.12,0,2,0,0.0546707,1,1.78293e-08,5.69976e-09,8.4981e-09,1.20161e-08,1.4306e-08,1,3.29782e-08
17255,0,12,1385.92,13,1426.12,0,2,0,0.0546433,1,6.40124e-08,2.04591e-08,3.05061e-08,4.3139e-08,5.13618e-08,1,1.18419e-07
17256,0,12,1385.92,13,1426.12,0,2,0,0.054616,1,2.2412e-07,7.16148e-08,1.06792e-07,1.5103e-07,1.79824e-07,0.999999,4.14668e-07
17257,0,12,1385.92,13,1426.12,0,2,9,0.0545887,0.999999,7.65593e-07,2.44581e-07,3.64747e-07,5.15889e-07,6.14267e-07,0.999997,1.41672e-06
17258,0,12,1385.92,13,1426.12,0,2,9,0.0545614,1,8.70475e-09,2.78023e-09,4.14654e-09,5.86532e-09,6.98406e-09,1,1.61104e-08
17259,0,12,1385.92,13,1426.12,0,2,9,0.0545341,1,1.08045e-10,3.45009e-11,5.146e-11,7.27975e-11,8.66857e-11,1,1.99994e-10
17260,0,12,1385.92,13,1426.12,0,2,0,0.0545069,1,1.46147e-12,4.66569e-13,6.95969e-13,9.84639e-13,1.17253e-12,1,2.70562e-12
17261,0,12,1385.92,13,1426.12,0,2,9,0.0544796,1,6.32888e-12,2.02001e-12,3.01344e-12,4.26373e-12,5.07751e-12,1,1.17184e-11
17262,0,12,1385.92,13,1426.12,0,2,0,0.0544524,1,9.03835e-14,2.88415e-14,4.30289e-14,6.08874e-14,7.25109e-14,1,1.67376e-13
17263,0,12,1385.92,13,1426.12,0,2,0,0.0544251,1,4.13737e-13,1.31994e-13,1.96939e-13,2.787e-13,3.31917e-13,1,7.66285e-13
17264,0,12,1385.92,13,1426.12,0,2,0,0.0543979,1,1.83805e-12,5.86255e-13,8.74781e-13,1.23807e-12,1.47452e-12,1,3.40476e-12
17265,0,12,1385.92,13,1426.12,0,2,0,0.0543707,1,7.92947e-12,2.52857e-12,3.77331e-12,5.34081e-12,6.36106e-12,1,1.46905e-11
17266,0,12,1385.92,13,1426.12,0,2,0,0.0543435,1,3.32383e-11,1.05967e-11,1.58144e-11,2.2386e-11,2.66633e-11,1,6.15876e-11
17267,0,12,1385.92,13,1426.12,0,2,0,0.0543164,1,1.35453e-10,4.31738e-11,6.44372e-11,9.12221e-11,1.08656e-10,1,2.51018e-10
17268,0,12,1385.92,13,1426.12,0,2,0,0.0542892,1,5.36951e-10,1.71107e-10,2.55399e-10,3.61594e-10,4.30714e-10,1,9.95207e-10
17269,0,12,1385.92,13,1426.12,0,2,0,0.0542621,1,2.07165e-09,6.60008e-10,9.85225e-10,1.39501e-09,1.66172e-09,1,3.84023e-09
17270,0,12,1385.92,13,1426.12,0,2,9,0.0542349,1,7.78332e-09,2.47913e-09,3.70101e-09,5.24082e-09,6.24306e-09,1,1.443e-08
17271,0,12,1385.92,13,1426.12,0,2,0,0.0542078,1,9.5722e-11,3.04822e-11,4.55095e-11,6.44495e-11,7.67773e-11,1,1.77491e-10
17272,0,12,1385.92,13,1426.12,0,2,9,0.0541807,1,3.82355e-10,1.21731e-10,1.81757e-10,2.57423e-10,3.06674e-10,1,7.09075e-10
17273,0,12,1385.92,13,1426.12,0,2,9,0.0541536,1,4.98198e-12,1.58576e-12,2.3679e-12,3.35395e-12,3.99577e-12,1,9.24037e-12
17274,0,12,1385.92,13,1426.12,0,2,9,0.0541265,1,7.06732e-14,2.24901e-14,3.35855e-14,4.75755e-14,5.66816e-14,1,1.311e-13
17275,0,12,1385.92,13,1426.12,0,2,0,0.0540995,1,1.08967e-15,3.46681e-16,5.17756e-16,7.33491e-16,8.73915e-16,1,2.02164e-15
17276,0,12,1385.92,13,1426.12,0,2,0,0.0540724,1,5.45728e-15,1.73585e-15,2.59265e-15,3.67325e-15,4.37663e-15,1,1.01262e-14
17277,0,12,1385.92,13,1426.12,0,2,0,0.0540454,1,2.64779e-14,8.42016e-15,1.25772e-14,1.78209e-14,2.12341e-14,1,4.91377e-14
17278,0,12,1385.92,13,1426.12,0,2,9,0.0540184,1,1.24534e-13,3.95936e-14,5.91459e-14,8.3812e-14,9.98679e-14,1,2.31142e-13
17279,0,12,1385.92,13,1426.12,0,2,0,0.0539914,1,1.89145e-15,6.01219e-16,8.98189e-16,1.27288e-15,1.51678e-15,1,3.51113e-15
17280,0,12,1385.92,13,1426.12,0,2,0,0.0539644,1,9.37684e-15,2.97986e-15,4.4521e-15,6.30988e-15,7.5192e-15,1,1.74089e-14
17281,0,12,1385.92,13,1426.12,0,2,0,0.0539374,1,4.50434e-14,1.4311e-14,2.13833e-14,3.03087e-14,3.61188e-14,1,8.36382e-14
17282,0,12,1385.92,13,1426.12,0,2,0,0.0539104,1,2.09791e-13,6.66388e-14,9.95788e-14,1.41155e-13,1.6822e-13,1,3.89603e-13
17283,0,12,1385.92,13,1426.12,0,2,9,0.0538835,1,9.47967e-13,3.01046e-13,4.49892e-13,6.37785e-13,7.60099e-13,1,1.76071e-12
17284,0,12,1385.92,13,1426.12,0,2,0,0.0538565,1,1.37648e-14,4.37028e-15,6.53158e-15,9.26022e-15,1.10365e-14,1,2.55695e-14
17285,0,12,1385.92,13,1426.12,0,2,0,0.0538296,1,6.56696e-14,2.08452e-14,3.11565e-14,4.41762e-14,5.2652e-14,1,1.22005e-13
17286,0,12,1385.92,13,1426.12,0,2,0,0.0538027,1,3.0381e-13,9.64147e-14,1.44119e-13,2.04361e-13,2.43579e-13,1,5.64516e-13
17287,0,12,1385.92,13,1426.12,0,2,0,0.0537758,1,1.36379e-12,4.32701e-13,6.46847e-13,9.17305e-13,1.09338e-12,1,2.53443e-12
17288,0,12,1385.92,13,1426.12,0,2,0,0.0537489,1,5.94369e-12,1.88538e-12,2.81869e-12,3.99756e-12,4.76504e-12,1,1.10471e-11
17289,0,12,1385.92,13,1426.12,0,2,0,0.053722,1,2.51644e-11,7.98046e-12,1.1932e-11,1.69237e-11,2.01736e-11,1,4.67777e-11
17290,0,12,1385.92,13,1426.12,0,2,0,0.0536951,1,1.03558e-10,3.28343e-11,4.9096e-11,6.96412e-11,8.30174e-11,1,1.9253e-10
17291,0,12,1385.92,13,1426.12,0,2,0,0.0536683,1,4.14475e-10,1.31383e-10,1.96469e-10,2.78708e-10,3.32252e-10,1,7.70672e-10
17292,0,12,1385.92,13,1426.12,0,2,0,0.0536415,1,1.61422e-09,5.11571e-10,7.65059e-10,1.08539e-09,1.29396e-09,1,3.00189e-09
17293,0,12,1385.92,13,1426.12,0,2,0,0.0536146,1,6.12091e-09,1.93936e-09,2.90056e-09,4.11538e-09,4.90634e-09,1,1.13843e-08
17294,0,12,1385.92,13,1426.12,0,2,0,0.0535878,1,2.26093e-08,7.16191e-09,1.07124e-08,1.52002e-08,1.81223e-08,1,4.20567e-08
17295,0,12,1385.92,13,1426.12,0,2,9,0.053561,1,8.13953e-08,2.57776e-08,3.85599e-08,5.47184e-08,6.52398e-08,1,1.51428e-07
17296,1,12,1385.92,13,1426.12,0,2,9,0.0535343,1,9.32988e-10,2.95406e-10,4.41924e-10,6.27164e-10,7.47783e-10,1,1.73597e-09
17297,1,12,1385.92,13,1426.12,0,2,0,0.0535075,1,3.32534e-26,4.76866e-26,5.99442e-26,5.29727e-26,3.0387e-26,1,2.33058e-26
17298,1,12,1385.92,13,1426.12,0,2,9,0.0534807,1,1.71779e-25,2.46355e-25,3.09694e-25,2.73769e-25,1.57027e-25,1,1.20427e-25
17299,1,12,1385.92,13,1426.12,0,2,0,0.053454,1,2.79531e-27,4.00916e-27,5.04016e-27,4.45699e-27,2.55612e-27,1,1.96025e-27
17300,1,12,1385.92,13,1426.12,0,2,0,0.0534273,1,1.51686e-26,2.1757e-26,2.73533e-26,2.41963e-26,1.38752e-26,1,1.06401e-26
17301,1,12,1385.92,13,1426.12,0,2,9,0.0534006,1,7.96076e-26,1.14193e-25,1.43572e-25,1.27043e-25,7.28438e-26,1,5.58567e-26
17302,1,12,1385.92,13,1426.12,0,2,0,0.0533739,1,1.31118e-27,1.88096e-27,2.36499e-27,2.09336e-27,1.20016e-27,1,9.20235e-28
17303,1,12,1385.92,13,1426.12,0,2,0,0.0533472,1,7.22458e-27,1.03648e-26,1.30326e-26,1.15393e-26,6.61493e-27,1,5.0718e-27
17304,1,12,1385.92,13,1426.12,0,2,0,0.0533205,1,3.84882e-26,5.52214e-26,6.94381e-26,6.15e-26,3.52512e-26,1,2.70263e-26
17305,1,12,1385.92,13,1426.12,0,2,0,0.0532938,1,1.98379e-25,2.84648e-25,3.57946e-25,3.17119e-25,1.81749e-25,1,1.39336e-25
17306,1,12,1385.92,13,1426.12,0,2,0,0.0532672,1,9.89926e-25,1.42051e-24,1.78639e-24,1.58309e-24,9.07207e-25,1,6.95463e-25
17307,1,12,1385.92,13,1426.12,0,2,9,0.0532406,1,4.78548e-24,6.86752e-24,8.63674e-24,7.65599e-24,4.38687e-24,1,3.36279e-24
17308,1,12,1385.92,13,1426.12,0,2,0,0.0532139,1,7.22212e-26,1.0365e-25,1.30359e-25,1.15588e-25,6.62241e-26,1,5.07618e-26
17309,1,12,1385.92,13,1426.12,0,2,0,0.0531873,1,3.67779e-25,5.27866e-25,6.63917e-25,5.88846e-25,3.37333e-25,1,2.58557e-25
17310,1,12,1385.92,13,1426.12,0,2,0,0.0531607,1,1.81364e-24,2.60327e-24,3.27438e-24,2.90491e-24,1.66395e-24,1,1.27531e-24
17311,1,12,1385.92,13,1426.12,0,2,0,0.0531342,1,8.66632e-24,1.24404e-23,1.56482e-23,1.3886e-23,7.95313e-24,1,6.09523e-24
17312,1,12,1385.92,13,1426.12,0,2,9,0.0531076,1,4.0152e-23,5.76419e-23,7.25083e-23,6.43593e-23,3.68572e-23,1,2.82457e-23
17313,1,12,1385.92,13,1426.12,0,2,0,0.053081,1,5.77918e-25,8.29715e-25,1.04375e-24,9.2668e-25,5.30631e-25,1,4.06629e-25
17314,0,12,1385.92,13,1426.12,0,2,13,0.0530545,1,2.8256e-24,4.057e-24,5.10381e-24,4.53243e-24,2.59505e-24,1,1.98851e-24
17315,0,12,1385.92,13,1426.12,0,2,0,0.053028,1,3.13526e-12,9.88359e-13,1.48084e-12,2.1014e-12,2.50723e-12,1,5.83921e-12
17316,0,12,1385.92,13,1426.12,0,2,0,0.0530015,1,1.35112e-11,4.25829e-12,6.38066e-12,9.05549e-12,1.08047e-11,1,2.51679e-11
17317,0,12,1385.92,13,1426.12,0,2,9,0.052975,1,5.65761e-11,1.78268e-11,2.6714e-11,3.79169e-11,4.52427e-11,1,1.05404e-10
17318,0,12,1385.92,13,1426.12,0,2,0,0.0529485,1,7.33284e-13,2.31e-13,3.46189e-13,4.91421e-13,5.86387e-13,1,1.36636e-12
17319,0,12,1385.92,13,1426.12,0,2,0,0.052922,1,3.25412e-12,1.02488e-12,1.53606e-12,2.1807e-12,2.60221e-12,1,6.06453e-12
17320,0,12,1385.92,13,1426.12,0,2,9,0.0528955,1,1.40236e-11,4.4157e-12,6.61867e-12,9.39732e-12,1.12141e-11,1,2.61393e-11
17321,0,12,1385.92,13,1426.12,0,2,9,0.0528691,1,1.86312e-13,5.86517e-14,8.79198e-14,1.24843e-13,1.48985e-13,1,3.47332e-13
17322,0,12,1385.92,13,1426.12,0,2,0,0.0528427,1,2.69382e-15,8.47828e-16,1.27101e-15,1.80498e-15,2.1541e-15,1,5.02274e-15
17323,0,12,1385.92,13,1426.12,0,2,0,0.0528162,1,1.33683e-14,4.20645e-15,6.30654e-15,8.95698e-15,1.06898e-14,1,2.49297e-14
17324,0,12,1385.92,13,1426.12,0,2,0,0.0527898,1,6.42819e-14,2.02221e-14,3.03206e-14,4.30678e-14,5.14016e-14,1,1.19894e-13
17325,0,12,1385.92,13,1426.12,0,2,9,0.0527634,1,2.99692e-13,9.42568e-14,1.41338e-13,2.00779e-13,2.39639e-13,1,5.59053e-13
17326,0,12,1385.92,13,1426.12,0,2,0,0.052737,1,4.27602e-15,1.34455e-15,2.01632e-15,2.86459e-15,3.41914e-15,1,7.97785e-15
17327,0,12,1385.92,13,1426.12,0,2,0,0.0527107,1,2.10426e-14,6.6151e-15,9.92094e-15,1.40962e-14,1.68256e-14,1,3.92657e-14
17328,0,12,1385.92,13,1426.12,0,2,0,0.0526843,1,1.00354e-13,3.15407e-14,4.73068e-14,6.72227e-14,8.02418e-14,1,1.87291e-13
17329,0,12,1385.92,13,1426.12,0,2,9,0.052658,1,4.64106e-13,1.45832e-13,2.18746e-13,3.10868e-13,3.71087e-13,1,8.66295e-13
17330,0,12,1385.92,13,1426.12,0,2,0,0.0526317,1,6.5395e-15,2.05437e-15,3.08178e-15,4.38007e-15,5.22874e-15,1,1.22085e-14
17331,0,12,1385.92,13,1426.12,0,2,0,0.0526053,1,3.19357e-14,1.00302e-14,1.50476e-14,2.1389e-14,2.55342e-14,1,5.96293e-14
17332,0,12,1385.92,13,1426.12,0,2,0,0.052579,1,1.51165e-13,4.74661e-14,7.12159e-14,1.01238e-13,1.20862e-13,1,2.82293e-13
17333,0,12,1385.92,13,1426.12,0,2,0,0.0525527,1,6.9396e-13,2.17855e-13,3.26886e-13,4.64734e-13,5.54838e-13,1,1.29614e-12
17334,0,12,1385.92,13,1426.12,0,2,9,0.0525265,1,3.09167e-12,9.70343e-13,1.45609e-12,2.07033e-12,2.47182e-12,1,5.77531e-12
17335,0,12,1385.92,13,1426.12,0,2,0,0.0525002,1,4.17555e-14,1.31022e-14,1.96627e-14,2.796e-14,3.33834e-14,1,7.80121e-14
17336,0,12,1385.92,13,1426.12,0,2,0,0.052474,1,1.96747e-13,6.17219e-14,9.26345e-14,1.31737e-13,1.57296e-13,1,3.6764e-13
17337,0,12,1385.92,13,1426.12,0,2,0,0.0524477,1,8.99192e-13,2.82022e-13,4.23303e-13,6.02045e-13,7.18874e-13,1,1.68048e-12
17338,0,12,1385.92,13,1426.12,0,2,9,0.0524215,1,3.98849e-12,1.25066e-12,1.87734e-12,2.67031e-12,3.1886e-12,1,7.45511e-12
17339,0,12,1385.92,13,1426.12,0,2,0,0.0523953,1,5.339e-14,1.67374e-14,2.51263e-14,3.57428e-14,4.26818e-14,1,9.98091e-14
17340,0,12,1385.92,13,1426.12,0,2,0,0.0523691,1,2.50534e-13,7.85227e-14,1.17888e-13,1.67715e-13,2.00282e-13,1,4.68428e-13
17341,0,12,1385.92,13,1426.12,0,2,0,0.0523429,1,1.14041e-12,3.57345e-13,5.36534e-13,7.63379e-13,9.11643e-13,1,2.13255e-12
17342,0,12,1385.92,13,1426.12,0,2,9,0.0523167,1,5.03848e-12,1.57843e-12,2.37013e-12,3.37252e-12,4.02768e-12,1,9.42331e-12
17343,0,12,1385.92,13,1426.12,0,2,0,0.0522906,1,6.68745e-14,2.09453e-14,3.14534e-14,4.47601e-14,5.34573e-14,1,1.25092e-13
17344,0,12,1385.92,13,1426.12,0,2,0,0.0522644,1,3.1265e-13,9.79e-14,1.47028e-13,2.09249e-13,2.49916e-13,1,5.84913e-13
17345,0,12,1385.92,13,1426.12,0,2,0,0.0522383,1,1.41799e-12,4.43912e-13,6.66727e-13,9.48971e-13,1.13344e-12,1,2.6532e-12
17346,0,12,1385.92,13,1426.12,0,2,0,0.0522122,1,6.2426e-12,1.95384e-12,2.93478e-12,4.17754e-12,4.98979e-12,1,1.16822e-11
17347,0,12,1385.92,13,1426.12,0,2,0,0.0521861,1,2.66927e-11,8.35246e-12,1.25469e-11,1.78616e-11,2.13353e-11,1,4.99594e-11
17348,0,12,1385.92,13,1426.12,0,2,9,0.05216,1,1.10919e-10,3.46997e-11,5.21295e-11,7.42177e-11,8.86544e-11,1,2.07631e-10
17349,0,12,1385.92,13,1426.12,0,2,0,0.0521339,1,1.37674e-12,4.30598e-13,6.46942e-13,9.21148e-13,1.10037e-12,1,2.57753e-12
17350,0,12,1385.92,13,1426.12,0,2,9,0.0521078,1,6.06913e-12,1.89778e-12,2.8515e-12,4.06048e-12,4.85066e-12,1,1.13642e-11
17351,0,12,1385.92,13,1424.99,0,2,13,0.0520818,1,7.96384e-14,2.48966e-14,3.74115e-14,5.32779e-14,6.36482e-14,1,1.49142e-13
17352,0,12,1385.92,13,1424.99,0,2,9,0.0520557,1,8.68141e-17,2.71336e-17,4.07762e-17,5.80748e-17,6.93813e-17,1,1.62604e-16
17353,0,12,1385.92,13,1424.99,0,2,9,0.0520297,1,1.41803e-18,4.431e-19,6.65941e-19,9.48541e-19,1.13325e-18,1,2.65637e-18
17354,0,12,1385.92,13,1424.99,0,2,0,0.0520037,1,2.51043e-20,7.84265e-21,1.17878e-20,1.67916e-20,2.00621e-20,1,4.70341e-20
17355,0,12,1385.92,13,1424.99,0,2,0,0.0519777,1,1.57651e-19,4.92391e-20,7.40143e-20,1.05442e-19,1.25984e-19,1,2.95409e-19
17356,0,12,1385.92,13,1424.99,0,2,0,0.0519517,1,9.54826e-19,2.98152e-19,4.48206e-19,6.38578e-19,7.63011e-19,1,1.78943e-18
17357,0,12,1385.92,13,1424.99,0,2,0,0.0519257,1,5.5814e-18,1.74243e-18,2.61958e-18,3.73255e-18,4.46003e-18,1,1.04615e-17
17358,0,12,1385.92,13,1424.99,0,2,0,0.0518998,1,3.15107e-17,9.83487e-18,1.4787e-17,2.10714e-17,2.51791e-17,1,5.90707e-17
17359,0,12,1385.92,13,1424.99,0,2,0,0.0518738,1,1.71936e-16,5.3651e-17,8.06723e-17,1.14967e-16,1.37385e-16,1,3.22362e-16
17360,0,12,1385.92,13,1424.99,0,2,0,0.0518479,1,9.07332e-16,2.83057e-16,4.25654e-16,6.0666e-16,7.24976e-16,1,1.70139e-15
17361,0,12,1385.92,13,1424.99,0,2,0,0.0518219,1,4.63383e-15,1.44526e-15,2.17353e-15,3.09807e-15,3.70242e-15,1,8.69039e-15
17362,0,12,1385.92,13,1424.99,0,2,0,0.051796,1,2.29177e-14,7.14624e-15,1.07481e-14,1.53213e-14,1.83107e-14,1,4.29865e-14
17363,0,12,1385.92,13,1424.99,0,2,9,0.0517701,1,1.09834e-13,3.42406e-14,5.15027e-14,7.34228e-14,8.77518e-14,1,2.06043e-13
17364,0,12,1385.92,13,1424.99,0,2,9,0.0517443,1,1.54085e-15,4.80246e-16,7.22417e-16,1.02998e-15,1.23103e-15,1,2.89097e-15
17365,0,12,1385.92,13,1424.99,0,2,0,0.0517184,1,2.34995e-17,7.32253e-18,1.10159e-17,1.57071e-17,1.87738e-17,1,4.40964e-17
17366,0,12,1385.92,13,1424.99,0,2,0,0.0516925,1,1.29142e-16,4.02316e-17,6.05289e-17,8.63128e-17,1.03168e-16,1,2.42366e-16
17367,0,12,1385.92,13,1424.99,0,2,0,0.0516667,1,6.8628e-16,2.13747e-16,3.21611e-16,4.5865e-16,5.48237e-16,1,1.28815e-15
17368,0,12,1385.92,13,1424.99,0,2,0,0.0516408,1,3.529e-15,1.09888e-15,1.65354e-15,2.35832e-15,2.81906e-15,1,6.62488e-15
17369,0,12,1385.92,13,1424.99,0,2,0,0.051615,1,1.75712e-14,5.47012e-15,8.23188e-15,1.17415e-14,1.40359e-14,1,3.29904e-14
17370,0,12,1385.92,13,1424.99,0,2,0,0.0515892,1,8.47667e-14,2.63828e-14,3.97062e-14,5.66393e-14,6.77098e-14,1,1.59174e-13
17371,0,12,1385.92,13,1424.99,0,2,0,0.0515634,1,3.96459e-13,1.23365e-13,1.8568e-13,2.64887e-13,3.16672e-13,1,7.44571e-13
17372,0,12,1385.92,13,1424.99,0,2,0,0.0515376,1,1.79881e-12,5.59599e-13,8.42336e-13,1.20176e-12,1.43675e-12,1,3.37873e-12
17373,0,12,1385.92,13,1424.99,0,2,9,0.0515119,1,7.92221e-12,2.46398e-12,3.70921e-12,5.29238e-12,6.32748e-12,1,1.48825e-11
17374,0,12,1385.92,13,1424.99,0,2,0,0.0514861,1,1.01123e-13,3.1444e-14,4.73388e-14,6.75497e-14,8.07642e-14,1,1.89993e-13
17375,0,12,1385.92,13,1424.99,0,2,0,0.0514604,1,4.71664e-13,1.46629e-13,2.20768e-13,3.15049e-13,3.76694e-13,1,8.86302e-13
17376,0,12,1385.92,13,1424.99,0,2,0,0.0514346,1,2.1343e-12,6.63348e-13,9.9883e-13,1.42551e-12,1.7045e-12,1,4.0111e-12
17377,0,12,1385.92,13,1424.99,0,2,0,0.0514089,1,9.37508e-12,2.91313e-12,4.38678e-12,6.26123e-12,7.48689e-12,1,1.76215e-11
17378,0,12,1385.92,13,1424.99,0,2,0,0.0513832,1,3.9999e-11,1.2426e-11,1.87135e-11,2.67118e-11,3.19419e-11,1,7.5193e-11
17379,0,12,1385.92,13,1424.99,0,2,0,0.0513575,1,1.65855e-10,5.15121e-11,7.7583e-11,1.10752e-10,1.32442e-10,1,3.11829e-10
17380,0,12,1385.92,13,1424.99,0,2,0,0.0513318,1,6.68738e-10,2.07652e-10,3.12773e-10,4.4653e-10,5.33997e-10,1,1.25749e-09
17381,0,12,1385.92,13,1424.99,0,2,9,0.0513062,1,2.62346e-09,8.1443e-10,1.22682e-09,1.75162e-09,2.0948e-09,1,4.93381e-09
17382,0,12,1385.92,13,1424.99,0,2,0,0.0512805,1,2.962e-11,9.19312e-12,1.38493e-11,1.97751e-11,2.36504e-11,1,5.57125e-11
17383,0,12,1385.92,13,1424.99,0,2,0,0.0512549,1,1.23645e-10,3.83666e-11,5.78033e-11,8.2543e-11,9.87223e-11,1,2.32597e-10
17384,0,12,1385.92,13,1424.99,0,2,0,0.0512293,1,5.01836e-10,1.55681e-10,2.34569e-10,3.34991e-10,4.00668e-10,1,9.44163e-10
17385,0,12,1385.92,13,1424.99,0,2,9,0.0512036,1,1.98143e-09,6.14542e-10,9.26025e-10,1.32258e-09,1.58193e-09,1,3.72842e-09
17386,0,12,1385.92,13,1424.99,0,2,0,0.051178,1,2.24083e-11,6.94832e-12,1.0471e-11,1.49561e-11,1.78896e-11,1,4.21709e-11
17387,0,12,1385.92,13,1424.99,0,2,0,0.0511525,1,9.41306e-11,2.9181e-11,4.39786e-11,6.28218e-11,7.51463e-11,1,1.77171e-10
17388,0,12,1385.92,13,1424.99,0,2,0,0.0511269,1,3.84407e-10,1.1914e-10,1.79571e-10,2.5653e-10,3.06868e-10,1,7.23623e-10
17389,0,12,1385.92,13,1424.99,0,2,0,0.0511013,1,1.52697e-09,4.73148e-10,7.13198e-10,1.01894e-09,1.21893e-09,1,2.87483e-09
17390,0,12,1385.92,13,1424.99,0,2,0,0.0510758,1,5.90325e-09,1.82875e-09,2.75679e-09,3.93892e-09,4.71217e-09,1,1.11156e-08
17391,0,12,1385.92,13,1424.99,0,2,9,0.0510502,1,2.22231e-08,6.88281e-09,1.03765e-08,1.48272e-08,1.77385e-08,1,4.18507e-08
17392,0,12,1385.92,13,1424.99,0,2,0,0.0510247,1,2.38176e-10,7.37494e-11,1.11193e-10,1.58899e-10,1.90106e-10,1,4.48596e-10
17393,0,12,1385.92,13,1424.99,0,2,0,0.0509992,1,9.55844e-10,2.959e-10,4.4617e-10,6.37644e-10,7.62903e-10,1,1.80054e-09
17394,0,12,1385.92,13,1424.99,0,2,0,0.0509737,1,3.73255e-09,1.15521e-09,1.74202e-09,2.48981e-09,2.97901e-09,1,7.03203e-09
17395,0,12,1385.92,13,1424.99,0,2,9,0.0509482,1,1.41903e-08,4.39082e-09,6.62175e-09,9.46498e-09,1.13251e-08,1,2.67377e-08
17396,0,12,1385.92,13,1424.99,0,2,0,0.0509227,1,1.52843e-10,4.72823e-11,7.13118e-11,1.0194e-10,1.21978e-10,1,2.8803e-10
17397,0,12,1385.92,13,1424.99,0,2,0,0.0508973,1,6.1927e-10,1.91527e-10,2.88888e-10,4.12995e-10,4.94195e-10,1,1.16716e-09
17398,0,12,1385.92,13,1424.99,0,2,0,0.0508718,1,2.44097e-09,7.54765e-10,1.13853e-09,1.62778e-09,1.94789e-09,1,4.6012e-09
17399,0,12,1385.92,13,1424.99,0,2,9,0.0508464,1,9.36552e-09,2.8952e-09,4.36766e-09,6.24501e-09,7.47338e-09,1,1.76563e-08
17400,0,12,1385.92,13,1424.99,0,2,9,0.050821,1,1.01312e-10,3.13116e-11,4.72402e-11,6.75507e-11,8.08407e-11,1,1.91023e-10
17401,0,12,1385.92,13,1424.99,0,2,9,0.0507956,1,1.19756e-12,3.70033e-13,5.58318e-13,7.98425e-13,9.55542e-13,1,2.25829e-12
17402,1,12,1385.92,13,1424.99,0,2,0,0.0507702,1,1.54411e-14,4.77e-15,7.19773e-15,1.0294e-14,1.23201e-14,1,2.91219e-14
17403,1,12,1385.92,13,1424.99,0,2,0,0.0507448,1,1.69815e-27,2.45409e-27,3.10007e-27,2.75034e-27,1.55902e-27,1,1.18893e-27
17404,1,12,1385.92,13,1424.99,0,2,0,0.0507194,1,9.40075e-27,1.35866e-26,1.71637e-26,1.52307e-26,8.63247e-27,1,6.58291e-27
17405,1,12,1385.92,13,1424.99,0,2,0,0.050694,1,5.03123e-26,7.27199e-26,9.18701e-26,8.15411e-26,4.62107e-26,1,3.52372e-26
17406,1,12,1385.92,13,1424.99,0,2,0,0.0506687,1,2.60496e-25,3.76541e-25,4.75722e-25,4.22324e-25,2.39311e-25,1,1.82473e-25
17407,1,12,1385.92,13,1424.99,0,2,0,0.0506434,1,1.30565e-24,1.88743e-24,2.38469e-24,2.11745e-24,1.19972e-24,1,9.14729e-25
17408,0,12,1385.92,13,1424.99,0,2,13,0.050618,1,6.33919e-24,9.16451e-24,1.15795e-23,1.02839e-23,5.82608e-24,1,4.44186e-24
17409,0,12,1385.92,13,1424.99,0,2,0,0.0505927,1,4.23069e-14,1.30478e-14,1.96999e-14,2.8162e-14,3.37135e-14,1,7.97872e-14
17410,0,12,1385.92,13,1424.99,0,2,0,0.0505674,1,2.02106e-13,6.23165e-14,9.4095e-14,1.34527e-13,1.61051e-13,1,3.81213e-13
17411,0,12,1385.92,13,1424.99,0,2,0,0.0505421,1,9.36228e-13,2.88604e-13,4.35815e-13,6.2314e-13,7.46032e-13,1,1.76618e-12
17412,0,12,1385.92,13,1424.99,0,2,0,0.0505169,1,4.20805e-12,1.29688e-12,1.95855e-12,2.80066e-12,3.35311e-12,1,7.93964e-12
17413,0,12,1385.92,13,1424.99,0,2,9,0.0504916,1,1.83627e-11,5.65788e-12,8.54524e-12,1.22206e-11,1.46317e-11,1,3.46515e-11
17414,0,12,1385.92,13,1424.99,0,2,0,0.0504664,1,2.21681e-13,6.82878e-14,1.03145e-13,1.47522e-13,1.76635e-13,1,4.18388e-13
17415,0,12,1385.92,13,1424.99,0,2,0,0.0504411,1,1.02581e-12,3.15921e-13,4.77223e-13,6.82607e-13,8.17344e-13,1,1.93635e-12
17416,0,12,1385.92,13,1424.99,0,2,0,0.0504159,1,4.60587e-12,1.41815e-12,2.1424e-12,3.06471e-12,3.66978e-12,1,8.69547e-12
17417,0,12,1385.92,13,1424.99,0,2,9,0.0503907,1,2.00781e-11,6.18059e-12,9.33779e-12,1.3359e-11,1.59971e-11,1,3.79113e-11
17418,0,12,1385.92,13,1424.99,0,2,9,0.0503655,1,2.41013e-13,7.4173e-14,1.12072e-13,1.60349e-13,1.92021e-13,1,4.55147e-13
17419,0,12,1385.92,13,1424.99,0,2,0,0.0503403,1,3.15478e-15,9.70671e-16,1.46676e-15,2.09879e-15,2.51343e-15,1,5.95861e-15
17420,0,12,1385.92,13,1424.99,0,2,9,0.0503152,1,1.58963e-14,4.88986e-15,7.38955e-15,1.05748e-14,1.26643e-14,1,3.00286e-14
17421,0,12,1385.92,13,1424.99,0,2,0,0.05029,1,2.19157e-16,6.73988e-17,1.01861e-16,1.45781e-16,1.74595e-16,1,4.14056e-16
17422,0,12,1385.92,13,1424.99,0,2,0,0.0502649,1,1.16462e-15,3.5808e-16,5.41219e-16,7.7465e-16,9.27789e-16,1,2.20066e-15
17423,0,12,1385.92,13,1424.99,0,2,0,0.0502397,1,5.98868e-15,1.84087e-15,2.78261e-15,3.98313e-15,4.77073e-15,1,1.13178e-14
17424,0,12,1385.92,13,1424.99,0,2,0,0.0502146,1,2.98179e-14,9.16363e-15,1.38526e-14,1.9831e-14,2.3753e-14,1,5.63602e-14
17425,0,12,1385.92,13,1424.99,0,2,9,0.0501895,1,1.43847e-13,4.41965e-14,6.68173e-14,9.56621e-14,1.14586e-13,1,2.71931e-13
17426,0,12,1385.92,13,1424.99,0,2,0,0.0501644,1,1.8892e-15,5.80316e-16,8.77407e-16,1.25629e-15,1.50487e-15,1,3.57192e-15
17427,0,12,1385.92,13,1424.99,0,2,0,0.0501393,1,9.62935e-15,2.9572e-15,4.4715e-15,6.40298e-15,7.67016e-15,1,1.82089e-14
17428,0,12,1385.92,13,1424.99,0,2,9,0.0501143,1,4.75325e-14,1.45939e-14,2.20689e-14,3.16044e-14,3.78605e-14,1,8.98959e-14
17429,0,12,1385.92,13,1424.99,0,2,9,0.0500892,1,6.36226e-16,1.95294e-16,2.95348e-16,4.23001e-16,5.06751e-16,1,1.20344e-15
17430,0,12,1385.92,13,1424.99,0,2,0,0.0500641,1,9.26628e-18,2.84368e-18,4.30092e-18,6.16037e-18,7.38034e-18,1,1.75299e-17
17431,0,12,1385.92,13,1424.99,0,2,9,0.0500391,1,5.25159e-17,1.61125e-17,2.43714e-17,3.49112e-17,4.18263e-17,1,9.93638e-17
17432,0,12,1385.92,13,1424.99,0,2,0,0.0500141,1,8.02017e-19,2.4601e-19,3.7214e-19,5.33124e-19,6.38748e-19,1,1.51769e-18
17433,0,12,1385.92,13,1424.99,0,2,0,0.0499891,1,4.77289e-18,1.46369e-18,2.21431e-18,3.17248e-18,3.80115e-18,1,9.03325e-18
17434,0,12,1385.92,13,1424.99,0,2,9,0.0499641,1,2.74235e-17,8.4079e-18,1.27207e-17,1.82268e-17,2.18395e-17,1,5.19096e-17
17435,0,12,1385.92,13,1424.99,0,2,0,0.0499391,1,4.2298e-19,1.29653e-19,1.96174e-19,2.81112e-19,3.36843e-19,1,8.00768e-19
17436,0,12,1385.92,13,1424.99,0,2,0,0.0499141,1,2.55077e-18,7.81682e-19,1.18284e-18,1.69512e-18,2.03126e-18,1,4.8297e-18
17437,0,12,1385.92,13,1424.99,0,2,0,0.0498892,1,1.48474e-17,4.54891e-18,6.88399e-18,9.86626e-18,1.18231e-17,1,2.81165e-17
17438,0,12,1385.92,13,1424.99,0,2,0,0.0498642,1,8.34767e-17,2.55693e-17,3.86979e-17,5.54673e-17,6.6471e-17,1,1.58102e-16
17439,0,12,1385.92,13,1424.99,0,2,9,0.0498393,1,4.5364e-16,1.38919e-16,2.10265e-16,3.01407e-16,3.61214e-16,1,8.59301e-16
17440,0,12,1385.92,13,1424.99,0,2,0,0.0498144,1,6.58618e-18,2.01642e-18,3.05227e-18,4.3757e-18,5.24414e-18,1,1.24776e-17
17441,0,12,1385.92,13,1424.99,0,2,9,0.0497895,1,3.76521e-17,1.15248e-17,1.74466e-17,2.50134e-17,2.99789e-17,1,7.13422e-17
17442,0,12,1385.92,13,1424.99,0,2,0,0.0497646,1,5.73141e-19,1.7539e-19,2.65532e-19,3.80729e-19,4.56324e-19,1,1.08613e-18
17443,0,12,1385.92,13,1424.99,0,2,0,0.0497397,1,3.44019e-18,1.0525e-18,1.59357e-18,2.28511e-18,2.73893e-18,1,6.52023e-18
17444,0,12,1385.92,13,1424.99,0,2,0,0.0497148,1,1.99331e-17,6.09692e-18,9.23199e-18,1.32394e-17,1.58693e-17,1,3.77846e-17
17445,0,12,1385.92,13,1424.99,0,2,0,0.04969,1,1.11568e-16,3.41171e-17,5.16646e-17,7.40974e-17,8.88194e-17,1,2.11515e-16
17446,0,12,1385.92,13,1424.99,0,2,0,0.0496651,1,6.03634e-16,1.84546e-16,2.79487e-16,4.00874e-16,4.80539e-16,1,1.14456e-15
17447,0,12,1385.92,13,1424.99,0,2,0,0.0496403,1,3.15916e-15,9.65604e-16,1.46249e-15,2.09785e-15,2.51485e-15,1,5.99095e-15
17448,0,12,1385.92,13,1424.99,0,2,0,0.0496155,1,1.60036e-14,4.89037e-15,7.40749e-15,1.06265e-14,1.27392e-14,1,3.0353e-14
17449,0,12,1385.92,13,1424.99,0,2,13,0.0495907,1,7.85221e-14,2.39891e-14,3.63395e-14,5.21357e-14,6.25034e-14,1,1.48949e-13
17450,0,12,1385.92,13,1424.99,0,2,0,0.0495659,1,7.39267e-17,2.25798e-17,3.42075e-17,4.90811e-17,5.88434e-17,1,1.40252e-16
17451,0,12,1385.92,13,1424.99,0,2,0,0.0495411,1,4.0364e-16,1.23256e-16,1.86744e-16,2.67963e-16,3.21274e-16,1,7.6588e-16
17452,0,12,1385.92,13,1424.99,0,2,0,0.0495163,1,2.13143e-15,6.50703e-16,9.85953e-16,1.41489e-15,1.69643e-15,1,4.04481e-15
17453,0,12,1385.92,13,1424.99,0,2,0,0.0494916,1,1.08923e-14,3.32452e-15,5.03776e-15,7.23001e-15,8.66902e-15,1,2.06731e-14
17454,0,12,1385.92,13,1424.99,0,2,9,0.0494668,1,5.39039e-14,1.64485e-14,2.49271e-14,3.57775e-14,4.29e-14,1,1.02322e-13
17455,0,12,1385.92,13,1424.99,0,2,0,0.0494421,1,7.01481e-16,2.14003e-16,3.2434e-16,4.65558e-16,5.5826e-16,1,1.33175e-15
17456,0,12,1385.92,13,1424.99,0,2,0,0.0494174,1,3.66668e-15,1.11834e-15,1.69508e-15,2.43333e-15,2.91796e-15,1,6.96212e-15
17457,0,12,1385.92,13,1424.99,0,2,0,0.0493927,1,1.8552e-14,5.65702e-15,8.57514e-15,1.23108e-14,1.47632e-14,1,3.52305e-14
17458,0,12,1385.92,13,1424.99,0,2,0,0.049368,1,9.09174e-14,2.77167e-14,4.20175e-14,6.03269e-14,7.23471e-14,1,1.72677e-13
17459,0,12,1385.92,13,1424.99,0,2,0,0.0493433,1,4.31834e-13,1.31616e-13,1.99542e-13,2.86517e-13,3.43618e-13,1,8.20286e-13
17460,0,12,1385.92,13,1424.99,0,2,9,0.0493186,1,1.98916e-12,6.06119e-13,9.19009e-13,1.31969e-12,1.58275e-12,1,3.77901e-12
17461,0,12,1385.92,13,1424.99,0,2,0,0.0492939,1,2.39581e-14,7.29854e-15,1.10671e-14,1.58936e-14,1.90625e-14,1,4.55218e-14
17462,0,12,1385.92,13,1424.99,0,2,0,0.0492693,1,1.16908e-13,3.56061e-14,5.39957e-14,7.75499e-14,9.30154e-14,1,2.22163e-13
17463,0,12,1385.92,13,1424.99,0,2,9,0.0492447,1,5.5295e-13,1.6837e-13,2.55349e-13,3.66769e-13,4.39928e-13,1,1.05093e-12
17464,0,12,1385.92,13,1424.99,0,2,0,0.04922,1,6.81063e-15,2.0733e-15,3.14462e-15,4.51712e-15,5.41834e-15,1,1.29459e-14
17465,0,12,1385.92,13,1424.99,0,2,9,0.0491954,1,3.40917e-14,1.03758e-14,1.57385e-14,2.26095e-14,2.71214e-14,1,6.48119e-14
17466,0,12,1385.92,13,1424.99,0,2,0,0.0491708,1,4.42845e-16,1.34747e-16,2.04409e-16,2.93672e-16,3.52289e-16,1,8.42011e-16
17467,0,12,1385.92,13,1424.99,0,2,0,0.0491462,1,2.34092e-15,7.12117e-16,1.08036e-15,1.55226e-15,1.86216e-15,1,4.45156e-15
17468,0,12,1385.92,13,1424.99,0,2,0,0.0491217,1,1.19753e-14,3.64205e-15,5.52583e-15,7.94018e-15,9.52574e-15,1,2.27755e-14
17469,0,12,1385.92,13,1424.99,0,2,0,0.0490971,1,5.93236e-14,1.80379e-14,2.73699e-14,3.93315e-14,4.71872e-14,1,1.12842e-13
17470,0,12,1385.92,13,1424.99,0,2,0,0.0490726,1,2.84768e-13,8.65656e-14,1.31362e-13,1.88787e-13,2.26502e-13,1,5.41743e-13
17471,0,12,1385.92,13,1424.99,0,2,0,0.049048,1,1.3254e-12,4.02808e-13,6.11305e-13,8.78609e-13,1.05417e-12,1,2.52179e-12
17472,0,12,1385.92,13,1424.99,0,2,9,0.0490235,1,5.98495e-12,1.81848e-12,2.75997e-12,3.96713e-12,4.76001e-12,1,1.13889e-11
17473,0,12,1385.92,13,1424.99,0,2,0,0.048999,1,6.96946e-14,2.11711e-14,3.21348e-14,4.61937e-14,5.54281e-14,1,1.32641e-13
17474,0,12,1385.92,13,1424.99,0,2,0,0.0489745,1,3.33744e-13,1.01357e-13,1.53859e-13,2.21189e-13,2.65416e-13,1,6.35261e-13
17475,0,12,1385.92,13,1424.99,0,2,0,0.04895,1,1.54967e-12,4.70518e-13,7.14302e-13,1.02697e-12,1.23236e-12,1,2.95011e-12
17476,0,12,1385.92,13,1424.99,0,2,0,0.0489255,1,6.98143e-12,2.11923e-12,3.21751e-12,4.62626e-12,5.55169e-12,1,1.32923e-11
17477,0,12,1385.92,13,1424.99,0,2,0,0.0489011,1,3.05343e-11,9.26653e-12,1.407e-11,2.02321e-11,2.42801e-11,1,5.81438e-11
17478,0,12,1385.92,13,1424.99,0,2,9,0.0488766,1,1.29725e-10,3.93595e-11,5.97673e-11,8.59494e-11,1.0315e-10,1,2.47057e-10
17479,0,12,1385.92,13,1424.99,0,2,0,0.0488522,1,1.41291e-12,4.28586e-13,6.50861e-13,9.36057e-13,1.12343e-12,1,2.69122e-12
17480,0,12,1385.92,13,1424.99,0,2,0,0.0488278,1,6.38191e-12,1.9354e-12,2.93938e-12,4.2277e-12,5.07414e-12,1,1.21575e-11
17481,0,12,1385.92,13,1424.99,0,2,9,0.0488033,1,2.79835e-11,8.48432e-12,1.28867e-11,1.85363e-11,2.22483e-11,1,5.33154e-11
17482,0,12,1385.92,13,1424.99,0,2,0,0.0487789,1,3.1325e-13,9.49515e-14,1.44232e-13,2.07481e-13,2.49039e-13,1,5.96897e-13
17483,0,12,1385.92,13,1424.99,0,2,0,0.0487546,1,1.45859e-12,4.4202e-13,6.71487e-13,9.66026e-13,1.15956e-12,1,2.77973e-12
17484,0,12,1385.92,13,1424.99,0,2,0,0.0487302,1,6.5892e-12,1.99635e-12,3.03297e-12,4.36369e-12,5.23812e-12,1,1.25591e-11
17485,0,12,1385.92,13,1424.99,0,2,9,0.0487058,1,2.88965e-11,8.75277e-12,1.32988e-11,1.91352e-11,2.29705e-11,1,5.50846e-11
17486,0,12,1385.92,13,1424.99,0,2,0,0.0486815,1,3.2198e-13,9.75046e-14,1.4816e-13,2.13198e-13,2.55939e-13,1,6.13864e-13
17487,0,12,1385.92,13,1424.99,0,2,9,0.0486571,1,1.49959e-12,4.5401e-13,6.89932e-13,9.92872e-13,1.19196e-12,1,2.8594e-12
17488,0,12,1385.92,13,1424.99,0,2,0,0.0486328,1,1.76822e-14,5.35211e-15,8.13397e-15,1.17064e-14,1.40543e-14,1,3.37207e-14
17489,0,12,1385.92,13,1424.99,0,2,0,0.0486085,1,8.72585e-14,2.64054e-14,4.01334e-14,5.77646e-14,6.93525e-14,1,1.66428e-13
17490,0,12,1385.92,13,1424.99,0,2,0,0.0485842,1,4.17286e-13,1.26245e-13,1.91895e-13,2.76219e-13,3.31643e-13,1,7.95995e-13
17491,0,12,1385.92,13,1424.99,0,2,0,0.0485599,1,1.93501e-12,5.85277e-13,8.89709e-13,1.28077e-12,1.53781e-12,1,3.69164e-12
17492,0,12,1385.92,13,1424.99,0,2,0,0.0485356,1,8.70612e-12,2.63268e-12,4.00241e-12,5.76206e-12,6.91873e-12,1,1.66119e-11
17493,0,12,1385.92,13,1424.99,0,2,0,0.0485113,1,3.8029e-11,1.1497e-11,1.74801e-11,2.51672e-11,3.02203e-11,1,7.25716e-11
17494,0,12,1385.92,13,1424.99,0,2,9,0.0484871,1,1.61365e-10,4.87725e-11,7.41601e-11,1.06781e-10,1.28226e-10,1,3.07978e-10
17495,0,12,1385.92,13,1424.99,0,2,0,0.0484628,1,1.72228e-12,5.20435e-13,7.91404e-13,1.13961e-12,1.36852e-12,1,3.28755e-12
17496,0,12,1385.92,13,1424.99,0,2,9,0.0484386,1,7.77291e-12,2.34824e-12,3.57117e-12,5.14282e-12,6.17609e-12,1,1.48392e-11
17497,0,12,1385.92,13,1424.99,0,2,0,0.0484144,1,8.79223e-14,2.65554e-14,4.03885e-14,5.81678e-14,6.98571e-14,1,1.67874e-13
17498,0,12,1385.92,13,1424.99,0,2,0,0.0483902,1,4.2105e-13,1.2714e-13,1.93386e-13,2.78537e-13,3.34524e-13,1,8.04038e-13
17499,0,12,1385.92,13,1424.99,0,2,9,0.048366,1,1.95516e-12,5.90239e-13,8.97853e-13,1.29329e-12,1.55331e-12,1,3.73407e-12
17500,1,12,1385.92,13,1424.99,0,2,9,0.0483418,1,2.26604e-14,6.83925e-15,1.04045e-14,1.49882e-14,1.80022e-14,1,4.32838e-14
17501,1,12,1385.92,13,1424.99,0,2,0,0.0483176,1,1.98174e-27,2.88489e-27,3.66115e-27,3.24755e-27,1.82029e-27,1,1.38075e-27
17502,1,12,1385.92,13,1424.99,0,2,0,0.0482935,1,1.10439e-26,1.60782e-26,2.04055e-26,1.81035e-26,1.0146e-26,1,7.69571e-27
17503,1,12,1385.92,13,1424.99,0,2,0,0.0482693,1,5.94932e-26,8.66191e-26,1.09937e-25,9.75519e-26,5.46663e-26,1,4.14617e-26
17504,1,12,1385.92,13,1424.99,0,2,0,0.0482452,1,3.10007e-25,4.51388e-25,5.72929e-25,5.08472e-25,2.84905e-25,1,2.16075e-25
17505,1,12,1385.92,13,1424.99,0,2,0,0.0482211,1,1.56358e-24,2.27684e-24,2.89004e-24,2.56533e-24,1.43723e-24,1,1.08995e-24
17506,1,12,1385.92,13,1424.99,0,2,9,0.0481969,1,7.63831e-24,1.11235e-23,1.412e-23,1.25355e-23,7.02224e-24,1,5.32515e-24
17507,1,12,1385.92,13,1424.99,0,2,0,0.0481728,1,9.22582e-26,1.34364e-25,1.70567e-25,1.51452e-25,8.48313e-26,1,6.43262e-26
17508,1,12,1385.92,13,1424.99,0,2,9,0.0481488,1,4.76771e-25,6.94415e-25,8.81562e-25,7.82887e-25,4.38461e-25,1,3.3246e-25
17509,1,12,1385.92,13,1424.99,0,2,9,0.0481247,1,6.0705e-27,8.84233e-27,1.12259e-26,9.97088e-27,5.58361e-27,1,4.2335e-27
17510,1,12,1385.92,13,1424.99,0,2,0,0.0481006,1,8.41771e-29,1.22622e-28,1.55684e-28,1.383e-28,7.74377e-29,1,5.871e-29
17511,1,12,1385.92,13,1424.99,0,2,0,0.0480766,1,4.99838e-28,7.28177e-28,9.24556e-28,8.21435e-28,4.5989e-28,1,3.4865e-28
17512,1,12,1385.92,13,1424.99,0,2,9,0.0480525,1,2.86541e-27,4.17472e-27,5.30084e-27,4.71027e-27,2.6368e-27,1,1.99889e-27
17513,1,12,1385.92,13,1424.99,0,2,0,0.0480285,1,4.01964e-29,5.85679e-29,7.43699e-29,6.60936e-29,3.69947e-29,1,2.80432e-29
17514,1,12,1385.92,13,1424.99,0,2,0,0.0480045,1,2.42276e-28,3.53033e-28,4.48305e-28,3.9847e-28,2.2301e-28,1,1.6904e-28
17515,1,12,1385.92,13,1424.99,0,2,0,0.0479805,1,1.40938e-27,2.05384e-27,2.60822e-27,2.31859e-27,1.29749e-27,1,9.83427e-28
17516,1,12,1385.92,13,1424.99,0,2,9,0.0479565,1,7.91851e-27,1.15402e-26,1.4656e-26,1.30302e-26,7.29085e-27,1,5.52578e-27
17517,1,12,1385.92,13,1424.99,0,2,9,0.0479325,1,1.08392e-28,1.57979e-28,2.00642e-28,1.78407e-28,9.98135e-29,1,7.56451e-29
17518,1,12,1385.92,13,1424.99,0,2,0,0.0479086,1,1.61355e-30,2.35189e-30,2.98716e-30,2.65646e-30,1.48604e-30,1,1.12615e-30
17519,1,12,1385.92,13,1424.99,0,2,0,0.0478846,1,1.037e-29,1.51163e-29,1.92003e-29,1.70767e-29,9.55172e-30,1,7.2381e-30
17520,1,12,1385.92,13,1424.99,0,2,0,0.0478607,1,6.42413e-29,9.36519e-29,1.1896e-28,1.05815e-28,5.91798e-29,1,4.48428e-29
17521,1,12,1385.92,13,1424.99,0,2,0,0.0478367,1,3.83893e-28,5.59686e-28,7.10965e-28,6.32478e-28,3.53689e-28,1,2.67989e-28
17522,1,12,1385.92,13,1424.99,0,2,0,0.0478128,1,2.21449e-27,3.2288e-27,4.10172e-27,3.64932e-27,2.0405e-27,1,1.546e-27
17523,1,12,1385.92,13,1424.99,0,2,0,0.0477889,1,1.23398e-26,1.79932e-26,2.28588e-26,2.03398e-26,1.13716e-26,1,8.61529e-27
17524,1,12,1385.92,13,1424.99,0,2,0,0.047765,1,6.64681e-26,9.69273e-26,1.23144e-25,1.09585e-25,6.126e-26,1,4.64087e-26
17525,1,12,1385.92,13,1424.99,0,2,0,0.0477411,1,3.46321e-25,5.05061e-25,6.41699e-25,5.71106e-25,3.1922e-25,1,2.41818e-25
17526,1,12,1385.92,13,1424.99,0,2,0,0.0477173,1,1.74659e-24,2.54735e-24,3.23666e-24,2.88089e-24,1.61009e-24,1,1.21962e-24
17527,1,12,1385.92,13,1424.99,0,2,9,0.0476934,1,8.53159e-24,1.2444e-23,1.58121e-23,1.40755e-23,7.86567e-24,1,5.9578e-24
17528,1,12,1385.92,13,1424.99,0,2,9,0.0476696,1,1.00482e-25,1.46572e-25,1.86251e-25,1.65812e-25,9.26483e-26,1,7.0172e-26
17529,1,12,1385.92,13,1424.99,0,2,0,0.0476457,1,1.29082e-27,1.88306e-27,2.39295e-27,2.13054e-27,1.19031e-27,1,9.01495e-28
17530,1,12,1385.92,13,1424.99,0,2,0,0.0476219,1,7.27527e-27,1.0614e-26,1.34887e-26,1.20106e-26,6.70946e-27,1,5.08119e-27
17531,1,12,1385.92,13,1424.99,0,2,0,0.0475981,1,3.96281e-26,5.78184e-26,7.34814e-26,6.54355e-26,3.65497e-26,1,2.76782e-26
17532,1,12,1385.92,13,1424.99,0,2,0,0.0475743,1,2.08748e-25,3.04592e-25,3.87124e-25,3.44766e-25,1.9255e-25,1,1.45806e-25
17533,1,12,1385.92,13,1424.99,0,2,0,0.0475505,1,1.06413e-24,1.55283e-24,1.97368e-24,1.75787e-24,9.81651e-25,1,7.43297e-25
17534,1,12,1385.92,13,1424.99,0,2,0,0.0475267,1,5.25293e-24,7.66589e-24,9.74399e-24,8.67929e-24,4.84622e-24,1,3.66931e-24
17535,1,12,1385.92,13,1424.99,0,2,0,0.047503,1,2.51258e-23,3.66703e-23,4.66132e-23,4.15233e-23,2.31825e-23,1,1.75516e-23
17536,1,12,1385.92,13,1424.99,0,2,0,0.0474792,1,1.16526e-22,1.70078e-22,2.16204e-22,1.92611e-22,1.07522e-22,1,8.14014e-23
17537,1,12,1385.92,13,1424.99,0,2,0,0.0474555,1,5.24289e-22,7.65298e-22,9.72898e-22,8.66798e-22,4.83822e-22,1,3.66264e-22
17538,1,12,1385.92,13,1424.99,0,2,0,0.0474317,1,2.28997e-21,3.34289e-21,4.24991e-21,3.78672e-21,2.11339e-21,1,1.59979e-21
17539,1,12,1385.92,13,1424.99,0,2,0,0.047408,1,9.7152e-21,1.41833e-20,1.80325e-20,1.60683e-20,8.96679e-21,1,6.7873e-21
17540,1,12,1385.92,13,1424.99,0,2,0,0.0473843,1,4.00579e-20,5.84853e-20,7.43611e-20,6.62663e-20,3.6975e-20,1,2.79862e-20
17541,1,12,1385.92,13,1424.99,0,2,0,0.0473606,1,1.60615e-19,2.34518e-19,2.98192e-19,2.6575e-19,1.48265e-19,1,1.12215e-19
17542,1,12,1385.92,13,1424.99,0,2,9,0.0473369,1,6.26587e-19,9.14967e-19,1.16345e-18,1.03694e-18,5.78451e-19,1,4.37779e-19
17543,1,12,1385.92,13,1424.99,0,2,9,0.0473133,1,5.81439e-21,8.49104e-21,1.07975e-20,9.62405e-21,5.3681e-21,1,4.06242e-21
17544,1,12,1385.92,13,1424.99,0,2,0,0.0472896,1,5.91288e-23,8.63552e-23,1.09817e-22,9.78891e-23,5.45942e-23,1,4.13129e-23
17545,1,12,1385.92,13,1424.99,0,2,0,0.047266,1,2.69857e-22,3.94145e-22,5.01256e-22,4.46838e-22,2.49179e-22,1,1.8855e-22
17546,1,12,1385.92,13,1424.99,0,2,0,0.0472423,1,1.19524e-21,1.74586e-21,2.22042e-21,1.97948e-21,1.10373e-21,1,8.35128e-22
17547,1,12,1385.92,13,1424.99,0,2,9,0.0472187,1,5.14067e-21,7.50945e-21,9.5511e-21,8.51522e-21,4.7474e-21,1,3.59189e-21
17548,1,12,1385.92,13,1424.99,0,2,0,0.0471951,1,5.21744e-23,7.62218e-23,9.69495e-23,8.64396e-23,4.81862e-23,1,3.64557e-23
17549,1,12,1385.92,13,1424.99,0,2,9,0.0471715,1,2.38805e-22,3.48898e-22,4.43798e-22,3.9571e-22,2.20565e-22,1,1.66861e-22
17550,1,12,1385.92,13,1424.99,0,2,9,0.0471479,1,2.56993e-24,3.75499e-24,4.77658e-24,4.25925e-24,2.37378e-24,1,1.7957e-24
17551,1,12,1385.92,13,1424.99,0,2,0,0.0471244,1,3.02202e-26,4.41588e-26,5.61754e-26,5.00939e-26,2.79153e-26,1,2.1116e-26
17552,1,12,1385.92,13,1424.99,0,2,9,0.0471008,1,1.6037e-25,2.34356e-25,2.98144e-25,2.65881e-25,1.48147e-25,1,1.12057e-25
17553,1,12,1385.92,13,1424.99,0,2,0,0.0470772,1,1.98792e-27,2.90526e-27,3.69621e-27,3.2964e-27,1.83652e-27,1,1.38904e-27
17554,0,12,1385.92,13,1424.99,0,2,13,0.0470537,1,1.11358e-26,1.62757e-26,2.07077e-26,1.84686e-26,1.02882e-26,1,7.78102e-27
17555,0,12,1385.92,13,1424.99,0,2,0,0.0470302,1,1.14939e-16,3.42336e-17,5.23218e-17,7.56163e-17,9.10063e-17,1,2.20947e-16
17556,0,12,1385.92,13,1424.99,0,2,0,0.0470067,1,6.34934e-16,1.89065e-16,2.88986e-16,4.17686e-16,5.02716e-16,1,1.22072e-15
17557,0,12,1385.92,13,1424.99,0,2,0,0.0469832,1,3.39138e-15,1.00961e-15,1.54332e-15,2.23085e-15,2.68509e-15,1,6.52122e-15
17558,0,12,1385.92,13,1424.99,0,2,0,0.0469597,1,1.75267e-14,5.2164e-15,7.97465e-15,1.15283e-14,1.38762e-14,1,3.37068e-14
17559,0,12,1385.92,13,1424.99,0,2,0,0.0469362,1,8.76965e-14,2.60944e-14,3.98956e-14,5.76793e-14,6.9429e-14,1,1.6868e-13
17560,0,12,1385.92,13,1424.99,0,2,0,0.0469127,1,4.2511e-13,1.26462e-13,1.93364e-13,2.79583e-13,3.36548e-13,1,8.17802e-13
17561,0,12,1385.92,13,1424.99,0,2,0,0.0468893,1,1.9977e-12,5.94134e-13,9.08522e-13,1.31374e-12,1.58148e-12,1,3.84363e-12
17562,0,12,1385.92,13,1424.99,0,2,0,0.0468658,1,9.10614e-12,2.7076e-12,4.14068e-12,5.98807e-12,7.20868e-12,1,1.75231e-11
17563,0,12,1385.92,13,1424.99,0,2,9,0.0468424,1,4.02882e-11,1.19763e-11,1.83167e-11,2.64912e-11,3.18923e-11,1,7.75388e-11
17564,0,12,1385.92,13,1424.99,0,2,0,0.046819,1,4.12393e-13,1.22561e-13,1.87462e-13,2.71148e-13,3.26443e-13,1,7.93811e-13
17565,0,12,1385.92,13,1424.99,0,2,0,0.0467956,1,1.94063e-12,5.76602e-13,8.82013e-13,1.27588e-12,1.53612e-12,1,3.73605e-12
17566,0,12,1385.92,13,1424.99,0,2,0,0.0467722,1,8.85807e-12,2.63128e-12,4.02534e-12,5.82338e-12,7.01146e-12,1,1.70558e-11
17567,0,12,1385.92,13,1424.99,0,2,0,0.0467488,1,3.9243e-11,1.16543e-11,1.78302e-11,2.5797e-11,3.10612e-11,1,7.55718e-11
17568,0,12,1385.92,13,1424.99,0,2,9,0.0467254,1,1.68837e-10,5.01286e-11,7.67e-11,1.1098e-10,1.33632e-10,1,3.25185e-10
17569,0,12,1385.92,13,1424.99,0,2,0,0.046702,1,1.67141e-12,4.96128e-13,7.59171e-13,1.09857e-12,1.32285e-12,1,3.21964e-12
17570,0,12,1385.92,13,1424.99,0,2,0,0.0466787,1,7.65781e-12,2.27253e-12,3.47771e-12,5.03294e-12,6.06066e-12,1,1.47534e-11
17571,0,12,1385.92,13,1424.99,0,2,0,0.0466553,1,3.40504e-11,1.01023e-11,1.54612e-11,2.23774e-11,2.69478e-11,1,6.56106e-11
17572,0,12,1385.92,13,1424.99,0,2,0,0.046632,1,1.47025e-10,4.361e-11,6.67488e-11,9.6616e-11,1.16353e-10,1,2.83339e-10
17573,0,12,1385.92,13,1424.99,0,2,9,0.0466087,1,6.1683e-10,1.82917e-10,2.79994e-10,4.05315e-10,4.88134e-10,1,1.1889e-09
17574,0,12,1385.92,13,1424.99,0,2,0,0.0465854,1,5.92156e-12,1.75558e-12,2.68752e-12,3.89075e-12,4.68593e-12,1,1.14151e-11
17575,0,12,1385.92,13,1424.99,0,2,0,0.0465621,1,2.64855e-11,7.85029e-12,1.20186e-11,1.7401e-11,2.09581e-11,1,5.10637e-11
17576,0,12,1385.92,13,1424.99,0,2,0,0.0465388,1,1.15022e-10,3.40842e-11,5.21865e-11,7.55642e-11,9.10146e-11,1,2.21793e-10
17577,0,12,1385.92,13,1424.99,0,2,0,0.0465156,1,4.85298e-10,1.43772e-10,2.2015e-10,3.18797e-10,3.83994e-10,1,9.35921e-10
17578,0,12,1385.92,13,1424.99,0,2,0,0.0464923,1,1.9904e-09,5.89525e-10,9.02779e-10,1.30742e-09,1.57486e-09,1,3.83914e-09
17579,0,12,1385.92,13,1424.99,0,2,0,0.0464691,1,7.93999e-09,2.35112e-09,3.60074e-09,5.21511e-09,6.28212e-09,1,1.53171e-08
17580,0,12,1385.92,13,1424.99,0,2,0,0.0464458,1,3.08237e-08,9.12504e-09,1.39762e-08,2.0244e-08,2.43869e-08,1,5.94708e-08
17581,0,12,1385.92,13,1424.99,0,2,0,0.0464226,1,1.16512e-07,3.44837e-08,5.28208e-08,7.65158e-08,9.21779e-08,1,2.24828e-07
17582,0,12,1385.92,13,1424.99,0,2,0,0.0463994,0.999999,4.29047e-07,1.26953e-07,1.94478e-07,2.81743e-07,3.39426e-07,0.999999,8.28032e-07
17583,0,12,1385.92,13,1424.99,0,2,0,0.0463762,0.999997,1.53997e-06,4.55559e-07,6.97925e-07,1.01118e-06,1.21825e-06,0.999995,2.97246e-06
17584,0,12,1385.92,13,1424.99,0,2,0,0.046353,0.999991,5.39029e-06,1.59418e-06,2.44253e-06,3.53912e-06,4.26402e-06,0.999982,1.04058e-05
17585,0,12,1385.92,13,1424.99,0,2,0,0.0463298,0.999968,1.84084e-05,5.44297e-06,8.34017e-06,1.20853e-05,1.45612e-05,0.999938,3.55412e-05
17586,0,12,1385.92,13,1424.99,0,2,9,0.0463067,0.999893,6.13647e-05,1.81398e-05,2.77977e-05,4.02808e-05,4.8535e-05,0.999793,0.000118486
17587,0,12,1385.92,13,1424.99,0,2,0,0.0462835,0.999999,4.62946e-07,1.36817e-07,2.09678e-07,3.03893e-07,3.6618e-07,0.999998,8.94094e-07
17588,0,12,1385.92,13,1424.99,0,2,9,0.0462604,0.999997,1.66078e-06,4.907e-07,7.52083e-07,1.09011e-06,1.31359e-06,0.999994,3.20794e-06
17589,0,12,1385.92,13,1424.99,0,2,0,0.0462372,1,1.3429e-08,3.9668e-09,6.08033e-09,8.81394e-09,1.06212e-08,1,2.5943e-08
17590,0,12,1385.92,13,1424.99,0,2,0,0.0462141,1,5.16948e-08,1.52664e-08,2.34025e-08,3.39267e-08,4.08849e-08,1,9.98815e-08
17591,0,12,1385.92,13,1424.99,0,2,0,0.046191,1,1.93795e-07,5.72174e-08,8.77181e-08,1.27176e-07,1.53265e-07,0.999999,3.74492e-07
17592,0,12,1385.92,13,1424.99,0,2,0,0.0461679,0.999999,7.0788e-07,2.08948e-07,3.20359e-07,4.64504e-07,5.59813e-07,0.999998,1.36811e-06
17593,0,12,1385.92,13,1424.99,0,2,0,0.0461448,0.999996,2.52069e-06,7.43862e-07,1.14058e-06,1.65392e-06,1.99336e-06,0.999991,4.87237e-06
17594,0,12,1385.92,13,1424.99,0,2,0,0.0461218,0.999985,8.75463e-06,2.58288e-06,3.96075e-06,5.74377e-06,6.92282e-06,0.99997,1.69245e-05
17595,0,12,1385.92,13,1424.99,0,2,9,0.0460987,0.999948,2.96704e-05,8.75154e-06,1.34213e-05,1.94641e-05,2.34605e-05,0.9999,5.73651e-05
17596,0,12,1385.92,13,1424.99,0,2,0,0.0460756,1,2.25002e-07,6.63502e-08,1.01763e-07,1.476e-07,1.77912e-07,0.999999,4.35105e-07
17597,0,12,1385.92,13,1424.99,0,2,0,0.0460526,0.999999,8.20256e-07,2.41823e-07,3.70922e-07,5.38042e-07,6.48561e-07,0.999997,1.58641e-06
17598,0,12,1385.92,13,1424.99,0,2,13,0.0460296,0.999995,2.91522e-06,8.59239e-07,1.31806e-06,1.91207e-06,2.30491e-06,0.99999,5.63895e-06
17599,0,12,1385.92,13,1424.99,0,2,0,0.0460066,1,1.54588e-09,4.55524e-10,6.98828e-10,1.01386e-09,1.2222e-09,1,2.99064e-09
17600,0,12,1385.92,13,1424.99,0,2,9,0.0459836,1,6.22346e-09,1.83342e-09,2.81292e-09,4.08132e-09,4.92022e-09,1,1.20416e-08
17601,0,12,1385.92,13,1424.99,0,2,9,0.0459606,1,5.55274e-11,1.63543e-11,2.50937e-11,3.64119e-11,4.38978e-11,1,1.07453e-10
17602,0,12,1385.92,13,1424.99,0,2,0,0.0459376,1,5.43412e-13,1.6001e-13,2.45537e-13,3.56313e-13,4.29584e-13,1,1.05173e-12
17603,0,12,1385.92,13,1424.99,0,2,0,0.0459146,1,2.56241e-12,7.54329e-13,1.15762e-12,1.68003e-12,2.02558e-12,1,4.96e-12
17604,0,12,1385.92,13,1424.99,0,2,9,0.0458917,1,1.17197e-11,3.44922e-12,5.29378e-12,7.68336e-12,9.26403e-12,1,2.26887e-11
17605,0,12,1385.92,13,1424.99,0,2,0,0.0458687,1,1.1792e-13,3.46967e-14,5.32562e-14,7.73021e-14,9.32086e-14,1,2.2832e-13
17606,0,12,1385.92,13,1424.99,0,2,0,0.0458458,1,5.73465e-13,1.68694e-13,2.58952e-13,3.75903e-13,4.5327e-13,1,1.11051e-12
17607,0,12,1385.92,13,1424.99,0,2,9,0.0458229,1,2.70339e-12,7.95051e-13,1.22054e-12,1.77192e-12,2.13669e-12,1,5.23581e-12
17608,0,12,1385.92,13,1424.99,0,2,0,0.0457999,1,2.79169e-14,8.20821e-15,1.26021e-14,1.82966e-14,2.20639e-14,1,5.4076e-14
17609,0,12,1385.92,13,1424.99,0,2,9,0.045777,1,1.39777e-13,4.10876e-14,6.30872e-14,9.16019e-14,1.10467e-13,1,2.70791e-13
17610,0,12,1385.92,13,1424.99,0,2,0,0.0457542,1,1.52752e-15,4.48906e-16,6.89323e-16,1.00097e-15,1.20717e-15,1,2.95968e-15
17611,0,12,1385.92,13,1424.99,0,2,0,0.0457313,1,8.10436e-15,2.38111e-15,3.65666e-15,5.3103e-15,6.40445e-15,1,1.57049e-14
17612,0,12,1385.92,13,1424.99,0,2,0,0.0457084,1,4.16087e-14,1.22219e-14,1.87707e-14,2.72616e-14,3.28798e-14,1,8.06421e-14
17613,0,12,1385.92,13,1424.99,0,2,0,0.0456856,1,2.06855e-13,6.07455e-14,9.33025e-14,1.35518e-13,1.63453e-13,1,4.00962e-13
17614,0,12,1385.92,13,1424.99,0,2,0,0.0456627,1,9.96414e-13,2.92538e-13,4.49365e-13,6.52738e-13,7.87318e-13,1,1.9317e-12
17615,0,12,1385.92,13,1424.99,0,2,0,0.0456399,1,4.6535e-12,1.36589e-12,2.09831e-12,3.0482e-12,3.67681e-12,1,9.02273e-12
17616,0,12,1385.92,13,1424.99,0,2,0,0.0456171,1,2.10838e-11,6.18698e-12,9.50539e-12,1.38096e-11,1.6658e-11,1,4.08854e-11
17617,0,12,1385.92,13,1424.99,0,2,9,0.0455943,1,9.27281e-11,2.72041e-11,4.17987e-11,6.07306e-11,7.32601e-11,1,1.79842e-10
17618,0,12,1385.92,13,1424.99,0,2,0,0.0455715,1,8.83753e-13,2.59207e-13,3.98302e-13,5.78753e-13,6.98183e-13,1,1.71423e-12
17619,0,12,1385.92,13,1424.99,0,2,0,0.0455487,1,4.14045e-12,1.21411e-12,1.86578e-12,2.71129e-12,3.27091e-12,1,8.03243e-12
17620,0,12,1385.92,13,1424.99,0,2,0,0.0455259,1,1.88178e-11,5.51659e-12,8.47836e-12,1.23214e-11,1.48652e-11,1,3.65113e-11
17621,0,12,1385.92,13,1424.99,0,2,9,0.0455031,1,8.30144e-11,2.43304e-11,3.73962e-11,5.43516e-11,6.55749e-11,1,1.61091e-10
17622,0,12,1385.92,13,1424.99,0,2,0,0.0454804,1,7.89674e-13,2.31386e-13,3.55675e-13,5.16979e-13,6.23755e-13,1,1.53259e-12
17623,0,12,1385.92,13,1424.99,0,2,0,0.0454576,1,3.7109e-12,1.08708e-12,1.67115e-12,2.42923e-12,2.93107e-12,1,7.20307e-12
17624,0,12,1385.92,13,1424.99,0,2,0,0.0454349,1,1.69156e-11,4.95409e-12,7.61647e-12,1.10724e-11,1.33603e-11,1,3.28387e-11
17625,0,12,1385.92,13,1424.99,0,2,0,0.0454122,1,7.48402e-11,2.19131e-11,3.36924e-11,4.89842e-11,5.9108e-11,1,1.45309e-10
17626,0,12,1385.92,13,1424.99,0,2,0,0.0453895,1,3.21572e-10,9.4133e-11,1.44746e-10,2.10458e-10,2.53964e-10,1,6.24449e-10
17627,0,12,1385.92,13,1424.99,0,2,9,0.0453668,1,1.34267e-09,3.92941e-10,6.04267e-10,8.78663e-10,1.06034e-09,1,2.60765e-09
17628,0,12,1385.92,13,1424.99,0,2,9,0.0453441,1,1.20132e-11,3.51486e-12,5.40565e-12,7.86095e-12,9.48669e-12,1,2.33344e-11
17629,0,12,1385.92,13,1424.99,0,2,0,0.0453214,1,1.17887e-13,3.44833e-14,5.30379e-14,7.71344e-14,9.30902e-14,1,2.29015e-13
17630,0,12,1385.92,13,1424.99,0,2,0,0.0452988,1,5.7605e-13,1.6846e-13,2.59126e-13,3.76884e-13,4.54862e-13,1,1.11923e-12
17631,0,12,1385.92,13,1424.99,0,2,0,0.0452761,1,2.72833e-12,7.97674e-13,1.22709e-12,1.78488e-12,2.15425e-12,1,5.30168e-12
17632,0,12,1385.92,13,1424.99,0,2,0,0.0452535,1,1.25326e-11,3.66324e-12,5.63578e-12,8.19823e-12,9.8952e-12,1,2.43567e-11
17633,0,12,1385.92,13,1424.99,0,2,9,0.0452309,1,5.58679e-11,1.63259e-11,2.51191e-11,3.6543e-11,4.41089e-11,1,1.08592e-10
17634,0,12,1385.92,13,1424.99,0,2,0,0.0452083,1,5.29084e-13,1.54573e-13,2.37847e-13,3.46045e-13,4.17705e-13,1,1.02854e-12
17635,0,12,1385.92,13,1424.99,0,2,0,0.0451856,1,2.51211e-12,7.33738e-13,1.12913e-12,1.6429e-12,1.98319e-12,1,4.88421e-12
17636,0,12,1385.92,13,1424.99,0,2,0,0.0451631,1,1.15676e-11,3.37782e-12,5.19848e-12,7.56448e-12,9.13165e-12,1,2.24935e-11
17637,0,12,1385.92,13,1424.99,0,2,0,0.0451405,1,5.1689e-11,1.50899e-11,2.32253e-11,3.37987e-11,4.08025e-11,1,1.00525e-10
17638,0,12,1385.92,13,1424.99,0,2,0,0.0451179,1,2.24267e-10,6.54554e-11,1.00753e-10,1.46633e-10,1.77025e-10,1,4.36213e-10
17639,0,12,1385.92,13,1424.99,0,2,9,0.0450953,1,9.45357e-10,2.75848e-10,4.2464e-10,6.18055e-10,7.46185e-10,1,1.83903e-09
17640,0,12,1385.92,13,1424.99,0,2,0,0.0450728,1,8.41311e-12,2.45428e-12,3.77844e-12,5.49988e-12,6.64032e-12,1,1.63685e-11
17641,0,12,1385.92,13,1424.99,0,2,9,0.0450503,1,3.78615e-11,1.10423e-11,1.70014e-11,2.47491e-11,2.98821e-11,1,7.36734e-11
17642,0,12,1385.92,13,1424.99,0,2,9,0.0450277,1,3.58378e-13,1.04495e-13,1.60901e-13,2.34243e-13,2.82836e-13,1,6.9745e-13
17643,0,12,1385.92,13,1424.99,0,2,0,0.0450052,1,3.71636e-15,1.08334e-15,1.66827e-15,2.42889e-15,2.93287e-15,1,7.23351e-15
17644,0,12,1385.92,13,1424.99,0,2,0,0.0449827,1,1.95011e-14,5.68327e-15,8.75259e-15,1.27442e-14,1.53892e-14,1,3.7962e-14
17645,0,12,1385.92,13,1424.99,0,2,0,0.0449602,1,9.90443e-14,2.88577e-14,4.44465e-14,6.47215e-14,7.81567e-14,1,1.92832e-13
17646,0,12,1385.92,13,1424.99,0,2,0,0.0449377,1,4.87202e-13,1.41917e-13,2.18599e-13,3.18341e-13,3.84438e-13,1,9.48677e-13
17647,0,12,1385.92,13,1424.99,0,2,9,0.0449153,1,2.3226e-12,6.76381e-13,1.04194e-12,1.51748e-12,1.83262e-12,1,4.52316e-12
17648,0,12,1385.92,13,1424.99,0,2,9,0.0448928,1,2.30912e-14,6.72289e-15,1.03573e-14,1.50854e-14,1.8219e-14,1,4.49752e-14
17649,1,12,1385.92,13,1424.99,0,2,0,0.0448704,1,2.51263e-16,7.31361e-17,1.12683e-16,1.64137e-16,1.98239e-16,1,4.89458e-16
17650,1,12,1385.92,13,1424.99,0,2,0,0.0448479,1,2.60118e-30,3.82988e-30,4.89559e-30,4.35778e-30,2.40018e-30,1,1.80546e-30
17651,1,12,1385.92,13,1424.99,0,2,0,0.0448255,1,1.67838e-29,2.47138e-29,3.15922e-29,2.81228e-29,1.54877e-29,1,1.16495e-29
17652,1,12,1385.92,13,1424.99,0,2,0,0.0448031,1,1.04381e-28,1.5371e-28,1.96501e-28,1.74929e-28,9.63244e-29,1,7.2449e-29
17653,1,12,1385.92,13,1424.99,0,2,0,0.0447807,1,6.26147e-28,9.22129e-28,1.1789e-27,1.04952e-27,5.77846e-28,1,4.34594e-28
17654,1,12,1385.92,13,1424.99,0,2,0,0.0447583,1,3.6255e-27,5.3397e-27,6.82687e-27,6.07789e-27,3.34598e-27,1,2.51635e-27
17655,1,12,1385.92,13,1424.99,0,2,0,0.0447359,1,2.02768e-26,2.98664e-26,3.81864e-26,3.39982e-26,1.87144e-26,1,1.40733e-26
17656,1,12,1385.92,13,1424.99,0,2,0,0.0447136,1,1.09615e-25,1.61468e-25,2.06459e-25,1.83822e-25,1.01173e-25,1,7.60785e-26
17657,1,12,1385.92,13,1424.99,0,2,0,0.0446912,1,5.73156e-25,8.44351e-25,1.07967e-24,9.61325e-25,5.29037e-25,1,3.97794e-25
17658,1,12,1385.92,13,1424.99,0,2,0,0.0446689,1,2.90063e-24,4.27342e-24,5.4647e-24,4.86586e-24,2.67746e-24,1,2.01312e-24
17659,1,12,1385.92,13,1424.99,0,2,9,0.0446465,1,1.42171e-23,2.09473e-23,2.67879e-23,2.38532e-23,1.31238e-23,1,9.86691e-24
17660,0,12,1385.92,13,1424.99,0,2,13,0.0446242,1,1.43102e-25,2.10861e-25,2.69667e-25,2.40132e-25,1.32102e-25,1,9.93133e-26
17661,0,12,1385.92,13,1424.99,0,2,9,0.0446019,1,6.84769e-16,1.98728e-16,3.06504e-16,4.46754e-16,5.39819e-16,1,1.33573e-15
17662,0,12,1385.92,13,1424.99,0,2,9,0.0445796,1,7.88262e-18,2.28706e-18,3.52771e-18,5.14234e-18,6.21381e-18,1,1.53782e-17
17663,0,12,1385.92,13,1424.99,0,2,0,0.0445573,1,9.90253e-20,2.87241e-20,4.43097e-20,6.45957e-20,7.80578e-20,1,1.93216e-19
17664,0,12,1385.92,13,1424.99,0,2,9,0.044535,1,6.42715e-19,1.86385e-19,2.87542e-19,4.19219e-19,5.06607e-19,1,1.25423e-18
17665,0,12,1385.92,13,1424.99,0,2,9,0.0445128,1,8.46755e-21,2.45495e-21,3.78766e-21,5.52264e-21,6.67411e-21,1,1.65264e-20
17666,0,12,1385.92,13,1424.99,0,2,9,0.0444905,1,1.21419e-22,3.51935e-23,5.43036e-23,7.91847e-23,9.56981e-23,1,2.3701e-22
17667,0,12,1385.92,13,1424.99,0,2,0,0.0444683,1,1.89179e-24,5.48205e-25,8.45954e-25,1.23366e-24,1.49099e-24,1,3.69332e-24
17668,0,12,1385.92,13,1424.99,0,2,0,0.044446,1,1.52386e-23,4.41478e-24,6.81318e-24,9.93651e-24,1.20096e-23,1,2.97544e-23
17669,0,12,1385.92,13,1424.99,0,2,9,0.0444238,1,1.17805e-22,3.41207e-23,5.26619e-23,7.68098e-23,9.28385e-23,1,2.30053e-22
17670,0,12,1385.92,13,1424.99,0,2,0,0.0444016,1,1.8309e-24,5.30166e-25,8.1833e-25,1.19367e-24,1.44282e-24,1,3.57595e-24
17671,0,12,1385.92,13,1424.99,0,2,9,0.0443794,1,1.47666e-23,4.27485e-24,6.59895e-24,9.62646e-24,1.16362e-23,1,2.88449e-23
17672,0,12,1385.92,13,1424.99,0,2,0,0.0443572,1,2.38642e-25,6.90683e-26,1.06628e-25,1.5556e-25,1.88044e-25,1,4.66226e-25
17673,0,12,1385.92,13,1424.99,0,2,0,0.044335,1,2.00476e-24,5.80079e-25,8.95606e-25,1.30671e-24,1.57964e-24,1,3.91718e-24
17674,0,12,1385.92,13,1424.99,0,2,9,0.0443128,1,1.61496e-23,4.67173e-24,7.21348e-24,1.05255e-23,1.27244e-23,1,3.15597e-23
17675,0,12,1385.92,13,1424.99,0,2,0,0.0442907,1,2.59723e-25,7.51136e-26,1.15991e-25,1.69261e-25,2.0463e-25,1,5.07624e-25
17676,0,12,1385.92,13,1424.99,0,2,0,0.0442685,1,2.17952e-24,6.30175e-25,9.73204e-25,1.42028e-24,1.71712e-24,1,4.26042e-24
17677,0,12,1385.92,13,1424.99,0,2,0,0.0442464,1,1.75389e-23,5.06984e-24,7.83025e-24,1.14283e-23,1.38173e-23,1,3.4289e-23
17678,0,12,1385.92,13,1424.99,0,2,0,0.0442243,1,1.35455e-22,3.91454e-23,6.04643e-23,8.8255e-23,1.06709e-22,1,2.64856e-22
17679,0,12,1385.92,13,1424.99,0,2,0,0.0442022,1,1.00484e-21,2.90317e-22,4.48465e-22,6.54642e-22,7.91554e-22,1,1.96503e-21
17680,0,12,1385.92,13,1424.99,0,2,9,0.0441801,1,7.1655e-21,2.06974e-21,3.19749e-21,4.66789e-21,5.64434e-21,1,1.40146e-20
17681,0,12,1385.92,13,1424.99,0,2,0,0.044158,1,1.01502e-22,2.93115e-23,4.52866e-23,6.61174e-23,7.99513e-23,1,1.98551e-22
17682,0,12,1385.92,13,1424.99,0,2,0,0.0441359,1,7.5774e-22,2.18763e-22,3.38021e-22,4.93542e-22,5.9683e-22,1,1.48244e-21
17683,0,12,1385.92,13,1421.51,0,2,13,0.0441138,1,5.43703e-21,1.5693e-21,2.42501e-21,3.54104e-21,4.28226e-21,1,1.06385e-20
17684,0,12,1385.92,13,1421.51,0,2,0,0.0440918,1,4.93761e-24,1.4248e-24,2.20191e-24,3.21552e-24,3.88875e-24,1,9.66262e-24
17685,0,12,1385.92,13,1421.51,0,2,9,0.0440697,1,3.91584e-23,1.12968e-23,1.74597e-23,2.54991e-23,3.0839e-23,1,7.66414e-23
17686,0,12,1385.92,13,1421.51,0,2,0,0.0440477,1,6.11802e-25,1.76454e-25,2.72743e-25,3.98359e-25,4.818e-25,1,1.1976e-24
17687,0,12,1385.92,13,1421.51,0,2,0,0.0440257,1,5.05888e-24,1.45871e-24,2.2549e-24,3.2937e-24,3.98375e-24,1,9.90407e-24
17688,0,12,1385.92,13,1421.51,0,2,9,0.0440037,1,4.01251e-23,1.1567e-23,1.78821e-23,2.61222e-23,3.15962e-23,1,7.85663e-23
17689,0,12,1385.92,13,1421.51,0,2,0,0.0439817,1,6.24658e-25,1.80028e-25,2.78339e-25,4.06631e-25,4.91861e-25,1,1.22327e-24
17690,0,12,1385.92,13,1421.51,0,2,0,0.0439597,1,5.16618e-24,1.48853e-24,2.30161e-24,3.36274e-24,4.06772e-24,1,1.01184e-23
17691,0,12,1385.92,13,1421.51,0,2,0,0.0439377,1,4.0984e-23,1.18058e-23,1.8256e-23,2.66749e-23,3.22684e-23,1,8.02815e-23
17692,0,12,1385.92,13,1421.51,0,2,9,0.0439157,1,3.12129e-22,8.9889e-23,1.39013e-22,2.03136e-22,2.45741e-22,1,6.11498e-22
17693,0,12,1385.92,13,1421.51,0,2,9,0.0438938,1,4.64637e-24,1.33776e-24,2.06902e-24,3.02365e-24,3.65796e-24,1,9.10407e-24
17694,0,12,1385.92,13,1421.51,0,2,0,0.0438718,1,7.50982e-26,2.16165e-26,3.34357e-26,4.88665e-26,5.91201e-26,1,1.47167e-25
17695,0,12,1385.92,13,1421.51,0,2,0,0.0438499,1,6.48358e-25,1.86579e-25,2.88619e-25,4.21853e-25,5.1039e-25,1,1.27074e-24
17696,0,12,1385.92,13,1421.51,0,2,0,0.043828,1,5.36474e-24,1.54344e-24,2.38775e-24,3.49027e-24,4.22296e-24,1,1.0516e-23
17697,0,12,1385.92,13,1421.51,0,2,0,0.043806,1,4.25789e-23,1.22469e-23,1.8948e-23,2.76994e-23,3.35154e-23,1,8.34752e-23
17698,0,12,1385.92,13,1421.51,0,2,0,0.0437841,1,3.24424e-22,9.32903e-23,1.44348e-22,2.11034e-22,2.55354e-22,1,6.36115e-22
17699,0,12,1385.92,13,1421.45,0,2,13,0.0437622,1,2.37494e-21,6.8276e-22,1.05653e-21,1.54474e-21,1.86923e-21,1,4.65731e-21
17700,0,12,1385.92,13,1421.45,0,2,0,0.0437404,1,2.13744e-24,6.1433e-25,9.50721e-25,1.39015e-24,1.68223e-24,1,4.19216e-24
17701,0,12,1385.92,13,1421.45,0,2,0,0.0437185,1,1.72905e-23,4.96828e-24,7.68944e-24,1.12445e-23,1.36075e-23,1,3.39164e-23
17702,0,12,1385.92,13,1421.45,0,2,0,0.0436966,1,1.34223e-22,3.85583e-23,5.96821e-23,8.72817e-23,1.05628e-22,1,2.63324e-22
17703,0,12,1385.92,13,1421.45,0,2,0,0.0436748,1,1.00071e-21,2.87403e-22,4.44893e-22,6.50682e-22,7.87485e-22,1,1.96351e-21
17704,0,12,1385.92,13,1421.45,0,2,0,0.043653,1,7.17133e-21,2.05908e-21,3.18769e-21,4.66256e-21,5.64306e-21,1,1.40729e-20
17705,0,12,1385.92,13,1421.45,0,2,9,0.0436311,1,4.94357e-20,1.41908e-20,2.19709e-20,3.21388e-20,3.88988e-20,1,9.70252e-20
17706,0,12,1385.92,13,1421.45,0,2,0,0.0436093,1,6.56737e-22,1.88473e-22,2.91828e-22,4.26918e-22,5.16734e-22,1,1.28913e-21
17707,0,12,1385.92,13,1421.45,0,2,0,0.0435875,1,4.74864e-21,1.36244e-21,2.10977e-21,3.08664e-21,3.73616e-21,1,9.3225e-21
17708,0,12,1385.92,13,1421.45,0,2,0,0.0435657,1,3.30232e-20,9.47238e-21,1.46695e-20,2.14635e-20,2.5981e-20,1,6.484e-20
17709,0,12,1385.92,13,1421.45,0,2,9,0.0435439,1,2.21043e-19,6.33883e-20,9.81752e-20,1.43655e-19,1.73898e-19,1,4.34071e-19
17710,0,12,1385.92,13,1421.45,0,2,0,0.0435222,1,2.83883e-21,8.13883e-22,1.26065e-21,1.84479e-21,2.23325e-21,1,5.57548e-21
17711,0,12,1385.92,13,1421.45,0,2,0,0.0435004,1,1.99562e-20,5.71995e-21,8.86056e-21,1.29673e-20,1.56984e-20,1,3.91996e-20
17712,0,12,1385.92,13,1421.45,0,2,0,0.0434786,1,1.34999e-19,3.86846e-20,5.99301e-20,8.77139e-20,1.06192e-19,1,2.65214e-19
17713,0,12,1385.92,13,1421.45,0,2,9,0.0434569,1,8.79492e-19,2.51959e-19,3.90368e-19,5.71389e-19,6.91786e-19,1,1.72805e-18
17714,0,12,1385.92,13,1421.45,0,2,0,0.0434352,1,1.09448e-20,3.1347e-21,4.85712e-21,7.11001e-21,8.60848e-21,1,2.15075e-20
17715,0,12,1385.92,13,1421.45,0,2,0,0.0434135,1,7.49707e-20,2.1467e-20,3.32654e-20,4.86989e-20,5.89646e-20,1,1.47345e-19
17716,0,12,1385.92,13,1421.45,0,2,0,0.0433918,1,4.94441e-19,1.41542e-19,2.19354e-19,3.21148e-19,3.88861e-19,1,9.71891e-19
17717,0,12,1385.92,13,1421.45,0,2,0,0.0433701,1,3.14197e-18,8.99217e-19,1.39368e-18,2.04059e-18,2.47094e-18,1,6.17682e-18
17718,0,12,1385.92,13,1421.45,0,2,0,0.0433484,1,1.92518e-17,5.50842e-18,8.53811e-18,1.25023e-17,1.51396e-17,1,3.78526e-17
17719,0,12,1385.92,13,1421.45,0,2,0,0.0433267,1,1.13826e-16,3.25601e-17,5.0473e-17,7.39133e-17,8.9508e-17,1,2.23833e-16
17720,0,12,1385.92,13,1421.45,0,2,0,0.043305,1,6.49849e-16,1.85844e-16,2.88112e-16,4.21948e-16,5.10992e-16,1,1.27807e-15
17721,0,12,1385.92,13,1421.45,0,2,0,0.0432834,1,3.58501e-15,1.02499e-15,1.58916e-15,2.32755e-15,2.81885e-15,1,7.05168e-15
17722,0,12,1385.92,13,1421.45,0,2,0,0.0432617,1,1.91235e-14,5.46621e-15,8.47567e-15,1.24148e-14,1.50359e-14,1,3.76209e-14
17723,0,12,1385.92,13,1421.45,0,2,0,0.0432401,1,9.87038e-14,2.82062e-14,4.37391e-14,6.40723e-14,7.76025e-14,1,1.94203e-13
17724,0,12,1385.92,13,1421.45,0,2,0,0.0432185,1,4.93257e-13,1.40921e-13,2.18544e-13,3.20164e-13,3.87789e-13,1,9.70633e-13
17725,0,12,1385.92,13,1421.45,0,2,0,0.0431969,1,2.38815e-12,6.82111e-13,1.05793e-12,1.54998e-12,1.87743e-12,1,4.70007e-12
17726,0,12,1385.92,13,1421.45,0,2,9,0.0431753,1,1.12092e-11,3.2008e-12,4.96477e-12,7.27447e-12,8.81165e-12,1,2.20636e-11
17727,0,12,1385.92,13,1421.45,0,2,9,0.0431537,1,9.95278e-14,2.84132e-14,4.40755e-14,6.45854e-14,7.8236e-14,1,1.95932e-13
17728,0,12,1385.92,13,1421.45,0,2,9,0.0431321,1,9.69372e-16,2.76667e-16,4.29213e-16,6.2899e-16,7.61961e-16,1,1.90859e-15
17729,0,12,1385.92,13,1421.45,0,2,0,0.0431106,1,1.03375e-17,2.94968e-18,4.57646e-18,6.70709e-18,8.12531e-18,1,2.03563e-17
17730,0,12,1385.92,13,1421.45,0,2,0,0.043089,1,6.20161e-17,1.7691e-17,2.74502e-17,4.02332e-17,4.87424e-17,1,1.22136e-16
17731,0,12,1385.92,13,1421.45,0,2,0,0.0430675,1,3.59146e-16,1.02426e-16,1.58943e-16,2.32978e-16,2.82262e-16,1,7.0741e-16
17732,0,12,1385.92,13,1421.45,0,2,0,0.0430459,1,2.00918e-15,5.72862e-16,8.89035e-16,1.30325e-15,1.579e-15,1,3.95804e-15
17733,0,12,1385.92,13,1421.45,0,2,0,0.0430244,1,1.08655e-14,3.0972e-15,4.80703e-15,7.04723e-15,8.53868e-15,1,2.14076e-14
17734,0,12,1385.92,13,1421.45,0,2,0,0.0430029,1,5.68393e-14,1.6198e-14,2.51424e-14,3.68622e-14,4.46653e-14,1,1.12003e-13
17735,0,12,1385.92,13,1421.45,0,2,0,0.0429814,1,2.8781e-13,8.19992e-14,1.2729e-13,1.86639e-13,2.26156e-13,1,5.67212e-13
17736,0,12,1385.92,13,1421.45,0,2,9,0.0429599,1,1.41157e-12,4.02064e-13,6.2419e-13,9.15294e-13,1.10913e-12,1,2.78228e-12
17737,0,12,1385.92,13,1421.45,0,2,0,0.0429384,1,1.29226e-14,3.67989e-15,5.7134e-15,8.37862e-15,1.01534e-14,1,2.54747e-14
17738,0,12,1385.92,13,1421.45,0,2,0,0.0429169,1,6.74237e-14,1.9195e-14,2.98048e-14,4.37118e-14,5.29729e-14,1,1.32933e-13
17739,0,12,1385.92,13,1421.45,0,2,0,0.0428955,1,3.4053e-13,9.6922e-14,1.50508e-13,2.20752e-13,2.67533e-13,1,6.71481e-13
17740,0,12,1385.92,13,1421.45,0,2,0,0.042874,1,1.66593e-12,4.7404e-13,7.3619e-13,1.07987e-12,1.30876e-12,1,3.28546e-12
17741,0,12,1385.92,13,1421.45,0,2,0,0.0428526,1,7.89939e-12,2.2472e-12,3.49024e-12,5.11999e-12,6.20547e-12,1,1.55809e-11
17742,0,12,1385.92,13,1421.45,0,2,9,0.0428312,1,3.63272e-11,1.03317e-11,1.60481e-11,2.35434e-11,2.8536e-11,1,7.16621e-11
17743,0,12,1385.92,13,1421.45,0,2,9,0.0428098,1,3.09897e-13,8.81144e-14,1.36879e-13,2.00825e-13,2.43421e-13,1,6.11412e-13
17744,0,12,1385.92,13,1421.45,0,2,9,0.0427884,1,2.90216e-15,8.24978e-16,1.28165e-15,1.88055e-15,2.27951e-15,1,5.72662e-15
17745,0,12,1385.92,13,1421.45,0,2,9,0.042767,1,2.97812e-17,8.46358e-18,1.31498e-17,1.92961e-17,2.33907e-17,1,5.87732e-17
17746,0,12,1385.92,13,1421.45,0,2,0,0.0427456,1,3.34268e-19,9.49722e-20,1.47571e-19,2.16563e-19,2.62527e-19,1,6.59767e-19
17747,0,12,1385.92,13,1421.45,0,2,0,0.0427242,1,2.15377e-18,6.11777e-19,9.50683e-19,1.39525e-18,1.69145e-18,1,4.25164e-18
17748,0,12,1385.92,13,1421.45,0,2,9,0.0427028,1,1.33774e-17,3.79887e-18,5.90385e-18,8.66537e-18,1.05053e-17,1,2.64111e-17
17749,0,12,1385.92,13,1421.51,0,2,9,0.0426815,1,1.52069e-19,4.31731e-20,6.71015e-20,9.84959e-20,1.19415e-19,1,3.00272e-19
17750,1,12,1385.92,13,1421.51,0,2,0,0.0426601,1,1.88694e-21,5.35577e-22,8.3249e-22,1.22208e-21,1.48168e-21,1,3.72642e-21
17751,1,12,1385.92,13,1421.51,0,2,9,0.0426388,1,2.68199e-29,3.98016e-29,5.11323e-29,4.54461e-29,2.4728e-29,1,1.84932e-29
17752,1,12,1385.92,13,1421.51,0,2,0,0.0426175,1,3.15617e-31,4.68423e-31,6.01804e-31,5.34894e-31,2.9101e-31,1,2.17623e-31
17753,1,12,1385.92,13,1421.51,0,2,9,0.0425962,1,2.14603e-30,3.18527e-30,4.09247e-30,3.63756e-30,1.97878e-30,1,1.47968e-30
17754,1,12,1385.92,13,1421.51,0,2,0,0.0425749,1,2.64888e-32,3.93195e-32,5.05206e-32,4.49059e-32,2.44251e-32,1,1.82635e-32
17755,1,12,1385.92,13,1421.51,0,2,0,0.0425536,1,1.89208e-31,2.80879e-31,3.60912e-31,3.20809e-31,1.74473e-31,1,1.30451e-31
17756,1,12,1385.92,13,1421.51,0,2,0,0.0425323,1,1.30002e-30,1.93004e-30,2.48011e-30,2.20458e-30,1.19882e-30,1,8.9629e-31
17757,1,12,1385.92,13,1421.51,0,2,0,0.0425111,1,8.59871e-30,1.27668e-29,1.64062e-29,1.45839e-29,7.92954e-30,1,5.92814e-30
17758,1,12,1385.92,13,1421.51,0,2,0,0.0424898,1,5.47914e-29,8.13572e-29,1.04555e-28,9.29431e-29,5.05288e-29,1,3.77732e-29
17759,1,12,1385.92,13,1421.51,0,2,0,0.0424686,1,3.36596e-28,4.99835e-28,6.42387e-28,5.71056e-28,3.10419e-28,1,2.32043e-28
17760,1,12,1385.92,13,1421.51,0,2,0,0.0424473,1,1.99498e-27,2.96272e-27,3.80787e-27,3.38511e-27,1.83988e-27,1,1.37525e-27
17761,1,12,1385.92,13,1421.51,0,2,0,0.0424261,1,1.14158e-26,1.69549e-26,2.17925e-26,1.93734e-26,1.05286e-26,1,7.86935e-27
17762,1,12,1385.92,13,1421.51,0,2,0,0.0424049,1,6.31133e-26,9.37437e-26,1.20497e-25,1.07123e-25,5.82094e-26,1,4.35048e-26
17763,1,12,1385.92,13,1421.51,0,2,0,0.0423837,1,3.37344e-25,5.01104e-25,6.44147e-25,5.72662e-25,3.1114e-25,1,2.32527e-25
17764,1,12,1385.92,13,1421.51,0,2,9,0.0423625,1,1.74443e-24,2.59146e-24,3.33137e-24,2.96171e-24,1.60897e-24,1,1.20238e-24
17765,1,12,1385.92,13,1421.51,0,2,0,0.0423413,1,1.62383e-26,2.41249e-26,3.10146e-26,2.75735e-26,1.49777e-26,1,1.11921e-26
17766,1,12,1385.92,13,1421.51,0,2,0,0.0423201,1,8.9188e-26,1.32515e-25,1.70368e-25,1.51468e-25,8.22657e-26,1,6.14697e-26
17767,1,12,1385.92,13,1421.51,0,2,0,0.042299,1,4.73661e-25,7.03818e-25,9.04907e-25,8.04532e-25,4.36907e-25,1,3.26442e-25
17768,1,12,1385.92,13,1421.51,0,2,0,0.0422778,1,2.43396e-24,3.61693e-24,4.65057e-24,4.13476e-24,2.24514e-24,1,1.67739e-24
17769,1,12,1385.92,13,1421.51,0,2,0,0.0422567,1,1.21095e-23,1.79965e-23,2.31407e-23,2.05743e-23,1.11703e-23,1,8.34511e-24
17770,1,12,1385.92,13,1421.51,0,2,0,0.0422356,1,5.83696e-23,8.67527e-23,1.11556e-22,9.91853e-23,5.38435e-23,1,4.0223e-23
17771,1,12,1385.92,13,1421.51,0,2,0,0.0422144,1,2.7275e-22,4.05411e-22,5.21347e-22,4.6354e-22,2.51605e-22,1,1.87947e-22
17772,1,12,1385.92,13,1421.51,0,2,0,0.0421933,1,1.23632e-21,1.83778e-21,2.36346e-21,2.10141e-21,1.14049e-21,1,8.51888e-22
17773,1,12,1385.92,13,1421.51,0,2,0,0.0421722,1,5.43927e-21,8.08612e-21,1.03996e-20,9.24663e-21,5.01777e-21,1,3.74779e-21
17774,1,12,1385.92,13,1421.51,0,2,0,0.0421512,1,2.32411e-20,3.45533e-20,4.44413e-20,3.95147e-20,2.14404e-20,1,1.6013e-20
17775,1,12,1385.92,13,1421.51,0,2,0,0.0421301,1,9.64998e-20,1.43481e-19,1.8455e-19,1.64093e-19,8.90246e-20,1,6.64851e-20
17776,1,12,1385.92,13,1421.51,0,2,0,0.042109,1,3.89582e-19,5.79297e-19,7.45147e-19,6.62553e-19,3.59409e-19,1,2.68397e-19
17777,1,12,1385.92,13,1421.51,0,2,0,0.042088,1,1.53008e-18,2.27537e-18,2.92694e-18,2.60253e-18,1.41159e-18,1,1.05408e-18
17778,1,12,1385.92,13,1421.51,0,2,0,0.0420669,1,5.84937e-18,8.69924e-18,1.11909e-17,9.95062e-18,5.39649e-18,1,4.02949e-18
17779,1,12,1385.92,13,1421.51,0,2,0,0.0420459,1,2.1778e-17,3.23909e-17,4.16706e-17,3.70524e-17,2.00921e-17,1,1.50016e-17
17780,1,12,1385.92,13,1421.51,0,2,9,0.0420249,1,7.90068e-17,1.17518e-16,1.51194e-16,1.34438e-16,7.28916e-17,1,5.44209e-17
17781,1,12,1385.92,13,1421.51,0,2,0,0.0420038,1,5.09229e-19,7.5751e-19,9.74627e-19,8.66622e-19,4.6982e-19,1,3.50747e-19
17782,1,12,1385.92,13,1421.51,0,2,0,0.0419828,1,1.99047e-18,2.96118e-18,3.8101e-18,3.38789e-18,1.83645e-18,1,1.37093e-18
17783,1,12,1385.92,13,1421.51,0,2,0,0.0419619,1,7.57386e-18,1.12684e-17,1.44996e-17,1.28929e-17,6.98788e-18,1,5.21624e-18
17784,1,12,1385.92,13,1421.51,0,2,0,0.0419409,1,2.80694e-17,4.17649e-17,5.37437e-17,4.77885e-17,2.5898e-17,1,1.93309e-17
17785,1,12,1385.92,13,1421.51,0,2,0,0.0419199,1,1.01374e-16,1.50848e-16,1.94124e-16,1.72614e-16,9.35329e-17,1,6.98112e-17
17786,1,12,1385.92,13,1421.51,0,2,0,0.0418989,1,3.56963e-16,5.31216e-16,6.83645e-16,6.07895e-16,3.29355e-16,1,2.4581e-16
17787,1,12,1385.92,13,1421.51,0,2,0,0.041878,1,1.22614e-15,1.82482e-15,2.34856e-15,2.08834e-15,1.13131e-15,1,8.44293e-16
17788,1,12,1385.92,13,1421.51,0,2,0,0.0418571,1,4.11042e-15,6.11791e-15,7.8742e-15,7.00173e-15,3.79258e-15,1,2.83021e-15
17789,1,12,1385.92,13,1421.51,0,2,9,0.0418361,1,1.34548e-14,2.00275e-14,2.57782e-14,2.2922e-14,1.24145e-14,1,9.26376e-15
17790,1,12,1385.92,13,1421.51,0,2,0,0.0418152,1,7.75204e-17,1.15399e-16,1.48542e-16,1.32084e-16,7.15272e-17,1,5.33709e-17
17791,1,12,1385.92,13,1421.51,0,2,0,0.0417943,1,2.74568e-16,4.08762e-16,5.26186e-16,4.67884e-16,2.53342e-16,1,1.89024e-16
17792,1,12,1385.92,13,1421.51,0,2,0,0.0417734,1,9.48532e-16,1.41224e-15,1.81802e-15,1.61658e-15,8.75211e-16,1,6.52974e-16
17793,1,12,1385.92,13,1421.51,0,2,0,0.0417525,1,3.1977e-15,4.76132e-15,6.12972e-15,5.45053e-15,2.95054e-15,1,2.2012e-15
17794,1,12,1385.92,13,1421.51,0,2,0,0.0417316,1,1.05249e-14,1.56726e-14,2.0178e-14,1.79421e-14,9.71144e-15,1,7.24462e-15
17795,1,12,1385.92,13,1421.51,0,2,0,0.0417108,1,3.38374e-14,5.03914e-14,6.48804e-14,5.76912e-14,3.12223e-14,1,2.32901e-14
17796,1,12,1385.92,13,1421.51,0,2,9,0.0416899,1,1.06311e-13,1.58333e-13,2.03869e-13,1.81279e-13,9.80955e-14,1,7.31695e-14
17797,1,12,1385.92,13,1421.51,0,2,0,0.0416691,1,5.83201e-16,8.68653e-16,1.11853e-15,9.94583e-16,5.38134e-16,1,4.01371e-16
17798,1,12,1385.92,13,1421.51,0,2,0,0.0416482,1,1.98618e-15,2.95856e-15,3.80981e-15,3.38763e-15,1.8327e-15,1,1.36685e-15
17799,1,12,1385.92,13,1421.51,0,2,9,0.0416274,1,6.60274e-15,9.83607e-15,1.26668e-14,1.12631e-14,6.09255e-15,1,4.54364e-15
17800,1,12,1385.92,13,1421.51,0,2,0,0.0416066,1,3.81376e-17,5.68178e-17,7.31731e-17,6.50639e-17,3.51908e-17,1,2.62427e-17
17801,1,12,1385.92,13,1421.51,0,2,0,0.0415858,1,1.37135e-16,2.04322e-16,2.6315e-16,2.33986e-16,1.26539e-16,1,9.43581e-17
17802,1,12,1385.92,13,1421.51,0,2,0,0.041565,1,4.8082e-16,7.16446e-16,9.22772e-16,8.205e-16,4.43671e-16,1,3.30818e-16
17803,1,12,1385.92,13,1421.51,0,2,9,0.0415442,1,1.64465e-15,2.4508e-15,3.15676e-15,2.80688e-15,1.51758e-15,1,1.1315e-15
17804,1,12,1385.92,13,1421.51,0,2,9,0.0415235,1,9.71941e-18,1.44847e-17,1.8658e-17,1.65899e-17,8.96851e-18,1,6.68647e-18
17805,1,12,1385.92,13,1421.51,0,2,0,0.0415027,1,6.35088e-20,9.46541e-20,1.21932e-19,1.08416e-19,5.86024e-20,1,4.36884e-20
17806,1,12,1385.92,13,1421.51,0,2,0,0.0414819,1,2.5935e-19,3.86568e-19,4.97994e-19,4.4279e-19,2.39313e-19,1,1.78399e-19
17807,1,12,1385.92,13,1421.51,0,2,9,0.0414612,1,1.03011e-18,1.53552e-18,1.97823e-18,1.75893e-18,9.50526e-19,1,7.0854e-19
17808,1,12,1385.92,13,1421.51,0,2,0,0.0414405,1,7.01241e-21,1.04538e-20,1.34685e-20,1.19753e-20,6.47066e-21,1,4.82307e-21
17809,1,12,1385.92,13,1421.51,0,2,0,0.0414197,1,2.99233e-20,4.46121e-20,5.74801e-20,5.11072e-20,2.76115e-20,1,2.05797e-20
17810,1,12,1385.92,13,1421.51,0,2,0,0.041399,1,1.24085e-19,1.8501e-19,2.38387e-19,2.11955e-19,1.14498e-19,1,8.53342e-20
17811,1,12,1385.92,13,1421.51,0,2,0,0.0413783,1,5.00311e-19,7.46024e-19,9.61306e-19,8.54711e-19,4.61659e-19,1,3.44048e-19
17812,1,12,1385.92,13,1421.51,0,2,0,0.0413576,1,1.96253e-18,2.9266e-18,3.77133e-18,3.35312e-18,1.81091e-18,1,1.34949e-18
17813,1,12,1385.92,13,1421.51,0,2,0,0.041337,1,7.49348e-18,1.11755e-17,1.44019e-17,1.28047e-17,6.91455e-18,1,5.15242e-18
17814,1,12,1385.92,13,1421.51,0,2,0,0.0413163,1,2.7866e-17,4.15615e-17,5.35632e-17,4.76226e-17,2.57131e-17,1,1.91591e-17
17815,1,12,1385.92,13,1421.51,0,2,9,0.0412956,1,1.00975e-16,1.50615e-16,1.94117e-16,1.72586e-16,9.31737e-17,1,6.94208e-17
17816,1,12,1385.92,13,1421.51,0,2,0,0.041275,1,6.21903e-19,9.27704e-19,1.19572e-18,1.06308e-18,5.73853e-19,1,4.27534e-19
17817,1,12,1385.92,13,1421.51,0,2,0,0.0412544,1,2.4303e-18,3.62561e-18,4.67328e-18,4.15485e-18,2.24252e-18,1,1.67063e-18
17818,1,12,1385.92,13,1421.51,0,2,0,0.0412337,1,9.24526e-18,1.37935e-17,1.77803e-17,1.58077e-17,8.5309e-18,1,6.35498e-18
17819,1,12,1385.92,13,1421.51,0,2,0,0.0412131,1,3.42558e-17,5.11123e-17,6.58886e-17,5.85782e-17,3.16088e-17,1,2.35452e-17
17820,1,12,1385.92,13,1421.51,0,2,0,0.0411925,1,1.23689e-16,1.84568e-16,2.37938e-16,2.11536e-16,1.14131e-16,1,8.50104e-17
17821,1,12,1385.92,13,1421.51,0,2,0,0.0411719,1,4.35443e-16,6.49818e-16,8.37763e-16,7.44795e-16,4.01793e-16,1,2.99258e-16
17822,1,12,1385.92,13,1421.51,0,2,0,0.0411513,1,1.49538e-15,2.23176e-15,2.8774e-15,2.55806e-15,1.37982e-15,1,1.02764e-15
17823,1,12,1385.92,13,1421.51,0,2,0,0.0411307,1,5.01198e-15,7.48065e-15,9.64524e-15,8.5747e-15,4.62464e-15,1,3.44405e-15
17824,1,12,1385.92,13,1421.51,0,2,0,0.0411102,1,1.64025e-14,2.44836e-14,3.15697e-14,2.80654e-14,1.51348e-14,1,1.12705e-14
17825,1,12,1385.92,13,1421.51,0,2,0,0.0410896,1,5.24397e-14,7.82817e-14,1.00943e-13,8.97374e-14,4.83866e-14,1,3.60301e-14
17826,1,12,1385.92,13,1421.51,0,2,0,0.0410691,1,1.63855e-13,2.44622e-13,3.15453e-13,2.80431e-13,1.5119e-13,1,1.12574e-13
17827,1,12,1385.92,13,1421.51,0,2,0,0.0410486,1,5.0062e-13,7.47443e-13,9.63917e-13,8.56889e-13,4.61922e-13,1,3.4392e-13
17828,1,12,1385.92,13,1421.51,0,2,0,0.041028,1,1.49622e-12,2.23409e-12,2.88128e-12,2.56132e-12,1.38056e-12,1,1.02782e-12
17829,1,12,1385.92,13,1421.51,0,2,0,0.0410075,1,4.37638e-12,6.53513e-12,8.42869e-12,7.49262e-12,4.03804e-12,1,3.00613e-12
17830,1,12,1385.92,13,1421.51,0,2,0,0.040987,1,1.25328e-11,1.87164e-11,2.41407e-11,2.14595e-11,1.15638e-11,1,8.60823e-12
17831,1,12,1385.92,13,1421.51,0,2,0,0.0409665,1,3.51544e-11,5.25035e-11,6.77233e-11,6.02006e-11,3.24362e-11,1,2.41444e-11
17832,1,12,1385.92,13,1421.51,0,2,0,0.040946,1,9.66241e-11,1.44321e-10,1.86167e-10,1.65485e-10,8.91526e-11,1,6.63582e-11
17833,1,12,1385.92,13,1421.51,0,2,9,0.0409256,1,2.60341e-10,3.88885e-10,5.01667e-10,4.4593e-10,2.40208e-10,1,1.78782e-10
17834,0,12,1385.92,13,1421.45,0,2,13,0.0409051,1,1.1721e-12,1.75097e-12,2.25889e-12,2.00789e-12,1.08145e-12,1,8.04854e-13
17835,0,12,1385.92,13,1421.45,0,2,0,0.0408846,1,1.07262e-20,2.97943e-21,4.66633e-21,6.89395e-21,8.38608e-21,1,2.14271e-20
17836,0,12,1385.92,13,1421.45,0,2,0,0.0408642,1,7.53518e-20,2.09252e-20,3.27755e-20,4.8426e-20,5.89096e-20,1,1.50547e-19
17837,0,12,1385.92,13,1421.45,0,2,0,0.0408438,1,5.09405e-19,1.41425e-19,2.21537e-19,3.2735e-19,3.98233e-19,1,1.0179e-18
17838,0,12,1385.92,13,1421.45,0,2,9,0.0408233,1,3.31655e-18,9.20533e-19,1.44211e-18,2.13108e-18,2.59263e-18,1,6.62813e-18
17839,0,12,1385.92,13,1421.45,0,2,0,0.0408029,1,3.5234e-20,9.77693e-21,1.53179e-20,2.2638e-20,2.75421e-20,1,7.04252e-20
17840,0,12,1385.92,13,1421.45,0,2,9,0.0407825,1,2.41958e-19,6.71228e-20,1.05174e-19,1.55446e-19,1.89128e-19,1,4.83692e-19
17841,0,12,1385.92,13,1421.45,0,2,0,0.0407621,1,2.70148e-21,7.4924e-22,1.17408e-21,1.73543e-21,2.11154e-21,1,5.40124e-21
17842,0,12,1385.92,13,1421.45,0,2,0,0.0407418,1,1.95277e-20,5.41448e-21,8.4854e-21,1.25435e-20,1.52626e-20,1,3.90484e-20
17843,0,12,1385.92,13,1421.45,0,2,0,0.0407214,1,1.35761e-19,3.76332e-20,5.89828e-20,8.7198e-20,1.06104e-19,1,2.71514e-19
17844,0,12,1385.92,13,1421.45,0,2,0,0.040701,1,9.08478e-19,2.51767e-19,3.94631e-19,5.83457e-19,7.09991e-19,1,1.81716e-18
17845,0,12,1385.92,13,1421.45,0,2,0,0.0406807,1,5.85591e-18,1.62243e-18,2.54331e-18,3.76056e-18,4.57629e-18,1,1.17148e-17
17846,0,12,1385.92,13,1421.45,0,2,0,0.0406603,1,3.63863e-17,1.00786e-17,1.58005e-17,2.33646e-17,2.8434e-17,1,7.28015e-17
17847,0,12,1385.92,13,1421.45,0,2,9,0.04064,1,2.18102e-16,6.03963e-17,9.46935e-17,1.40038e-16,1.70428e-16,1,4.3644e-16
17848,0,12,1385.92,13,1421.45,0,2,0,0.0406197,1,2.11228e-18,5.84777e-19,9.16937e-19,1.35613e-18,1.65049e-18,1,4.22745e-18
17849,0,12,1385.92,13,1421.45,0,2,0,0.0405994,1,1.3401e-17,3.70906e-18,5.81637e-18,8.60297e-18,1.04707e-17,1,2.68241e-17
17850,0,12,1385.92,13,1421.45,0,2,0,0.0405791,1,8.19826e-17,2.26849e-17,3.55766e-17,5.26255e-17,6.40535e-17,1,1.64124e-16
17851,0,12,1385.92,13,1421.45,0,2,9,0.0405588,1,4.83972e-16,1.33882e-16,2.09986e-16,3.1064e-16,3.78113e-16,1,9.69019e-16
17852,0,12,1385.92,13,1421.45,0,2,0,0.0405385,1,4.59405e-18,1.27054e-18,1.99294e-18,2.94847e-18,3.58903e-18,1,9.19963e-18
17853,0,12,1385.92,13,1421.45,0,2,0,0.0405182,1,2.8725e-17,7.94218e-18,1.2459e-17,1.84342e-17,2.24399e-17,1,5.75303e-17
17854,0,12,1385.92,13,1421.45,0,2,9,0.040498,1,1.73241e-16,4.7887e-17,7.5128e-17,1.11167e-16,1.35329e-16,1,3.47015e-16
17855,0,12,1385.92,13,1421.45,0,2,0,0.0404777,1,1.67288e-18,4.62298e-19,7.25346e-19,1.07339e-18,1.30673e-18,1,3.3514e-18
17856,0,12,1385.92,13,1421.45,0,2,9,0.0404575,1,1.0678e-17,2.95009e-18,4.6291e-18,6.85083e-18,8.3405e-18,1,2.1395e-17
17857,0,12,1385.92,13,1421.45,0,2,0,0.0404373,1,1.08728e-19,3.00313e-20,4.71276e-20,6.9752e-20,8.49225e-20,1,2.17884e-19
17858,0,12,1385.92,13,1421.45,0,2,0,0.040417,1,7.32919e-19,2.02385e-19,3.17627e-19,4.70149e-19,5.72425e-19,1,1.46893e-18
17859,0,12,1385.92,13,1421.45,0,2,9,0.0403968,1,4.75829e-18,1.31359e-18,2.06177e-18,3.05206e-18,3.71615e-18,1,9.53803e-18
17860,0,12,1385.92,13,1421.45,0,2,0,0.0403766,1,4.90745e-20,1.35442e-20,2.12604e-20,3.14746e-20,3.83246e-20,1,9.83842e-20
17861,0,12,1385.92,13,1421.45,0,2,9,0.0403565,1,3.36268e-19,9.27835e-20,1.45656e-19,2.15652e-19,2.62595e-19,1,6.74244e-19
17862,0,12,1385.92,13,1421.45,0,2,0,0.0403363,1,3.6471e-21,1.00605e-21,1.5795e-21,2.33872e-21,2.84793e-21,1,7.31377e-21
17863,0,12,1385.92,13,1421.45,0,2,0,0.0403161,1,2.63218e-20,7.25901e-21,1.13976e-20,1.68775e-20,2.05531e-20,1,5.27923e-20
17864,0,12,1385.92,13,1421.45,0,2,0,0.0402959,1,1.82715e-19,5.03762e-20,7.91044e-20,1.17147e-19,1.42665e-19,1,3.66515e-19
17865,0,12,1385.92,13,1421.45,0,2,9,0.0402758,1,1.22085e-18,3.36511e-19,5.28462e-19,7.82672e-19,9.53197e-19,1,2.44929e-18
17866,0,12,1385.92,13,1421.45,0,2,0,0.0402557,1,1.28519e-20,3.54156e-21,5.56223e-21,8.23853e-21,1.00339e-20,1,2.57875e-20
17867,0,12,1385.92,13,1421.45,0,2,0,0.0402355,1,9.05454e-20,2.49448e-20,3.91808e-20,5.80377e-20,7.06882e-20,1,1.81706e-19
17868,0,12,1385.92,13,1421.45,0,2,0,0.0402154,1,6.13851e-19,1.6907e-19,2.65581e-19,3.93432e-19,4.79208e-19,1,1.23205e-18
17869,0,12,1385.92,13,1421.45,0,2,0,0.0401953,1,4.00765e-18,1.10352e-18,1.73361e-18,2.56838e-18,3.12846e-18,1,8.04481e-18
17870,0,12,1385.92,13,1421.45,0,2,0,0.0401752,1,2.52157e-17,6.94142e-18,1.09058e-17,1.61585e-17,1.9683e-17,1,5.06242e-17
17871,0,12,1385.92,13,1421.45,0,2,9,0.0401551,1,1.53011e-16,4.21104e-17,6.61667e-17,9.80431e-17,1.19432e-16,1,3.07236e-16
17872,0,12,1385.92,13,1421.45,0,2,0,0.040135,1,1.45439e-18,4.0016e-19,6.28815e-19,9.31829e-19,1.13516e-18,1,2.92072e-18
17873,0,12,1385.92,13,1421.45,0,2,0,0.040115,1,9.34224e-18,2.56976e-18,4.03851e-18,5.98508e-18,7.29138e-18,1,1.87639e-17
17874,0,12,1385.92,13,1421.45,0,2,0,0.0400949,1,5.78517e-17,1.59091e-17,2.50042e-17,3.70593e-17,4.51496e-17,1,1.16212e-16
17875,0,12,1385.92,13,1421.45,0,2,0,0.0400749,1,3.45613e-16,9.50184e-17,1.49353e-16,2.21378e-16,2.69717e-16,1,6.94362e-16
17876,0,12,1385.92,13,1421.45,0,2,0,0.0400548,1,1.99334e-15,5.47882e-16,8.61259e-16,1.2767e-15,1.55553e-15,1,4.00534e-15
17877,0,12,1385.92,13,1421.45,0,2,0,0.0400348,1,1.11069e-14,3.05202e-15,4.79814e-15,7.11315e-15,8.66703e-15,1,2.2321e-14
17878,0,12,1385.92,13,1421.45,0,2,0,0.0400148,1,5.98305e-14,1.64363e-14,2.58422e-14,3.83136e-14,4.66851e-14,1,1.20255e-13
17879,0,12,1385.92,13,1421.45,0,2,0,0.0399948,1,3.11788e-13,8.56304e-14,1.34646e-13,1.99642e-13,2.43274e-13,1,6.26761e-13
17880,0,12,1385.92,13,1421.45,0,2,0,0.0399748,1,1.57286e-12,4.31862e-13,6.79124e-13,1.00703e-12,1.22717e-12,1,3.16223e-12
17881,0,12,1385.92,13,1421.45,0,2,0,0.0399548,1,7.68583e-12,2.10977e-12,3.31801e-12,4.92049e-12,5.99633e-12,1,1.54546e-11
17882,0,12,1385.92,13,1421.45,0,2,0,0.0399348,1,3.64031e-11,9.99012e-12,1.57128e-11,2.33033e-11,2.83996e-11,1,7.32093e-11
17883,0,12,1385.92,13,1421.45,0,2,9,0.0399149,1,1.67225e-10,4.58797e-11,7.21676e-11,1.07039e-10,1.30453e-10,1,3.36349e-10
17884,0,12,1385.92,13,1421.45,0,2,0,0.0398949,1,1.1914e-12,3.26788e-13,5.14075e-13,7.62539e-13,9.29374e-13,1,2.39667e-12
17885,1,12,1385.92,13,1421.45,0,2,0,0.0398749,1,5.85887e-12,1.6066e-12,2.5276e-12,3.74955e-12,4.57009e-12,1,1.17876e-11
17886,1,12,1385.92,13,1421.45,0,2,0,0.039855,1,7.00128e-18,1.0503e-17,1.35858e-17,1.20617e-17,6.45455e-18,1,4.78889e-18
17887,1,12,1385.92,13,1421.45,0,2,0,0.0398351,1,2.62756e-17,3.94207e-17,5.09941e-17,4.52726e-17,2.42236e-17,1,1.79714e-17
17888,1,12,1385.92,13,1421.45,0,2,0,0.0398152,1,9.6073e-17,1.44148e-16,1.86477e-16,1.65552e-16,8.85695e-17,1,6.57053e-17
17889,1,12,1385.92,13,1421.45,0,2,0,0.0397953,1,3.4241e-16,5.13792e-16,6.64703e-16,5.90106e-16,3.15664e-16,1,2.34162e-16
17890,1,12,1385.92,13,1421.45,0,2,0,0.0397754,1,1.19016e-15,1.78601e-15,2.31071e-15,2.05136e-15,1.09719e-15,1,8.13855e-16
17891,1,12,1385.92,13,1421.45,0,2,0,0.0397555,1,4.03645e-15,6.05775e-15,7.83784e-15,6.95801e-15,3.7211e-15,1,2.76001e-15
17892,1,12,1385.92,13,1421.45,0,2,0,0.0397356,1,1.33639e-14,2.00577e-14,2.59531e-14,2.30394e-14,1.23198e-14,1,9.13727e-15
17893,1,12,1385.92,13,1421.45,0,2,0,0.0397157,1,4.32136e-14,6.48639e-14,8.3933e-14,7.45089e-14,3.98369e-14,1,2.95442e-14
17894,1,12,1385.92,13,1421.45,0,2,9,0.0396959,1,1.3654e-13,2.04964e-13,2.65234e-13,2.3545e-13,1.2587e-13,1,9.33431e-14
17895,1,12,1385.92,13,1421.51,0,2,9,0.039676,1,6.6452e-16,9.97611e-16,1.29103e-15,1.14603e-15,6.12585e-16,1,4.54256e-16
17896,1,12,1385.92,13,1421.51,0,2,0,0.0396562,1,3.58959e-18,5.38931e-18,6.97477e-18,6.19134e-18,3.30902e-18,1,2.45362e-18
17897,1,12,1385.92,13,1421.51,0,2,0,0.0396364,1,1.36658e-17,2.05192e-17,2.6557e-17,2.35736e-17,1.25976e-17,1,9.34049e-18
17898,1,12,1385.92,13,1421.51,0,2,0,0.0396165,1,5.0673e-17,7.60915e-17,9.84868e-17,8.74214e-17,4.67115e-17,1,3.46322e-17
17899,1,12,1385.92,13,1421.51,0,2,0,0.0395967,1,1.83102e-16,2.74972e-16,3.5592e-16,3.15926e-16,1.68786e-16,1,1.25132e-16
17900,1,12,1385.92,13,1421.51,0,2,0,0.0395769,1,6.45072e-16,9.68808e-16,1.25408e-15,1.11314e-15,5.9463e-16,1,4.4081e-16
17901,1,12,1385.92,13,1421.51,0,2,0,0.0395571,1,2.21686e-15,3.32969e-15,4.31035e-15,3.82587e-15,2.04349e-15,1,1.51479e-15
17902,1,12,1385.92,13,1421.51,0,2,0,0.0395374,1,7.4353e-15,1.11686e-14,1.44587e-14,1.28334e-14,6.85376e-15,1,5.08021e-15
17903,1,12,1385.92,13,1421.51,0,2,9,0.0395176,1,2.43499e-14,3.65791e-14,4.73573e-14,4.2033e-14,2.24452e-14,1,1.66361e-14
17904,1,12,1385.92,13,1421.51,0,2,0,0.0394978,1,1.21324e-16,1.82272e-16,2.35991e-16,2.09455e-16,1.11833e-16,1,8.28841e-17
17905,1,12,1385.92,13,1421.51,0,2,0,0.0394781,1,4.3116e-16,6.47806e-16,8.38771e-16,7.44443e-16,3.97426e-16,1,2.94531e-16
17906,1,12,1385.92,13,1421.51,0,2,0,0.0394583,1,1.49441e-15,2.24549e-15,2.90758e-15,2.58055e-15,1.37747e-15,1,1.02078e-15
17907,1,12,1385.92,13,1421.51,0,2,0,0.0394386,1,5.05425e-15,7.59511e-15,9.83507e-15,8.72871e-15,4.65871e-15,1,3.45214e-15
17908,1,12,1385.92,13,1421.51,0,2,0,0.0394189,1,1.66883e-14,2.50798e-14,3.2478e-14,2.8824e-14,1.53821e-14,1,1.13976e-14
17909,1,12,1385.92,13,1421.51,0,2,0,0.0393992,1,5.38195e-14,8.08886e-14,1.04755e-13,9.29679e-14,4.96066e-14,1,3.67544e-14
17910,0,12,1385.92,13,1421.45,0,2,13,0.0393795,1,1.69607e-13,2.54934e-13,3.3017e-13,2.93013e-13,1.56329e-13,1,1.1582e-13
17911,0,12,1385.92,13,1421.45,0,2,9,0.0393598,1,6.39615e-11,1.74214e-11,2.74733e-11,4.08378e-11,4.9826e-11,1,1.29152e-10
17912,0,12,1385.92,13,1421.45,0,2,0,0.0393401,1,4.50603e-13,1.22701e-13,1.93514e-13,2.87674e-13,3.51003e-13,1,9.09997e-13
17913,0,12,1385.92,13,1421.45,0,2,9,0.0393205,1,2.27233e-12,6.186e-13,9.75699e-13,1.45057e-12,1.76998e-12,1,4.58964e-12
17914,0,12,1385.92,13,1421.45,0,2,0,0.0393008,1,1.70651e-14,4.64447e-15,7.32624e-15,1.08928e-14,1.32919e-14,1,3.44731e-14
17915,0,12,1385.92,13,1421.45,0,2,0,0.0392811,1,9.18596e-14,2.49941e-14,3.94296e-14,5.86295e-14,7.15451e-14,1,1.85591e-13
17916,0,12,1385.92,13,1421.45,0,2,0,0.0392615,1,4.78359e-13,1.30123e-13,2.05295e-13,3.05287e-13,3.72553e-13,1,9.66603e-13
17917,0,12,1385.92,13,1421.45,0,2,9,0.0392419,1,2.41148e-12,6.55798e-13,1.03475e-12,1.53886e-12,1.87801e-12,1,4.87348e-12
17918,0,12,1385.92,13,1421.45,0,2,0,0.0392222,1,1.80105e-14,4.89666e-15,7.72687e-15,1.14922e-14,1.40255e-14,1,3.64036e-14
17919,0,12,1385.92,13,1421.45,0,2,0,0.0392026,1,9.69269e-14,2.63454e-14,4.15765e-14,6.1842e-14,7.54773e-14,1,1.95941e-13
17920,0,12,1385.92,13,1421.45,0,2,0,0.039183,1,5.04637e-13,1.37128e-13,2.16426e-13,3.21944e-13,3.92943e-13,1,1.02028e-12
17921,0,12,1385.92,13,1421.45,0,2,0,0.0391634,1,2.5434e-12,6.90954e-13,1.09062e-12,1.62248e-12,1.98037e-12,1,5.14304e-12
17922,0,12,1385.92,13,1421.45,0,2,0,0.0391439,1,1.24174e-11,3.37251e-12,5.32372e-12,7.92058e-12,9.66811e-12,1,2.5113e-11
17923,0,12,1385.92,13,1421.45,0,2,0,0.0391243,1,5.8763e-11,1.59555e-11,2.51891e-11,3.74792e-11,4.57501e-11,1,1.18859e-10
17924,0,12,1385.92,13,1421.45,0,2,0,0.0391047,1,2.69711e-10,7.32137e-11,1.15594e-10,1.72007e-10,2.09974e-10,1,5.45618e-10
17925,0,12,1385.92,13,1421.45,0,2,0,0.0390852,1,1.20137e-09,3.26031e-10,5.14802e-10,7.66105e-10,9.35243e-10,1,2.4307e-09
17926,0,12,1385.92,13,1421.45,0,2,9,0.0390656,1,5.19638e-09,1.40984e-09,2.22633e-09,3.3134e-09,4.04508e-09,1,1.05152e-08
17927,0,12,1385.92,13,1421.45,0,2,0,0.0390461,1,3.30128e-11,8.95441e-12,1.41416e-11,2.10483e-11,2.56973e-11,1,6.68128e-11
17928,0,12,1385.92,13,1421.45,0,2,0,0.0390266,1,1.53392e-10,4.15953e-11,6.56969e-11,9.77911e-11,1.19395e-10,1,3.10486e-10
17929,0,12,1385.92,13,1421.45,0,2,0,0.0390071,1,6.91521e-10,1.8747e-10,2.96124e-10,4.40821e-10,5.3823e-10,1,1.39993e-09
17930,0,12,1385.92,13,1421.45,0,2,0,0.0389876,1,3.02654e-09,8.20278e-10,1.29581e-09,1.92915e-09,2.35553e-09,1,6.12787e-09
17931,0,12,1385.92,13,1421.45,0,2,9,0.0389681,1,1.28672e-08,3.48645e-09,5.50812e-09,8.20094e-09,1.00139e-08,1,2.6056e-08
17932,0,12,1385.92,13,1421.45,0,2,0,0.0389486,1,7.98552e-11,2.16317e-11,3.41783e-11,5.08915e-11,6.21446e-11,1,1.6173e-10
17933,0,12,1385.92,13,1421.45,0,2,0,0.0389291,1,3.64995e-10,9.88464e-11,1.56192e-10,2.3259e-10,2.84031e-10,1,7.39326e-10
17934,0,12,1385.92,13,1421.45,0,2,0,0.0389096,1,1.61917e-09,4.38382e-10,6.92774e-10,1.03171e-09,1.25994e-09,1,3.28022e-09
17935,0,12,1385.92,13,1421.45,0,2,0,0.0388902,1,6.97552e-09,1.88809e-09,2.98402e-09,4.4443e-09,5.42767e-09,1,1.41335e-08
17936,0,12,1385.92,13,1420.89,0,2,13,0.0388707,1,2.92006e-08,7.90178e-09,1.24895e-08,1.86029e-08,2.27199e-08,1,5.91734e-08
17937,0,12,1385.92,13,1420.89,0,2,0,0.0388513,1,9.83369e-12,2.66033e-12,4.20527e-12,6.26421e-12,7.65087e-12,1,1.99303e-11
17938,0,12,1385.92,13,1417.65,0,2,13,0.0388319,1,4.69001e-11,1.26847e-11,2.00529e-11,2.98734e-11,3.64877e-11,1,9.50677e-11
17939,0,12,1385.92,13,1417.65,0,2,0,0.0388125,1,1.78808e-14,4.8348e-15,7.64392e-15,1.13883e-14,1.39103e-14,1,3.62499e-14
17940,0,12,1385.92,13,1417.65,0,2,0,0.0387931,1,9.66712e-14,2.61322e-14,4.13193e-14,6.15646e-14,7.52017e-14,1,1.96011e-13
17941,0,12,1385.92,13,1417.65,0,2,9,0.0387737,1,5.05575e-13,1.36632e-13,2.16057e-13,3.21945e-13,3.93274e-13,1,1.02525e-12
17942,0,12,1385.92,13,1417.65,0,2,0,0.0387543,1,3.79423e-15,1.02512e-15,1.62119e-15,2.41591e-15,2.95129e-15,1,7.6954e-15
17943,0,12,1385.92,13,1417.65,0,2,9,0.0387349,1,2.11663e-14,5.7172e-15,9.04232e-15,1.34761e-14,1.64631e-14,1,4.29353e-14
17944,0,12,1385.92,13,1417.65,0,2,0,0.0387155,1,1.68783e-16,4.55778e-17,7.20924e-17,1.0745e-16,1.31273e-16,1,3.42421e-16
17945,0,12,1385.92,13,1417.65,0,2,0,0.0386962,1,1.00185e-15,2.70468e-16,4.2785e-16,6.37743e-16,7.79165e-16,1,2.03282e-15
17946,0,12,1385.92,13,1417.65,0,2,0,0.0386768,1,5.7419e-15,1.54972e-15,2.45171e-15,3.65475e-15,4.46538e-15,1,1.16523e-14
17947,0,12,1385.92,13,1417,0,2,13,0.0386575,1,3.17967e-14,8.57955e-15,1.35744e-14,2.0237e-14,2.47266e-14,1,6.45355e-14
17948,0,12,1385.92,13,1417,0,2,0,0.0386382,1,1.37981e-17,3.72211e-18,5.88959e-18,8.78101e-18,1.07295e-17,1,2.80091e-17
17949,0,12,1385.92,13,1417,0,2,0,0.0386188,1,8.61394e-17,2.32304e-17,3.67615e-17,5.48136e-17,6.69794e-17,1,1.74881e-16
17950,0,12,1385.92,13,1417,0,2,0,0.0385995,1,5.1871e-16,1.39851e-16,2.21331e-16,3.30044e-16,4.03314e-16,1,1.05324e-15
17951,0,12,1385.92,13,1417,0,2,0,0.0385802,1,3.01508e-15,8.12692e-16,1.2863e-15,1.91826e-15,2.3442e-15,1,6.12299e-15
17952,0,12,1385.92,13,1417,0,2,9,0.0385609,1,1.69288e-14,4.56184e-15,7.22098e-15,1.07695e-14,1.31614e-14,1,3.43838e-14
17953,0,12,1385.92,13,1417,0,2,9,0.0385417,1,1.34265e-16,3.61712e-17,5.72609e-17,8.54071e-17,1.0438e-16,1,2.72742e-16
17954,0,12,1385.92,13,1417,0,2,0,0.0385224,1,1.17065e-18,3.15291e-19,4.99169e-19,7.44592e-19,9.10036e-19,1,2.37836e-18
17955,0,12,1385.92,13,1417,0,2,0,0.0385031,1,7.68387e-18,2.06896e-18,3.27588e-18,4.8869e-18,5.97298e-18,1,1.56133e-17
17956,0,12,1385.92,13,1417,0,2,0,0.0384839,1,4.86009e-17,1.30828e-17,2.07165e-17,3.09071e-17,3.77775e-17,1,9.87687e-17
17957,0,12,1385.92,13,1417,0,2,0,0.0384646,1,2.96439e-16,7.97774e-17,1.26338e-16,1.885e-16,2.30411e-16,1,6.02523e-16
17958,0,12,1385.92,13,1417,0,2,0,0.0384454,1,1.74489e-15,4.6946e-16,7.43521e-16,1.10944e-15,1.35617e-15,1,3.54706e-15
17959,0,12,1385.92,13,1417,0,2,0,0.0384262,1,9.91854e-15,2.66786e-15,4.2257e-15,6.30588e-15,7.70856e-15,1,2.01655e-14
17960,0,12,1385.92,13,1417,0,2,0,0.038407,1,5.44846e-14,1.46513e-14,2.32087e-14,3.46364e-14,4.23426e-14,1,1.10789e-13
17961,0,12,1385.92,13,1417,0,2,0,0.0383878,1,2.89428e-13,7.78088e-14,1.23266e-13,1.83976e-13,2.24918e-13,1,5.88609e-13
17962,0,12,1385.92,13,1417,0,2,0,0.0383686,1,1.48778e-12,3.99863e-13,6.33529e-13,9.45624e-13,1.15611e-12,1,3.02612e-12
17963,0,12,1385.92,13,1417,0,2,0,0.0383494,1,7.40536e-12,1.98978e-12,3.15283e-12,4.70639e-12,5.75421e-12,1,1.50646e-11
17964,0,12,1385.92,13,1417,0,2,0,0.0383302,1,3.57144e-11,9.59376e-12,1.52028e-11,2.26959e-11,2.77499e-11,1,7.26634e-11
17965,0,12,1385.92,13,1417,0,2,0,0.038311,1,1.66994e-10,4.4847e-11,7.10735e-11,1.06112e-10,1.29747e-10,1,3.3981e-10
17966,0,12,1385.92,13,1417,0,2,0,0.0382919,1,7.57508e-10,2.03378e-10,3.22343e-10,4.81295e-10,5.8852e-10,1,1.54164e-09
17967,0,12,1385.92,13,1417,0,2,0,0.0382727,1,3.33549e-09,8.95287e-10,1.41911e-09,2.11907e-09,2.59127e-09,1,6.78919e-09
17968,0,12,1385.92,13,1417,0,2,0,0.0382536,1,1.42651e-08,3.82793e-09,6.06819e-09,9.06196e-09,1.10817e-08,1,2.904e-08
17969,0,12,1385.92,13,1417,0,2,0,0.0382345,1,5.92906e-08,1.5906e-08,2.52171e-08,3.76611e-08,4.6057e-08,1,1.20717e-07
17970,0,12,1385.92,13,1417,0,2,0,0.0382154,1,2.39627e-07,6.42681e-08,1.01899e-07,1.52196e-07,1.86133e-07,0.999999,4.87955e-07
17971,0,12,1385.92,13,1417,0,2,0,0.0381963,0.999998,9.42248e-07,2.52645e-07,4.00614e-07,5.98404e-07,7.31866e-07,0.999997,1.91898e-06
17972,0,12,1385.92,13,1417,0,2,0,0.0381772,0.999994,3.6067e-06,9.66811e-07,1.53319e-06,2.29033e-06,2.80126e-06,0.999988,7.34644e-06
17973,0,12,1385.92,13,1417,0,2,0,0.0381581,0.999977,1.34462e-05,3.60342e-06,5.71492e-06,8.53767e-06,1.04427e-05,0.999954,2.73917e-05
17974,0,12,1385.92,13,1417,0,2,0,0.038139,0.999917,4.88475e-05,1.30871e-05,2.07577e-05,3.10111e-05,3.79321e-05,0.999832,9.95173e-05
17975,0,12,1385.92,13,1417,0,2,0,0.0381199,0.999707,0.000172989,4.63347e-05,7.34991e-05,0.000109789,0.000134297,0.999404,0.000352405
17976,0,12,1385.92,13,1417,0,2,0,0.0381009,0.998989,0.000597295,0.000159942,0.000253734,0.000378763,0.000463332,0.997942,0.00121605
17977,0,12,1385.92,13,1417,0,2,0,0.0380818,0.996599,0.00200937,0.000537922,0.000853443,0.00127094,0.00155477,0.993093,0.0040814
17978,0,12,1385.92,13,1417,0,2,0,0.0380628,0.98889,0.00656503,0.00175704,0.0027879,0.00411917,0.0050393,0.97761,0.0132311
17979,0,12,1385.92,13,1417,0,2,9,0.0380437,0.965126,0.0206094,0.00551436,0.00875047,0.012622,0.015442,0.931384,0.0405522
17980,0,12,1385.92,13,1417,0,2,0,0.0380247,0.99984,9.46785e-05,2.5326e-05,4.01923e-05,6.00698e-05,7.34938e-05,0.999673,0.000193039
17981,0,12,1385.92,13,1417,0,2,0,0.0380057,0.99944,0.000331291,8.85952e-05,0.000140613,0.000210084,0.000257043,0.998858,0.000675281
17982,0,12,1385.92,13,1417,0,2,9,0.0379867,0.998088,0.00112998,0.000302104,0.000479527,0.000715495,0.00087546,0.996109,0.00230038
17983,0,12,1385.92,13,1417,0,2,0,0.0379677,0.999991,5.30354e-06,1.41755e-06,2.25027e-06,3.36451e-06,4.11688e-06,0.999982,1.08197e-05
17984,0,12,1385.92,13,1417,0,2,0,0.0379487,0.999967,1.96678e-05,5.25549e-06,8.34352e-06,1.24756e-05,1.5266e-05,0.999932,4.01288e-05
17985,0,12,1385.92,13,1417,0,2,0,0.0379297,0.99988,7.10786e-05,1.89881e-05,3.0148e-05,4.50781e-05,5.5163e-05,0.999755,0.000145031
17986,0,12,1385.92,13,1417,0,2,0,0.0379108,0.999577,0.000250421,6.68802e-05,0.000106198,0.000158752,0.000194276,0.999136,0.000510879
17987,0,12,1385.92,13,1417,0,2,0,0.0378918,0.998546,0.00086009,0.000229645,0.000364681,0.000544614,0.000666509,0.997036,0.00175302
17988,0,12,1385.92,13,1417,0,2,9,0.0378729,0.995136,0.00287642,0.000767804,0.0012194,0.00181477,0.00222103,0.990121,0.00584281
17989,0,12,1385.92,13,1417,0,2,0,0.0378539,0.999978,1.32038e-05,3.52357e-06,5.59654e-06,8.37168e-06,1.02463e-05,0.999954,2.69597e-05
17990,0,12,1385.92,13,1417,0,2,0,0.037835,0.999919,4.8149e-05,1.28456e-05,2.04048e-05,3.05235e-05,3.73598e-05,0.999834,9.83192e-05
17991,0,12,1385.92,13,1417,0,2,0,0.0378161,0.999711,0.000171149,4.56487e-05,7.25181e-05,0.000108465,0.000132763,0.999409,0.000349457
17992,0,12,1385.92,13,1417,0,2,0,0.0377972,0.998997,0.000593098,0.000158149,0.00025126,0.000375559,0.000459709,0.997954,0.00121028
17993,0,12,1385.92,13,1417,0,2,0,0.0377783,0.996616,0.00200239,0.000533794,0.000848148,0.00126469,0.00154813,0.993111,0.00407656
17994,0,12,1385.92,13,1416.59,0,2,13,0.0377594,0.988905,0.00656513,0.00174966,0.0027803,0.00411313,0.00503515,0.977591,0.0132612
17995,0,12,1385.92,13,1416.59,0,2,9,0.0377405,0.999997,1.58879e-06,4.23312e-07,6.72727e-07,1.00682e-06,1.23256e-06,0.999995,3.24686e-06
17996,0,12,1385.92,13,1416.59,0,2,0,0.0377217,1,8.35634e-09,2.22585e-09,3.53765e-09,5.29497e-09,6.48245e-09,1,1.70796e-08
17997,0,12,1385.92,13,1416.59,0,2,0,0.0377028,1,3.53125e-08,9.40357e-09,1.49469e-08,2.23736e-08,2.73923e-08,1,7.21859e-08
17998,0,12,1385.92,13,1416.59,0,2,0,0.0376839,1,1.45057e-07,3.86178e-08,6.13885e-08,9.1898e-08,1.12517e-07,0.999999,2.96568e-07
17999,0,12,1385.92,13,1416.59,0,2,9,0.0376651,0.999999,5.79546e-07,1.54249e-07,2.45224e-07,3.67128e-07,4.49516e-07,0.999998,1.18505e-06
18000,0,12,1385.92,13,1416.59,0,2,0,0.0376463,1,3.09596e-09,8.23788e-10,1.30977e-09,1.96103e-09,2.40122e-09,1,6.3315e-09
18001,0,12,1385.92,13,1416.59,0,2,0,0.0376274,1,1.33543e-08,3.55243e-09,5.64866e-09,8.45806e-09,1.0357e-08,1,2.73145e-08
18002,0,12,1385.92,13,1416.59,0,2,9,0.0376086,1,5.59714e-08,1.48852e-08,2.3671e-08,3.54468e-08,4.34068e-08,1,1.14499e-07
18003,0,12,1385.92,13,1416.59,0,2,0,0.0375898,1,3.12132e-10,8.29876e-11,1.31982e-10,1.97656e-10,2.42052e-10,1,6.38611e-10
18004,0,12,1385.92,13,1416.59,0,2,0,0.037571,1,1.40986e-09,3.74746e-10,5.96043e-10,8.92706e-10,1.09326e-09,1,2.88494e-09
18005,0,12,1385.92,13,1416.59,0,2,0,0.0375522,1,6.18216e-09,1.6428e-09,2.61316e-09,3.91411e-09,4.79365e-09,1,1.26521e-08
18006,0,12,1385.92,13,1416.59,0,2,9,0.0375335,1,2.6332e-08,6.99541e-09,1.11285e-08,1.667e-08,2.04168e-08,1,5.38975e-08
18007,0,12,1385.92,13,1416.59,0,2,0,0.0375147,1,1.48396e-10,3.94128e-11,6.27045e-11,9.39368e-11,1.15055e-10,1,3.03788e-10
18008,0,12,1385.92,13,1416.59,0,2,0,0.0374959,1,6.80816e-10,1.80771e-10,2.87628e-10,4.30926e-10,5.27825e-10,1,1.39393e-09
18009,0,12,1385.92,13,1416.59,0,2,0,0.0374772,1,3.03129e-09,8.04658e-10,1.28042e-09,1.9185e-09,2.34999e-09,1,6.20726e-09
18010,0,12,1385.92,13,1416.59,0,2,0,0.0374585,1,1.31061e-08,3.4781e-09,5.5351e-09,8.29408e-09,1.01599e-08,1,2.68416e-08
18011,0,12,1385.92,13,1416.59,0,2,0,0.0374397,1,5.50582e-08,1.46075e-08,2.32487e-08,3.48399e-08,4.26792e-08,1,1.12777e-07
18012,0,12,1385.92,13,1416.59,0,2,0,0.037421,1,2.24863e-07,5.96425e-08,9.49336e-08,1.42276e-07,1.74297e-07,0.999999,4.60657e-07
18013,0,12,1385.92,13,1416.59,0,2,0,0.0374023,0.999998,8.93316e-07,2.3688e-07,3.77079e-07,5.65171e-07,6.92397e-07,0.999997,1.83032e-06
18014,0,12,1385.92,13,1416.59,0,2,0,0.0373836,0.999994,3.45398e-06,9.15646e-07,1.45771e-06,2.18501e-06,2.67699e-06,0.999988,7.07787e-06
18015,0,12,1385.92,13,1416.59,0,2,9,0.0373649,0.999978,1.30045e-05,3.44655e-06,5.48744e-06,8.22581e-06,1.00783e-05,0.999955,2.6652e-05
18016,0,12,1385.92,13,1416.59,0,2,0,0.0373462,1,6.41762e-08,1.7004e-08,2.70755e-08,4.05911e-08,4.97345e-08,1,1.31548e-07
18017,0,12,1385.92,13,1416.59,0,2,0,0.0373276,1,2.61589e-07,6.92917e-08,1.10344e-07,1.65438e-07,2.02713e-07,0.999999,5.3628e-07
18018,0,12,1385.92,13,1416.59,0,2,0,0.0373089,0.999998,1.03723e-06,2.74675e-07,4.37447e-07,6.55919e-07,8.03735e-07,0.999996,2.12671e-06
18019,0,12,1385.92,13,1416.59,0,2,0,0.0372902,0.999993,4.00287e-06,1.05975e-06,1.68791e-06,2.53108e-06,3.10161e-06,0.999986,8.20853e-06
18020,0,12,1385.92,13,1416.59,0,2,0,0.0372716,0.999975,1.50433e-05,3.9816e-06,6.34226e-06,9.51105e-06,1.16554e-05,0.999948,3.08525e-05
18021,0,12,1385.92,13,1416.59,0,2,9,0.037253,0.999907,5.50805e-05,1.45746e-05,2.3218e-05,3.48188e-05,4.26707e-05,0.99981,0.000112974
18022,0,12,1385.92,13,1416.59,0,2,9,0.0372343,1,2.62427e-07,6.94212e-08,1.10601e-07,1.65892e-07,2.03311e-07,0.999999,5.38385e-07
18023,0,12,1385.92,13,1416.59,0,2,0,0.0372157,1,1.3883e-09,3.67156e-10,5.85004e-10,8.77528e-10,1.0755e-09,1,2.84859e-09
18024,0,12,1385.92,13,1416.59,0,2,9,0.0371971,1,6.11442e-09,1.61662e-09,2.57607e-09,3.86451e-09,4.73656e-09,1,1.25477e-08
18025,0,12,1385.92,13,1416.59,0,2,0,0.0371785,1,3.47695e-11,9.19044e-12,1.46462e-11,2.19734e-11,2.6933e-11,1,7.13627e-11
18026,0,12,1385.92,13,1416.59,0,2,0,0.0371599,1,1.64805e-10,4.35505e-11,6.94101e-11,1.04143e-10,1.27654e-10,1,3.38303e-10
18027,0,12,1385.92,13,1416.59,0,2,0,0.0371413,1,7.57624e-10,2.00152e-10,3.19029e-10,4.78711e-10,5.86807e-10,1,1.55543e-09
18028,0,12,1385.92,13,1416.59,0,2,0,0.0371228,1,3.37995e-09,8.92691e-10,1.42302e-09,2.13546e-09,2.61776e-09,1,6.94018e-09
18029,0,12,1385.92,13,1416.59,0,2,0,0.0371042,1,1.4642e-08,3.86611e-09,6.16348e-09,9.24996e-09,1.13396e-08,1,3.00692e-08
18030,0,12,1385.92,13,1416.59,0,2,0,0.0370857,1,6.16273e-08,1.62679e-08,2.59373e-08,3.8929e-08,4.77253e-08,1,1.26578e-07
18031,0,12,1385.92,13,1416.59,0,2,9,0.0370671,1,2.52162e-07,6.65462e-08,1.0611e-07,1.59272e-07,1.95269e-07,0.999999,5.17997e-07
18032,0,12,1385.92,13,1416.59,0,2,0,0.0370486,1,1.32178e-09,3.48729e-10,5.5611e-10,8.34796e-10,1.02351e-09,1,2.71563e-09
18033,0,12,1385.92,13,1416.59,0,2,0,0.0370301,1,5.83847e-09,1.53997e-09,2.45598e-09,3.68706e-09,4.52073e-09,1,1.1997e-08
18034,0,12,1385.92,13,1416.59,0,2,0,0.0370115,1,2.5047e-08,6.60469e-09,1.05343e-08,1.5816e-08,1.93929e-08,1,5.14745e-08
18035,0,12,1385.92,13,1416.59,0,2,0,0.036993,1,1.04419e-07,2.75272e-08,4.39093e-08,6.59299e-08,8.08437e-08,1,2.14625e-07
18036,0,12,1385.92,13,1416.59,0,2,9,0.0369745,0.999999,4.23274e-07,1.11554e-07,1.7796e-07,2.67229e-07,3.27691e-07,0.999999,8.70127e-07
18037,0,12,1385.92,13,1416.59,0,2,0,0.036956,1,2.18391e-09,5.75418e-10,9.18035e-10,1.37866e-09,1.69066e-09,1,4.49013e-09
18038,0,12,1385.92,13,1416.59,0,2,0,0.0369376,1,9.56148e-09,2.51859e-09,4.01859e-09,6.03541e-09,7.40156e-09,1,1.96613e-08
18039,0,12,1385.92,13,1416.59,0,2,9,0.0369191,1,4.06639e-08,1.07084e-08,1.70877e-08,2.56656e-08,3.14764e-08,1,8.36293e-08
18040,0,12,1385.92,13,1416.59,0,2,0,0.0369006,1,2.19039e-10,5.76664e-11,9.20281e-11,1.38237e-10,1.69542e-10,1,4.50541e-10
18041,0,12,1385.92,13,1416.59,0,2,0,0.0368822,1,1.00432e-09,2.64337e-10,4.21887e-10,6.33774e-10,7.77328e-10,1,2.06608e-09
18042,0,12,1385.92,13,1416.59,0,2,0,0.0368637,1,4.4691e-09,1.17595e-09,1.87701e-09,2.81995e-09,3.45883e-09,1,9.19512e-09
18043,0,12,1385.92,13,1416.59,0,2,0,0.0368453,1,1.93117e-08,5.08012e-09,8.10949e-09,1.21844e-08,1.49454e-08,1,3.97394e-08
18044,0,12,1385.92,13,1416.59,0,2,0,0.0368269,1,8.10829e-08,2.13239e-08,3.40429e-08,5.1153e-08,6.27472e-08,1,1.66875e-07
18045,1,12,1385.92,13,1416.59,0,2,0,0.0368085,0.999999,3.30972e-07,8.70186e-08,1.38935e-07,2.08782e-07,2.56114e-07,0.999999,6.81266e-07
18046,1,12,1385.92,13,1416.59,0,2,0,0.0367901,1,3.22465e-18,4.9017e-18,6.39374e-18,5.65565e-18,2.96558e-18,1,2.17903e-18
18047,1,12,1385.92,13,1416.59,0,2,0,0.0367717,1,1.25071e-17,1.90133e-17,2.48021e-17,2.19386e-17,1.15022e-17,1,8.45095e-18
18048,1,12,1385.92,13,1416.59,0,2,0,0.0367533,1,4.72305e-17,7.18058e-17,9.36728e-17,8.28561e-17,4.3435e-17,1,3.19109e-17
18049,1,12,1385.92,14,1422.46,0,2,9,0.0367349,1,1.73743e-16,2.64169e-16,3.44634e-16,3.04832e-16,1.59779e-16,1,1.17379e-16
18050,1,12,1385.92,14,1422.46,0,2,0,0.0367166,1,8.01029e-19,1.21803e-18,1.58912e-18,1.40557e-18,7.3664e-19,1,5.41128e-19
18051,1,12,1385.92,14,1422.46,0,2,0,0.0366982,1,3.19518e-18,4.85893e-18,6.33963e-18,5.60725e-18,2.9383e-18,1,2.15832e-18
18052,0,12,1385.92,13,1435.71,0,2,13,0.0366798,1,1.2402e-17,1.88614e-17,2.46105e-17,2.17669e-17,1.14048e-17,1,8.37682e-18
18053,0,12,1385.92,13,1435.71,0,2,0,0.0366615,0.999998,1.38948e-06,3.6454e-07,5.82467e-07,8.7584e-07,1.07475e-06,0.999995,2.86333e-06
18054,0,12,1385.92,13,1435.71,0,2,0,0.0366432,0.999991,5.37185e-06,1.40896e-06,2.25147e-06,3.38573e-06,4.15483e-06,0.999981,1.10714e-05
18055,0,12,1385.92,13,1435.71,0,2,0,0.0366249,0.999966,2.02232e-05,5.30285e-06,8.47455e-06,1.27446e-05,1.56403e-05,0.99993,4.1685e-05
18056,0,12,1385.92,13,1424.39,0,2,13,0.0366065,0.999875,7.4172e-05,1.94439e-05,3.10764e-05,4.67343e-05,5.73551e-05,0.999743,0.000152894
18057,0,12,1385.92,13,1424.39,0,2,0,0.0365882,1,1.74664e-08,4.57751e-09,7.31675e-09,1.10057e-08,1.35073e-08,1,3.60142e-08
18058,0,12,1385.92,13,1424.39,0,2,0,0.0365699,1,7.37044e-08,1.9311e-08,3.08698e-08,4.64373e-08,5.69953e-08,1,1.51994e-07
18059,0,12,1385.92,13,1424.39,0,2,0,0.0365517,0.999999,3.0234e-07,7.91934e-08,1.26608e-07,1.90471e-07,2.33786e-07,0.999999,6.2358e-07
18060,0,12,1385.92,13,1424.39,0,2,0,0.0365334,0.999998,1.20629e-06,3.15885e-07,5.05056e-07,7.59877e-07,9.3272e-07,0.999996,2.48834e-06
18061,0,12,1385.92,13,1424.39,0,2,9,0.0365151,0.999992,4.68379e-06,1.22619e-06,1.9607e-06,2.95018e-06,3.62137e-06,0.999984,9.66313e-06
18062,0,12,1385.92,13,1424.39,0,2,0,0.0364969,1,2.24099e-08,5.86522e-09,9.37945e-09,1.41141e-08,1.73259e-08,1,4.62409e-08
18063,0,12,1385.92,13,1424.39,0,2,9,0.0364786,1,9.42017e-08,2.46483e-08,3.94204e-08,5.93243e-08,7.28272e-08,1,1.94406e-07
18064,0,12,1385.92,13,1424.39,0,2,0,0.0364604,1,4.85876e-10,1.27098e-10,2.03288e-10,3.05956e-10,3.75611e-10,1,1.00286e-09
18065,0,12,1385.92,13,1424.39,0,2,0,0.0364421,1,2.20437e-09,5.76475e-10,9.22138e-10,1.38797e-09,1.70402e-09,1,4.55053e-09
18066,0,12,1385.92,13,1424.39,0,2,0,0.0364239,1,9.70808e-09,2.53812e-09,4.0604e-09,6.11206e-09,7.50416e-09,1,2.00435e-08
18067,0,12,1385.92,13,1424.39,0,2,0,0.0364057,1,4.15265e-08,1.0854e-08,1.73654e-08,2.6142e-08,3.20975e-08,1,8.57488e-08
18068,0,12,1385.92,13,1424.39,0,2,0,0.0363875,1,1.72628e-07,4.51084e-08,7.21764e-08,1.08664e-07,1.33425e-07,0.999999,3.56515e-07
18069,0,12,1385.92,13,1424.39,0,2,0,0.0363693,0.999999,6.97811e-07,1.82292e-07,2.91706e-07,4.39209e-07,5.39311e-07,0.999998,1.44134e-06
18070,0,12,1385.92,13,1424.39,0,2,9,0.0363511,0.999995,2.74438e-06,7.16732e-07,1.14703e-06,1.72717e-06,2.12091e-06,0.99999,5.66936e-06
18071,0,12,1385.92,13,1424.39,0,2,0,0.0363329,1,1.31375e-08,3.43011e-09,5.48994e-09,8.26733e-09,1.01524e-08,1,2.71436e-08
18072,0,12,1385.92,13,1424.39,0,2,9,0.0363148,1,5.59209e-08,1.45967e-08,2.33644e-08,3.51875e-08,4.32125e-08,1,1.15556e-07
18073,0,12,1385.92,13,1424.39,0,2,0,0.0362966,1,2.88505e-10,7.52864e-11,1.2052e-10,1.81521e-10,2.22929e-10,1,5.9626e-10
18074,0,12,1385.92,13,1424.39,0,2,9,0.0362785,1,1.3251e-09,3.45696e-10,5.53448e-10,8.33645e-10,1.02386e-09,1,2.73901e-09
18075,0,12,1385.92,13,1424.39,0,2,0,0.0362603,1,7.34585e-12,1.91589e-12,3.06757e-12,4.621e-12,5.67559e-12,1,1.51863e-11
18076,0,12,1385.92,13,1424.39,0,2,0,0.0362422,1,3.62991e-11,9.46472e-12,1.51556e-11,2.28323e-11,2.80441e-11,1,7.50529e-11
18077,0,12,1385.92,13,1424.39,0,2,9,0.0362241,1,1.73821e-10,4.53104e-11,7.2561e-11,1.09324e-10,1.34285e-10,1,3.59449e-10
18078,0,12,1385.92,13,1418.77,0,2,13,0.036206,1,9.99786e-13,2.60547e-13,4.17284e-13,6.28753e-13,7.7234e-13,1,2.06778e-12
18079,0,12,1385.92,13,1418.77,0,2,0,0.0361879,1,3.24578e-16,8.45631e-17,1.35447e-16,2.04104e-16,2.50726e-16,1,6.71399e-16
18080,0,12,1385.92,13,1418.77,0,2,0,0.0361698,1,1.95791e-15,5.09961e-16,8.16893e-16,1.23108e-15,1.51234e-15,1,4.05058e-15
18081,0,12,1385.92,13,1418.3,0,2,13,0.0361517,1,1.14e-14,2.96846e-15,4.75555e-15,7.16731e-15,8.80518e-15,1,2.3588e-14
18082,0,12,1385.92,13,1418.3,0,2,9,0.0361336,1,4.02307e-18,1.0473e-18,1.67795e-18,2.52913e-18,3.10721e-18,1,8.32548e-18
18083,0,12,1385.92,13,1418.3,0,2,0,0.0361155,1,3.25943e-20,8.48274e-21,1.35921e-20,2.04887e-20,2.51728e-20,1,6.74616e-20
18084,0,12,1385.92,13,1418.3,0,2,0,0.0360975,1,2.36142e-19,6.144e-20,9.84562e-20,1.48424e-19,1.82365e-19,1,4.88823e-19
18085,0,12,1385.92,13,1418.3,0,2,0,0.0360794,1,1.64539e-18,4.27985e-19,6.85901e-19,1.03409e-18,1.27061e-18,1,3.40651e-18
18086,0,12,1385.92,13,1418.3,0,2,0,0.0360614,1,1.10347e-17,2.86949e-18,4.59916e-18,6.93446e-18,8.52088e-18,1,2.28489e-17
18087,0,12,1385.92,13,1418.3,0,2,0,0.0360434,1,7.12822e-17,1.85314e-17,2.97045e-17,4.47912e-17,5.50405e-17,1,1.47621e-16
18088,0,12,1385.92,13,1418.3,0,2,0,0.0360254,1,4.43865e-16,1.15361e-16,1.84934e-16,2.78883e-16,3.42712e-16,1,9.19353e-16
18089,0,12,1385.92,13,1418.3,0,2,0,0.0360073,1,2.66615e-15,6.92752e-16,1.11064e-15,1.675e-15,2.05846e-15,1,5.52306e-15
18090,0,12,1385.92,13,1418.3,0,2,0,0.0359893,1,1.54595e-14,4.01578e-15,6.43884e-15,9.71148e-15,1.19352e-14,1,3.20297e-14
18091,0,12,1385.92,13,1418.3,0,2,0,0.0359713,1,8.65929e-14,2.24875e-14,3.60595e-14,5.43917e-14,6.68489e-14,1,1.79434e-13
18092,0,12,1385.92,13,1418.3,0,2,0,0.0359534,1,4.68863e-13,1.21727e-13,1.95212e-13,2.9448e-13,3.61939e-13,1,9.71698e-13
18093,0,12,1385.92,13,1418.3,0,2,0,0.0359354,1,2.45571e-12,6.37385e-13,1.02226e-12,1.54222e-12,1.89559e-12,1,5.0901e-12
18094,0,12,1385.92,13,1417.39,0,2,13,0.0359174,1,1.24498e-11,3.2305e-12,5.18169e-12,7.81793e-12,9.60963e-12,1,2.58092e-11
18095,0,12,1385.92,13,1417.39,0,2,9,0.0358995,1,3.74059e-15,9.70352e-16,1.55658e-15,2.34871e-15,2.8871e-15,1,7.7556e-15
18096,0,12,1385.92,13,1413.19,0,2,13,0.0358815,1,2.60853e-17,6.765e-18,1.0853e-17,1.63774e-17,2.01324e-17,1,5.40922e-17
18097,0,12,1385.92,13,1413.19,0,2,0,0.0358636,1,1.0119e-20,2.62358e-21,4.20939e-21,6.35255e-21,7.80938e-21,1,2.09866e-20
18098,0,12,1385.92,13,1413.19,0,2,0,0.0358456,1,7.52595e-20,1.95074e-20,3.13015e-20,4.72421e-20,5.80786e-20,1,1.56109e-19
18099,0,12,1385.92,13,1412.86,0,2,13,0.0358277,1,5.38047e-19,1.39425e-19,2.23742e-19,3.37713e-19,4.15196e-19,1,1.11622e-18
18100,0,12,1385.92,13,1412.55,0,2,13,0.0358098,1,2.24234e-22,5.80903e-23,9.32293e-23,1.40731e-22,1.73026e-22,1,4.65258e-22
18101,0,12,1385.92,13,1412.55,0,2,0,0.0357919,1,1.08836e-25,2.81876e-26,4.52426e-26,6.82998e-26,8.39769e-26,1,2.25854e-25
18102,0,12,1385.92,13,1410.52,0,2,13,0.035774,1,1.01617e-24,2.63109e-25,4.22345e-25,6.37639e-25,7.84031e-25,1,2.10905e-24
18103,0,12,1385.92,13,1410.52,0,2,0,0.0357561,1,5.46962e-28,1.41582e-28,2.2729e-28,3.43181e-28,4.21988e-28,1,1.13538e-27
18104,0,12,1385.92,13,1410.52,0,2,0,0.0357382,1,5.67373e-27,1.46826e-27,2.3573e-27,3.55955e-27,4.37713e-27,1,1.17792e-26
18105,0,12,1385.92,13,1410.52,0,2,9,0.0357204,1,5.62027e-26,1.45403e-26,2.33468e-26,3.52568e-26,4.33566e-26,1,1.16699e-25
18106,0,12,1385.92,13,1410.52,0,2,0,0.0357025,1,6.3484e-28,1.64196e-28,2.63669e-28,3.98208e-28,4.89711e-28,1,1.31837e-27
18107,0,12,1385.92,13,1410.52,0,2,0,0.0356846,1,6.57023e-27,1.69888e-27,2.72834e-27,4.12083e-27,5.06796e-27,1,1.36464e-26
18108,0,12,1385.92,13,1407.15,0,2,13,0.0356668,1,6.4937e-26,1.67864e-26,2.69609e-26,4.07246e-26,5.00868e-26,1,1.34894e-25
18109,0,12,1385.92,13,1407.15,0,2,0,0.035649,1,3.65292e-29,9.44033e-30,1.51637e-29,2.29068e-29,2.8174e-29,1,7.58937e-29
18110,0,12,1385.92,13,1407.15,0,2,0,0.0356311,1,4.00313e-28,1.03426e-28,1.66146e-28,2.51006e-28,3.08735e-28,1,8.31819e-28
18111,0,12,1385.92,13,1407.15,0,2,9,0.0356133,1,4.18469e-27,1.08087e-27,1.7365e-27,2.62365e-27,3.22721e-27,1,8.69672e-27
18112,0,12,1385.92,13,1407.15,0,2,0,0.0355955,1,4.9428e-29,1.27634e-29,2.05073e-29,3.09867e-29,3.81166e-29,1,1.02737e-28
18113,0,12,1385.92,13,1407.15,0,2,0,0.0355777,1,5.38788e-28,1.39089e-28,2.235e-28,3.37738e-28,4.15466e-28,1,1.12005e-27
18114,0,12,1385.92,13,1407.15,0,2,9,0.0355599,1,5.60289e-27,1.44601e-27,2.32378e-27,3.51183e-27,4.32024e-27,1,1.16492e-26
18115,0,12,1385.92,13,1407.15,0,2,9,0.0355422,1,6.55754e-29,1.69193e-29,2.71924e-29,4.10981e-29,5.05608e-29,1,1.3636e-28
18116,0,12,1385.92,13,1407.15,0,2,9,0.0355244,1,8.37209e-31,2.15952e-31,3.47107e-31,5.24656e-31,6.45483e-31,1,1.74118e-30
18117,0,12,1385.92,13,1407.15,0,2,0,0.0355066,1,1.16397e-32,3.00157e-33,4.825e-33,7.29363e-33,8.9737e-33,1,2.42113e-32
18118,0,12,1385.92,13,1407.15,0,2,0,0.0354889,1,1.4987e-31,3.86369e-32,6.21143e-32,9.39018e-32,1.15537e-31,1,3.11783e-31
18119,0,12,1385.92,13,1407.15,0,2,0,0.0354711,1,1.83486e-30,4.72904e-31,7.60333e-31,1.14953e-30,1.41445e-30,1,3.81773e-30
18120,0,12,1385.92,13,1407.15,0,2,9,0.0354534,1,2.13817e-29,5.50928e-30,8.85863e-30,1.33943e-29,1.64818e-29,1,4.44947e-29
18121,0,12,1385.92,13,1407.15,0,2,0,0.0354357,1,2.77537e-31,7.14916e-32,1.14966e-31,1.73844e-31,2.13924e-31,1,5.7763e-31
18122,0,12,1385.92,13,1407.15,0,2,0,0.0354179,1,3.3589e-30,8.64994e-31,1.39113e-30,2.10375e-30,2.58888e-30,1,6.99181e-30
18123,0,12,1385.92,13,1407.15,0,2,0,0.0354002,1,3.8701e-29,9.96371e-30,1.60257e-29,2.4237e-29,2.98274e-29,1,8.05711e-29
18124,0,12,1385.92,13,1407.15,0,2,9,0.0353825,1,4.24934e-28,1.09371e-28,1.7593e-28,2.66096e-28,3.27485e-28,1,8.84793e-28
18125,0,12,1385.92,13,1407.15,0,2,0,0.0353648,1,5.17517e-30,1.33164e-30,2.14223e-30,3.24041e-30,3.98816e-30,1,1.07773e-29
18126,0,12,1385.92,13,1407.15,0,2,0,0.0353472,1,5.91588e-29,1.52182e-29,2.44841e-29,3.70386e-29,4.55874e-29,1,1.23216e-28
18127,0,12,1385.92,13,1407.15,0,2,0,0.0353295,1,6.44548e-28,1.65761e-28,2.66712e-28,4.03506e-28,4.96659e-28,1,1.34266e-27
18128,0,12,1385.92,13,1407.15,0,2,0,0.0353118,1,6.69955e-27,1.72248e-27,2.77177e-27,4.19372e-27,5.16209e-27,1,1.39579e-26
18129,0,12,1385.92,13,1407.15,0,2,0,0.0352942,1,6.6496e-26,1.70917e-26,2.75062e-26,4.16206e-26,5.12334e-26,1,1.38559e-25
18130,0,12,1385.92,13,1407.15,0,2,0,0.0352765,1,6.30814e-25,1.62097e-25,2.60891e-25,3.94797e-25,4.86e-25,1,1.31463e-24
18131,0,12,1385.92,13,1407.15,0,2,0,0.0352589,1,5.72469e-24,1.47064e-24,2.36719e-24,3.58248e-24,4.41026e-24,1,1.19322e-23
18132,0,12,1385.92,13,1407.15,0,2,9,0.0352413,1,4.97427e-23,1.27752e-23,2.05652e-23,3.11258e-23,3.83194e-23,1,1.03696e-22
18133,0,12,1385.92,13,1407.15,0,2,0,0.0352236,1,4.76457e-25,1.22333e-25,1.96948e-25,2.98108e-25,3.67021e-25,1,9.93387e-25
18134,0,12,1385.92,13,1407.15,0,2,9,0.035206,1,4.35086e-24,1.1168e-24,1.79815e-24,2.72198e-24,3.35135e-24,1,9.07265e-24
18135,0,12,1385.92,13,1407.15,0,2,0,0.0351884,1,4.36356e-26,1.11976e-26,1.80308e-26,2.72967e-26,3.36095e-26,1,9.10046e-26
18136,0,12,1385.92,13,1407.15,0,2,9,0.0351708,1,4.17969e-25,1.07228e-25,1.7268e-25,2.6144e-25,3.21917e-25,1,8.71828e-25
18137,0,12,1385.92,13,1407.15,0,2,0,0.0351532,1,4.38101e-27,1.12362e-27,1.80965e-27,2.74007e-27,3.37404e-27,1,9.13954e-27
18138,0,12,1385.92,13,1407.15,0,2,9,0.0351357,1,4.39379e-26,1.12659e-26,1.81461e-26,2.7478e-26,3.38371e-26,1,9.16754e-26
18139,0,12,1385.92,13,1407.15,0,2,9,0.0351181,1,4.8046e-28,1.23159e-28,1.98392e-28,3.00444e-28,3.69989e-28,1,1.00262e-27
18140,0,12,1385.92,13,1407.15,0,2,0,0.0351005,1,5.73882e-30,1.47067e-30,2.36926e-30,3.58829e-30,4.41907e-30,1,1.19775e-29
18141,0,12,1385.92,13,1407.15,0,2,9,0.035083,1,6.56848e-29,1.68282e-29,2.7113e-29,4.10667e-29,5.05768e-29,1,1.37111e-28
18142,0,12,1385.92,13,1407.15,0,2,0,0.0350654,1,8.14252e-31,2.08552e-31,3.36043e-31,5.09029e-31,6.26934e-31,1,1.69992e-30
18143,0,12,1385.92,13,1407.15,0,2,0,0.0350479,1,9.69144e-30,2.48156e-30,3.99896e-30,6.05803e-30,7.46155e-30,1,2.02359e-29
18144,0,12,1385.92,13,1407.15,0,2,0,0.0350304,1,1.09853e-28,2.81209e-29,4.53205e-29,6.86616e-29,8.45726e-29,1,2.29409e-28
18145,0,12,1385.92,13,1407.15,0,2,0,0.0350129,1,1.187e-27,3.03773e-28,4.89615e-28,7.41841e-28,9.13787e-28,1,2.4792e-27
18146,0,12,1385.92,13,1407.15,0,2,0,0.0349954,1,1.22381e-26,3.13108e-27,5.0471e-27,7.64775e-27,9.42076e-27,1,2.55646e-26
18147,0,12,1385.92,13,1407.15,0,2,0,0.0349779,1,1.20505e-25,3.08226e-26,4.96887e-26,7.52985e-26,9.27591e-26,1,2.51766e-25
18148,0,12,1385.92,13,1407.15,0,2,9,0.0349604,1,1.13429e-24,2.90047e-25,4.67626e-25,7.08702e-25,8.73075e-25,1,2.37016e-24
18149,0,12,1385.92,13,1407.15,0,2,9,0.0349429,1,1.14987e-26,2.93952e-27,4.73967e-27,7.1837e-27,8.85023e-27,1,2.40308e-26
18150,0,12,1385.92,13,1407.15,0,2,0,0.0349254,1,1.27518e-28,3.25897e-29,5.25525e-29,7.96581e-29,9.81419e-29,1,2.66535e-28
18151,0,12,1385.92,13,1407.15,0,2,0,0.034908,1,1.37564e-27,3.51474e-28,5.66824e-28,8.59252e-28,1.05868e-27,1,2.87575e-27
18152,0,12,1385.92,13,1407.15,0,2,0,0.0348905,1,1.41604e-26,3.61698e-27,5.83368e-27,8.84406e-27,1.08971e-26,1,2.96064e-26
18153,0,12,1385.92,13,1407.15,0,2,9,0.0348731,1,1.39216e-25,3.55502e-26,5.7343e-26,8.69412e-26,1.07128e-25,1,2.91115e-25
18154,0,12,1385.92,13,1407.15,0,2,0,0.0348556,1,1.46281e-27,3.73441e-28,6.02422e-28,9.13445e-28,1.12559e-27,1,3.05934e-27
18155,0,12,1385.92,13,1407.15,0,2,9,0.0348382,1,1.50494e-26,3.84092e-27,6.19663e-27,9.39665e-27,1.15795e-26,1,3.14792e-26
18156,0,12,1385.92,13,1407.15,0,2,0,0.0348208,1,1.64878e-28,4.20687e-29,6.78769e-29,1.02938e-28,1.26855e-28,1,3.4493e-28
18157,0,12,1385.92,13,1407.15,0,2,0,0.0348034,1,1.77199e-27,4.52001e-28,7.29363e-28,1.1062e-27,1.36328e-27,1,3.7076e-27
18158,0,12,1385.92,13,1407.15,0,2,0,0.034786,1,1.81733e-26,4.63438e-27,7.4789e-27,1.13439e-26,1.39808e-26,1,3.80302e-26
18159,1,12,1385.92,13,1407.15,0,2,9,0.0347686,1,1.78024e-25,4.53857e-26,7.32498e-26,1.11114e-25,1.36948e-25,1,3.72597e-25
18160,1,12,1385.92,13,1407.15,0,2,0,0.0347512,1,1.04288e-21,1.60064e-21,2.10069e-21,1.85304e-21,9.57294e-22,1,6.98411e-22
18161,1,12,1385.92,13,1407.15,0,2,9,0.0347338,1,4.80416e-21,7.37417e-21,9.67847e-21,8.53728e-21,4.40984e-21,1,3.21708e-21
18162,1,12,1385.92,13,1407.15,0,2,0,0.0347164,1,2.37482e-23,3.64555e-23,4.78499e-23,4.2207e-23,2.17987e-23,1,1.59016e-23
18163,1,12,1385.92,13,1407.15,0,2,0,0.0346991,1,1.17935e-22,1.81056e-22,2.37659e-22,2.09628e-22,1.08252e-22,1,7.89625e-23
18164,1,12,1385.92,13,1407.15,0,2,9,0.0346817,1,5.67442e-22,8.71222e-22,1.14365e-21,1.00874e-21,5.20848e-22,1,3.79897e-22
18165,1,12,1385.92,13,1407.15,0,2,0,0.0346644,1,2.91528e-24,4.47637e-24,5.87643e-24,5.18311e-24,2.67587e-24,1,1.95161e-24
18166,1,12,1385.92,13,1407.15,0,2,9,0.0346471,1,1.50967e-23,2.31827e-23,3.04352e-23,2.68438e-23,1.38567e-23,1,1.01056e-23
18167,1,12,1385.92,13,1407.15,0,2,0,0.0346297,1,8.31285e-26,1.27664e-25,1.67612e-25,1.4783e-25,7.62996e-26,1,5.56411e-26
18168,1,12,1385.92,13,1407.15,0,2,0,0.0346124,1,4.62005e-25,7.09583e-25,9.3167e-25,8.21697e-25,4.24046e-25,1,3.09214e-25
18169,1,12,1385.92,13,1407.15,0,2,0,0.0345951,1,2.48223e-24,3.81272e-24,5.00631e-24,4.41528e-24,2.27825e-24,1,1.66119e-24
18170,1,12,1385.92,13,1407.15,0,2,9,0.0345778,1,1.2901e-23,1.98178e-23,2.60233e-23,2.29505e-23,1.18408e-23,1,8.63318e-24
18171,1,12,1385.92,13,1407.15,0,2,9,0.0345605,1,7.09045e-26,1.08929e-25,1.43045e-25,1.26152e-25,6.50763e-26,1,4.74446e-26
18172,1,12,1385.92,13,1407.15,0,2,9,0.0345433,1,4.31456e-28,6.62891e-28,8.70553e-28,7.67728e-28,3.95985e-28,1,2.88679e-28
18173,1,12,1385.92,13,1407.15,0,2,0,0.034526,1,2.90092e-30,4.45737e-30,5.85405e-30,5.16249e-30,2.6624e-30,1,1.94081e-30
18174,1,12,1385.92,13,1407.15,0,2,0,0.0345087,1,1.97698e-29,3.03796e-29,3.99009e-29,3.51865e-29,1.8144e-29,1,1.32256e-29
18175,1,12,1385.92,13,1407.15,0,2,0,0.0344915,1,1.29721e-28,1.99355e-28,2.6185e-28,2.30907e-28,1.19052e-28,1,8.6774e-29
18176,1,12,1385.92,13,1407.15,0,2,0,0.0344742,1,8.20143e-28,1.2605e-27,1.65574e-27,1.46005e-27,7.52677e-28,1,5.48574e-28
18177,1,12,1385.92,13,1407.15,0,2,0,0.034457,1,4.99985e-27,7.6851e-27,1.00954e-26,8.90198e-27,4.5885e-27,1,3.34402e-27
18178,1,12,1385.92,13,1407.15,0,2,0,0.0344398,1,2.94122e-26,4.52124e-26,5.93954e-26,5.23731e-26,2.6992e-26,1,1.96701e-26
18179,1,12,1385.92,13,1407.15,0,2,0,0.0344225,1,1.67073e-25,2.56847e-25,3.37438e-25,2.97536e-25,1.53323e-25,1,1.11725e-25
18180,1,12,1385.92,13,1407.15,0,2,9,0.0344053,1,9.17058e-25,1.40994e-24,1.85244e-24,1.63335e-24,8.41572e-25,1,6.13208e-25
18181,1,12,1385.92,13,1407.15,0,2,9,0.0343881,1,5.24509e-27,8.06482e-27,1.05965e-26,9.34303e-27,4.81328e-27,1,3.50696e-27
18182,1,12,1385.92,13,1407.15,0,2,9,0.0343709,1,3.31878e-29,5.10337e-29,6.70576e-29,5.91241e-29,3.04551e-29,1,2.21882e-29
18183,1,12,1385.92,13,1407.15,0,2,0,0.0343537,1,2.31848e-31,3.5655e-31,4.68527e-31,4.13088e-31,2.12755e-31,1,1.54994e-31
18184,1,12,1385.92,13,1407.15,0,2,9,0.0343366,1,1.66302e-30,2.55772e-30,3.36117e-30,2.96338e-30,1.52605e-30,1,1.11167e-30
18185,1,12,1385.92,13,1407.15,0,2,9,0.0343194,1,1.22965e-32,1.89136e-32,2.48563e-32,2.19141e-32,1.12836e-32,1,8.21913e-33
18186,1,12,1385.92,13,1407.15,0,2,0,0.0343022,1,1.00076e-34,1.53942e-34,2.02321e-34,1.78369e-34,9.18301e-35,1,6.68862e-35
18187,1,12,1385.92,13,1407.15,0,2,0,0.0342851,1,8.37162e-34,1.28788e-33,1.69272e-33,1.49229e-33,7.68176e-34,1,5.5948e-34
18188,1,12,1385.92,13,1407.15,0,2,0,0.0342679,1,6.71541e-33,1.03318e-32,1.35803e-32,1.1972e-32,6.16193e-33,1,4.48759e-33
18189,1,12,1385.92,13,1407.15,0,2,0,0.0342508,1,5.16984e-32,7.95459e-32,1.04562e-31,9.21771e-32,4.74368e-32,1,3.45449e-32
18190,1,12,1385.92,13,1407.15,0,2,0,0.0342337,1,3.82276e-31,5.88241e-31,7.73279e-31,6.81671e-31,3.50759e-31,1,2.55417e-31
18191,1,12,1385.92,13,1407.15,0,2,0,0.0342166,1,2.71719e-30,4.18153e-30,5.49718e-30,4.84583e-30,2.49313e-30,1,1.81534e-30
18192,1,12,1385.92,13,1407.15,0,2,0,0.0341995,1,1.85799e-29,2.85955e-29,3.75946e-29,3.31394e-29,1.70476e-29,1,1.24122e-29
18193,1,12,1385.92,13,1407.15,0,2,0,0.0341824,1,1.22316e-28,1.88267e-28,2.47529e-28,2.1819e-28,1.12227e-28,1,8.17062e-29
18194,1,12,1385.92,13,1407.15,0,2,0,0.0341653,1,7.75827e-28,1.19424e-27,1.57025e-27,1.3841e-27,7.11821e-28,1,5.18205e-28
18195,1,12,1385.92,13,1407.15,0,2,0,0.0341482,1,4.74468e-27,7.3042e-27,9.60444e-27,8.46567e-27,4.35318e-27,1,3.16891e-27
18196,1,12,1385.92,13,1407.15,0,2,9,0.0341311,1,2.79979e-26,4.31051e-26,5.66828e-26,4.99609e-26,2.56873e-26,1,1.8698e-26
18197,1,12,1385.92,13,1407.15,0,2,0,0.034114,1,1.6818e-28,2.5895e-28,3.40536e-28,3.00145e-28,1.54298e-28,1,1.12308e-28
18198,1,12,1385.92,13,1407.15,0,2,0,0.034097,1,1.06052e-27,1.63303e-27,2.14766e-27,1.89289e-27,9.72965e-28,1,7.08138e-28
18199,1,12,1385.92,13,1407.15,0,2,0,0.0340799,1,6.44868e-27,9.93085e-27,1.30611e-26,1.15114e-26,5.91622e-27,1,4.30564e-27
18200,1,12,1385.92,13,1407.15,0,2,0,0.0340629,1,3.78399e-26,5.82777e-26,7.66515e-26,6.75553e-26,3.47149e-26,1,2.52628e-26
18201,1,12,1385.92,13,1407.15,0,2,9,0.0340459,1,2.14417e-25,3.30255e-25,4.34402e-25,3.82843e-25,1.96707e-25,1,1.43139e-25
18202,1,12,1385.92,13,1407.15,0,2,9,0.0340288,1,1.22934e-27,1.89365e-27,2.49095e-27,2.19525e-27,1.12778e-27,1,8.20605e-28
18203,1,12,1385.92,13,1407.15,0,2,0,0.0340118,1,7.79701e-30,1.20114e-29,1.5801e-29,1.39249e-29,7.15279e-30,1,5.20425e-30
18204,1,12,1385.92,13,1407.15,0,2,0,0.0339948,1,5.2286e-29,8.05543e-29,1.05975e-28,9.339e-29,4.79652e-29,1,3.48964e-29
18205,1,12,1385.92,13,1407.15,0,2,0,0.0339778,1,3.37696e-28,5.20315e-28,6.84548e-28,6.03243e-28,3.09784e-28,1,2.25365e-28
18206,1,12,1385.92,13,1407.15,0,2,0,0.0339608,1,2.10219e-27,3.23929e-27,4.26198e-27,3.75569e-27,1.92841e-27,1,1.40281e-27
18207,1,12,1385.92,13,1407.15,0,2,9,0.0339439,1,1.26224e-26,1.94517e-26,2.55942e-26,2.25533e-26,1.15787e-26,1,8.42235e-27
18208,1,12,1385.92,13,1407.15,0,2,0,0.0339269,1,7.59688e-29,1.17082e-28,1.54063e-28,1.35755e-28,6.96865e-29,1,5.06866e-29
18209,1,12,1385.92,13,1407.15,0,2,0,0.0339099,1,4.87262e-28,7.51023e-28,9.88294e-28,8.7083e-28,4.46961e-28,1,3.25077e-28
18210,1,12,1385.92,13,1407.15,0,2,0,0.033893,1,3.0127e-27,4.64391e-27,6.1114e-27,5.3849e-27,2.76347e-27,1,2.00976e-27
18211,1,12,1385.92,13,1407.15,0,2,0,0.033876,1,1.79692e-26,2.7701e-26,3.64566e-26,3.2122e-26,1.64825e-26,1,1.19863e-26
18212,1,12,1385.92,13,1407.15,0,2,0,0.0338591,1,1.03465e-25,1.59514e-25,2.09944e-25,1.84978e-25,9.49032e-26,1,6.90104e-26
18213,1,12,1385.92,13,1407.15,0,2,0,0.0338422,1,5.75511e-25,8.87349e-25,1.16795e-24,1.02903e-24,5.27877e-25,1,3.8383e-25
18214,1,12,1385.92,13,1407.15,0,2,0,0.0338252,1,3.09459e-24,4.7718e-24,6.28108e-24,5.53388e-24,2.83841e-24,1,2.06374e-24
18215,1,12,1385.92,13,1407.15,0,2,0,0.0338083,1,1.60966e-23,2.48229e-23,3.26759e-23,2.87881e-23,1.47639e-23,1,1.07338e-23
18216,1,12,1385.92,13,1407.15,0,2,0,0.0337914,1,8.10466e-23,1.24994e-22,1.64547e-22,1.44965e-22,7.43351e-23,1,5.40402e-23
18217,1,12,1385.92,13,1407.15,0,2,9,0.0337745,1,3.9526e-22,6.09642e-22,8.02599e-22,7.07071e-22,3.62522e-22,1,2.6353e-22
18218,1,12,1385.92,13,1407.15,0,2,0,0.0337576,1,1.91369e-24,2.95189e-24,3.8864e-24,3.42375e-24,1.75516e-24,1,1.2758e-24
18219,1,12,1385.92,13,1407.15,0,2,9,0.0337408,1,1.0054e-23,1.55097e-23,2.04209e-23,1.79895e-23,9.22094e-24,1,6.70217e-24
18220,1,12,1385.92,13,1407.15,0,2,9,0.0337239,1,5.22165e-26,8.05587e-26,1.06074e-25,9.34418e-26,4.78893e-26,1,3.48057e-26
18221,1,12,1385.92,13,1407.15,0,2,0,0.033707,1,3.00589e-28,4.63783e-28,6.10709e-28,5.37969e-28,2.75675e-28,1,2.00346e-28
18222,1,12,1385.92,13,1407.15,0,2,0,0.0336902,1,1.87898e-27,2.89936e-27,3.81808e-27,3.36324e-27,1.72321e-27,1,1.25226e-27
18223,1,12,1385.92,13,1407.15,0,2,0,0.0336733,1,1.13281e-26,1.74814e-26,2.3022e-26,2.02789e-26,1.03889e-26,1,7.54914e-27
18224,1,12,1385.92,13,1407.15,0,2,0,0.0336565,1,6.59163e-26,1.0173e-25,1.3398e-25,1.18013e-25,6.045e-26,1,4.39235e-26
18225,1,12,1385.92,13,1407.15,0,2,0,0.0336397,1,3.70451e-25,5.71774e-25,7.53076e-25,6.63316e-25,3.39725e-25,1,2.46832e-25
18226,1,12,1385.92,13,1407.15,0,2,0,0.0336228,1,2.0122e-24,3.10601e-24,4.09111e-24,3.6034e-24,1.84528e-24,1,1.34062e-24
18227,1,12,1385.92,13,1407.15,0,2,0,0.033606,1,1.05708e-23,1.63184e-23,2.14951e-23,1.89321e-23,9.69372e-24,1,7.0422e-24
18228,1,12,1385.92,13,1407.15,0,2,0,0.0335892,1,5.37436e-23,8.29723e-23,1.093e-22,9.62652e-23,4.92836e-23,1,3.58008e-23
18229,1,12,1385.92,13,1407.15,0,2,0,0.0335724,1,2.64612e-22,4.08558e-22,5.38226e-22,4.74028e-22,2.42649e-22,1,1.76255e-22
18230,1,12,1385.92,13,1407.15,0,2,0,0.0335556,1,1.26251e-21,1.94946e-21,2.56832e-21,2.26193e-21,1.1577e-21,1,8.40871e-22
18231,1,12,1385.92,13,1407.15,0,2,9,0.0335389,1,5.84074e-21,9.0196e-21,1.18835e-20,1.04656e-20,5.35577e-21,1,3.88982e-21
18232,1,12,1385.92,13,1407.15,0,2,0,0.0335221,1,2.63398e-23,4.0679e-23,5.35985e-23,4.7202e-23,2.41524e-23,1,1.75404e-23
18233,1,12,1385.92,13,1407.15,0,2,0,0.0335053,1,1.31592e-22,2.03248e-22,2.67814e-22,2.35846e-22,1.20662e-22,1,8.76239e-23
18234,1,12,1385.92,13,1407.15,0,2,0,0.0334886,1,6.36889e-22,9.83777e-22,1.29636e-21,1.1416e-21,5.83979e-22,1,4.24053e-22
18235,1,12,1385.92,13,1407.15,0,2,0,0.0334718,1,2.98803e-21,4.61589e-21,6.08288e-21,5.35655e-21,2.73975e-21,1,1.98933e-21
18236,1,12,1385.92,13,1407.15,0,2,0,0.0334551,1,1.35975e-20,2.10072e-20,2.76852e-20,2.43788e-20,1.24675e-20,1,9.05206e-21
18237,1,12,1385.92,13,1407.15,0,2,0,0.0334384,1,6.00558e-20,9.27899e-20,1.22293e-19,1.07686e-19,5.50638e-20,1,3.99767e-20
18238,1,12,1385.92,13,1407.15,0,2,0,0.0334217,1,2.57587e-19,3.98022e-19,5.24607e-19,4.61932e-19,2.36172e-19,1,1.71451e-19
18239,1,12,1385.92,13,1407.15,0,2,0,0.0334049,1,1.07354e-18,1.65898e-18,2.18671e-18,1.92542e-18,9.84277e-19,1,7.14499e-19
18240,1,12,1385.92,13,1407.15,0,2,0,0.0333882,1,4.35e-18,6.72278e-18,8.86183e-18,7.80272e-18,3.98823e-18,1,2.89492e-18
18241,1,12,1385.92,13,1407.15,0,2,0,0.0333716,1,1.71465e-17,2.65016e-17,3.49358e-17,3.07598e-17,1.57202e-17,1,1.141e-17
18242,1,12,1385.92,13,1407.15,0,2,0,0.0333549,1,6.57832e-17,1.01683e-16,1.34052e-16,1.18025e-16,6.03102e-17,1,4.37715e-17
18243,1,12,1385.92,13,1407.15,0,2,0,0.0333382,1,2.45776e-16,3.79939e-16,5.0091e-16,4.41012e-16,2.25325e-16,1,1.63524e-16
18244,1,12,1385.92,13,1407.15,0,2,0,0.0333215,1,8.94705e-16,1.38322e-15,1.82373e-15,1.60561e-15,8.20241e-16,1,5.95233e-16
18245,1,12,1385.92,13,1407.15,0,2,0,0.0333049,1,3.1751e-15,4.90915e-15,6.47292e-15,5.69861e-15,2.9108e-15,1,2.11217e-15
18246,1,12,1385.92,13,1407.15,0,2,0,0.0332882,1,1.09898e-14,1.69933e-14,2.24076e-14,1.97267e-14,1.00748e-14,1,7.31018e-15
18247,1,12,1385.92,13,1407.15,0,2,0,0.0332716,1,3.7119e-14,5.74012e-14,7.56943e-14,6.66363e-14,3.4028e-14,1,2.46887e-14
18248,1,12,1385.92,13,1407.15,0,2,9,0.0332549,1,1.22401e-13,1.89298e-13,2.49639e-13,2.1976e-13,1.12206e-13,1,8.14049e-14
18249,1,12,1385.92,13,1407.15,0,2,0,0.0332383,1,3.86886e-16,5.98388e-16,7.89176e-16,6.94704e-16,3.54657e-16,1,2.57285e-16
18250,1,12,1385.92,13,1407.15,0,2,0,0.0332217,1,1.39676e-15,2.16053e-15,2.84955e-15,2.50837e-15,1.28039e-15,1,9.28794e-16
18251,1,12,1385.92,13,1407.15,0,2,0,0.0332051,1,4.91668e-15,7.60585e-15,1.0032e-14,8.83062e-15,4.50695e-15,1,3.26914e-15
18252,1,12,1385.92,13,1407.15,0,2,0,0.0331885,1,1.68829e-14,2.61193e-14,3.44528e-14,3.03262e-14,1.54757e-14,1,1.12247e-14
18253,1,12,1385.92,13,1407.15,0,2,9,0.0331719,1,5.658e-14,8.75417e-14,1.15479e-13,1.01645e-13,5.18633e-14,1,3.76144e-14
18254,1,12,1385.92,13,1407.15,0,2,0,0.0331553,1,1.80443e-16,2.7921e-16,3.68334e-16,3.24201e-16,1.65398e-16,1,1.19949e-16
18255,1,12,1385.92,13,1407.15,0,2,0,0.0331387,1,6.61749e-16,1.02405e-15,1.351e-15,1.1891e-15,6.06563e-16,1,4.3986e-16
18256,1,12,1385.92,13,1407.15,0,2,0,0.0331221,1,2.36548e-15,3.66088e-15,4.82997e-15,4.25104e-15,2.16818e-15,1,1.57219e-15
18257,1,12,1385.92,13,1407.15,0,2,0,0.0331056,1,8.24595e-15,1.27628e-14,1.68394e-14,1.48207e-14,7.55803e-15,1,5.48014e-15
18258,1,12,1385.92,13,1407.15,0,2,9,0.033089,1,2.80461e-14,4.34124e-14,5.72824e-14,5.04139e-14,2.57059e-14,1,1.86375e-14
18259,2,12,1385.92,13,1407.15,0,2,9,0.0330725,1,9.0121e-17,1.3951e-16,1.84093e-16,1.62015e-16,8.25999e-17,1,5.98834e-17
18260,2,12,1385.92,13,1407.15,1,2,0,0.0330559,1.30796e-08,1,2.46308e-08,2.10899e-08,3.37422e-06,4.27773e-05,0.999952,1.47053e-06
18261,2,12,1385.92,13,1407.15,1,2,0,0.0330394,2.97705e-08,1,5.60695e-08,4.80075e-08,7.06247e-06,8.95813e-05,0.9999,3.0774e-06
18262,2,12,1385.92,13,1407.15,1,2,0,0.0330229,6.66723e-08,1,1.25586e-07,1.07525e-07,1.45682e-05,0.000184879,0.999794,6.34689e-06
18263,2,12,1385.92,13,1407.15,1,2,0,0.0330064,1.46964e-07,0.999999,2.7686e-07,2.37037e-07,2.96226e-05,0.000376119,0.999581,1.29035e-05
18264,2,12,1385.92,13,1407.15,1,2,0,0.0329899,3.18946e-07,0.999999,6.00927e-07,5.14475e-07,5.93863e-05,0.000754413,0.99916,2.58641e-05
18265,2,12,1385.92,13,1407.15,1,2,0,0.0329734,6.81709e-07,0.999997,1.28457e-06,1.09974e-06,0.00011739,0.00149202,0.998339,5.11176e-05
18266,2,12,1385.92,13,1407.15,1,2,0,0.0329569,1.43545e-06,0.999994,2.70522e-06,2.31589e-06,0.000228783,0.00290929,0.996762,9.96069e-05
18267,2,12,1385.92,13,1407.15,1,2,0,0.0329404,2.97859e-06,0.999987,5.61412e-06,4.806e-06,0.000439429,0.0055908,0.993778,0.000191286
18268,2,12,1385.92,13,1407.15,1,2,0,0.032924,6.09247e-06,0.999973,1.14847e-05,9.83121e-06,0.000831049,0.0105787,0.988229,0.0003617
18269,2,12,1385.92,13,1407.15,1,2,0,0.0329075,1.22873e-05,0.999945,2.31652e-05,1.98294e-05,0.00154469,0.0196729,0.97811,0.000672189
18270,2,12,1385.92,13,1407.15,1,2,0,0.032891,2.44406e-05,0.99989,4.60836e-05,3.94464e-05,0.00281248,0.0358375,0.960126,0.00122368
18271,2,12,1385.92,13,1407.15,1,2,0,0.0328746,4.7959e-05,0.999784,9.04401e-05,7.74121e-05,0.00498804,0.0635915,0.929251,0.00216988
18272,2,12,1385.92,13,1407.15,1,2,0,0.0328582,9.28602e-05,0.999582,0.000175136,0.000149903,0.00854183,0.108954,0.878789,0.00371521
18273,2,12,1385.92,13,1407.15,1,2,0,0.0328417,0.000177446,0.999201,0.000334709,0.000286476,0.0139512,0.178043,0.801939,0.00606699
18274,2,12,1385.92,13,1407.15,1,1,0,0.0328253,0.000334679,0.998494,0.000631371,0.000540371,0.0214186,0.273479,0.69579,0.00931277
18275,2,12,1385.92,13,1407.15,1,1,0,0.0328089,0.000623033,0.997195,0.0011755,0.00100604,0.0238363,0.190932,0.774869,0.0103623
18276,2,12,1385.92,13,1407.15,1,2,0,0.0327925,0.00114451,0.994848,0.00215966,0.00184827,0.025491,0.134192,0.829237,0.0110797
18277,2,12,1385.92,13,1407.15,1,0,0,0.0327761,0.00207353,0.990664,0.00391319,0.00334887,0.0395443,0.208243,0.735028,0.0171852
18278,2,12,1385.92,13,1407.15,1,1,0,0.0327597,0.00370083,0.983336,0.00698515,0.00597763,0.0308438,0.21009,0.741737,0.0173291
18279,2,12,1385.92,13,1407.15,1,2,0,0.0327433,0.00649405,0.970757,0.0122588,0.0104903,0.0332359,0.148322,0.799771,0.0186709
18280,2,12,1385.92,13,1407.15,1,2,0,0.0327269,0.011166,0.949714,0.0210808,0.018039,0.0501889,0.224045,0.697575,0.0281913
18281,2,12,1385.92,13,1407.15,1,2,0,0.0327106,0.0187137,0.915716,0.0353347,0.0302353,0.0707115,0.315752,0.573822,0.0397143
18282,2,12,1385.92,13,1407.15,1,3,0,0.0326942,0.0303365,0.863357,0.0572879,0.0490187,0.0924511,0.412951,0.442679,0.0519181
18283,2,12,1385.92,13,1407.15,1,2,0,0.0326779,0.0470952,0.787853,0.0889466,0.0761053,0.0936991,0.418651,0.448796,0.0388541
18284,2,12,1385.92,13,1407.15,1,1,0,0.0326615,0.0692438,0.688054,0.130794,0.111908,0.114426,0.511412,0.326721,0.0474404
18285,2,12,1385.92,13,1407.15,0,1,0,0.0326452,0.0955265,0.569612,0.180463,0.154399,0.144131,0.3845,0.411624,0.0597454
18286,2,12,1385.92,13,1407.15,2,1,0,0.0326289,0.0710517,0.585078,0.18532,0.15855,0.169829,0.274669,0.485117,0.0703854
18287,2,12,1385.92,13,1407.15,3,2,0,0.0326126,0.0755118,0.622067,0.133891,0.16853,0.188603,0.194386,0.538859,0.0781526
18288,2,12,1385.92,13,1407.15,1,2,0,0.0325963,0.0796449,0.656393,0.141236,0.122727,0.240095,0.247458,0.412975,0.0994721
18289,2,12,1385.92,13,1407.15,0,1,0,0.03258,0.107425,0.536505,0.190521,0.165549,0.286469,0.295256,0.29961,0.118664
18290,2,12,1385.92,13,1407.15,1,2,0,0.0325637,0.079579,0.553292,0.196441,0.170688,0.323227,0.20485,0.338056,0.133867
18291,2,12,1385.92,13,1407.15,3,2,0,0.0325474,0.101328,0.431125,0.250175,0.217372,0.37176,0.235587,0.238713,0.15394
18292,2,12,1385.92,13,1407.15,0,0,0,0.0325311,0.109354,0.465407,0.270038,0.155201,0.406498,0.257578,0.167629,0.168295
18293,2,12,1385.92,13,1407.15,0,0,0,0.0325149,0.0805744,0.48048,0.278754,0.160192,0.296197,0.305463,0.198776,0.199565
18294,2,12,1385.92,13,1407.15,1,1,0,0.0324986,0.0607561,0.490872,0.284751,0.163621,0.207432,0.344005,0.223837,0.224726
18295,2,12,1385.92,13,1407.15,3,3,0,0.0324824,0.0747769,0.373231,0.350573,0.20142,0.238629,0.24534,0.257504,0.258527
18296,2,12,1385.92,13,1407.15,1,2,0,0.0324661,0.0801984,0.400419,0.376106,0.143276,0.264235,0.271667,0.28514,0.178958
18297,2,12,1385.92,13,1407.15,2,0,0,0.0324499,0.0944167,0.293963,0.442923,0.168698,0.295863,0.304187,0.199586,0.200363
18298,2,12,1385.92,13,1407.15,2,3,0,0.0324337,0.113253,0.352689,0.331681,0.202376,0.208632,0.341887,0.224304,0.225177
18299,2,12,1385.92,13,1407.15,1,1,0,0.0324174,0.128925,0.401585,0.239082,0.230408,0.226345,0.37095,0.243351,0.159354
18300,2,12,1385.92,13,1407.15,2,2,0,0.0324012,0.151466,0.29689,0.280919,0.270724,0.262851,0.269502,0.282604,0.185043
18301,2,12,1385.92,13,1407.15,1,3,0,0.032385,0.168572,0.330463,0.199632,0.301333,0.293475,0.300902,0.199036,0.206587
18302,2,12,1385.92,13,1407.15,0,2,0,0.0323688,0.191688,0.238603,0.227015,0.342694,0.315968,0.323965,0.214274,0.145793
18303,2,12,1385.92,13,1407.15,2,1,0,0.0323527,0.137807,0.254501,0.242138,0.365554,0.340971,0.349603,0.152119,0.157306
18304,2,12,1385.92,13,1407.15,1,3,0,0.0323365,0.150045,0.277135,0.174728,0.398093,0.39146,0.253353,0.174616,0.180571
18305,2,12,1385.92,13,1407.15,2,1,0,0.0323203,0.165669,0.201774,0.192927,0.439631,0.415316,0.268768,0.185227,0.130689
18306,2,12,1385.92,13,1407.15,3,0,0,0.0323041,0.176174,0.214577,0.141649,0.4676,0.457189,0.195109,0.20387,0.143832
18307,2,12,1385.92,13,1407.15,1,1,0,0.032288,0.212324,0.258618,0.170708,0.35835,0.347202,0.234646,0.245184,0.172968
18308,2,12,1385.92,13,1407.15,1,1,0,0.0322719,0.232603,0.187778,0.187004,0.392616,0.377075,0.16884,0.266261,0.187824
18309,2,12,1385.92,13,1407.15,2,3,0,0.0322557,0.246946,0.137657,0.198526,0.41687,0.3979,0.122984,0.280947,0.198169
18310,2,12,1385.92,13,1407.15,3,3,0,0.0322396,0.263092,0.14664,0.146096,0.444172,0.4246,0.131205,0.299779,0.144416
18311,2,12,1385.92,13,1407.15,3,3,0,0.0322235,0.312952,0.174411,0.173763,0.338874,0.443227,0.136929,0.312908,0.106936
18312,2,12,1385.92,13,1407.15,1,2,0,0.0322074,0.355493,0.198096,0.19736,0.249051,0.456228,0.140912,0.322064,0.0807968
18313,2,12,1385.92,14,1657.51,2,3,9,0.0321913,0.379016,0.145076,0.210395,0.265512,0.51248,0.158249,0.238544,0.0907274
18314,2,12,1385.92,14,1657.51,2,3,0,0.0321752,0.00233849,0.000894936,0.995128,0.00163807,0.00661026,0.00204071,0.0030764,0.988273
18315,2,12,1385.92,14,1657.51,2,3,0,0.0321591,0.00405478,0.00155146,0.991554,0.0028401,0.011366,0.00350805,0.00528889,0.979837
18316,2,12,1385.92,14,1657.51,2,3,0,0.032143,0.00693741,0.00265391,0.98555,0.00485883,0.0192221,0.00593141,0.00894318,0.965903
18317,2,12,1385.92,14,1657.51,2,3,0,0.0321269,0.0116961,0.0044735,0.975639,0.00819116,0.0318717,0.00983244,0.0148262,0.94347
18318,2,12,1385.92,14,1657.51,2,3,0,0.0321109,0.0193885,0.00741423,0.95962,0.0135774,0.0515617,0.0159031,0.023982,0.908553
18319,2,12,1385.92,14,1657.51,2,3,0,0.0320948,0.0314937,0.012041,0.934412,0.0220529,0.0808439,0.0249287,0.0375959,0.856632
18320,2,12,1385.92,14,1657.51,2,3,0,0.0320788,0.0498806,0.0190672,0.896127,0.0349255,0.121816,0.0375539,0.056641,0.783989
18321,2,12,1385.92,14,1657.51,1,3,0,0.0320627,0.0765213,0.0292451,0.840659,0.053575,0.174809,0.053878,0.0812688,0.690044
18322,2,12,1385.92,14,1657.51,2,3,0,0.0320467,0.0767976,0.0253399,0.844098,0.0537645,0.237111,0.0730628,0.110216,0.579611
18323,2,12,1385.92,14,1657.51,2,3,0,0.0320307,0.113435,0.0374203,0.769737,0.0794079,0.302949,0.0933282,0.140798,0.462924
18324,2,12,1385.92,14,1657.51,2,1,0,0.0320146,0.159771,0.052694,0.675699,0.111836,0.365401,0.112541,0.169797,0.352262
18325,0,12,1385.92,14,1652.74,2,2,13,0.0319986,0.213217,0.0703056,0.567241,0.149237,0.377497,0.0831903,0.175391,0.363921
18326,0,12,1385.92,14,1642.9,0,2,13,0.0319826,1,4.3871e-27,1.06771e-27,1.75147e-27,2.69467e-27,3.34485e-27,1,9.41508e-27
18327,0,12,1385.92,14,1641.52,0,2,13,0.0319666,1,1.77186e-30,4.31105e-31,7.07253e-31,1.08821e-30,1.35084e-30,1,3.80313e-30
18328,0,12,1385.92,14,1641.52,0,2,0,0.0319507,1,8.33884e-34,2.02833e-34,3.32792e-34,5.12094e-34,6.35709e-34,1,1.79013e-33
18329,0,12,1385.92,14,1610.4,0,2,13,0.0319347,1,1.18611e-32,2.88427e-33,4.73275e-33,7.28329e-33,9.04182e-33,1,2.54667e-32
18330,0,12,1385.92,14,1610.4,0,2,0,0.0319187,1,6.14181e-36,1.49308e-36,2.45021e-36,3.77099e-36,4.68169e-36,1,1.31889e-35
18331,0,12,1385.92,14,1589.99,0,2,13,0.0319028,1,9.63284e-35,2.34109e-35,3.84222e-35,5.91387e-35,7.34238e-35,1,2.06887e-34
18332,0,12,1385.92,14,1589.99,0,2,0,0.0318868,1,5.46707e-38,1.3283e-38,2.18023e-38,3.35606e-38,4.1669e-38,1,1.17436e-37
18333,0,12,1385.92,14,1542.72,0,2,13,0.0318709,1,9.41934e-37,2.28791e-37,3.75568e-37,5.78167e-37,7.17887e-37,1,2.02364e-36
18334,0,12,1385.92,14,1542.72,0,2,0,0.0318549,1,5.83785e-40,1.41758e-40,2.32724e-40,3.58297e-40,4.44903e-40,1,1.25439e-39
18335,0,12,1385.92,13,1516.45,0,2,13,0.031839,1,1.10094e-38,2.6726e-39,4.38804e-39,6.75632e-39,8.38979e-39,1,2.36596e-38
18336,0,12,1385.92,13,1516.45,0,2,0,0.0318231,1,7.42492e-42,1.80194e-42,2.95883e-42,4.55615e-42,5.65793e-42,1,1.5959e-41
18337,0,12,1385.92,13,1493.83,0,2,13,0.0318072,1,1.52735e-40,3.70567e-41,6.08539e-41,9.37138e-41,1.16381e-40,1,3.28337e-40
18338,0,12,1385.92,13,1489.78,0,2,13,0.0317913,1,1.1171e-43,2.70954e-44,4.45001e-44,6.85352e-44,8.51159e-44,1,2.40181e-43
18339,0,12,1385.92,13,1489.78,0,2,0,0.0317754,1,9.4094e-47,2.28161e-47,3.74758e-47,5.7722e-47,7.16897e-47,1,2.02337e-46
18340,0,12,1385.92,13,1489.78,0,2,0,0.0317595,1,2.42154e-45,5.87015e-46,9.64274e-46,1.48535e-45,1.84486e-45,1,5.20801e-45
18341,0,12,1385.92,13,1489.78,0,2,0,0.0317436,1,5.84505e-44,1.41652e-44,2.32711e-44,3.58494e-44,4.45283e-44,1,1.25729e-43
18342,0,12,1385.92,13,1489.55,0,2,13,0.0317277,1,1.32495e-42,3.21005e-43,5.27411e-43,8.12555e-43,1.00931e-42,1,2.85045e-42
18343,0,12,1385.92,13,1489.55,0,2,0,0.0317119,1,1.05501e-45,2.55532e-46,4.1988e-46,6.46944e-46,8.03634e-46,1,2.27006e-45
18344,0,12,1385.92,13,1488.66,0,2,13,0.031696,1,2.59059e-44,6.27282e-45,1.03083e-44,1.58842e-44,1.97322e-44,1,5.575e-44
18345,0,12,1385.92,13,1488.66,0,2,0,0.0316802,1,2.2219e-47,5.37855e-48,8.8396e-48,1.36223e-47,1.6923e-47,1,4.7823e-47
18346,0,12,1385.92,13,1488.66,0,2,0,0.0316643,1,5.89206e-46,1.42589e-46,2.34367e-46,3.61202e-46,4.48743e-46,1,1.26837e-45
18347,0,12,1385.92,13,1487.43,0,2,13,0.0316485,1,1.4646e-44,3.54335e-45,5.82461e-45,8.97758e-45,1.11539e-44,1,3.1533e-44
18348,0,12,1385.92,13,1487.43,0,2,0,0.0316327,1,1.26354e-47,3.05606e-48,5.0241e-48,7.74441e-48,9.62219e-48,1,2.72084e-47
18349,0,12,1385.92,13,1487.43,0,2,0,0.0316169,1,3.39069e-46,8.19854e-47,1.34796e-46,2.07799e-46,2.58195e-46,1,7.30244e-46
18350,0,12,1385.92,13,1487.43,0,2,0,0.031601,1,8.52692e-45,2.06118e-45,3.38922e-45,5.22523e-45,6.49275e-45,1,1.8367e-44
18351,0,12,1385.92,13,1487.45,0,2,9,0.0315852,1,2.01215e-43,4.86253e-44,7.99628e-44,1.23291e-43,1.53205e-43,1,4.33485e-43
18352,0,12,1385.92,13,1487.45,0,2,0,0.0315694,1,3.79006e-45,9.1564e-46,1.50589e-45,2.32207e-45,2.8856e-45,1,8.16633e-45
18353,0,12,1385.92,13,1484.76,0,2,13,0.0315537,1,9.09262e-44,2.19606e-44,3.61207e-44,5.57025e-44,6.92237e-44,1,1.95946e-43
18354,0,12,1385.92,13,1484.76,0,2,0,0.0315379,1,7.48402e-47,1.80703e-47,2.9725e-47,4.58435e-47,5.6974e-47,1,1.61305e-46
18355,0,12,1385.92,13,1484.76,0,2,0,0.0315221,1,1.94148e-45,4.68642e-46,7.70975e-46,1.18914e-45,1.47792e-45,1,4.18518e-45
18356,0,12,1385.92,13,1482.64,0,2,13,0.0315064,1,4.72312e-44,1.13976e-44,1.87524e-44,2.8926e-44,3.59521e-44,1,1.0183e-43
18357,0,12,1385.92,13,1482.64,0,2,0,0.0314906,1,3.91693e-47,9.44944e-48,1.55486e-47,2.39862e-47,2.98138e-47,1,8.44617e-47
18358,0,12,1385.92,13,1482.64,0,2,0,0.0314749,1,1.02994e-45,2.48399e-46,4.0877e-46,6.30648e-46,7.83901e-46,1,2.22123e-45
18359,0,12,1385.92,13,1482.64,0,2,0,0.0314591,1,2.539e-44,6.12175e-45,1.00751e-44,1.55451e-44,1.93235e-44,1,5.47659e-44
18360,0,12,1385.92,13,1482.64,0,2,0,0.0314434,1,5.87553e-43,1.41624e-43,2.33106e-43,3.59696e-43,4.47144e-43,1,1.26754e-42
18361,0,12,1385.92,13,1482.64,0,2,0,0.0314277,1,1.27795e-41,3.07949e-42,5.06918e-42,7.82273e-42,9.72499e-42,1,2.75736e-41
18362,0,12,1385.92,13,1482.64,0,2,0,0.031412,1,2.61571e-40,6.30134e-41,1.03737e-40,1.60101e-40,1.99042e-40,1,5.64468e-40
18363,0,12,1385.92,13,1482.64,0,2,9,0.0313963,1,5.04434e-39,1.21485e-39,2.00018e-39,3.0872e-39,3.83826e-39,1,1.08873e-38
18364,0,12,1385.92,13,1480.46,0,2,13,0.0313806,1,7.66465e-41,1.84539e-41,3.03862e-41,4.69041e-41,5.83174e-41,1,1.65453e-40
18365,0,12,1385.92,13,1480.46,0,2,0,0.0313649,1,5.41158e-44,1.30255e-44,2.145e-44,3.31131e-44,4.11724e-44,1,1.16835e-43
18366,0,12,1385.92,13,1480.46,0,2,0,0.0313492,1,1.23538e-42,2.97269e-43,4.89582e-43,7.55849e-43,9.39854e-43,1,2.66759e-42
18367,0,12,1385.92,13,1480.46,0,2,0,0.0313335,1,2.65141e-41,6.37825e-42,1.05056e-41,1.62206e-41,2.01703e-41,1,5.72612e-41
18368,0,12,1385.92,13,1480.46,0,2,0,0.0313178,1,5.35648e-40,1.28819e-40,2.12199e-40,3.27663e-40,4.07466e-40,1,1.15699e-39
18369,0,12,1385.92,13,1480.46,0,2,9,0.0313022,1,1.01984e-38,2.45193e-39,4.03936e-39,6.23787e-39,7.75744e-39,1,2.20317e-38
18370,0,12,1385.92,13,1480.46,0,2,0,0.0312865,1,1.5173e-40,3.64689e-41,6.00858e-41,9.27968e-41,1.15408e-40,1,3.27834e-40
18371,0,12,1385.92,13,1480.46,0,2,0,0.0312709,1,2.96327e-39,7.12033e-40,1.17325e-39,1.81214e-39,2.25378e-39,1,6.40357e-39
18372,0,12,1385.92,13,1480.48,0,2,9,0.0312553,1,5.45772e-38,1.31104e-38,2.16049e-38,3.33725e-38,4.15076e-38,1,1.17959e-37
18373,0,12,1385.92,13,1476.13,0,2,13,0.0312396,1,7.82664e-40,1.87956e-40,3.09767e-40,4.78531e-40,5.95207e-40,1,1.69184e-39
18374,0,12,1385.92,13,1476.13,0,2,0,0.031224,1,5.19175e-43,1.24644e-43,2.05444e-43,3.17399e-43,3.94805e-43,1,1.12245e-42
18375,0,12,1385.92,13,1476.13,0,2,0,0.0312084,1,1.13566e-41,2.72572e-42,4.49311e-42,6.94221e-42,8.63562e-42,1,2.45566e-41
18376,0,12,1385.92,13,1476.13,0,2,0,0.0311928,1,2.33748e-40,5.60863e-41,9.24625e-41,1.42874e-40,1.77733e-40,1,5.05515e-40
18377,0,12,1385.92,13,1476.13,0,2,0,0.0311772,1,4.53246e-39,1.08723e-39,1.79255e-39,2.77012e-39,3.44613e-39,1,9.80365e-39
18378,0,12,1385.92,13,1476.13,0,2,0,0.0311616,1,8.28939e-38,1.98785e-38,3.27778e-38,5.06575e-38,6.30226e-38,1,1.79326e-37
18379,0,12,1385.92,13,1476.13,0,2,0,0.031146,1,1.43158e-36,3.43204e-37,5.65968e-37,8.74769e-37,1.08834e-36,1,3.09744e-36
18380,0,12,1385.92,13,1476.13,0,2,0,0.0311304,1,2.33725e-35,5.60167e-36,9.23848e-36,1.42804e-35,1.77677e-35,1,5.05778e-35
18381,0,12,1385.92,13,1476.13,0,2,9,0.0311149,1,3.6114e-34,8.65295e-35,1.42722e-34,2.20632e-34,2.74523e-34,1,7.81623e-34
18382,0,12,1385.92,13,1476.13,0,2,0,0.0310993,1,4.30451e-36,1.03107e-36,1.70082e-36,2.6295e-36,3.27192e-36,1,9.31779e-36
18383,0,12,1385.92,13,1476.13,0,2,9,0.0310838,1,6.88093e-35,1.64774e-35,2.71832e-35,4.20295e-35,5.23001e-35,1,1.48972e-34
18384,0,12,1385.92,13,1476.13,0,2,0,0.0310682,1,8.45513e-37,2.02412e-37,3.33959e-37,5.16398e-37,6.42616e-37,1,1.83081e-36
18385,0,12,1385.92,13,1476.13,0,2,0,0.0310527,1,1.3965e-35,3.34222e-36,5.51487e-36,8.52834e-36,1.06133e-35,1,3.02436e-35
18386,0,12,1385.92,13,1476.13,0,2,0,0.0310372,1,2.18246e-34,5.22172e-35,8.61703e-35,1.33268e-34,1.65855e-34,1,4.72719e-34
18387,0,12,1385.92,13,1476.13,0,2,0,0.0310217,1,3.23077e-33,7.72769e-34,1.27537e-33,1.97261e-33,2.45508e-33,1,6.99891e-33
18388,0,12,1385.92,13,1476.13,0,2,0,0.0310061,1,4.53512e-32,1.08445e-32,1.78994e-32,2.76874e-32,3.44608e-32,1,9.82609e-32
18389,0,12,1385.92,13,1476.13,0,2,0,0.0309906,1,6.04299e-31,1.4446e-31,2.38463e-31,3.68895e-31,4.5916e-31,1,1.30952e-30
18390,0,12,1385.92,13,1476.11,0,2,13,0.0309751,1,7.65143e-30,1.82858e-30,3.01878e-30,4.67036e-30,5.81342e-30,1,1.65832e-29
18391,0,12,1385.92,13,1476.11,0,2,0,0.0309597,1,3.12013e-33,7.45452e-34,1.23078e-33,1.90431e-33,2.37049e-33,1,6.76343e-33
18392,0,12,1385.92,13,1476.11,0,2,9,0.0309442,1,4.38691e-32,1.04781e-32,1.73016e-32,2.6772e-32,3.33273e-32,1,9.51087e-32
18393,0,12,1385.92,13,1476.11,0,2,9,0.0309287,1,4.69278e-34,1.12054e-34,1.85045e-34,2.86358e-34,3.5649e-34,1,1.01756e-33
18394,0,12,1385.92,13,1463.74,0,2,13,0.0309132,1,5.48544e-36,1.30944e-36,2.1626e-36,3.34694e-36,4.16682e-36,1,1.18962e-35
18395,0,12,1385.92,13,1455.4,0,2,13,0.0308978,1,2.93869e-39,7.01297e-40,1.15835e-39,1.79286e-39,2.23215e-39,1,6.37406e-39
18396,0,12,1385.92,13,1455.4,0,2,0,0.0308823,1,1.82423e-42,4.35216e-43,7.18927e-43,1.11284e-42,1.38556e-42,1,3.95741e-42
18397,0,12,1385.92,13,1455.4,0,2,0,0.0308669,1,3.91222e-41,9.33089e-42,1.54151e-41,2.38633e-41,2.97129e-41,1,8.4883e-41
18398,0,12,1385.92,13,1455.4,0,2,0,0.0308515,1,7.8977e-40,1.88311e-40,3.11131e-40,4.81687e-40,5.99789e-40,1,1.71382e-39
18399,0,12,1385.92,13,1455.4,0,2,0,0.030836,1,1.50256e-38,3.58166e-39,5.91826e-39,9.16337e-39,1.14106e-38,1,3.26111e-38
18400,0,12,1385.92,13,1455.4,0,2,0,0.0308206,1,2.69731e-37,6.42773e-38,1.06221e-37,1.64479e-37,2.04824e-37,1,5.85505e-37
18401,0,12,1385.92,13,1455.4,0,2,0,0.0308052,1,4.57397e-36,1.08967e-36,1.80091e-36,2.78888e-36,3.47312e-36,1,9.93027e-36
18402,0,12,1385.92,13,1455.4,0,2,0,0.0307898,1,7.33519e-35,1.74698e-35,2.88755e-35,4.47203e-35,5.56947e-35,1,1.59274e-34
18403,0,12,1385.92,13,1455.4,0,2,0,0.0307744,1,1.11369e-33,2.65165e-34,4.3833e-34,6.78913e-34,8.45557e-34,1,2.41861e-33
18404,0,12,1385.92,13,1455.4,0,2,0,0.030759,1,1.60259e-32,3.81461e-33,6.30635e-33,9.76853e-33,1.21668e-32,1,3.4809e-32
18405,0,12,1385.92,13,1455.4,0,2,0,0.0307436,1,2.188e-31,5.20655e-32,8.6084e-32,1.33356e-31,1.66103e-31,1,4.75318e-31
18406,0,12,1385.92,13,1455.4,0,2,9,0.0307283,1,2.83721e-30,6.74947e-31,1.11606e-30,1.72907e-30,2.15377e-30,1,6.16447e-30
18407,0,12,1385.92,13,1455.4,0,2,0,0.0307129,1,2.74812e-32,6.53566e-33,1.08081e-32,1.67461e-32,2.08602e-32,1,5.97183e-32
18408,0,12,1385.92,13,1455.4,0,2,0,0.0306976,1,3.71472e-31,8.83191e-32,1.46069e-31,2.2634e-31,2.81958e-31,1,8.07356e-31
18409,0,12,1385.92,13,1455.4,0,2,9,0.0306822,1,4.77003e-30,1.13377e-30,1.87531e-30,2.90612e-30,3.6204e-30,1,1.03688e-29
18410,0,12,1385.92,13,1455.4,0,2,9,0.0306669,1,4.55655e-32,1.08272e-32,1.79105e-32,2.77579e-32,3.45818e-32,1,9.90628e-32
18411,0,12,1385.92,13,1455.4,0,2,0,0.0306515,1,4.76687e-34,1.13237e-34,1.87337e-34,2.90362e-34,3.61761e-34,1,1.03651e-33
18412,0,12,1385.92,13,1455.4,0,2,9,0.0306362,1,6.98875e-33,1.6597e-33,2.74604e-33,4.2566e-33,5.30351e-33,1,1.51988e-32
18413,0,12,1385.92,13,1455.4,0,2,9,0.0306209,1,7.56974e-35,1.79716e-35,2.97377e-35,4.61e-35,5.74408e-35,1,1.64648e-34
18414,0,12,1385.92,13,1455.4,0,2,0,0.0306056,1,8.95701e-37,2.1259e-37,3.5181e-37,5.45432e-37,6.7964e-37,1,1.94853e-36
18415,0,12,1385.92,13,1455.4,0,2,0,0.0305903,1,1.48806e-35,3.53081e-36,5.84365e-36,9.06054e-36,1.12905e-35,1,3.23766e-35
18416,0,12,1385.92,13,1455.4,0,2,9,0.030575,1,2.33888e-34,5.54802e-35,9.18314e-35,1.42397e-34,1.7745e-34,1,5.08965e-34
18417,0,12,1385.92,13,1455.4,0,2,0,0.0305597,1,2.69666e-36,6.39485e-37,1.05859e-36,1.64162e-36,2.04583e-36,1,5.86911e-36
18418,0,12,1385.92,13,1455.4,0,2,0,0.0305444,1,4.38639e-35,1.03989e-35,1.72158e-35,2.67e-35,3.32757e-35,1,9.5482e-35
18419,0,12,1385.92,13,1455.4,0,2,0,0.0305291,1,6.75308e-34,1.6005e-34,2.64997e-34,4.11021e-34,5.12269e-34,1,1.47023e-33
18420,0,12,1385.92,13,1455.4,0,2,0,0.0305139,1,9.85106e-33,2.33406e-33,3.86492e-33,5.99517e-33,7.47231e-33,1,2.14503e-32
18421,0,12,1385.92,13,1455.4,0,2,0,0.0304986,1,1.36306e-31,3.22863e-32,5.34676e-32,8.29448e-32,1.03386e-31,1,2.96846e-31
18422,0,12,1385.92,13,1455.4,0,2,0,0.0304834,1,1.79081e-30,4.24061e-31,7.02336e-31,1.08964e-30,1.35823e-30,1,3.90063e-30
18423,0,12,1385.92,13,1455.4,0,2,0,0.0304681,1,2.23632e-29,5.29406e-30,8.76898e-30,1.36058e-29,1.69604e-29,1,4.87178e-29
18424,0,12,1385.92,13,1455.4,0,2,9,0.0304529,1,2.6571e-28,6.28835e-29,1.04169e-28,1.61642e-28,2.01504e-28,1,5.78932e-28
18425,0,12,1385.92,13,1455.4,0,2,0,0.0304377,1,2.30215e-30,5.44675e-31,9.0237e-31,1.40035e-30,1.74576e-30,1,5.01674e-30
18426,0,12,1385.92,13,1455.4,0,2,9,0.0304224,1,2.86262e-29,6.77083e-30,1.12185e-29,1.7411e-29,2.17066e-29,1,6.23905e-29
18427,0,12,1385.92,13,1455.4,0,2,0,0.0304072,1,2.58588e-31,6.11451e-32,1.0132e-31,1.57262e-31,1.96071e-31,1,5.63679e-31
18428,0,12,1385.92,13,1455.4,0,2,0,0.030392,1,3.35928e-30,7.94098e-31,1.31599e-30,2.04277e-30,2.54698e-30,1,7.32381e-30
18429,0,12,1385.92,13,1455.4,0,2,0,0.0303768,1,4.14887e-29,9.80467e-30,1.62501e-29,2.52267e-29,3.14547e-29,1,9.04668e-29
18430,0,12,1385.92,13,1455.4,0,2,0,0.0303616,1,4.87637e-28,1.15206e-28,1.90959e-28,2.96472e-28,3.69682e-28,1,1.06347e-27
18431,0,12,1385.92,13,1455.4,0,2,0,0.0303465,1,5.45973e-27,1.28951e-27,2.13764e-27,3.31906e-27,4.13884e-27,1,1.19087e-26
18432,0,12,1385.92,13,1455.4,0,2,0,0.0303313,1,5.8287e-26,1.37625e-26,2.28167e-26,3.54301e-26,4.4183e-26,1,1.27155e-25
18433,0,12,1385.92,13,1455.4,0,2,0,0.0303161,1,5.93892e-25,1.40187e-25,2.32438e-25,3.60965e-25,4.5016e-25,1,1.2958e-24
18434,0,12,1385.92,13,1455.4,0,2,0,0.030301,1,5.78069e-24,1.36413e-24,2.26203e-24,3.51313e-24,4.38142e-24,1,1.26147e-23
18435,0,12,1385.92,13,1455.4,0,2,0,0.0302858,1,5.37999e-23,1.26921e-23,2.10484e-23,3.26929e-23,4.0775e-23,1,1.17421e-22
18436,0,12,1385.92,13,1455.4,0,2,9,0.0302707,1,4.79181e-22,1.13012e-22,1.87437e-22,2.91157e-22,3.63151e-22,1,1.046e-21
18437,0,12,1385.92,13,1455.4,0,2,0,0.0302555,1,3.07654e-24,7.25373e-25,1.20319e-24,1.86916e-24,2.33145e-24,1,6.71681e-24
18438,0,12,1385.92,13,1455.4,0,2,9,0.0302404,1,2.90131e-23,6.83862e-24,1.13445e-23,1.76253e-23,2.19854e-23,1,6.33524e-23
18439,0,12,1385.92,13,1455.4,0,2,0,0.0302253,1,1.9644e-25,4.6289e-26,7.67963e-26,1.19324e-25,1.48849e-25,1,4.29009e-25
18440,0,12,1385.92,13,1455.4,0,2,0,0.0302102,1,1.95717e-24,4.61053e-25,7.64992e-25,1.18873e-24,1.48292e-24,1,4.27497e-24
18441,0,12,1385.92,13,1455.4,0,2,0,0.0301951,1,1.86361e-23,4.38887e-24,7.28288e-24,1.13179e-23,1.41196e-23,1,4.07126e-23
18442,0,12,1385.92,13,1455.4,0,2,9,0.03018,1,1.69747e-22,3.99645e-23,6.63237e-23,1.03079e-22,1.28601e-22,1,3.70889e-22
18443,0,12,1385.92,13,1455.4,0,2,0,0.0301649,1,1.10446e-24,2.59954e-25,4.31455e-25,6.70619e-25,8.367e-25,1,2.41357e-24
18444,0,12,1385.92,13,1455.4,0,2,0,0.0301498,1,1.0644e-23,2.50453e-24,4.15727e-24,6.46229e-24,8.06306e-24,1,2.32639e-23
18445,0,12,1385.92,13,1455.4,0,2,9,0.0301347,1,9.81014e-23,2.30765e-23,3.83086e-23,5.95543e-23,7.43098e-23,1,2.14447e-22
18446,1,12,1385.92,13,1455.4,0,2,0,0.0301197,1,6.42936e-25,1.51195e-25,2.51019e-25,3.90268e-25,4.86984e-25,1,1.40566e-24
18447,1,12,1385.92,13,1455.4,0,2,0,0.0301046,1,5.00118e-19,7.87271e-19,1.04995e-18,1.30807e-18,6.49896e-19,1,4.65391e-19
18448,1,12,1385.92,13,1455.4,0,2,9,0.0300895,1,2.10867e-18,3.31971e-18,4.42763e-18,5.47759e-18,2.72108e-18,1,1.94844e-18
18449,1,12,1385.92,13,1455.4,0,2,0,0.0300745,1,6.39245e-21,1.00646e-20,1.34244e-20,1.64941e-20,8.19259e-21,1,5.86594e-21
18450,1,12,1385.92,13,1455.4,0,2,0,0.0300595,1,2.93905e-20,4.62782e-20,6.17302e-20,7.53372e-20,3.74145e-20,1,2.67872e-20
18451,1,12,1385.92,13,1455.4,0,2,9,0.0300444,1,1.31122e-19,2.06484e-19,2.75444e-19,3.33948e-19,1.65824e-19,1,1.18715e-19
18452,1,12,1385.92,13,1455.4,0,2,0,0.0300294,1,4.18315e-22,6.58799e-22,8.78868e-22,1.05867e-21,5.25616e-22,1,3.76269e-22
18453,1,12,1385.92,13,1455.4,0,2,0,0.0300144,1,2.03073e-21,3.19845e-21,4.26713e-21,5.10761e-21,2.53551e-21,1,1.81496e-21
18454,1,12,1385.92,13,1455.4,0,2,0,0.0299994,1,9.55572e-21,1.50519e-20,2.00823e-20,2.38888e-20,1.18572e-20,1,8.48698e-21
18455,1,12,1385.92,13,1455.4,0,2,9,0.0299844,1,4.36121e-20,6.87029e-20,9.16687e-20,1.08382e-19,5.37877e-20,1,3.84969e-20
18456,1,12,1385.92,13,1455.4,0,2,0,0.0299694,1,1.4145e-22,2.22849e-22,2.9736e-22,3.49481e-22,1.73416e-22,1,1.24109e-22
18457,1,12,1385.92,13,1455.4,0,2,0,0.0299544,1,7.01921e-22,1.10595e-21,1.47581e-21,1.72436e-21,8.55526e-22,1,6.12234e-22
18458,1,12,1385.92,13,1455.4,0,2,0,0.0299394,1,3.37479e-21,5.31781e-21,7.09667e-21,8.2444e-21,4.08981e-21,1,2.92656e-21
18459,1,12,1385.92,13,1455.4,0,2,0,0.0299245,1,1.57309e-20,2.47901e-20,3.30846e-20,3.82196e-20,1.8957e-20,1,1.35642e-20
18460,0,12,1385.92,13,1451.31,0,2,13,0.0299095,1,7.11333e-20,1.12108e-19,1.49627e-19,1.71899e-19,8.52504e-20,1,6.09949e-20
18461,0,12,1385.92,13,1451.31,0,2,0,0.0298946,1,1.57484e-22,3.68737e-23,6.13124e-23,9.8188e-23,1.22603e-22,1,3.55016e-22
18462,0,12,1385.92,13,1451.31,0,2,0,0.0298796,1,1.38156e-21,3.23387e-22,5.37773e-22,8.60804e-22,1.07489e-21,1,3.11319e-21
18463,0,12,1385.92,13,1451.31,0,2,9,0.0298647,1,1.16125e-20,2.7174e-21,4.51933e-21,7.23069e-21,9.02941e-21,1,2.61573e-20
18464,0,12,1385.92,13,1445.28,0,2,13,0.0298497,1,6.77505e-23,1.58495e-23,2.6362e-23,4.21589e-23,5.26487e-23,1,1.52551e-22
18465,0,12,1385.92,13,1445.28,0,2,0,0.0298348,1,1.75638e-26,4.10766e-27,6.83287e-27,1.09225e-26,1.36408e-26,1,3.9533e-26
18466,0,12,1385.92,13,1445.28,0,2,0,0.0298199,1,1.84688e-25,4.31805e-26,7.18358e-26,1.14782e-25,1.43355e-25,1,4.1555e-25
18467,0,12,1385.92,13,1445.28,0,2,9,0.029805,1,1.85406e-24,4.33359e-25,7.21015e-25,1.15159e-24,1.43831e-24,1,4.1702e-24
18468,0,12,1385.92,13,1445.28,0,2,0,0.0297901,1,1.27997e-26,2.99085e-27,4.97664e-27,7.94532e-27,9.92402e-27,1,2.87795e-26
18469,0,12,1385.92,13,1445.28,0,2,0,0.0297752,1,1.35533e-25,3.16604e-26,5.26869e-26,8.40823e-26,1.05027e-25,1,3.04641e-25
18470,0,12,1385.92,13,1445.28,0,2,0,0.0297603,1,1.36994e-24,3.19923e-25,5.32445e-25,8.49392e-25,1.06102e-24,1,3.07825e-24
18471,0,12,1385.92,13,1445.28,0,2,0,0.0297454,1,1.32301e-23,3.08873e-24,5.14107e-24,8.19828e-24,1.02413e-23,1,2.97187e-23
18472,0,12,1385.92,13,1445.28,0,2,0,0.0297305,1,1.22186e-22,2.85175e-23,4.74712e-23,7.56726e-23,9.45349e-23,1,2.74384e-22
18473,0,12,1385.92,13,1445.28,0,2,0,0.0297157,1,1.0801e-21,2.52016e-22,4.19556e-22,6.68562e-22,8.35246e-22,1,2.42478e-21
18474,0,12,1385.92,13,1445.28,0,2,0,0.0297008,1,9.14668e-21,2.13354e-21,3.55229e-21,5.65859e-21,7.06968e-21,1,2.05282e-20
18475,0,12,1385.92,13,1445.28,0,2,0,0.029686,1,7.42664e-20,1.73183e-20,2.88374e-20,4.59204e-20,5.73743e-20,1,1.66633e-19
18476,0,12,1385.92,13,1445.28,0,2,0,0.0296711,1,5.78645e-19,1.34896e-19,2.24643e-19,3.57601e-19,4.46816e-19,1,1.29797e-18
18477,0,12,1385.92,13,1445.28,0,2,0,0.0296563,1,4.32989e-18,1.0091e-18,1.68064e-18,2.67448e-18,3.34187e-18,1,9.70998e-18
18478,0,12,1385.92,13,1445.28,0,2,0,0.0296415,1,3.11411e-17,7.25548e-18,1.20851e-17,1.92254e-17,2.4024e-17,1,6.9818e-17
18479,0,12,1385.92,13,1445.28,0,2,0,0.0296266,1,2.15439e-16,5.018e-17,8.35909e-17,1.32938e-16,1.66126e-16,1,4.82896e-16
18480,0,12,1385.92,13,1445.28,0,2,0,0.0296118,1,1.43477e-15,3.34089e-16,5.56589e-16,8.84902e-16,1.10587e-15,1,3.21522e-15
18481,0,12,1385.92,13,1445.28,0,2,0,0.029597,1,9.20526e-15,2.14283e-15,3.57031e-15,5.67464e-15,7.09195e-15,1,2.06236e-14
18482,0,12,1385.92,13,1445.28,0,2,0,0.0295822,1,5.69383e-14,1.32505e-14,2.20797e-14,3.50833e-14,4.38477e-14,1,1.27538e-13
18483,0,12,1385.92,13,1445.28,0,2,0,0.0295674,1,3.39785e-13,7.90503e-14,1.31738e-13,2.09265e-13,2.61555e-13,1,7.60936e-13
18484,0,12,1385.92,13,1445.28,0,2,0,0.0295526,1,1.95768e-12,4.55318e-13,7.58867e-13,1.20513e-12,1.50633e-12,1,4.38327e-12
18485,0,12,1385.92,13,1445.28,0,2,0,0.0295379,1,1.08974e-11,2.53377e-12,4.2234e-12,6.70527e-12,8.38149e-12,1,2.43945e-11
18486,0,12,1385.92,13,1439.55,0,2,13,0.0295231,1,5.8646e-11,1.36319e-11,2.27246e-11,3.60694e-11,4.50882e-11,1,1.31258e-10
18487,0,12,1385.92,13,1439.55,0,2,0,0.0295083,1,8.46811e-15,1.96779e-15,3.28067e-15,5.2059e-15,6.50788e-15,1,1.89494e-14
18488,0,12,1385.92,13,1439.55,0,2,0,0.0294936,1,5.254e-14,1.22055e-14,2.03509e-14,3.22858e-14,4.03621e-14,1,1.1755e-13
18489,0,12,1385.92,13,1439.55,0,2,0,0.0294788,1,3.14483e-13,7.30359e-14,1.21789e-13,1.93167e-13,2.41499e-13,1,7.0349e-13
18490,0,12,1385.92,13,1439.55,0,2,0,0.0294641,1,1.81726e-12,4.2192e-13,7.03634e-13,1.11576e-12,1.395e-12,1,4.06451e-12
18491,0,12,1385.92,13,1439.55,0,2,0,0.0294494,1,1.01451e-11,2.35472e-12,3.92736e-12,6.22626e-12,7.78482e-12,1,2.2687e-11
18492,0,12,1385.92,13,1439.55,0,2,0,0.0294346,1,5.47524e-11,1.27046e-11,2.11918e-11,3.35892e-11,4.19991e-11,1,1.22422e-10
18493,0,12,1385.92,13,1439.55,0,2,9,0.0294199,1,2.85861e-10,6.63112e-11,1.10621e-10,1.75298e-10,2.19198e-10,1,6.39074e-10
18494,0,12,1385.92,13,1438.66,0,2,13,0.0294052,1,1.00123e-12,2.32187e-13,3.87375e-13,6.13737e-13,7.6747e-13,1,2.23804e-12
18495,0,12,1385.92,13,1432.83,0,2,13,0.0293905,1,1.54388e-16,3.57924e-17,5.97214e-17,9.46005e-17,1.18302e-16,1,3.45058e-16
18496,0,12,1385.92,13,1432.83,0,2,0,0.0293758,1,2.82732e-20,6.55279e-21,1.09348e-20,1.73176e-20,2.16574e-20,1,6.31829e-20
18497,0,12,1385.92,13,1432.83,0,2,0,0.0293611,1,2.25663e-19,5.22857e-20,8.72591e-20,1.38168e-19,1.72801e-19,1,5.04234e-19
18498,0,12,1385.92,13,1426.83,0,2,13,0.0293465,1,1.72895e-18,4.00478e-19,6.68422e-19,1.0582e-18,1.3235e-18,1,3.86282e-18
18499,0,12,1385.92,12,1425.68,0,2,13,0.0293318,1,3.44149e-22,7.96923e-23,1.33025e-22,2.10559e-22,2.6336e-22,1,7.68815e-22
18500,0,12,1385.92,12,1425.68,0,2,0,0.0293171,1,8.09462e-26,1.87387e-26,3.12824e-26,4.95068e-26,6.19243e-26,1,1.80812e-25
18501,0,12,1385.92,12,1425.68,0,2,0,0.0293025,1,8.32663e-25,1.92701e-25,3.21729e-25,5.09077e-25,6.36794e-25,1,1.85976e-24
18502,0,12,1385.92,12,1425.68,0,2,0,0.0292878,1,8.18086e-24,1.89272e-24,3.16036e-24,4.99988e-24,6.25453e-24,1,1.82703e-23
18503,0,12,1385.92,12,1425.68,0,2,0,0.0292732,1,7.68385e-23,1.77722e-23,2.9678e-23,4.69449e-23,5.87277e-23,1,1.71588e-22
18504,0,12,1385.92,12,1425.68,0,2,0,0.0292585,1,6.90554e-22,1.59673e-22,2.66668e-22,4.21753e-22,5.27634e-22,1,1.54195e-21
18505,0,12,1385.92,12,1425.68,0,2,0,0.0292439,1,5.94339e-21,1.37385e-21,2.29469e-21,3.62867e-21,4.53985e-21,1,1.327e-20
18506,0,12,1385.92,12,1425.68,0,2,0,0.0292293,1,4.90298e-20,1.13302e-20,1.89264e-20,2.99247e-20,3.74405e-20,1,1.09463e-19
18507,0,12,1385.92,12,1412.92,0,2,13,0.0292147,1,3.88008e-19,8.9638e-20,1.4975e-19,2.36737e-19,2.9621e-19,1,8.66196e-19
18508,0,12,1385.92,12,1412.92,0,2,0,0.0292,1,7.82266e-23,1.80667e-23,3.01854e-23,4.77134e-23,5.97024e-23,1,1.74623e-22
18509,0,12,1385.92,12,1412.27,0,2,13,0.0291854,1,7.03615e-22,1.62455e-22,2.71453e-22,4.29024e-22,5.3685e-22,1,1.57057e-21
18510,0,12,1385.92,12,1412.27,0,2,9,0.0291709,1,1.60147e-25,3.69647e-26,6.17724e-26,9.76174e-26,1.22157e-25,1,3.5745e-25
18511,0,12,1385.92,12,1412.27,0,2,0,0.0291563,1,1.10136e-27,2.54139e-28,4.2474e-28,6.71126e-28,8.39874e-28,1,2.45813e-27
18512,0,12,1385.92,12,1411.78,0,2,13,0.0291417,1,1.23679e-26,2.85307e-27,4.76879e-27,7.53422e-27,9.42906e-27,1,2.76027e-26
18513,0,12,1385.92,12,1411.78,0,2,9,0.0291271,1,3.47704e-30,8.01859e-31,1.34041e-30,2.11748e-30,2.65014e-30,1,7.75972e-30
18514,0,12,1385.92,12,1411.78,0,2,0,0.0291126,1,2.94701e-32,6.79425e-33,1.13587e-32,1.79416e-32,2.24559e-32,1,6.57658e-32
18515,0,12,1385.92,12,1411.78,0,2,9,0.029098,1,4.07956e-31,9.40257e-32,1.57209e-31,2.48293e-31,3.1078e-31,1,9.10368e-31
18516,0,12,1385.92,12,1411.78,0,2,0,0.0290835,1,3.59875e-33,8.29196e-34,1.38654e-33,2.18966e-33,2.74085e-33,1,8.03048e-33
18517,0,12,1385.92,12,1411.78,0,2,0,0.0290689,1,5.19609e-32,1.19689e-32,2.00158e-32,3.16065e-32,3.95643e-32,1,1.15946e-31
18518,0,12,1385.92,12,1411.78,0,2,9,0.0290544,1,7.11773e-31,1.63905e-31,2.7413e-31,4.32831e-31,5.41833e-31,1,1.58821e-30
18519,0,12,1385.92,12,1411.78,0,2,0,0.0290398,1,6.18726e-33,1.42436e-33,2.38248e-33,3.76143e-33,4.7089e-33,1,1.38056e-32
18520,0,12,1385.92,12,1411.78,0,2,9,0.0290253,1,8.84448e-32,2.03548e-32,3.40503e-32,5.37536e-32,6.72966e-32,1,1.97344e-31
18521,0,12,1385.92,12,1411.78,0,2,0,0.0290108,1,7.99285e-34,1.83895e-34,3.07657e-34,4.85644e-34,6.08027e-34,1,1.78339e-33
18522,0,12,1385.92,12,1411.78,0,2,0,0.0289963,1,1.19038e-32,2.73794e-33,4.58107e-33,7.23075e-33,9.05333e-33,1,2.65598e-32
18523,0,12,1385.92,12,1411.78,0,2,0,0.0289818,1,1.6809e-31,3.86503e-32,6.46757e-32,1.02076e-31,1.27811e-31,1,3.75042e-31
18524,0,12,1385.92,12,1411.78,0,2,0,0.0289673,1,2.25284e-30,5.17862e-31,8.66656e-31,1.36772e-30,1.71263e-30,1,5.02651e-30
18525,0,12,1385.92,12,1411.78,0,2,0,0.0289528,1,2.86879e-29,6.59259e-30,1.1034e-29,1.74123e-29,2.18041e-29,1,6.40083e-29
18526,0,12,1385.92,12,1411.78,0,2,0,0.0289384,1,3.47448e-28,7.98212e-29,1.3361e-28,2.10831e-28,2.6402e-28,1,7.75225e-28
18527,0,12,1385.92,12,1411.78,0,2,0,0.0289239,1,4.00619e-27,9.20096e-28,1.54028e-27,2.43033e-27,3.0436e-27,1,8.93867e-27
18528,0,12,1385.92,12,1411.78,0,2,0,0.0289094,1,4.40199e-26,1.0107e-26,1.69213e-26,2.66977e-26,3.34361e-26,1,9.82188e-26
18529,0,12,1385.92,12,1411.78,0,2,0,0.028895,1,4.61377e-25,1.05901e-25,1.7732e-25,2.79752e-25,3.50376e-25,1,1.02945e-24
18530,0,12,1385.92,12,1411.78,0,2,0,0.0288805,1,4.61698e-24,1.05944e-24,1.77409e-24,2.79878e-24,3.5055e-24,1,1.03019e-23
18531,0,12,1385.92,12,1411.78,0,2,0,0.0288661,1,4.41524e-23,1.01285e-23,1.69625e-23,2.67583e-23,3.35166e-23,1,9.85189e-23
18532,0,12,1385.92,12,1411.78,0,2,0,0.0288517,1,4.03863e-22,9.26181e-23,1.55127e-22,2.44701e-22,3.06518e-22,1,9.01174e-22
18533,0,12,1385.92,12,1411.78,0,2,0,0.0288372,1,3.53656e-21,8.10802e-22,1.35816e-21,2.14229e-21,2.68361e-21,1,7.89161e-21
18534,0,12,1385.92,12,1411.78,0,2,9,0.0288228,1,2.96735e-20,6.80103e-21,1.13934e-20,1.79707e-20,2.25126e-20,1,6.62164e-20
18535,0,12,1385.92,12,1411.78,0,2,0,0.0288084,1,1.55843e-22,3.5708e-23,5.9826e-23,9.43589e-23,1.18212e-22,1,3.47773e-22
18536,0,12,1385.92,12,1411.78,0,2,0,0.028794,1,1.39167e-21,3.18775e-22,5.34139e-22,8.42425e-22,1.05543e-21,1,3.10569e-21
18537,0,12,1385.92,12,1411.78,0,2,0,0.0287796,1,1.1903e-20,2.7257e-21,4.56765e-21,7.20367e-21,9.02552e-21,1,2.6564e-20
18538,0,12,1385.92,12,1411.78,0,2,0,0.0287652,1,9.75935e-20,2.23416e-20,3.74433e-20,5.90503e-20,7.39877e-20,1,2.17809e-19
18539,0,12,1385.92,12,1411.78,0,2,0,0.0287508,1,7.67704e-19,1.75695e-19,2.94486e-19,4.64407e-19,5.8191e-19,1,1.71343e-18
18540,0,12,1385.92,12,1411.78,0,2,0,0.0287365,1,5.7987e-18,1.32669e-18,2.22391e-18,3.50703e-18,4.39458e-18,1,1.29426e-17
18541,0,12,1385.92,12,1411.78,0,2,0,0.0287221,1,4.20902e-17,9.62699e-18,1.61393e-17,2.54505e-17,3.18928e-17,1,9.39485e-17
18542,0,12,1385.92,12,1411.78,0,2,9,0.0287077,1,2.93824e-16,6.71844e-17,1.12644e-16,1.77627e-16,2.226e-16,1,6.55867e-16
18543,0,12,1385.92,12,1411.78,0,2,0,0.0286934,1,1.27352e-18,2.9111e-19,4.88136e-19,7.69721e-19,9.64649e-19,1,2.84285e-18
18544,0,12,1385.92,12,1411.78,0,2,9,0.028679,1,9.53243e-18,2.17836e-18,3.65307e-18,5.76025e-18,7.21933e-18,1,2.12802e-17
18545,0,12,1385.92,12,1411.78,0,2,9,0.0286647,1,4.41101e-20,1.00771e-20,1.69008e-20,2.66493e-20,3.34011e-20,1,9.84766e-20
18546,0,12,1385.92,12,1411.78,0,2,0,0.0286503,1,2.26764e-22,5.17895e-23,8.68682e-23,1.36972e-22,1.71683e-22,1,5.06282e-22
18547,0,12,1385.92,12,1411.78,0,2,9,0.028636,1,2.0153e-21,4.60128e-22,7.71867e-22,1.21705e-21,1.52553e-21,1,4.49969e-21
18548,0,12,1385.92,12,1411.78,0,2,0,0.0286217,1,1.09862e-23,2.5076e-24,4.20694e-24,6.63327e-24,8.31499e-24,1,2.4531e-23
18549,0,12,1385.92,12,1411.78,0,2,0,0.0286074,1,1.03719e-22,2.36668e-23,3.97094e-23,6.2611e-23,7.84882e-23,1,2.31608e-22
18550,0,12,1385.92,12,1411.78,0,2,0,0.0285931,1,9.36831e-22,2.13706e-22,3.58604e-22,5.65418e-22,7.08831e-22,1,2.09211e-21
18551,0,12,1385.92,12,1411.78,0,2,0,0.0285788,1,8.10292e-21,1.84786e-21,3.10107e-21,4.88951e-21,6.12996e-21,1,1.80965e-20
18552,0,12,1385.92,12,1411.78,0,2,0,0.0285645,1,6.71692e-20,1.53133e-20,2.57014e-20,4.05237e-20,5.08068e-20,1,1.50021e-19
18553,0,12,1385.92,12,1411.78,0,2,0,0.0285502,1,5.34088e-19,1.21726e-19,2.04322e-19,3.22157e-19,4.03924e-19,1,1.19296e-18
18554,0,12,1385.92,12,1411.78,0,2,0,0.0285359,1,4.07687e-18,9.28899e-19,1.55936e-18,2.45866e-18,3.08284e-18,1,9.10687e-18
18555,0,12,1385.92,12,1411.78,0,2,0,0.0285217,1,2.98995e-17,6.81047e-18,1.14341e-17,1.80283e-17,2.26061e-17,1,6.67941e-17
18556,0,12,1385.92,12,1411.78,0,2,0,0.0285074,1,2.10847e-16,4.80123e-17,8.06159e-17,1.27109e-16,1.59392e-16,1,4.71058e-16
18557,0,12,1385.92,12,1411.78,0,2,0,0.0284932,1,1.43079e-15,3.25711e-16,5.46948e-16,8.62392e-16,1.08147e-15,1,3.19681e-15
18558,0,12,1385.92,12,1411.78,0,2,0,0.0284789,1,9.35019e-15,2.12788e-15,3.5736e-15,5.63467e-15,7.06641e-15,1,2.08927e-14
18559,0,12,1385.92,12,1411.78,0,2,0,0.0284647,1,5.88875e-14,1.33975e-14,2.25022e-14,3.54807e-14,4.44982e-14,1,1.31593e-13
18560,0,12,1385.92,12,1411.78,0,2,9,0.0284504,1,3.57687e-13,8.1353e-14,1.36654e-13,2.15473e-13,2.70248e-13,1,7.99368e-13
18561,0,12,1385.92,12,1411.78,0,2,9,0.0284362,1,1.3173e-15,2.9952e-16,5.03175e-16,7.93407e-16,9.95143e-16,1,2.94417e-15
18562,0,12,1385.92,12,1411.78,0,2,0,0.028422,1,5.41413e-18,1.23067e-18,2.06766e-18,3.26034e-18,4.08952e-18,1,1.21016e-17
18563,1,12,1385.92,12,1411.78,0,2,0,0.0284078,1,3.95603e-17,8.98967e-18,1.51052e-17,2.38187e-17,2.98777e-17,1,8.84327e-17
18564,1,12,1385.92,12,1411.78,0,2,0,0.0283936,1,1.7871e-25,2.84359e-25,3.81833e-25,4.28903e-25,2.09594e-25,1,1.48908e-25
18565,1,12,1385.92,12,1411.78,0,2,0,0.0283794,1,1.0256e-24,1.63205e-24,2.19163e-24,2.44948e-24,1.19683e-24,1,8.5024e-25
18566,1,12,1385.92,12,1411.78,0,2,0,0.0283652,1,5.6863e-24,9.04958e-24,1.21531e-23,1.35163e-23,6.60316e-24,1,4.69065e-24
18567,1,12,1385.92,12,1411.78,0,2,0,0.028351,1,3.04794e-23,4.85115e-23,6.51521e-23,7.21114e-23,3.52239e-23,1,2.50201e-23
18568,1,12,1385.92,12,1411.78,0,2,0,0.0283368,1,1.5805e-22,2.51579e-22,3.37896e-22,3.72225e-22,1.81793e-22,1,1.29122e-22
18569,1,12,1385.92,12,1411.78,0,2,0,0.0283227,1,7.93381e-22,1.26299e-21,1.69643e-21,1.86014e-21,9.08354e-22,1,6.4513e-22
18570,1,12,1385.92,12,1411.78,0,2,0,0.0283085,1,3.85786e-21,6.14195e-21,8.25025e-21,9.00543e-21,4.39694e-21,1,3.12258e-21
18571,1,12,1385.92,12,1411.78,0,2,0,0.0282944,1,1.81829e-20,2.89509e-20,3.8891e-20,4.22622e-20,2.06318e-20,1,1.46511e-20
18572,1,12,1385.92,12,1411.78,0,2,0,0.0282802,1,8.31185e-20,1.32354e-19,1.77808e-19,1.92379e-19,9.3903e-20,1,6.66779e-20
18573,1,12,1385.92,12,1411.78,0,2,0,0.0282661,1,3.68736e-19,5.87214e-19,7.88922e-19,8.49929e-19,4.14803e-19,1,2.9452e-19
18574,1,12,1385.92,12,1411.78,0,2,0,0.0282519,1,1.58845e-18,2.52985e-18,3.39906e-18,3.64657e-18,1.77943e-18,1,1.26335e-18
18575,1,12,1385.92,12,1411.78,0,2,0,0.0282378,1,6.64852e-18,1.05898e-17,1.4229e-17,1.52025e-17,7.41738e-18,1,5.2658e-18
18576,1,12,1385.92,12,1411.78,0,2,0,0.0282237,1,2.70531e-17,4.30942e-17,5.79074e-17,6.16201e-17,3.00604e-17,1,2.13392e-17
18577,1,12,1385.92,12,1411.78,0,2,0,0.0282096,1,1.07076e-16,1.70583e-16,2.29232e-16,2.42967e-16,1.18511e-16,1,8.41224e-17
18578,1,12,1385.92,12,1411.78,0,2,0,0.0281955,1,4.12467e-16,6.57162e-16,8.83158e-16,9.32454e-16,4.54753e-16,1,3.22775e-16
18579,1,12,1385.92,12,1411.78,0,2,0,0.0281814,1,1.54718e-15,2.46527e-15,3.31327e-15,3.48494e-15,1.69934e-15,1,1.20608e-15
18580,1,12,1385.92,12,1411.78,0,2,9,0.0281673,1,5.65426e-15,9.01032e-15,1.21104e-14,1.26905e-14,6.18732e-15,1,4.39104e-15
18581,1,12,1385.92,12,1411.78,0,2,0,0.0281532,1,1.22856e-17,1.95795e-17,2.63175e-17,2.74777e-17,1.3395e-17,1,9.50553e-18
18582,1,12,1385.92,12,1411.78,0,2,0,0.0281391,1,4.94232e-17,7.87728e-17,1.05888e-16,1.10161e-16,5.36939e-17,1,3.81004e-17
18583,1,12,1385.92,12,1411.78,0,2,0,0.0281251,1,1.9344e-16,3.08342e-16,4.14502e-16,4.29719e-16,2.09421e-16,1,1.48592e-16
18584,1,12,1385.92,12,1411.78,0,2,0,0.028111,1,7.37022e-16,1.17492e-15,1.57953e-15,1.63189e-15,7.95178e-16,1,5.64169e-16
18585,1,12,1385.92,12,1411.78,0,2,0,0.0280969,1,2.73504e-15,4.36044e-15,5.86241e-15,6.03636e-15,2.94094e-15,1,2.08642e-15
18586,1,12,1385.92,12,1411.78,0,2,0,0.0280829,1,9.89059e-15,1.57699e-14,2.12032e-14,2.17603e-14,1.06002e-14,1,7.51967e-15
18587,1,12,1385.92,12,1411.78,0,2,0,0.0280689,1,3.48722e-14,5.56067e-14,7.47695e-14,7.64857e-14,3.72534e-14,1,2.64254e-14
18588,1,12,1385.92,12,1411.78,0,2,9,0.0280548,1,1.19937e-13,1.91267e-13,2.57196e-13,2.62265e-13,1.27721e-13,1,9.05919e-14
18589,1,12,1385.92,12,1411.78,0,2,0,0.0280408,1,2.42653e-16,3.87003e-16,5.20431e-16,5.29037e-16,2.57601e-16,1,1.82702e-16
18590,1,12,1385.92,12,1411.78,0,2,9,0.0280268,1,9.21073e-16,1.46914e-15,1.97578e-15,2.00232e-15,9.74838e-16,1,6.91352e-16
18591,1,12,1385.92,12,1411.78,0,2,0,0.0280128,1,2.04656e-18,3.26464e-18,4.39072e-18,4.43641e-18,2.15957e-18,1,1.53145e-18
18592,1,12,1385.92,12,1411.78,0,2,0,0.0279987,1,8.54111e-18,1.36259e-17,1.8327e-17,1.84634e-17,8.98639e-18,1,6.37224e-18
18593,1,12,1385.92,12,1411.78,0,2,9,0.0279848,1,3.46552e-17,5.52917e-17,7.43724e-17,7.47108e-17,3.63575e-17,1,2.57793e-17
18594,1,12,1385.92,12,1411.78,0,2,9,0.0279708,1,8.18352e-20,1.30579e-19,1.7565e-19,1.75953e-19,8.56138e-20,1,6.07003e-20
18595,1,12,1385.92,12,1411.78,0,2,0,0.0279568,1,2.17542e-22,3.47148e-22,4.67001e-22,4.66512e-22,2.26959e-22,1,1.60903e-22
18596,1,12,1385.92,12,1411.78,0,2,0,0.0279428,1,1.08877e-21,1.7376e-21,2.33765e-21,2.32888e-21,1.13284e-21,1,8.03077e-22
18597,1,12,1385.92,12,1411.78,0,2,0,0.0279288,1,5.27882e-21,8.4254e-21,1.13356e-20,1.12631e-20,5.47795e-21,1,3.88307e-21
18598,1,12,1385.92,12,1411.78,0,2,0,0.0279149,1,2.48092e-20,3.96011e-20,5.32828e-20,5.28041e-20,2.56783e-20,1,1.82009e-20
18599,1,12,1385.92,12,1411.78,0,2,0,0.0279009,1,1.13092e-19,1.80538e-19,2.42926e-19,2.40129e-19,1.16756e-19,1,8.27518e-20
18600,1,12,1385.92,12,1411.78,0,2,0,0.027887,1,5.00333e-19,7.98794e-19,1.0749e-18,1.05986e-18,5.15255e-19,1,3.65166e-19
18601,1,12,1385.92,12,1411.78,0,2,0,0.027873,1,2.14957e-18,3.43215e-18,4.61875e-18,4.54298e-18,2.20826e-18,1,1.56491e-18
18602,1,12,1385.92,12,1411.78,0,2,0,0.0278591,1,8.97342e-18,1.4329e-17,1.92841e-17,1.89221e-17,9.19635e-18,1,6.51664e-18
18603,1,12,1385.92,12,1411.78,0,2,0,0.0278451,1,3.64191e-17,5.81603e-17,7.82773e-17,7.66268e-17,3.72362e-17,1,2.63841e-17
18604,1,12,1385.92,12,1411.78,0,2,9,0.0278312,1,1.43783e-16,2.29638e-16,3.09086e-16,3.01869e-16,1.4667e-16,1,1.03917e-16
18605,1,12,1385.92,12,1411.78,0,2,0,0.0278173,1,3.25189e-19,5.19415e-19,6.99159e-19,6.81286e-19,3.3097e-19,1,2.3448e-19
18606,1,12,1385.92,12,1411.78,0,2,9,0.0278034,1,1.40995e-18,2.25228e-18,3.03187e-18,2.94779e-18,1.43184e-18,1,1.01434e-18
18607,1,12,1385.92,12,1411.78,0,2,9,0.0277895,1,3.48518e-21,5.56783e-21,7.49546e-21,7.27174e-21,3.5316e-21,1,2.50167e-21
18608,1,12,1385.92,12,1411.78,0,2,0,0.0277756,1,9.68911e-24,1.54805e-23,2.08412e-23,2.01759e-23,9.79726e-24,1,6.93958e-24
18609,1,12,1385.92,12,1411.78,0,2,0,0.0277617,1,5.16587e-23,8.2544e-23,1.11135e-22,1.07362e-22,5.21264e-23,1,3.69195e-23
18610,1,12,1385.92,12,1411.78,0,2,0,0.0277478,1,2.66479e-22,4.25839e-22,5.73371e-22,5.52768e-22,2.68342e-22,1,1.90045e-22
18611,1,12,1385.92,12,1411.78,0,2,0,0.027734,1,1.33084e-21,2.12691e-21,2.86395e-21,2.75548e-21,1.33746e-21,1,9.47148e-22
18612,1,12,1385.92,12,1411.78,0,2,0,0.0277201,1,6.4389e-21,1.02914e-20,1.38585e-20,1.33073e-20,6.45818e-21,1,4.57318e-21
18613,1,12,1385.92,12,1411.78,0,2,0,0.0277062,1,3.01989e-20,4.82721e-20,6.50075e-20,6.2301e-20,3.0231e-20,1,2.14057e-20
18614,1,12,1385.92,12,1411.78,0,2,0,0.0276924,1,1.37383e-19,2.19623e-19,2.95782e-19,2.8293e-19,1.37269e-19,1,9.71898e-20
18615,1,12,1385.92,12,1411.78,0,2,0,0.0276785,1,6.06597e-19,9.69808e-19,1.30619e-18,1.2471e-18,6.0497e-19,1,4.28304e-19
18616,1,12,1385.92,12,1411.78,0,2,0,0.0276647,1,2.60105e-18,4.15886e-18,5.6017e-18,5.33855e-18,2.58936e-18,1,1.83308e-18
18617,1,12,1385.92,12,1411.78,0,2,0,0.0276509,1,1.08375e-17,1.73299e-17,2.33436e-17,2.22072e-17,1.07696e-17,1,7.62355e-18
18618,1,12,1385.92,12,1411.78,0,2,9,0.027637,1,4.39026e-17,7.021e-17,9.45793e-17,8.98171e-17,4.35513e-17,1,3.08269e-17
18619,1,12,1385.92,12,1411.78,0,2,0,0.0276232,1,9.97298e-20,1.59505e-19,2.14881e-19,2.0371e-19,9.87625e-20,1,6.99021e-20
18620,1,12,1385.92,12,1411.78,0,2,0,0.0276094,1,4.43423e-19,7.09264e-19,9.55557e-19,9.04354e-19,4.38385e-19,1,3.10259e-19
18621,1,12,1385.92,12,1411.78,0,2,0,0.0275956,1,1.9144e-18,3.06241e-18,4.12608e-18,3.89853e-18,1.88953e-18,1,1.33719e-18
18622,1,12,1385.92,12,1411.78,0,2,0,0.0275818,1,8.03011e-18,1.28467e-17,1.73099e-17,1.63287e-17,7.91303e-18,1,5.59952e-18
18623,1,12,1385.92,12,1411.78,0,2,0,0.027568,1,3.27441e-17,5.23897e-17,7.05947e-17,6.64873e-17,3.22157e-17,1,2.27953e-17
18624,1,12,1385.92,12,1411.78,0,2,0,0.0275542,1,1.29871e-16,2.07809e-16,2.80038e-16,2.63333e-16,1.27576e-16,1,9.02649e-17
18625,1,12,1385.92,12,1411.78,0,2,0,0.0275404,1,5.01294e-16,8.02208e-16,1.0811e-15,1.01505e-15,4.9169e-16,1,3.47864e-16
18626,1,12,1385.92,12,1411.78,0,2,0,0.0275267,1,1.88414e-15,3.01541e-15,4.06398e-15,3.80999e-15,1.84528e-15,1,1.30542e-15
18627,1,12,1385.92,12,1411.78,0,2,0,0.0275129,1,6.8992e-15,1.10427e-14,1.48835e-14,1.39328e-14,6.74705e-15,1,4.77279e-15
18628,1,12,1385.92,12,1411.78,0,2,0,0.0274992,1,2.4625e-14,3.94178e-14,5.31311e-14,4.96656e-14,2.40474e-14,1,1.70097e-14
18629,0,12,1385.92,12,1409.62,0,2,13,0.0274854,1,8.57165e-14,1.37221e-13,1.84971e-13,1.72662e-13,8.35885e-14,1,5.91214e-14
18630,0,12,1385.92,12,1409.62,0,2,0,0.0274717,1,3.86729e-16,8.61409e-17,1.45758e-16,2.35941e-16,2.96865e-16,1,8.91628e-16
18631,0,12,1385.92,12,1409.62,0,2,0,0.0274579,1,2.63979e-15,5.87816e-16,9.94745e-16,1.60959e-15,2.02531e-15,1,6.08433e-15
18632,0,12,1385.92,12,1409.62,0,2,0,0.0274442,1,1.73508e-14,3.86242e-15,6.53696e-15,1.05735e-14,1.3305e-14,1,3.9979e-14
18633,0,12,1385.92,12,1409.62,0,2,0,0.0274305,1,1.09895e-13,2.44562e-14,4.13953e-14,6.69326e-14,8.42276e-14,1,2.53143e-13
18634,0,12,1385.92,12,1409.62,0,2,0,0.0274168,1,6.71226e-13,1.49331e-13,2.52788e-13,4.08592e-13,5.14194e-13,1,1.54573e-12
18635,0,12,1385.92,12,1409.62,0,2,0,0.0274031,1,3.95641e-12,8.79935e-13,1.48972e-12,2.40707e-12,3.02932e-12,1,9.10851e-12
18636,0,12,1385.92,12,1409.62,0,2,9,0.0273894,1,2.25207e-11,5.00726e-12,8.4781e-12,1.36943e-11,1.72351e-11,1,5.18338e-11
18637,0,12,1385.92,12,1409.62,0,2,0,0.0273757,1,6.95148e-14,1.54513e-14,2.61643e-14,4.22482e-14,5.31746e-14,1,1.59955e-13
18638,0,12,1385.92,12,1409.62,0,2,0,0.027362,1,4.28874e-13,9.52988e-14,1.6139e-13,2.60518e-13,3.2791e-13,1,9.86606e-13
18639,0,12,1385.92,12,1409.62,0,2,0,0.0273483,1,2.55293e-12,5.67107e-13,9.60508e-13,1.54998e-12,1.95103e-12,1,5.87149e-12
18640,0,12,1385.92,12,1409.62,0,2,0,0.0273346,1,1.46727e-11,3.25842e-12,5.51935e-12,8.90395e-12,1.12083e-11,1,3.37381e-11
18641,0,12,1385.92,12,1409.62,0,2,0,0.0273209,1,8.14794e-11,1.80889e-11,3.06437e-11,4.94206e-11,6.22134e-11,1,1.8731e-10
18642,0,12,1385.92,12,1409.13,0,2,13,0.0273073,1,4.37468e-10,9.70915e-11,1.64496e-10,2.65215e-10,3.33883e-10,1,1.00546e-09
18643,0,12,1385.92,12,1409.13,0,2,0,0.0272936,1,4.51924e-14,1.0027e-14,1.69898e-14,2.73849e-14,3.44768e-14,1,1.03847e-13
18644,0,12,1385.92,12,1409.13,0,2,0,0.02728,1,2.81616e-13,6.24642e-14,1.05851e-13,1.70569e-13,2.14752e-13,1,6.46994e-13
18645,0,12,1385.92,12,1409.13,0,2,0,0.0272663,1,1.69286e-12,3.75373e-13,6.3617e-13,1.02486e-12,1.29038e-12,1,3.88847e-12
18646,0,12,1385.92,12,1409.13,0,2,0,0.0272527,1,9.8234e-12,2.17758e-12,3.69088e-12,5.9444e-12,7.48487e-12,1,2.256e-11
18647,0,12,1385.92,12,1409.13,0,2,9,0.0272391,1,5.50664e-11,1.2203e-11,2.06857e-11,3.33073e-11,4.19407e-11,1,1.26441e-10
18648,0,12,1385.92,12,1409.13,0,2,0,0.0272255,1,1.64702e-13,3.64878e-14,6.18581e-14,9.95772e-14,1.25394e-13,1,3.78115e-13
18649,0,12,1385.92,12,1409.13,0,2,0,0.0272119,1,1.00161e-12,2.21829e-13,3.76107e-13,6.05302e-13,7.6227e-13,1,2.29907e-12
18650,0,12,1385.92,12,1409.13,0,2,0,0.0271982,1,5.87867e-12,1.30157e-12,2.20702e-12,3.55114e-12,4.47223e-12,1,1.34916e-11
18651,0,12,1385.92,12,1409.13,0,2,0,0.0271847,1,3.3323e-11,7.37566e-12,1.2508e-11,2.0121e-11,2.53412e-11,1,7.64649e-11
18652,0,12,1385.92,12,1409.13,0,2,9,0.0271711,1,1.82555e-10,4.03943e-11,6.85097e-11,1.10185e-10,1.38777e-10,1,4.1884e-10
18653,0,12,1385.92,12,1409.13,0,2,0,0.0271575,1,5.2987e-13,1.1721e-13,1.98811e-13,3.19682e-13,4.02657e-13,1,1.21552e-12
18654,0,12,1385.92,12,1409.13,0,2,9,0.0271439,1,3.15247e-12,6.97131e-13,1.1826e-12,1.90119e-12,2.39476e-12,1,7.23079e-12
18655,0,12,1385.92,12,1409.13,0,2,0,0.0271303,1,9.89104e-15,2.18663e-15,3.70975e-15,5.96274e-15,7.51108e-15,1,2.26841e-14
18656,0,12,1385.92,12,1409.13,0,2,0,0.0271168,1,6.37053e-14,1.40792e-14,2.38887e-14,3.83893e-14,4.83601e-14,1,1.46084e-13
18657,0,12,1385.92,12,1409.13,0,2,9,0.0271032,1,3.95545e-13,8.73909e-14,1.48295e-13,2.38267e-13,3.00165e-13,1,9.06925e-13
18658,0,12,1385.92,12,1409.13,0,2,0,0.0270896,1,1.28825e-15,2.84538e-16,4.82889e-16,7.75718e-16,9.77284e-16,1,2.95344e-15
18659,0,12,1385.92,12,1409.13,0,2,9,0.0270761,1,8.64539e-15,1.90894e-15,3.24001e-15,5.20386e-15,6.55636e-15,1,1.98183e-14
18660,0,12,1385.92,12,1409.13,0,2,0,0.0270626,1,3.02955e-17,6.68737e-18,1.13515e-17,1.82289e-17,2.29677e-17,1,6.9441e-17
18661,0,12,1385.92,12,1409.13,0,2,0,0.027049,1,2.19093e-16,4.83475e-17,8.20766e-17,1.31781e-16,1.66046e-16,1,5.0214e-16
18662,0,12,1385.92,12,1409.13,0,2,0,0.0270355,1,1.52394e-15,3.36188e-16,5.70787e-16,9.16299e-16,1.15461e-15,1,3.49241e-15
18663,0,12,1385.92,12,1409.13,0,2,0,0.027022,1,1.02031e-14,2.25017e-15,3.82079e-15,6.13266e-15,7.72798e-15,1,2.33805e-14
18664,0,12,1385.92,12,1409.13,0,2,0,0.0270085,1,6.58038e-14,1.45078e-14,2.46369e-14,3.95381e-14,4.98256e-14,1,1.50778e-13
18665,0,12,1385.92,12,1409.13,0,2,0,0.026995,1,4.09113e-13,9.01704e-14,1.53142e-13,2.45731e-13,3.09683e-13,1,9.37339e-13
18666,0,12,1385.92,12,1409.13,0,2,9,0.0269815,1,2.45373e-12,5.40649e-13,9.18313e-13,1.47331e-12,1.85683e-12,1,5.62146e-12
18667,0,12,1385.92,12,1409.13,0,2,0,0.026968,1,7.62097e-15,1.67868e-15,2.8516e-15,4.5744e-15,5.76543e-15,1,1.74584e-14
18668,0,12,1385.92,12,1409.13,0,2,0,0.0269545,1,4.94839e-14,1.08966e-14,1.85121e-14,2.96924e-14,3.7425e-14,1,1.13352e-13
18669,0,12,1385.92,12,1409.13,0,2,0,0.026941,1,3.09695e-13,6.81755e-14,1.15836e-13,1.85769e-13,2.3416e-13,1,7.09377e-13
18670,0,12,1385.92,12,1409.13,0,2,0,0.0269276,1,1.86955e-12,4.11435e-13,6.99133e-13,1.12109e-12,1.41318e-12,1,4.28211e-12
18671,0,12,1385.92,12,1409.13,0,2,9,0.0269141,1,1.08939e-11,2.39672e-12,4.07307e-12,6.53053e-12,8.23241e-12,1,2.49508e-11
18672,0,12,1385.92,12,1409.13,0,2,0,0.0269006,1,3.26444e-14,7.17974e-15,1.22028e-14,1.95631e-14,2.46624e-14,1,7.47634e-14
18673,0,12,1385.92,12,1409.13,0,2,0,0.0268872,1,2.06198e-13,4.53369e-14,7.70636e-14,1.23532e-13,1.55739e-13,1,4.72223e-13
18674,0,12,1385.92,12,1409.13,0,2,0,0.0268737,1,1.25607e-12,2.76089e-13,4.69346e-13,7.52272e-13,9.48448e-13,1,2.87647e-12
18675,0,12,1385.92,12,1409.13,0,2,0,0.0268603,1,7.38426e-12,1.6226e-12,2.75868e-12,4.42119e-12,5.5744e-12,1,1.69099e-11
18676,0,12,1385.92,12,1409.13,0,2,9,0.0268469,1,4.1925e-11,9.20973e-12,1.56597e-11,2.50944e-11,3.16414e-11,1,9.60054e-11
18677,0,12,1385.92,12,1409.13,0,2,0,0.0268334,1,1.21553e-13,2.66935e-14,4.53929e-14,7.27346e-14,9.17149e-14,1,2.7834e-13
18678,0,12,1385.92,12,1409.13,0,2,0,0.02682,1,7.48972e-13,1.64428e-13,2.79643e-13,4.4804e-13,5.64984e-13,1,1.71502e-12
18679,0,12,1385.92,12,1409.13,0,2,0,0.0268066,1,4.45281e-12,9.77266e-13,1.66221e-12,2.66294e-12,3.35816e-12,1,1.0196e-11
18680,0,12,1385.92,12,1409.13,0,2,0,0.0267932,1,2.5561e-11,5.60822e-12,9.53993e-12,1.52821e-11,1.92727e-11,1,5.85286e-11
18681,0,12,1385.92,12,1409.13,0,2,0,0.0267798,1,1.41775e-10,3.10967e-11,5.2903e-11,8.47391e-11,1.06872e-10,1,3.24627e-10
18682,0,12,1385.92,12,1409.13,0,2,0,0.0267664,1,7.60312e-10,1.66715e-10,2.83653e-10,4.54316e-10,5.73004e-10,1,1.74091e-09
18683,0,12,1385.92,12,1409.13,0,2,0,0.026753,1,3.945e-09,8.64765e-10,1.47149e-09,2.35665e-09,2.97245e-09,1,9.03295e-09
18684,0,12,1385.92,12,1409.13,0,2,0,0.0267397,1,1.98175e-08,4.34278e-09,7.39048e-09,1.18353e-08,1.49286e-08,1,4.53765e-08
18685,0,12,1385.92,12,1409.13,0,2,0,0.0267263,1,9.64436e-08,2.11281e-08,3.59594e-08,5.75825e-08,7.26357e-08,1,2.2083e-07
18686,0,12,1385.92,12,1409.13,0,2,0,0.0267129,0.999999,4.54984e-07,9.96441e-08,1.69609e-07,2.71581e-07,3.42593e-07,0.999998,1.0418e-06
18687,0,12,1385.92,12,1409.13,0,2,0,0.0266996,0.999997,2.08201e-06,4.55833e-07,7.75978e-07,1.24243e-06,1.56737e-06,0.999992,4.7673e-06
18688,0,12,1385.92,12,1409.13,0,2,0,0.0266862,0.999985,9.24679e-06,2.02387e-06,3.44566e-06,5.51649e-06,6.95959e-06,0.999966,2.11729e-05
18689,0,12,1385.92,12,1409.13,0,2,0,0.0266729,0.999937,3.98811e-05,8.72624e-06,1.48581e-05,2.3785e-05,3.00084e-05,0.999855,9.13141e-05
18690,0,12,1385.92,12,1409.13,0,2,0,0.0266596,0.999734,0.000167114,3.65544e-05,6.22476e-05,9.96153e-05,0.000125686,0.999392,0.000382541
18691,0,12,1385.92,12,1409.13,0,2,0,0.0266462,0.998917,0.000680414,0.000148788,0.000253395,0.000405064,0.000511099,0.997528,0.00155594
18692,0,12,1385.92,12,1409.13,0,2,9,0.0266329,0.995723,0.00268857,0.00058774,0.00100106,0.00159363,0.00201089,0.990272,0.00612313
18693,1,12,1385.92,12,1409.13,0,2,0,0.0266196,0.999991,5.37316e-06,1.17425e-06,2.00024e-06,3.20162e-06,4.04009e-06,0.99998,1.23047e-05
18694,1,12,1385.92,12,1409.13,0,2,0,0.0266063,1,2.10622e-19,3.39262e-19,4.59107e-19,4.26021e-19,2.04295e-19,1,1.43843e-19
18695,1,12,1385.92,12,1409.15,0,2,9,0.026593,1,9.31479e-19,1.50053e-18,2.03073e-18,1.88192e-18,9.02328e-19,1,6.35277e-19
18696,1,12,1385.92,12,1409.15,0,2,0,0.0265797,1,2.05393e-21,3.30903e-21,4.4785e-21,4.14501e-21,1.98713e-21,1,1.39892e-21
18697,1,12,1385.92,12,1409.15,0,2,0,0.0265664,1,9.95841e-21,1.60452e-20,2.17172e-20,2.00748e-20,9.6225e-21,1,6.7737e-21
18698,1,12,1385.92,12,1409.15,0,2,0,0.0265531,1,4.68028e-20,7.5417e-20,1.02083e-19,9.42468e-20,4.51688e-20,1,3.17941e-20
18699,1,12,1385.92,12,1409.15,0,2,0,0.0265398,1,2.13353e-19,3.43825e-19,4.65423e-19,4.29177e-19,2.05658e-19,1,1.44751e-19
18700,1,12,1385.92,12,1409.15,0,2,0,0.0265266,1,9.43917e-19,1.5213e-18,2.05945e-18,1.89681e-18,9.08802e-19,1,6.39611e-19
18701,1,12,1385.92,12,1409.15,0,2,0,0.0265133,1,4.0554e-18,6.53665e-18,8.84949e-18,8.1412e-18,3.90003e-18,1,2.74463e-18
18702,1,12,1385.92,12,1409.15,0,2,0,0.0265,1,1.69298e-17,2.72907e-17,3.69491e-17,3.3953e-17,1.62628e-17,1,1.14441e-17
18703,1,12,1385.92,12,1409.15,0,2,0,0.0264868,1,6.8712e-17,1.10774e-16,1.49987e-16,1.37671e-16,6.59319e-17,1,4.63928e-17
18704,1,12,1385.92,12,1409.15,0,2,0,0.0264735,1,2.71282e-16,4.37389e-16,5.92256e-16,5.4303e-16,2.60023e-16,1,1.82952e-16
18705,1,12,1385.92,12,1409.15,0,2,0,0.0264603,1,1.04245e-15,1.6809e-15,2.2762e-15,2.08477e-15,9.9812e-16,1,7.02226e-16
18706,1,12,1385.92,12,1409.15,0,2,0,0.0264471,1,3.9009e-15,6.29063e-15,8.51901e-15,7.79434e-15,3.73112e-15,1,2.62484e-15
18707,1,12,1385.92,13,1485.38,0,2,9,0.0264339,1,1.42227e-14,2.29378e-14,3.10651e-14,2.83932e-14,1.35897e-14,1,9.55968e-15
18708,1,12,1385.92,13,1485.38,0,2,0,0.0264206,1,2.54857e-17,4.11063e-17,5.56744e-17,5.08343e-17,2.4327e-17,1,1.71116e-17
18709,0,12,1385.92,13,1460.6,0,2,13,0.0264074,1,1.02681e-16,1.65632e-16,2.24346e-16,2.04639e-16,9.79167e-17,1,6.88698e-17
18710,0,12,1385.92,13,1453.65,0,2,13,0.0263942,0.999967,2.10086e-05,4.5675e-06,7.79449e-06,1.2552e-05,1.58518e-05,0.999923,4.84626e-05
18711,0,12,1385.92,13,1453.25,0,2,13,0.026381,1,1.53708e-09,3.34077e-10,5.70167e-10,9.18098e-10,1.15951e-09,1,3.54569e-09
18712,0,12,1385.92,13,1453.25,0,2,0,0.0263678,1,1.35532e-13,2.94481e-14,5.02643e-14,8.09267e-14,1.02211e-13,1,3.12623e-13
18713,0,12,1385.92,13,1453.25,0,2,0,0.0263546,1,8.40537e-13,1.82575e-13,3.11666e-13,5.01728e-13,6.33717e-13,1,1.93872e-12
18714,0,12,1385.92,13,1453.25,0,2,9,0.0263415,1,5.02904e-12,1.09204e-12,1.86437e-12,3.00096e-12,3.79059e-12,1,1.15991e-11
18715,0,12,1385.92,13,1439.28,0,2,13,0.0263283,1,1.44906e-14,3.1456e-15,5.37088e-15,8.6442e-15,1.09192e-14,1,3.342e-14
18716,0,12,1385.92,13,1420.55,0,2,13,0.0263151,1,1.5943e-18,3.45985e-19,5.90806e-19,9.50773e-19,1.20106e-18,1,3.67685e-18
18717,0,12,1385.92,13,1420.55,0,2,0,0.026302,1,2.09703e-22,4.54943e-23,7.76947e-23,1.2502e-22,1.57938e-22,1,4.83609e-22
18718,0,12,1385.92,13,1420.55,0,2,0,0.0262888,1,1.94598e-21,4.22046e-22,7.20843e-22,1.1598e-21,1.46525e-21,1,4.48764e-21
18719,0,12,1385.92,13,1420.55,0,2,0,0.0262757,1,1.72831e-20,3.74722e-21,6.40083e-21,1.02976e-20,1.30103e-20,1,3.98556e-20
18720,0,12,1385.92,13,1420.55,0,2,9,0.0262625,1,1.47037e-19,3.187e-20,5.44448e-20,8.75824e-20,1.10659e-19,1,3.39067e-19
18721,0,12,1385.92,13,1420.55,0,2,0,0.0262494,1,5.92806e-22,1.2845e-22,2.1946e-22,3.53001e-22,4.46031e-22,1,1.36698e-21
18722,0,12,1385.92,13,1420.55,0,2,9,0.0262363,1,5.39437e-21,1.1685e-21,1.99663e-21,3.2113e-21,4.0578e-21,1,1.2439e-20
18723,0,12,1385.92,13,1420.55,0,2,0,0.0262232,1,2.31604e-23,5.01537e-24,8.5707e-24,1.37837e-23,1.74178e-23,1,5.34056e-23
18724,0,12,1385.92,13,1420.55,0,2,0,0.0262101,1,2.24842e-22,4.86745e-23,8.31881e-23,1.33775e-22,1.69054e-22,1,5.1846e-22
18725,0,12,1385.92,13,1420.55,0,2,0,0.026197,1,2.08722e-21,4.51709e-22,7.72085e-22,1.2415e-21,1.56898e-21,1,4.81287e-21
18726,0,12,1385.92,13,1420.55,0,2,9,0.0261839,1,1.85439e-20,4.01199e-21,6.85823e-21,1.10271e-20,1.39365e-20,1,4.276e-20
18727,0,12,1385.92,13,1420.55,0,2,0,0.0261708,1,7.72986e-23,1.67184e-23,2.85822e-23,4.59532e-23,5.80801e-23,1,1.78242e-22
18728,0,12,1385.92,13,1420.55,0,2,0,0.0261577,1,7.33446e-22,1.58584e-22,2.71148e-22,4.35911e-22,5.50972e-22,1,1.69125e-21
18729,0,12,1385.92,13,1420.55,0,2,9,0.0261446,1,6.65764e-21,1.43906e-21,2.46077e-21,3.95582e-21,5.00021e-21,1,1.5352e-20
18730,0,12,1385.92,13,1420.55,0,2,0,0.0261315,1,2.82122e-23,6.09625e-24,1.04256e-23,1.67587e-23,2.11843e-23,1,6.5056e-23
18731,0,12,1385.92,13,1420.55,0,2,0,0.0261185,1,2.73292e-22,5.90363e-23,1.00973e-22,1.62301e-22,2.05169e-22,1,6.30208e-22
18732,0,12,1385.92,13,1420.55,0,2,9,0.0261054,1,2.53159e-21,5.46705e-22,9.35159e-22,1.50306e-21,1.90016e-21,1,5.83793e-21
18733,0,12,1385.92,13,1420.55,0,2,0,0.0260924,1,1.08934e-23,2.35174e-24,4.02316e-24,6.46603e-24,8.17468e-24,1,2.5121e-23
18734,0,12,1385.92,13,1420.55,0,2,9,0.0260793,1,1.07612e-22,2.32249e-23,3.97355e-23,6.38599e-23,8.07387e-23,1,2.48168e-22
18735,0,12,1385.92,13,1420.55,0,2,0,0.0260663,1,4.91678e-25,1.06082e-25,1.81515e-25,2.91705e-25,3.68822e-25,1,1.13391e-24
18736,0,12,1385.92,13,1420.55,0,2,0,0.0260532,1,5.16703e-24,1.11447e-24,1.90716e-24,3.06477e-24,3.87518e-24,1,1.19166e-23
18737,0,12,1385.92,13,1420.55,0,2,0,0.0260402,1,5.18415e-23,1.11782e-23,1.91309e-23,3.07419e-23,3.88728e-23,1,1.19565e-22
18738,0,12,1385.92,13,1420.53,0,2,13,0.0260272,1,4.97038e-22,1.0714e-22,1.83384e-22,2.94674e-22,3.72629e-22,1,1.14639e-21
18739,0,12,1385.92,13,1420.53,0,2,0,0.0260142,1,7.34834e-26,1.58349e-26,2.71066e-26,4.35551e-26,5.50801e-26,1,1.69491e-25
18740,0,12,1385.92,13,1420.53,0,2,0,0.0260012,1,8.02656e-25,1.72911e-25,2.96025e-25,4.75641e-25,6.01527e-25,1,1.85142e-24
18741,0,12,1385.92,13,1417.37,0,2,13,0.0259882,1,8.364e-24,1.80125e-24,3.08409e-24,4.95524e-24,6.26702e-24,1,1.92934e-23
18742,0,12,1385.92,13,1417.37,0,2,0,0.0259752,1,1.33289e-27,2.86959e-28,4.91381e-28,7.89488e-28,9.98532e-28,1,3.07473e-27
18743,0,12,1385.92,13,1417.37,0,2,0,0.0259622,1,1.57741e-26,3.39498e-27,5.81411e-27,9.34113e-27,1.18151e-26,1,3.63898e-26
18744,0,12,1385.92,13,1417.37,0,2,0,0.0259492,1,1.77808e-25,3.82569e-26,6.55244e-26,1.05271e-25,1.33158e-25,1,4.10211e-25
18745,0,12,1385.92,13,1417.37,0,2,0,0.0259362,1,1.91087e-24,4.11015e-25,7.0404e-25,1.13109e-24,1.43078e-24,1,4.40871e-24
18746,0,12,1385.92,13,1417.37,0,2,0,0.0259233,1,1.95973e-23,4.21395e-24,7.21898e-24,1.15976e-23,1.46712e-23,1,4.5217e-23
18747,0,12,1385.92,13,1417.37,0,2,0,0.0259103,1,1.91977e-22,4.12676e-23,7.07037e-23,1.13586e-22,1.43696e-22,1,4.42975e-22
18748,0,12,1385.92,13,1417.37,0,2,9,0.0258973,1,1.79798e-21,3.86376e-22,6.62048e-22,1.06358e-21,1.34557e-21,1,4.14896e-21
18749,0,12,1385.92,13,1417.37,0,2,0,0.0258844,1,7.6314e-24,1.63944e-24,2.80946e-24,4.51333e-24,5.71027e-24,1,1.76111e-23
18750,0,12,1385.92,13,1417.37,0,2,0,0.0258715,1,7.62243e-23,1.63701e-23,2.8056e-23,4.50709e-23,5.70264e-23,1,1.75915e-22
18751,0,12,1385.92,13,1417.37,0,2,0,0.0258585,1,7.27608e-22,1.56215e-22,2.67758e-22,4.3014e-22,5.44265e-22,1,1.67933e-21
18752,0,12,1385.92,13,1417.37,0,2,0,0.0258456,1,6.64363e-21,1.42592e-21,2.44435e-21,3.92672e-21,4.96879e-21,1,1.53346e-20
18753,0,12,1385.92,13,1417.37,0,2,0,0.0258327,1,5.80765e-20,1.24611e-20,2.13635e-20,3.43191e-20,4.34288e-20,1,1.3406e-19
18754,0,12,1385.92,13,1417.37,0,2,0,0.0258197,1,4.8647e-19,1.04347e-19,1.78912e-19,2.87412e-19,3.6372e-19,1,1.12302e-18
18755,0,12,1385.92,13,1416.89,0,2,13,0.0258068,1,3.90787e-18,8.37973e-19,1.43694e-18,2.30836e-18,2.92136e-18,1,9.02198e-18
18756,0,12,1385.92,13,1416.89,0,2,0,0.0257939,1,4.67853e-22,1.00292e-22,1.71997e-22,2.76303e-22,3.49695e-22,1,1.0802e-21
18757,0,12,1385.92,13,1416.89,0,2,0,0.025781,1,4.31477e-21,9.24656e-22,1.58592e-21,2.54771e-21,3.22458e-21,1,9.96291e-21
18758,0,12,1385.92,13,1416.89,0,2,0,0.0257681,1,3.80897e-20,8.1601e-21,1.39973e-20,2.24862e-20,2.84616e-20,1,8.79569e-20
18759,0,12,1385.92,13,1416.89,0,2,0,0.0257553,1,3.22132e-19,6.89903e-20,1.18354e-19,1.90133e-19,2.4067e-19,1,7.43929e-19
18760,0,12,1385.92,13,1416.89,0,2,0,0.0257424,1,2.61219e-18,5.59276e-19,9.59551e-19,1.54152e-18,1.95134e-18,1,6.03308e-18
18761,0,12,1385.92,13,1416.89,0,2,9,0.0257295,1,2.03275e-17,4.35082e-18,7.46553e-18,1.19935e-17,1.51828e-17,1,4.69521e-17
18762,0,12,1385.92,13,1416.89,0,2,0,0.0257166,1,7.05321e-20,1.50918e-20,2.58986e-20,4.1607e-20,5.26735e-20,1,1.62928e-19
18763,0,12,1385.92,13,1416.89,0,2,9,0.0257038,1,5.89859e-19,1.26173e-19,2.16546e-19,3.47895e-19,4.40447e-19,1,1.36268e-18
18764,0,12,1385.92,13,1416.89,0,2,0,0.0256909,1,2.18968e-21,4.68236e-22,8.03701e-22,1.29122e-21,1.6348e-21,1,5.059e-21
18765,0,12,1385.92,13,1416.89,0,2,0,0.0256781,1,1.96256e-20,4.19541e-21,7.20196e-21,1.15708e-20,1.46504e-20,1,4.53469e-20
18766,0,12,1385.92,13,1416.89,0,2,0,0.0256653,1,1.68466e-19,3.60023e-20,6.18092e-20,9.93058e-20,1.25743e-19,1,3.89294e-19
18767,0,12,1385.92,13,1416.89,0,2,9,0.0256524,1,1.38618e-18,2.96144e-19,5.0848e-19,8.16967e-19,1.0345e-18,1,3.20351e-18
18768,0,12,1385.92,13,1416.89,0,2,0,0.0256396,1,5.03349e-21,1.07502e-21,1.84601e-21,2.96603e-21,3.75599e-21,1,1.16337e-20
18769,0,12,1385.92,13,1416.89,0,2,0,0.0256268,1,4.4421e-20,9.48425e-21,1.6288e-20,2.61709e-20,3.31426e-20,1,1.02678e-19
18770,0,12,1385.92,13,1416.89,0,2,0,0.025614,1,3.75567e-19,8.01618e-20,1.37683e-19,2.21229e-19,2.80176e-19,1,8.68198e-19
18771,0,12,1385.92,13,1416.89,0,2,0,0.0256012,1,3.04463e-18,6.49652e-19,1.11594e-18,1.79314e-18,2.27103e-18,1,7.03898e-18
18772,0,12,1385.92,13,1416.89,0,2,0,0.0255884,1,2.3686e-17,5.05248e-18,8.6798e-18,1.39475e-17,1.76655e-17,1,5.4766e-17
18773,0,12,1385.92,13,1416.89,0,2,0,0.0255756,1,1.76976e-16,3.77392e-17,6.48402e-17,1.04194e-16,1.31976e-16,1,4.0924e-16
18774,0,12,1385.92,13,1416.89,0,2,0,0.0255628,1,1.27101e-15,2.70951e-16,4.65576e-16,7.48175e-16,9.47709e-16,1,2.93938e-15
18775,0,12,1385.92,13,1416.89,0,2,0,0.02555,1,8.78079e-15,1.8713e-15,3.2158e-15,5.16792e-15,6.54648e-15,1,2.0309e-14
18776,0,12,1385.92,13,1416.89,0,2,0,0.0255372,1,5.83989e-14,1.24417e-14,2.13832e-14,3.43648e-14,4.35338e-14,1,1.35084e-13
18777,0,12,1385.92,13,1416.89,0,2,0,0.0255244,1,3.74187e-13,7.96947e-14,1.36984e-13,2.20154e-13,2.78907e-13,1,8.65638e-13
18778,0,12,1385.92,13,1416.89,0,2,0,0.0255117,1,2.31157e-12,4.92167e-13,8.46059e-13,1.35979e-12,1.72276e-12,1,5.34812e-12
18779,0,12,1385.92,13,1416.89,0,2,0,0.0254989,1,1.37775e-11,2.93254e-12,5.04172e-12,8.10338e-12,1.02669e-11,1,3.18797e-11
18780,0,12,1385.92,13,1416.89,0,2,9,0.0254862,1,7.92853e-11,1.68706e-11,2.90076e-11,4.66247e-11,5.9076e-11,1,1.83478e-10
18781,0,12,1385.92,13,1416.89,0,2,0,0.0254734,1,1.98765e-13,4.22809e-14,7.27064e-14,1.16868e-13,1.48084e-13,1,4.60023e-13
18782,0,12,1385.92,13,1412.55,0,2,13,0.0254607,1,1.24462e-12,2.6467e-13,4.55177e-13,7.31676e-13,9.27161e-13,1,2.88087e-12
18783,0,12,1385.92,13,1412.55,0,2,0,0.025448,1,1.0993e-16,2.33696e-17,4.01952e-17,6.46147e-17,8.18819e-17,1,2.54481e-16
18784,0,12,1385.92,13,1412.55,0,2,9,0.0254352,1,7.9898e-16,1.69799e-16,2.92082e-16,4.69549e-16,5.95057e-16,1,1.8498e-15
18785,0,12,1385.92,13,1412.55,0,2,0,0.0254225,1,2.50262e-18,5.31693e-19,9.14698e-19,1.47053e-18,1.86368e-18,1,5.79475e-18
18786,0,12,1385.92,13,1412.55,0,2,0,0.0254098,1,1.96139e-17,4.16577e-18,7.16737e-18,1.15232e-17,1.46047e-17,1,4.54208e-17
18787,0,12,1385.92,13,1412.55,0,2,0,0.0253971,1,1.47617e-16,3.13423e-17,5.39315e-17,8.67115e-17,1.09905e-16,1,3.41883e-16
18788,0,12,1385.92,13,1412.55,0,2,9,0.0253844,1,1.06771e-15,2.2663e-16,3.9001e-16,6.27089e-16,7.94857e-16,1,2.47314e-15
18789,0,12,1385.92,13,1412.55,0,2,0,0.0253717,1,3.30809e-18,7.01947e-19,1.20812e-18,1.94261e-18,2.46244e-18,1,7.66344e-18
18790,0,12,1385.92,13,1412.55,0,2,9,0.025359,1,2.58098e-17,5.4749e-18,9.42386e-18,1.51539e-17,1.92099e-17,1,5.97975e-17
18791,0,12,1385.92,13,1412.55,0,2,9,0.0253464,1,8.58619e-20,1.82078e-20,3.13443e-20,5.04052e-20,6.38994e-20,1,1.98954e-19
18792,0,12,1385.92,13,1412.55,0,2,0,0.0253337,1,3.19396e-22,6.77099e-23,1.16573e-22,1.87473e-22,2.37673e-22,1,7.40176e-22
18793,0,12,1385.92,13,1412.55,0,2,9,0.025321,1,2.99489e-21,6.34701e-22,1.09286e-21,1.75762e-21,2.22837e-21,1,6.9413e-21
18794,0,12,1385.92,13,1412.55,0,2,0,0.0253084,1,1.18754e-23,2.51595e-24,4.33256e-24,6.96833e-24,8.83511e-24,1,2.75273e-23
18795,0,12,1385.92,13,1412.55,0,2,9,0.0252957,1,1.18914e-22,2.51856e-23,4.33751e-23,6.97666e-23,8.84609e-23,1,2.75678e-22
18796,0,12,1385.92,13,1412.55,0,2,0,0.0252831,1,5.01333e-25,1.06148e-25,1.82829e-25,2.94088e-25,3.72907e-25,1,1.16239e-24
18797,0,12,1385.92,13,1412.55,0,2,0,0.0252704,1,5.34749e-24,1.13187e-24,1.94976e-24,3.13643e-24,3.97723e-24,1,1.24002e-23
18798,0,12,1385.92,13,1412.55,0,2,0,0.0252578,1,5.44407e-23,1.15196e-23,1.98458e-23,3.19261e-23,4.04867e-23,1,1.26258e-22
18799,0,12,1385.92,13,1412.55,0,2,9,0.0252451,1,5.29479e-22,1.12002e-22,1.92977e-22,3.10462e-22,3.93727e-22,1,1.22812e-21
18800,0,12,1385.92,13,1412.55,0,2,9,0.0252325,1,2.156e-24,4.55924e-25,7.85628e-25,1.26399e-24,1.60307e-24,1,5.00146e-24
18801,0,12,1385.92,13,1412.55,0,2,0,0.0252199,1,9.77734e-27,2.06695e-27,3.56207e-27,5.73132e-27,7.26913e-27,1,2.26843e-26
18802,0,12,1385.92,13,1412.55,0,2,0,0.0252073,1,1.1289e-25,2.38577e-26,4.11195e-26,6.61646e-26,8.39217e-26,1,2.61949e-25
18803,0,12,1385.92,13,1412.55,0,2,0,0.0251947,1,1.2421e-24,2.62419e-25,4.52337e-25,7.27891e-25,9.23284e-25,1,2.88255e-24
18804,0,12,1385.92,13,1412.55,0,2,0,0.0251821,1,1.30359e-23,2.75325e-24,4.74636e-24,7.6382e-24,9.68903e-24,1,3.02566e-23
18805,0,12,1385.92,13,1412.55,0,2,0,0.0251695,1,1.30623e-22,2.75796e-23,4.75498e-23,7.65254e-23,9.70769e-23,1,3.03218e-22
18806,0,12,1385.92,13,1412.55,0,2,9,0.0251569,1,1.25079e-21,2.64008e-22,4.55224e-22,7.32671e-22,9.29479e-22,1,2.90387e-21
18807,0,12,1385.92,13,1412.55,0,2,0,0.0251443,1,4.96192e-24,1.047e-24,1.80553e-24,2.90613e-24,3.68694e-24,1,1.15213e-23
18808,0,12,1385.92,13,1412.55,0,2,9,0.0251318,1,5.0718e-23,1.06986e-23,1.84514e-23,2.97007e-23,3.76824e-23,1,1.17781e-22
18809,0,12,1385.92,13,1412.55,0,2,0,0.0251192,1,2.13831e-25,4.50918e-26,7.77765e-26,1.25203e-25,1.58857e-25,1,4.9664e-25
18810,0,12,1385.92,13,1412.55,0,2,0,0.0251066,1,2.32726e-24,4.90612e-25,8.46323e-25,1.36248e-24,1.72879e-24,1,5.40601e-24
18811,0,12,1385.92,13,1412.55,0,2,0,0.0250941,1,2.41656e-23,5.09279e-24,8.78621e-24,1.41456e-23,1.79497e-23,1,5.61423e-23
18812,0,12,1385.92,13,1412.55,0,2,0,0.0250815,1,2.39626e-22,5.04842e-23,8.71061e-23,1.40248e-22,1.77972e-22,1,5.56782e-22
18813,0,12,1385.92,13,1412.55,0,2,0,0.025069,1,2.27115e-21,4.78336e-22,8.25417e-22,1.32908e-21,1.68666e-21,1,5.27787e-21
18814,0,12,1385.92,13,1412.55,0,2,0,0.0250565,1,2.05933e-20,4.33589e-21,7.48283e-21,1.20496e-20,1.52922e-20,1,4.7863e-20
18815,0,12,1385.92,13,1412.55,0,2,0,0.0250439,1,1.78795e-19,3.76331e-20,6.4954e-20,1.04602e-19,1.32758e-19,1,4.15613e-19
18816,0,12,1385.92,13,1412.55,0,2,0,0.0250314,1,1.48766e-18,3.13029e-19,5.4034e-19,8.70227e-19,1.10451e-18,1,3.45859e-18
18817,0,12,1385.92,13,1412.55,0,2,0,0.0250189,1,1.18724e-17,2.49738e-18,4.31137e-18,6.94402e-18,8.81392e-18,1,2.76056e-17
18818,0,12,1385.92,13,1412.55,0,2,0,0.0250064,1,9.09541e-17,1.91264e-17,3.30225e-17,5.31906e-17,6.75172e-17,1,2.11515e-16
18819,0,12,1385.92,13,1412.55,0,2,0,0.0249939,1,6.69425e-16,1.40727e-16,2.42997e-16,3.91432e-16,4.96886e-16,1,1.55698e-15
18820,0,12,1385.92,13,1412.55,0,2,0,0.0249814,1,4.73723e-15,9.9555e-16,1.71924e-15,2.76963e-15,3.51594e-15,1,1.10196e-14
18821,0,12,1385.92,13,1412.55,0,2,0,0.0249689,1,3.22572e-14,6.77688e-15,1.17044e-14,1.88567e-14,2.39391e-14,1,7.50468e-14
18822,0,12,1385.92,13,1412.55,0,2,0,0.0249564,1,2.11514e-13,4.4423e-14,7.67317e-14,1.23629e-13,1.56958e-13,1,4.92162e-13
18823,0,12,1385.92,13,1412.55,0,2,0,0.0249439,1,1.33656e-12,2.80621e-13,4.8477e-13,7.81113e-13,9.91738e-13,1,3.11043e-12
18824,0,12,1385.92,13,1412.55,0,2,0,0.0249315,1,8.14501e-12,1.70958e-12,2.95359e-12,4.75948e-12,6.04315e-12,1,1.89577e-11
18825,0,12,1385.92,13,1412.55,0,2,9,0.024919,1,4.79027e-11,1.00513e-11,1.73673e-11,2.7988e-11,3.55383e-11,1,1.11511e-10
18826,0,12,1385.92,13,1412.55,0,2,0,0.0249065,1,1.14424e-13,2.40018e-14,4.14764e-14,6.68456e-14,8.48825e-14,1,2.66403e-13
18827,0,12,1385.92,13,1412.55,0,2,9,0.0248941,1,7.3264e-13,1.53632e-13,2.65513e-13,4.27947e-13,5.43445e-13,1,1.70599e-12
18828,0,12,1385.92,13,1412.55,0,2,9,0.0248816,1,1.89614e-15,3.97489e-16,6.87033e-16,1.10742e-15,1.40637e-15,1,4.41591e-15
18829,0,12,1385.92,13,1412.55,0,2,0,0.0248692,1,5.51466e-18,1.15568e-18,1.99773e-18,3.22037e-18,4.0899e-18,1,1.2845e-17
18830,0,12,1385.92,13,1412.55,0,2,0,0.0248568,1,4.30245e-17,9.01361e-18,1.55828e-17,2.51216e-17,3.19062e-17,1,1.00229e-16
18831,0,12,1385.92,13,1412.55,0,2,0,0.0248443,1,3.2237e-16,6.75151e-17,1.16734e-16,1.88204e-16,2.39044e-16,1,7.51098e-16
18832,0,12,1385.92,13,1412.55,0,2,0,0.0248319,1,2.32156e-15,4.86062e-16,8.40494e-16,1.35519e-15,1.72136e-15,1,5.40989e-15
18833,1,12,1385.92,13,1412.55,0,2,0,0.0248195,1,1.60819e-14,3.36599e-15,5.82107e-15,9.38647e-15,1.19232e-14,1,3.74809e-14
18834,1,12,1385.92,13,1412.55,0,2,0,0.0248071,1,1.55735e-21,2.54271e-21,3.47061e-21,3.14585e-21,1.47741e-21,1,1.02992e-21
18835,1,12,1385.92,13,1412.55,0,2,9,0.0247947,1,7.72844e-21,1.26196e-20,1.72259e-20,1.55996e-20,7.32507e-21,1,5.10602e-21
18836,1,12,1385.92,13,1412.55,0,2,9,0.0247823,1,1.53863e-23,2.51264e-23,3.43001e-23,3.10338e-23,1.45702e-23,1,1.01556e-23
18837,1,12,1385.92,13,1412.55,0,2,0,0.0247699,1,3.45977e-26,5.65049e-26,7.71396e-26,6.9732e-26,3.2734e-26,1,2.28143e-26
18838,1,12,1385.92,13,1412.55,0,2,9,0.0247575,1,2.12363e-25,3.46865e-25,4.73564e-25,4.27716e-25,2.0075e-25,1,1.39905e-25
18839,1,12,1385.92,13,1412.55,0,2,0,0.0247451,1,5.18308e-28,8.46665e-28,1.156e-27,1.04319e-27,4.89553e-28,1,3.4115e-28
18840,1,12,1385.92,13,1412.55,0,2,9,0.0247328,1,3.45831e-27,5.64977e-27,7.71442e-27,6.95581e-27,3.26375e-27,1,2.27421e-27
18841,1,12,1385.92,13,1412.55,0,2,0,0.0247204,1,9.13158e-30,1.49195e-29,2.0373e-29,1.83545e-29,8.61086e-30,1,5.9997e-30
18842,1,12,1385.92,13,1412.55,0,2,0,0.024708,1,6.60196e-29,1.07876e-28,1.47316e-28,1.32614e-28,6.22054e-29,1,4.33391e-29
18843,1,12,1385.92,13,1412.55,0,2,0,0.0246957,1,4.59032e-28,7.50131e-28,1.02445e-27,9.21483e-28,4.32175e-28,1,3.01078e-28
18844,1,12,1385.92,13,1412.55,0,2,9,0.0246833,1,3.07178e-27,5.02028e-27,6.8566e-27,6.16268e-27,2.88985e-27,1,2.01309e-27
18845,1,12,1385.92,13,1412.55,0,2,0,0.024671,1,8.08367e-30,1.32126e-29,1.80466e-29,1.62079e-29,7.5992e-30,1,5.29328e-30
18846,1,12,1385.92,13,1412.55,0,2,0,0.0246587,1,5.86154e-29,9.58152e-29,1.30879e-28,1.17456e-28,5.50619e-29,1,3.8351e-29
18847,1,12,1385.92,13,1412.55,0,2,0,0.0246463,1,4.08725e-28,6.68186e-28,9.12765e-28,8.18558e-28,3.8367e-28,1,2.6721e-28
18848,1,12,1385.92,13,1412.55,0,2,0,0.024634,1,2.74287e-27,4.4845e-27,6.12636e-27,5.49012e-27,2.57291e-27,1,1.79179e-27
18849,1,12,1385.92,13,1412.55,0,2,0,0.0246217,1,1.77281e-26,2.89877e-26,3.96032e-26,3.54653e-26,1.66181e-26,1,1.15721e-26
18850,1,12,1385.92,13,1412.55,0,2,0,0.0246094,1,1.1044e-25,1.80601e-25,2.46754e-25,2.2082e-25,1.03455e-25,1,7.20361e-26
18851,1,12,1385.92,13,1412.55,0,2,0,0.0245971,1,6.63613e-25,1.0853e-24,1.48293e-24,1.32618e-24,6.21223e-25,1,4.3253e-25
18852,1,12,1385.92,13,1412.55,0,2,0,0.0245848,1,3.84889e-24,6.29528e-24,8.60226e-24,7.68785e-24,3.60068e-24,1,2.50681e-24
18853,1,12,1385.92,13,1412.55,0,2,9,0.0245725,1,2.15623e-23,3.5271e-23,4.81994e-23,4.30479e-23,2.01588e-23,1,1.40337e-23
18854,1,12,1385.92,13,1412.55,0,2,0,0.0245602,1,4.70053e-26,7.68974e-26,1.0509e-25,9.37985e-26,4.39181e-26,1,3.05716e-26
18855,1,12,1385.92,13,1412.55,0,2,0,0.0245479,1,2.87415e-25,4.70237e-25,6.42681e-25,5.73265e-25,2.68372e-25,1,1.86801e-25
18856,1,12,1385.92,13,1412.55,0,2,9,0.0245356,1,1.69572e-24,2.77463e-24,3.79237e-24,3.38068e-24,1.58241e-24,1,1.10137e-24
18857,1,12,1385.92,13,1412.55,0,2,0,0.0245234,1,3.87089e-27,6.33436e-27,8.65837e-27,7.71378e-27,3.61008e-27,1,2.51245e-27
18858,1,12,1385.92,13,1412.55,0,2,0,0.0245111,1,2.48781e-26,4.07149e-26,5.56562e-26,4.9555e-26,2.31884e-26,1,1.61369e-26
18859,1,12,1385.92,13,1412.55,0,2,0,0.0244989,1,1.54127e-25,2.52266e-25,3.44862e-25,3.06879e-25,1.43577e-25,1,9.99086e-26
18860,1,12,1385.92,13,1412.55,0,2,0,0.0244866,1,9.21114e-25,1.50777e-24,2.06134e-24,1.83326e-24,8.57582e-25,1,5.96707e-25
18861,1,12,1385.92,13,1412.55,0,2,0,0.0244744,1,5.31407e-24,8.69944e-24,1.18941e-23,1.05722e-23,4.94483e-24,1,3.44037e-24
18862,1,12,1385.92,13,1412.55,0,2,0,0.0244621,1,2.96159e-23,4.84878e-23,6.62981e-23,5.88972e-23,2.75432e-23,1,1.91618e-23
18863,1,12,1385.92,13,1412.55,0,2,0,0.0244499,1,1.59553e-22,2.61249e-22,3.57232e-22,3.17183e-22,1.48308e-22,1,1.0317e-22
18864,1,12,1385.92,13,1412.55,0,2,0,0.0244377,1,8.3149e-22,1.3616e-21,1.86197e-21,1.65235e-21,7.72487e-22,1,5.37342e-22
18865,1,12,1385.92,13,1412.55,0,2,0,0.0244255,1,4.19438e-21,6.86915e-21,9.39407e-21,8.33219e-21,3.89476e-21,1,2.709e-21
18866,1,12,1385.92,13,1412.55,0,2,0,0.0244132,1,2.04936e-20,3.35657e-20,4.59064e-20,4.06965e-20,1.90201e-20,1,1.32285e-20
18867,1,12,1385.92,13,1412.55,0,2,0,0.024401,1,9.70465e-20,1.58965e-19,2.17423e-19,1.92652e-19,9.0025e-20,1,6.26077e-20
18868,1,12,1385.92,13,1412.55,0,2,0,0.0243888,1,4.45682e-19,7.30111e-19,9.98667e-19,8.84455e-19,4.13237e-19,1,2.87364e-19
18869,1,12,1385.92,13,1412.55,0,2,0,0.0243766,1,1.98617e-18,3.25404e-18,4.45125e-18,3.94029e-18,1.84071e-18,1,1.27993e-18
18870,1,12,1385.92,13,1412.55,0,2,0,0.0243644,1,8.59431e-18,1.40819e-17,1.9264e-17,1.70447e-17,7.96122e-18,1,5.53541e-18
18871,1,12,1385.92,13,1412.55,0,2,0,0.0243523,1,3.61297e-17,5.92048e-17,8.09973e-17,7.16326e-17,3.34531e-17,1,2.32581e-17
18872,1,12,1385.92,13,1412.55,0,2,0,0.0243401,1,1.47647e-16,2.41969e-16,3.31055e-16,2.92646e-16,1.36648e-16,1,9.49969e-17
18873,1,12,1385.92,13,1412.55,0,2,9,0.0243279,1,5.86859e-16,9.6186e-16,1.31607e-15,1.16286e-15,5.42903e-16,1,3.77396e-16
18874,1,12,1385.92,13,1412.55,0,2,0,0.0243158,1,8.85682e-19,1.45178e-18,1.98653e-18,1.7545e-18,8.18994e-19,1,5.69278e-19
18875,1,12,1385.92,13,1412.55,0,2,0,0.0243036,1,3.89677e-18,6.38807e-18,8.74162e-18,7.71729e-18,3.60185e-18,1,2.50344e-18
18876,1,12,1385.92,13,1412.55,0,2,9,0.0242914,1,1.66513e-17,2.72995e-17,3.73598e-17,3.29681e-17,1.53847e-17,1,1.06922e-17
18877,1,12,1385.92,13,1412.55,0,2,0,0.0242793,1,2.68507e-20,4.40256e-20,6.02536e-20,5.31487e-20,2.47982e-20,1,1.72333e-20
18878,1,12,1385.92,13,1412.55,0,2,0,0.0242672,1,1.26655e-19,2.0769e-19,2.84263e-19,2.50642e-19,1.16927e-19,1,8.12518e-20
18879,1,12,1385.92,13,1412.55,0,2,0,0.024255,1,5.79438e-19,9.50261e-19,1.30069e-18,1.1464e-18,5.34724e-19,1,3.71549e-19
18880,1,12,1385.92,13,1412.55,0,2,0,0.0242429,1,2.57258e-18,4.21938e-18,5.77574e-18,5.08859e-18,2.37316e-18,1,1.64885e-18
18881,1,12,1385.92,13,1412.55,0,2,0,0.0242308,1,1.1091e-17,1.81924e-17,2.49045e-17,2.19331e-17,1.02273e-17,1,7.10535e-18
18882,1,12,1385.92,13,1412.55,0,2,0,0.0242187,1,4.64577e-17,7.62119e-17,1.04337e-16,9.18535e-17,4.28245e-17,1,2.97497e-17
18883,1,12,1385.92,13,1412.55,0,2,0,0.0242066,1,1.89184e-16,3.10379e-16,4.24946e-16,3.73965e-16,1.74326e-16,1,1.21094e-16
18884,1,12,1385.92,13,1412.55,0,2,0,0.0241945,1,7.49362e-16,1.22954e-15,1.68349e-15,1.48099e-15,6.90264e-16,1,4.79449e-16
18885,1,12,1385.92,13,1412.55,0,2,0,0.0241824,1,2.88879e-15,4.74035e-15,6.49092e-15,5.7081e-15,2.66005e-15,1,1.8475e-15
18886,1,12,1385.92,13,1412.55,0,2,0,0.0241703,1,1.08441e-14,1.77963e-14,2.43699e-14,2.14233e-14,9.98201e-15,1,6.93237e-15
18887,1,12,1385.92,13,1412.55,0,2,0,0.0241582,1,3.96598e-14,6.50925e-14,8.91417e-14,7.83366e-14,3.64947e-14,1,2.53432e-14
18888,1,12,1385.92,13,1412.55,0,2,0,0.0241461,1,1.41388e-13,2.32079e-13,3.17844e-13,2.79222e-13,1.30062e-13,1,9.03129e-14
18889,1,12,1385.92,13,1412.55,0,2,0,0.024134,1,4.91585e-13,8.06985e-13,1.10527e-12,9.7065e-13,4.52059e-13,1,3.1388e-13
18890,1,12,1385.92,13,1412.55,0,2,9,0.024122,1,1.66773e-12,2.73801e-12,3.7503e-12,3.29244e-12,1.53315e-12,1,1.06444e-12
18891,1,12,1385.92,13,1412.55,0,2,0,0.0241099,1,2.09816e-15,3.44501e-15,4.71899e-15,4.14154e-15,1.92824e-15,1,1.33865e-15
18892,1,12,1385.92,13,1412.55,0,2,0,0.0240978,1,7.93248e-15,1.30258e-14,1.7844e-14,1.56555e-14,7.28786e-15,1,5.05911e-15
18893,1,12,1385.92,13,1412.55,0,2,0,0.0240858,1,2.92146e-14,4.79776e-14,6.57283e-14,5.76493e-14,2.68325e-14,1,1.86253e-14
18894,1,12,1385.92,13,1412.55,0,2,0,0.0240738,1,1.04866e-13,1.72233e-13,2.35971e-13,2.06904e-13,9.62871e-14,1,6.68311e-14
18895,1,12,1385.92,13,1412.55,0,2,0,0.0240617,1,3.67059e-13,6.02921e-13,8.26093e-13,7.24119e-13,3.36933e-13,1,2.33842e-13
18896,1,12,1385.92,13,1412.55,0,2,0,0.0240497,1,1.25348e-12,2.05914e-12,2.82151e-12,2.4725e-12,1.15028e-12,1,7.98272e-13
18897,1,12,1385.92,13,1412.55,0,2,9,0.0240377,1,4.17826e-12,6.86446e-12,9.40654e-12,8.2406e-12,3.83319e-12,1,2.65996e-12
18898,1,12,1385.92,13,1412.55,0,2,0,0.0240256,1,5.10997e-15,8.396e-15,1.1506e-14,1.0077e-14,4.68667e-15,1,3.25198e-15
18899,1,12,1385.92,13,1412.55,0,2,0,0.0240136,1,1.89992e-14,3.122e-14,4.2787e-14,3.74626e-14,1.74207e-14,1,1.2087e-14
18900,1,12,1385.92,13,1412.55,0,2,0,0.0240016,1,6.88361e-14,1.13125e-13,1.55047e-13,1.35716e-13,6.31004e-14,1,4.37776e-14
18901,1,12,1385.92,13,1412.55,0,2,0,0.0239896,1,2.43154e-13,3.99637e-13,5.47771e-13,4.79348e-13,2.22836e-13,1,1.54587e-13
18902,1,12,1385.92,13,1412.55,0,2,0,0.0239776,1,8.37822e-13,1.37714e-12,1.88773e-12,1.65149e-12,7.67618e-13,1,5.32478e-13
18903,1,12,1385.92,13,1412.55,0,2,0,0.0239656,1,2.81734e-12,4.63136e-12,6.34887e-12,5.55293e-12,2.58062e-12,1,1.78998e-12
18904,1,12,1385.92,13,1412.55,0,2,9,0.0239537,1,9.25023e-12,1.52078e-11,2.08488e-11,1.82304e-11,8.47095e-12,1,5.87524e-12
18905,1,12,1385.92,13,1412.55,0,2,0,0.0239417,1,1.10241e-14,1.81259e-14,2.48509e-14,2.17245e-14,1.0093e-14,1,6.99972e-15
18906,1,12,1385.92,13,1412.55,0,2,9,0.0239297,1,4.04065e-14,6.64431e-14,9.11004e-14,7.96199e-14,3.69848e-14,1,2.5648e-14
18907,1,12,1385.92,13,1412.55,0,2,0,0.0239177,1,5.34707e-17,8.79343e-17,1.20575e-16,1.05355e-16,4.89315e-17,1,3.39302e-17
18908,1,12,1385.92,13,1412.55,0,2,0,0.0239058,1,2.17856e-16,3.58307e-16,4.91337e-16,4.29214e-16,1.99316e-16,1,1.382e-16
18909,1,12,1385.92,13,1412.55,0,2,0,0.0238938,1,8.63372e-16,1.42013e-15,1.94751e-15,1.70088e-15,7.89724e-16,1,5.47532e-16
18910,1,12,1385.92,13,1412.55,0,2,0,0.0238819,1,3.32998e-15,5.47789e-15,7.51265e-15,6.55976e-15,3.04525e-15,1,2.11118e-15
18911,1,12,1385.92,13,1412.55,0,2,0,0.0238699,1,1.25064e-14,2.05754e-14,2.82199e-14,2.4635e-14,1.14346e-14,1,7.92669e-15
18912,1,12,1385.92,13,1412.55,0,2,0,0.023858,1,4.57614e-14,7.52937e-14,1.03274e-13,9.01353e-14,4.18309e-14,1,2.89958e-14
18913,1,12,1385.92,13,1412.55,0,2,0,0.0238461,1,1.63218e-13,2.68578e-13,3.6841e-13,3.21469e-13,1.49168e-13,1,1.03391e-13
18914,1,12,1385.92,13,1412.55,0,2,0,0.0238342,1,5.67749e-13,9.34333e-13,1.28171e-12,1.11817e-12,5.18771e-13,1,3.59543e-13
18915,1,12,1385.92,13,1412.55,0,2,0,0.0238222,1,1.927e-12,3.17154e-12,4.35098e-12,3.795e-12,1.76041e-12,1,1.21999e-12
18916,1,12,1385.92,13,1412.55,0,2,0,0.0238103,1,6.38488e-12,1.05096e-11,1.44188e-11,1.25737e-11,5.83176e-12,1,4.04121e-12
18917,1,12,1385.92,13,1412.55,0,2,9,0.0237984,1,2.06623e-11,3.40137e-11,4.66688e-11,4.06887e-11,1.88687e-11,1,1.30744e-11
18918,1,12,1385.92,13,1412.55,0,2,0,0.0237865,1,2.37835e-14,3.91557e-14,5.37272e-14,4.68334e-14,2.17149e-14,1,1.50454e-14
18919,1,12,1385.92,13,1412.55,0,2,0,0.0237746,1,8.60041e-14,1.41606e-13,1.94316e-13,1.6935e-13,7.8509e-14,1,5.4392e-14
18920,1,12,1385.92,13,1412.55,0,2,0,0.0237627,1,3.03225e-13,4.99309e-13,6.8521e-13,5.97058e-13,2.76748e-13,1,1.91721e-13
18921,1,12,1385.92,13,1412.55,0,2,0,0.0237509,1,1.04287e-12,1.71743e-12,2.357e-12,2.05339e-12,9.51639e-13,1,6.59211e-13
18922,1,12,1385.92,13,1412.55,0,2,9,0.023739,1,3.50049e-12,5.76528e-12,7.91279e-12,6.89223e-12,3.1937e-12,1,2.21215e-12
18923,1,12,1385.92,13,1412.55,0,2,9,0.0237271,1,4.14327e-15,6.82462e-15,9.36732e-15,8.15767e-15,3.7795e-15,1,2.61771e-15
18924,1,12,1385.92,13,1412.55,0,2,0,0.0237153,1,5.59615e-18,9.21866e-18,1.26541e-17,1.10181e-17,5.10395e-18,1,3.53478e-18
18925,1,12,1385.92,13,1412.55,0,2,0,0.0237034,1,2.38965e-17,3.93692e-17,5.40442e-17,4.70484e-17,2.17911e-17,1,1.50905e-17
18926,1,12,1385.92,13,1412.55,0,2,0,0.0236915,1,9.91638e-17,1.63387e-16,2.24304e-16,1.95235e-16,9.04119e-17,1,6.26063e-17
18927,1,12,1385.92,13,1412.55,0,2,0,0.0236797,1,4.00119e-16,6.59323e-16,9.05202e-16,7.87756e-16,3.64747e-16,1,2.52553e-16
18928,1,12,1385.92,13,1412.55,0,2,0,0.0236679,1,1.57067e-15,2.58844e-15,3.55396e-15,3.09233e-15,1.43159e-15,1,9.9117e-16
18929,1,12,1385.92,13,1412.55,0,2,0,0.023656,1,6.00177e-15,9.89178e-15,1.35824e-14,1.18162e-14,5.46947e-15,1,3.78653e-15
18930,1,12,1385.92,13,1412.55,0,2,0,0.0236442,1,2.23357e-14,3.68162e-14,5.05555e-14,4.39744e-14,2.03516e-14,1,1.40885e-14
18931,1,12,1385.92,13,1412.55,0,2,0,0.0236324,1,8.09983e-14,1.33524e-13,1.83365e-13,1.59469e-13,7.37921e-14,1,5.1079e-14
18932,1,12,1385.92,13,1412.55,0,2,0,0.0236206,1,2.86372e-13,4.72124e-13,6.48396e-13,5.63812e-13,2.60855e-13,1,1.80551e-13
18933,2,12,1385.92,13,1412.55,0,2,0,0.0236087,1,9.87599e-13,1.62836e-12,2.23646e-12,1.94441e-12,8.99471e-13,1,6.22523e-13
18934,2,12,1385.92,13,1412.55,2,2,0,0.0235969,1.05312e-09,3.00765e-10,1,7.03818e-10,6.84563e-09,1.24018e-09,1,6.5682e-09
18935,2,12,1385.92,13,1412.55,2,2,0,0.0235851,2.59232e-09,7.4017e-10,1,1.73236e-09,1.65589e-08,2.99884e-09,1,1.58877e-08
18936,2,12,1385.92,13,1412.55,2,2,0,0.0235734,6.26899e-09,1.7895e-09,1,4.18901e-09,3.93638e-08,7.1264e-09,1,3.77679e-08
18937,2,12,1385.92,13,1412.55,2,2,0,0.0235616,1.48989e-08,4.25185e-09,1,9.95479e-09,9.1994e-08,1.66488e-08,1,8.82636e-08
18938,2,12,1385.92,13,1412.55,2,2,0,0.0235498,3.48102e-08,9.93166e-09,1,2.32568e-08,2.11429e-07,3.82509e-08,1,2.02854e-07
18939,2,12,1385.92,13,1412.55,2,2,0,0.023538,7.99841e-08,2.28145e-08,1,5.34333e-08,4.78033e-07,8.64541e-08,0.999999,4.58641e-07
18940,2,12,1385.92,13,1412.55,2,2,0,0.0235262,1.80796e-07,5.15568e-08,1,1.20771e-07,1.0636e-06,1.9229e-07,0.999998,1.02044e-06
18941,2,12,1385.92,13,1412.55,2,2,0,0.0235145,4.02162e-07,1.14654e-07,0.999999,2.68621e-07,2.32951e-06,4.21012e-07,0.999995,2.23497e-06
18942,2,12,1385.92,13,1412.55,2,2,0,0.0235027,8.80604e-07,2.50992e-07,0.999998,5.88144e-07,5.02401e-06,9.07678e-07,0.999989,4.82008e-06
18943,2,12,1385.92,13,1412.55,2,2,0,0.023491,1.89872e-06,5.41043e-07,0.999996,1.26803e-06,1.06725e-05,1.92753e-06,0.999977,1.02392e-05
18944,2,12,1385.92,13,1412.55,2,2,0,0.0234792,4.03251e-06,1.14878e-06,0.999992,2.69283e-06,2.2338e-05,4.033e-06,0.999952,2.14309e-05
18945,2,12,1385.92,13,1412.55,2,2,0,0.0234675,8.43825e-06,2.40328e-06,0.999984,5.63444e-06,4.60787e-05,8.31641e-06,0.999901,4.42072e-05
18946,2,12,1385.92,13,1412.55,2,2,0,0.0234557,1.74027e-05,4.9552e-06,0.999966,1.16193e-05,9.37024e-05,1.69059e-05,0.999799,8.9896e-05
18947,2,12,1385.92,13,1412.55,2,2,0,0.023444,3.53828e-05,1.00722e-05,0.999931,2.36222e-05,0.000187887,3.38872e-05,0.999598,0.000180253
18948,2,12,1385.92,13,1412.55,2,2,0,0.0234323,7.094e-05,2.01891e-05,0.999862,4.7357e-05,0.000371552,6.69898e-05,0.999205,0.000356453
18949,2,12,1385.92,13,1412.55,2,2,0,0.0234206,0.000140288,3.99151e-05,0.999726,9.36438e-05,0.000724704,0.000130618,0.998449,0.000695248
18950,2,12,1385.92,13,1412.55,2,2,0,0.0234089,0.000273699,7.78538e-05,0.999466,0.000182682,0.00139412,0.000251183,0.997017,0.00133744
18951,2,12,1385.92,13,1412.55,2,2,0,0.0233972,0.000526886,0.000149835,0.998972,0.000351645,0.00264423,0.000476258,0.994343,0.00253671
18952,2,12,1385.92,13,1412.55,2,2,0,0.0233855,0.00100087,0.000284555,0.998047,0.00066793,0.00494119,0.000889662,0.989429,0.00474023
18953,2,12,1385.92,13,1412.55,2,2,0,0.0233738,0.00187592,0.000533204,0.996339,0.00125179,0.00908306,0.00163485,0.980569,0.00871357
18954,2,12,1385.92,13,1412.55,2,2,0,0.0233621,0.00346787,0.000985445,0.993233,0.0023139,0.0163795,0.00294712,0.96496,0.0157131
18955,2,12,1385.92,13,1412.55,2,2,0,0.0233504,0.00631773,0.00179482,0.987672,0.0042151,0.028841,0.00518749,0.938304,0.0276673
18956,2,12,1385.92,13,1412.55,2,2,0,0.0233387,0.0113244,0.00321638,0.977904,0.00755489,0.049222,0.00885029,0.894709,0.0472186
18957,2,12,1385.92,13,1412.55,2,3,0,0.0233271,0.0199167,0.00565534,0.961142,0.013286,0.0805707,0.0144819,0.827657,0.0772907
18958,2,12,1385.92,13,1412.55,2,0,0,0.0233154,0.034212,0.00971204,0.933256,0.0228202,0.0822943,0.0147866,0.845755,0.0571638
18959,2,12,1385.92,13,1412.55,2,0,0,0.0233037,0.0569993,0.0161768,0.888807,0.0380168,0.0607093,0.0151229,0.865688,0.0584795
18960,2,12,1385.92,13,1412.55,2,2,0,0.0232921,0.0912189,0.025882,0.822064,0.0608354,0.0459176,0.0153493,0.879362,0.0593712
18961,2,12,1385.92,13,1412.55,3,2,0,0.0232804,0.138595,0.0393144,0.729666,0.0924239,0.0736939,0.024629,0.806386,0.0952908
18962,2,12,1385.92,13,1412.55,2,2,0,0.0232688,0.142167,0.0403176,0.748722,0.068793,0.11175,0.0373395,0.706403,0.144507
18963,2,12,1385.92,13,1412.55,2,2,0,0.0232572,0.205075,0.058143,0.637563,0.0992188,0.158265,0.0528702,0.584197,0.204668
18964,2,12,1385.92,13,1412.55,2,3,0,0.0232455,0.276126,0.0782676,0.512032,0.133575,0.208091,0.0694997,0.453293,0.269116
18965,2,12,1385.92,13,1412.55,0,2,0,0.0232339,0.346697,0.0982463,0.387367,0.167689,0.231218,0.0772068,0.503749,0.187826
18966,2,12,1385.92,13,1412.55,0,0,0,0.0232223,0.246172,0.113342,0.44701,0.193476,0.290268,0.0969033,0.377044,0.235785
18967,2,12,1385.92,13,1412.55,0,0,0,0.0232107,0.174179,0.124143,0.489742,0.211936,0.201817,0.108958,0.424063,0.265163
18968,2,12,1385.92,13,1412.55,2,2,0,0.0231991,0.124562,0.131577,0.51921,0.224651,0.140884,0.117252,0.456466,0.285398
18969,2,12,1385.92,13,1412.55,2,2,0,0.0231875,0.156334,0.165139,0.396543,0.281984,0.172128,0.143249,0.335886,0.348738
18970,2,12,1385.92,13,1412.55,1,3,0,0.0231759,0.184538,0.194934,0.287631,0.332897,0.198055,0.16482,0.235801,0.401324
18971,2,12,1385.92,13,1412.55,0,2,0,0.0231643,0.197932,0.136433,0.308535,0.3571,0.235053,0.195603,0.27986,0.289484
18972,2,12,1385.92,13,1412.55,2,3,0,0.0231527,0.139332,0.14638,0.331081,0.383207,0.263368,0.219157,0.193105,0.324369
18973,2,12,1385.92,13,1412.55,2,3,0,0.0231411,0.158911,0.166951,0.236992,0.437146,0.301105,0.25055,0.22076,0.227584
18974,2,12,1385.92,13,1412.55,0,2,0,0.0231296,0.172935,0.181686,0.169558,0.47582,0.328504,0.273339,0.240833,0.157324
18975,2,12,1385.92,13,1412.55,1,3,0,0.023118,0.125136,0.192166,0.179336,0.503362,0.36013,0.299643,0.167783,0.172445
18976,2,12,1385.92,13,1412.55,3,1,0,0.0231065,0.133292,0.13935,0.191038,0.53632,0.382362,0.318129,0.178113,0.121395
18977,2,12,1385.92,13,1412.55,2,1,0,0.0230949,0.167596,0.175214,0.24022,0.416969,0.433808,0.226448,0.202047,0.137697
18978,2,12,1385.92,13,1412.55,2,3,0,0.0230834,0.18251,0.190808,0.172526,0.454156,0.470347,0.161361,0.219032,0.14926
18979,2,12,1385.92,13,1412.55,0,0,0,0.0230718,0.192895,0.201667,0.125351,0.480087,0.493153,0.169149,0.229617,0.108081
18980,2,12,1385.92,13,1412.55,1,2,0,0.0230603,0.140412,0.214762,0.133477,0.511349,0.374723,0.208671,0.283284,0.133323
18981,2,12,1385.92,13,1412.55,0,3,0,0.0230487,0.150734,0.156893,0.143289,0.549084,0.417387,0.232402,0.20174,0.148472
18982,2,12,1385.92,13,1412.55,3,0,0,0.0230372,0.11189,0.164043,0.149816,0.574251,0.437601,0.243629,0.211479,0.107291
18983,2,12,1385.92,13,1412.55,2,2,0,0.0230257,0.1427,0.209229,0.19108,0.456992,0.326038,0.291969,0.253434,0.128559
18984,2,12,1385.92,13,1412.55,3,0,0,0.0230142,0.151755,0.222523,0.139615,0.486106,0.358435,0.320973,0.179286,0.141306
18985,2,12,1385.92,13,1412.55,3,0,0,0.0230027,0.185062,0.271383,0.170254,0.3733,0.259578,0.370456,0.206902,0.163064
18986,2,12,1385.92,13,1412.55,2,1,0,0.0229912,0.214208,0.314148,0.197064,0.27458,0.185946,0.407325,0.227466,0.179263
18987,2,12,1385.92,13,1412.55,0,0,0,0.0229797,0.229103,0.336017,0.141193,0.293687,0.219065,0.301753,0.267991,0.21119
18988,2,12,1385.92,13,1412.55,1,0,0,0.0229682,0.164867,0.364031,0.152938,0.318163,0.15525,0.326421,0.289892,0.228438
18989,2,12,1385.92,13,1412.55,2,2,0,0.0229567,0.189773,0.267912,0.17604,0.366275,0.111574,0.343307,0.304881,0.240238
18990,2,12,1385.92,13,1412.55,1,1,0,0.0229452,0.200726,0.283394,0.128415,0.387465,0.125223,0.385391,0.219718,0.269668
18991,2,12,1385.92,13,1412.55,3,0,0,0.0229338,0.222029,0.207297,0.142031,0.428644,0.145743,0.284599,0.255751,0.313907
18992,2,12,1385.92,13,1412.55,1,1,0,0.0229223,0.262426,0.24501,0.167858,0.324706,0.105281,0.298079,0.267859,0.328781
18993,2,12,1385.92,13,1412.55,3,2,0,0.0229108,0.285895,0.177492,0.182853,0.35376,0.117715,0.215039,0.29955,0.367696
18994,2,12,1385.92,13,1412.55,1,1,0,0.0228994,0.326774,0.202851,0.20898,0.261395,0.131394,0.240057,0.21803,0.410519
18995,2,12,1385.92,13,1412.55,2,1,0,0.0228879,0.34941,0.147665,0.223436,0.279489,0.142533,0.175506,0.236538,0.445423
18996,2,12,1385.92,13,1412.55,1,2,0,0.0228765,0.376448,0.159064,0.163384,0.301104,0.150408,0.129824,0.24963,0.470137
18997,2,12,1385.92,13,1412.55,3,3,0,0.022865,0.394847,0.118007,0.171341,0.315806,0.163431,0.141061,0.184545,0.510962
18998,2,12,1385.92,13,1412.55,3,3,0,0.0228536,0.441807,0.13201,0.191687,0.234496,0.20044,0.173,0.226341,0.400219
18999,2,12,1385.92,13,1412.55,0,3,0,0.0228422,0.47632,0.142288,0.206627,0.174765,0.233712,0.201711,0.263919,0.300658
19000,2,12,1385.92,13,1412.55,0,2,0,0.0228308,0.371188,0.170846,0.248116,0.20985,0.26121,0.225437,0.294978,0.218375
19001,2,12,1385.92,13,1412.55,3,2,0,0.0228193,0.278688,0.195969,0.284624,0.240719,0.291145,0.251265,0.214198,0.243392
19002,2,12,1385.92,13,1412.55,2,1,0,0.0228079,0.302677,0.212822,0.309124,0.175377,0.313056,0.270166,0.155077,0.2617
19003,2,12,1385.92,13,1412.55,3,1,0,0.0227965,0.338281,0.23784,0.227895,0.195985,0.344464,0.196978,0.170612,0.287946
19004,2,12,1385.92,13,1412.55,0,2,0,0.0227851,0.359665,0.252857,0.242282,0.145196,0.366853,0.144822,0.181675,0.30665
19005,2,12,1385.92,13,1412.55,3,3,0,0.0227737,0.270411,0.28811,0.276058,0.165421,0.387995,0.15314,0.134554,0.324311
19006,2,12,1385.92,13,1412.55,0,0,0,0.0227624,0.284418,0.303038,0.290359,0.122185,0.435382,0.171812,0.150956,0.241849
19007,2,12,1385.92,13,1412.55,1,3,0,0.022751,0.209951,0.334585,0.320583,0.134881,0.334843,0.202401,0.177828,0.284928
19008,2,12,1385.92,13,1412.55,3,3,0,0.0227396,0.236507,0.250403,0.361163,0.151928,0.369734,0.223469,0.196333,0.210465
19009,2,12,1385.92,13,1412.55,2,2,0,0.0227282,0.246814,0.261319,0.376935,0.114932,0.395001,0.238717,0.209723,0.156559
19010,2,12,1385.92,13,1412.55,0,1,0,0.0227169,0.282511,0.299117,0.286837,0.131535,0.421443,0.254671,0.156877,0.167008
19011,2,12,1385.92,13,1412.55,3,3,0,0.0227055,0.209593,0.329527,0.315997,0.144884,0.457341,0.191253,0.170206,0.1812
19012,2,12,1385.92,13,1412.55,1,3,0,0.0226942,0.218217,0.343117,0.329026,0.109641,0.481658,0.201386,0.17922,0.137736
19013,2,12,1385.92,13,1412.55,1,1,0,0.0226828,0.246119,0.25911,0.371127,0.123643,0.499186,0.208679,0.185706,0.106429
19014,2,12,1385.92,13,1412.55,1,2,0,0.0226715,0.267271,0.195423,0.403055,0.134251,0.530464,0.159171,0.197303,0.113062
19015,2,12,1385.92,13,1412.55,0,0,0,0.0226601,0.282725,0.148884,0.426397,0.141994,0.560808,0.168235,0.151464,0.119493
19016,2,12,1385.92,13,1412.55,0,3,0,0.0226488,0.215765,0.162762,0.466243,0.155229,0.456581,0.208165,0.18741,0.147844
19017,2,12,1385.92,13,1412.55,3,2,9,0.0226375,0.166001,0.173069,0.495872,0.165058,0.474697,0.21639,0.194811,0.114102
19018,2,12,1385.92,13,1412.55,3,2,0,0.0226262,0.000416375,0.000434107,0.00124405,0.997905,0.00104085,0.000474395,0.998235,0.000250116
19019,2,12,1385.92,13,1412.55,3,2,0,0.0226148,0.00070854,0.00073872,0.00211745,0.996435,0.00179574,0.00081833,0.996955,0.000431395
19020,2,12,1385.92,13,1412.55,3,2,0,0.0226035,0.00119198,0.00124277,0.00356298,0.994002,0.00306235,0.00139531,0.994807,0.000735465
19021,2,12,1385.92,13,1412.55,3,2,0,0.0225922,0.00198169,0.00206614,0.00592482,0.990027,0.00516028,0.00235083,0.99125,0.00123896
19022,2,12,1385.92,13,1412.55,3,2,0,0.0225809,0.0032535,0.00339217,0.00972937,0.983625,0.00858642,0.00391104,0.985442,0.00206097
19023,2,12,1385.92,13,1412.55,3,2,0,0.0225696,0.00526858,0.00549318,0.0157588,0.973479,0.0140921,0.00641782,0.976109,0.00338151
19024,2,12,1385.92,13,1412.55,3,2,0,0.0225584,0.00839937,0.00875751,0.0251287,0.957714,0.0227704,0.0103685,0.961399,0.00546238
19025,2,12,1385.92,13,1412.55,3,2,0,0.0225471,0.013146,0.0137066,0.039338,0.933809,0.0361237,0.0164463,0.938767,0.00866323
19026,2,12,1385.92,13,1412.55,3,2,0,0.0225358,0.02012,0.0209783,0.0602203,0.898681,0.0560425,0.0255108,0.90501,0.0134363
19027,2,12,1385.92,13,1412.55,3,0,0,0.0225245,0.0299585,0.0312367,0.0896872,0.849118,0.0845757,0.0384932,0.85666,0.0202714
19028,2,12,1385.92,13,1412.55,3,2,0,0.0225133,0.0431338,0.0449745,0.129158,0.782733,0.0686045,0.0391421,0.871643,0.0206105
19029,2,12,1385.92,13,1412.55,3,2,0,0.022502,0.0596722,0.0622192,0.17872,0.699389,0.100878,0.0575494,0.811273,0.0302991
19030,2,12,1385.92,13,1412.55,3,1,0,0.0224908,0.0789039,0.0822724,0.236371,0.602453,0.142715,0.0814071,0.733024,0.0428544
19031,2,12,1385.92,13,1412.55,3,2,0,0.0224795,0.0994529,0.1037,0.297995,0.498853,0.145014,0.0663713,0.74508,0.0435345
19032,2,12,1385.92,13,1412.55,3,2,0,0.0224683,0.119586,0.124693,0.358398,0.397324,0.197318,0.0902959,0.653164,0.0592223
19033,2,12,1385.92,13,1412.55,3,2,0,0.0224571,0.13776,0.143645,0.412956,0.305639,0.255837,0.117057,0.550338,0.0767676
19034,2,12,1385.92,13,1412.55,0,0,0,0.0224458,0.15219,0.158692,0.456313,0.232805,0.315733,0.14444,0.44511,0.0947174
19035,2,12,1385.92,13,1412.55,2,1,0,0.0224346,0.118156,0.165041,0.474667,0.242136,0.239863,0.160433,0.494507,0.105196
19036,2,12,1385.92,13,1412.55,3,3,0,0.0224234,0.140173,0.195806,0.376725,0.287296,0.250315,0.123793,0.51613,0.109762
19037,2,12,1385.92,13,1412.55,0,0,0,0.0224122,0.153727,0.214755,0.413236,0.218282,0.256749,0.126957,0.529473,0.0868211
19038,2,12,1385.92,13,1412.55,2,2,0,0.022401,0.119072,0.223535,0.430186,0.227207,0.196994,0.137137,0.572093,0.093776
19039,2,12,1385.92,13,1412.55,1,0,0,0.0223898,0.138469,0.259982,0.337295,0.264253,0.244451,0.170162,0.469036,0.11635
19040,2,12,1385.92,13,1412.55,0,2,0,0.0223786,0.150279,0.196763,0.366129,0.286829,0.186979,0.183085,0.504759,0.125177
19041,2,12,1385.92,13,1412.55,2,2,0,0.0223674,0.116071,0.204669,0.380886,0.298375,0.224887,0.220202,0.404369,0.150542
19042,2,12,1385.92,13,1412.55,3,2,0,0.0223562,0.132203,0.233143,0.294743,0.339911,0.259351,0.253947,0.313103,0.173599
19043,2,12,1385.92,13,1412.55,2,0,0,0.022345,0.148177,0.261341,0.330408,0.260074,0.288568,0.282555,0.235736,0.193141
19044,2,12,1385.92,13,1412.55,2,3,0,0.0223338,0.165409,0.291767,0.252473,0.290351,0.215984,0.311393,0.259787,0.212837
19045,2,12,1385.92,13,1412.55,1,2,0,0.0223227,0.179066,0.315892,0.190683,0.314359,0.230407,0.332211,0.277145,0.160237
19046,2,12,1385.92,13,1412.55,3,2,0,0.0223115,0.198663,0.240981,0.211554,0.348803,0.251923,0.363261,0.209628,0.175188
19047,2,12,1385.92,13,1412.55,2,3,0,0.0223004,0.222953,0.270455,0.237423,0.269169,0.267768,0.386137,0.159901,0.186193
19048,2,12,1385.92,13,1412.55,3,3,0,0.0222892,0.239942,0.291075,0.179292,0.289691,0.281907,0.406556,0.168327,0.143211
19049,2,12,1385.92,13,1412.55,1,3,0,0.0222781,0.263372,0.319511,0.196788,0.220328,0.292207,0.421441,0.174459,0.111894
19050,2,12,1385.92,13,1412.55,1,0,0,0.0222669,0.292072,0.24538,0.218219,0.244329,0.299739,0.432336,0.178938,0.0889868
19051,2,12,1385.92,13,1412.55,1,2,0,0.0222558,0.314679,0.186995,0.235096,0.26323,0.231666,0.474405,0.196315,0.0976148
19052,2,12,1385.92,13,1412.55,3,1,0,0.0222447,0.331279,0.14413,0.247484,0.277107,0.244031,0.499797,0.153365,0.102807
19053,2,12,1385.92,13,1412.55,3,3,0,0.0222335,0.360512,0.156822,0.269307,0.21336,0.290664,0.404248,0.182656,0.122432
19054,2,12,1385.92,13,1412.55,3,2,0,0.0222224,0.382364,0.1663,0.285614,0.165722,0.29905,0.415939,0.187908,0.0971031
19055,2,12,1385.92,13,1412.55,0,3,0,0.0222113,0.398537,0.173304,0.297677,0.130482,0.314368,0.437273,0.146304,0.102054
19056,2,12,1385.92,13,1412.55,2,1,0,0.0222002,0.315298,0.197281,0.338896,0.148526,0.321215,0.446826,0.149468,0.0824905
19057,2,12,1385.92,13,1412.55,2,0,0,0.0221891,0.351143,0.219688,0.263782,0.165386,0.374032,0.355923,0.174018,0.096028
19058,2,12,1385.92,13,1412.55,3,0,0,0.022178,0.379152,0.237189,0.205107,0.178551,0.291504,0.40288,0.196948,0.108669
19059,2,12,1385.92,13,1412.55,3,1,0,0.0221669,0.396558,0.248055,0.214497,0.140889,0.226529,0.439862,0.214996,0.118613
19060,2,12,1385.92,13,1412.55,3,1,0,0.0221558,0.409508,0.256132,0.221475,0.112886,0.262409,0.351162,0.249047,0.137382
19061,2,12,1385.92,13,1412.55,0,3,0,0.0221448,0.419195,0.262166,0.226686,0.091953,0.29398,0.27312,0.279008,0.153891
19062,2,12,1385.92,13,1412.55,0,1,0,0.0221337,0.335567,0.299928,0.25933,0.105176,0.306,0.284282,0.290413,0.119305
19063,2,12,1385.92,13,1412.55,1,0,0,0.0221226,0.262474,0.332937,0.287862,0.116727,0.334197,0.218359,0.31717,0.130274
19064,2,12,1385.92,13,1412.55,3,1,0,0.0221116,0.290938,0.260612,0.319085,0.129364,0.259497,0.242854,0.352776,0.144873
19065,2,12,1385.92,13,1412.55,1,0,0,0.0221005,0.299662,0.268421,0.328659,0.103258,0.27804,0.188745,0.378008,0.155207
19066,2,12,1385.92,13,1412.55,0,1,0,0.0220895,0.323777,0.209565,0.355114,0.111544,0.217217,0.204633,0.409885,0.168265
19067,2,12,1385.92,13,1412.55,0,2,0,0.0220784,0.254948,0.230887,0.391287,0.122877,0.22897,0.161551,0.432118,0.177361
19068,2,12,1385.92,13,1412.55,3,1,0,0.0220674,0.201837,0.247338,0.41921,0.131616,0.263247,0.185722,0.347129,0.203902
19069,2,12,1385.92,13,1412.55,1,1,0,0.0220563,0.207422,0.254192,0.430873,0.107513,0.276117,0.145903,0.36412,0.21386
19070,2,12,1385.92,13,1412.55,3,3,0,0.0220453,0.221708,0.202774,0.460616,0.114902,0.285666,0.116359,0.376732,0.221243
19071,2,12,1385.92,13,1412.55,2,3,0,0.0220343,0.226555,0.207204,0.470757,0.095484,0.302963,0.123383,0.399566,0.174089
19072,2,12,1385.92,13,1412.55,0,2,0,0.0220233,0.262678,0.240237,0.386396,0.110689,0.315924,0.128638,0.416683,0.138754
19073,2,12,1385.92,13,1412.55,3,2,0,0.0220123,0.208792,0.257788,0.414664,0.118757,0.360485,0.146756,0.33446,0.158299
19074,2,12,1385.92,13,1412.55,3,0,0,0.0220013,0.213662,0.263812,0.424395,0.0981308,0.398847,0.162344,0.263692,0.175117
19075,2,12,1385.92,13,1412.55,2,0,0,0.0219903,0.217383,0.268418,0.431845,0.0823533,0.319396,0.183792,0.298558,0.198255
19076,2,12,1385.92,13,1412.55,1,3,0,0.0219793,0.248184,0.306462,0.351351,0.0940034,0.250483,0.202392,0.328804,0.218321
19077,2,12,1385.92,13,1412.55,0,3,0,0.0219683,0.27082,0.243199,0.383424,0.102557,0.265383,0.214422,0.348382,0.171814
19078,2,12,1385.92,13,1412.55,2,2,0,0.0219573,0.216196,0.261411,0.412174,0.110218,0.27654,0.223427,0.363048,0.136985
19079,2,12,1385.92,13,1412.55,0,2,0,0.0219463,0.244708,0.295897,0.334657,0.124737,0.308722,0.249418,0.288955,0.152905
19080,2,12,1385.92,13,1412.55,1,3,0,0.0219353,0.194424,0.315602,0.356952,0.133021,0.335752,0.271244,0.226735,0.166269
19081,2,12,1385.92,13,1412.55,1,1,0,0.0219244,0.212458,0.252085,0.390109,0.145348,0.349187,0.282085,0.235788,0.13294
19082,2,12,1385.92,13,1412.55,1,1,0,0.0219134,0.226487,0.202659,0.41592,0.154934,0.377752,0.223404,0.255057,0.143787
19083,2,12,1385.92,13,1412.55,0,2,0,0.0219024,0.237266,0.16467,0.435767,0.162296,0.399628,0.178481,0.269807,0.152085
19084,2,12,1385.92,13,1412.55,2,0,0,0.0218915,0.192634,0.174287,0.461306,0.171773,0.429154,0.191637,0.215919,0.16329
19085,2,12,1385.92,13,1412.55,1,3,0,0.0218806,0.22099,0.199938,0.382018,0.197054,0.350122,0.218168,0.245819,0.185891
19086,2,12,1385.92,13,1412.55,2,0,0,0.0218696,0.231391,0.162244,0.400042,0.206323,0.365895,0.227975,0.256874,0.149256
19087,2,12,1385.92,13,1412.55,0,0,0,0.0218587,0.259829,0.182171,0.326325,0.231675,0.293885,0.253867,0.286055,0.166193
19088,2,12,1385.92,13,1412.55,0,3,0,0.0218477,0.207933,0.194931,0.349222,0.247914,0.232027,0.276109,0.311125,0.180739
19089,2,12,1385.92,13,1412.55,2,2,0,0.0218368,0.168114,0.204717,0.366797,0.260372,0.242232,0.288263,0.324829,0.144676
19090,2,12,1385.92,13,1412.55,1,2,0,0.0218259,0.186511,0.227128,0.297472,0.28889,0.265877,0.316412,0.258929,0.158782
19091,2,12,1385.92,13,1412.55,3,0,0,0.021815,0.197462,0.181692,0.314967,0.305879,0.284862,0.339018,0.206017,0.170102
19092,2,12,1385.92,13,1412.55,1,1,0,0.0218041,0.214686,0.197537,0.342474,0.245303,0.227811,0.366086,0.222444,0.183658
19093,2,12,1385.92,13,1412.55,3,1,0,0.0217932,0.224573,0.160543,0.358278,0.256606,0.253021,0.295946,0.247059,0.203974
19094,2,12,1385.92,13,1412.55,0,3,0,0.0217823,0.239286,0.17105,0.381787,0.207877,0.274785,0.235398,0.268308,0.221509
19095,2,12,1385.92,13,1412.55,0,1,0,0.0217714,0.195066,0.180977,0.404008,0.219949,0.290855,0.249156,0.283998,0.175991
19096,2,12,1385.92,13,1412.55,3,1,0,0.0217605,0.160803,0.188663,0.421235,0.229299,0.310509,0.198438,0.303188,0.187865
19097,2,12,1385.92,13,1412.55,0,0,0,0.0217496,0.169276,0.19861,0.443515,0.188599,0.325493,0.15978,0.317816,0.196911
19098,2,12,1385.92,13,1412.55,1,3,0,0.0217388,0.141576,0.205215,0.458339,0.194869,0.261702,0.174878,0.347894,0.215526
19099,2,12,1385.92,13,1412.55,1,2,0,0.0217279,0.147723,0.170584,0.47835,0.203343,0.275299,0.183948,0.365989,0.174764
19100,2,12,1385.92,13,1412.55,3,2,0,0.021717,0.152519,0.143524,0.493998,0.209958,0.304901,0.203711,0.297849,0.193538
19101,2,12,1385.92,13,1412.55,1,0,0,0.0217062,0.159161,0.149772,0.51563,0.175437,0.330439,0.220756,0.239076,0.209729
19102,2,12,1385.92,13,1412.55,2,0,0,0.0216953,0.163256,0.127766,0.529023,0.179955,0.267223,0.241597,0.261652,0.229528
19103,2,12,1385.92,13,1412.55,1,0,0,0.0216845,0.189867,0.148585,0.452256,0.209291,0.213262,0.259388,0.280924,0.246427
19104,2,12,1385.92,13,1412.55,2,0,0,0.0216736,0.194877,0.126035,0.46427,0.214818,0.171628,0.273114,0.295794,0.259464
19105,2,12,1385.92,17,2345.78,2,1,9,0.0216628,0.221693,0.143366,0.39056,0.244382,0.1399,0.283574,0.307127,0.269399
19106,0,12,1385.92,17,2096.12,2,1,13,0.021652,0.000204955,0.00013253,0.999437,0.000225936,0.000176722,0.999095,0.000388025,0.00034035
19107,0,12,1385.92,16,1934.94,0,2,13,0.0216411,1,6.90521e-14,1.32339e-14,2.36037e-14,3.92443e-14,5.05266e-14,1,1.69418e-13
19108,0,12,1385.92,16,1867.52,0,2,13,0.0216303,1,3.32666e-18,6.37347e-19,1.13689e-18,1.89025e-18,2.43379e-18,1,8.16259e-18
19109,0,12,1385.92,15,1888.32,0,2,13,0.0216195,1,1.94725e-22,3.72946e-23,6.65331e-23,1.10622e-22,1.42439e-22,1,4.77836e-22
19110,0,12,1385.92,15,1888.32,0,2,0,0.0216087,1,1.37956e-26,2.64132e-27,4.71264e-27,7.83562e-27,1.00898e-26,1,3.38561e-26
19111,0,12,1385.92,15,1715.96,0,2,13,0.0215979,1,1.71439e-25,3.2813e-26,5.85516e-26,9.7354e-26,1.25367e-25,1,4.2077e-25
19112,0,12,1385.92,15,1686.51,0,2,13,0.0215871,1,1.39028e-29,2.66009e-30,4.74723e-30,7.89334e-30,1.01652e-29,1,3.41255e-29
19113,0,12,1385.92,15,1612.12,0,2,13,0.0215763,1,1.35581e-33,2.59328e-34,4.62852e-34,7.69609e-34,9.91164e-34,1,3.32825e-33
19114,0,12,1385.92,15,1612.12,0,2,0,0.0215655,1,1.5842e-37,3.02912e-38,5.40704e-38,8.99075e-38,1.15796e-37,1,3.88927e-37
19115,0,12,1385.92,14,1600.88,0,2,13,0.0215547,1,3.24563e-36,6.20384e-37,1.10753e-36,1.84162e-36,2.37202e-36,1,7.96891e-36
19116,0,12,1385.92,14,1593.91,0,2,13,0.0215439,1,4.25579e-40,8.13201e-41,1.45192e-40,2.41433e-40,3.10983e-40,1,1.04502e-39
19117,0,12,1385.92,14,1593.91,0,2,0,0.0215332,1,6.64705e-44,1.26971e-44,2.26725e-44,3.77018e-44,4.85652e-44,1,1.63236e-43
19118,0,12,1385.92,14,1593.91,0,2,0,0.0215224,1,1.82289e-42,3.4809e-43,6.21637e-43,1.03374e-42,1.33167e-42,1,4.47705e-42
19119,0,12,1385.92,14,1569.04,0,2,13,0.0215116,1,4.68304e-41,8.93953e-42,1.59665e-41,2.65519e-41,3.42061e-41,1,1.15028e-40
19120,0,12,1385.92,14,1569.04,0,2,0,0.0215009,1,7.59287e-45,1.44893e-45,2.58818e-45,4.3042e-45,5.54525e-45,1,1.86521e-44
19121,0,12,1385.92,14,1561.68,0,2,13,0.0214901,1,2.17544e-43,4.14998e-44,7.41383e-44,1.23297e-43,1.58856e-43,1,5.34461e-43
19122,0,12,1385.92,14,1561.68,0,2,0,0.0214794,1,3.90653e-47,7.44982e-48,1.33105e-47,2.21369e-47,2.85226e-47,1,9.59858e-47
19123,0,12,1385.92,14,1561.68,0,2,0,0.0214686,1,1.24305e-45,2.36974e-46,4.23446e-46,7.04263e-46,9.07465e-46,1,3.05459e-45
19124,0,12,1385.92,14,1556.39,0,2,13,0.0214579,1,3.69441e-44,7.04064e-45,1.25823e-44,2.09272e-44,2.69667e-44,1,9.0794e-44
19125,0,12,1385.92,14,1556.39,0,2,0,0.0214472,1,6.82783e-48,1.30079e-48,2.3249e-48,3.86696e-48,4.98321e-48,1,1.6782e-47
19126,0,12,1385.92,14,1553.19,0,2,13,0.0214365,1,2.25078e-46,4.28659e-47,7.66232e-47,1.27451e-46,1.64249e-46,1,5.53278e-46
19127,0,12,1385.92,14,1544.05,0,2,13,0.0214257,1,4.5825e-50,8.72444e-51,1.55968e-50,2.59439e-50,3.34363e-50,1,1.12658e-49
19128,0,12,1385.92,14,1523.55,0,2,13,0.021415,1,1.10168e-53,2.09674e-54,3.74882e-54,6.23604e-54,8.03737e-54,1,2.70873e-53
19129,0,12,1385.92,14,1521.6,0,2,13,0.0214043,1,3.11715e-57,5.93067e-58,1.06048e-57,1.76415e-57,2.27386e-57,1,7.66513e-57
19130,0,12,1385.92,14,1519,0,2,13,0.0213936,1,1.03469e-60,1.96795e-61,3.51937e-61,5.85483e-61,7.54681e-61,1,2.54464e-60
19131,0,12,1385.92,14,1519,0,2,0,0.0213829,1,4.01645e-64,7.63662e-65,1.36585e-64,2.27232e-64,2.92915e-64,1,9.87891e-64
19132,0,12,1385.92,14,1518.32,0,2,13,0.0213722,1,2.77985e-62,5.28367e-63,9.4512e-63,1.57244e-62,2.02706e-62,1,6.83818e-62
19133,0,12,1385.92,14,1518.32,0,2,9,0.0213615,1,1.1543e-65,2.19326e-66,3.92367e-66,6.52828e-66,8.41616e-66,1,2.83983e-65
19134,0,12,1385.92,14,1517.5,0,2,13,0.0213509,1,2.20062e-67,4.17994e-68,7.47864e-68,1.24437e-67,1.6043e-67,1,5.41465e-67
19135,0,12,1385.92,14,1517.5,0,2,0,0.0213402,1,1.14824e-70,2.18028e-71,3.90136e-71,6.49177e-71,8.36994e-71,1,2.82561e-70
19136,0,12,1385.92,14,1517.5,0,2,9,0.0213295,1,1.07219e-68,2.03521e-69,3.64219e-69,6.0608e-69,7.81469e-69,1,2.63881e-68
19137,0,12,1385.92,14,1517.5,0,2,0,0.0213189,1,2.33743e-70,4.43538e-71,7.93843e-71,1.32106e-70,1.70344e-70,1,5.75346e-70
19138,0,12,1385.92,14,1517.5,0,2,0,0.0213082,1,2.15327e-68,4.08457e-69,7.31142e-69,1.21678e-68,1.56905e-68,1,5.30085e-68
19139,0,12,1385.92,14,1517.5,0,2,0,0.0212975,1,1.81415e-66,3.44015e-67,6.15861e-67,1.02498e-66,1.32179e-66,1,4.4666e-66
19140,0,12,1385.92,14,1517.5,0,2,0,0.0212869,1,1.40034e-64,2.65456e-65,4.75278e-65,7.91048e-65,1.02017e-64,1,3.4482e-64
19141,0,12,1385.92,14,1517.5,0,2,0,0.0212762,1,9.92035e-63,1.87993e-63,3.36627e-63,5.60308e-63,7.22635e-63,1,2.44311e-62
19142,0,12,1385.92,14,1517.5,0,2,0,0.0212656,1,6.46094e-61,1.22396e-61,2.19191e-61,3.64859e-61,4.70586e-61,1,1.59136e-60
19143,0,12,1385.92,14,1517.5,0,2,0,0.021255,1,3.87491e-59,7.33816e-60,1.3143e-59,2.18787e-59,2.822e-59,1,9.54539e-59
19144,0,12,1385.92,14,1500.74,0,2,13,0.0212443,1,2.14355e-57,4.05803e-58,7.26898e-58,1.21011e-57,1.56093e-57,1,5.2811e-57
19145,0,12,1385.92,14,1500.74,0,2,0,0.0212337,1,6.94372e-61,1.3141e-61,2.35417e-61,3.91934e-61,5.05584e-61,1,1.71097e-60
19146,0,12,1385.92,14,1500.74,0,2,0,0.0212231,1,4.16189e-59,7.87376e-60,1.41072e-59,2.34878e-59,3.03001e-59,1,1.02565e-58
19147,0,12,1385.92,14,1500.74,0,2,0,0.0212125,1,2.30091e-57,4.35158e-58,7.79754e-58,1.29832e-57,1.67497e-57,1,5.67111e-57
19148,0,12,1385.92,14,1500.74,0,2,0,0.0212019,1,1.17521e-55,2.22187e-56,3.98181e-56,6.63028e-56,8.55418e-56,1,2.89697e-55
19149,0,12,1385.92,14,1500.74,0,2,0,0.0211913,1,5.55419e-54,1.04973e-54,1.88144e-54,3.13306e-54,4.04238e-54,1,1.36933e-53
19150,0,12,1385.92,14,1500.74,0,2,0,0.0211807,1,2.43266e-52,4.59615e-53,8.23866e-53,1.37202e-52,1.77032e-52,1,5.99832e-52
19151,0,12,1385.92,14,1500.74,0,2,0,0.0211701,1,9.88896e-51,1.86775e-51,3.34836e-51,5.57652e-51,7.19576e-51,1,2.43871e-50
19152,0,12,1385.92,14,1500.74,0,2,0,0.0211595,1,3.73656e-49,7.05497e-50,1.26491e-49,2.10677e-49,2.71865e-49,1,9.21601e-49
19153,0,12,1385.92,14,1500.74,0,2,0,0.0211489,1,1.31424e-47,2.48057e-48,4.44802e-48,7.40888e-48,9.56116e-48,1,3.24195e-47
19154,0,12,1385.92,14,1500.74,0,2,0,0.0211384,1,4.30895e-46,8.13028e-47,1.45804e-46,2.42876e-46,3.13447e-46,1,1.06308e-45
19155,0,12,1385.92,14,1500.74,0,2,0,0.0211278,1,1.31877e-44,2.48748e-45,4.46144e-45,7.4322e-45,9.59223e-45,1,3.25408e-44
19156,0,12,1385.92,14,1500.74,0,2,0,0.0211172,1,3.77278e-43,7.11387e-44,1.27606e-43,2.1259e-43,2.7439e-43,1,9.31069e-43
19157,0,12,1385.92,14,1500.74,0,2,0,0.0211067,1,1.01024e-41,1.90426e-42,3.4162e-42,5.69171e-42,7.34665e-42,1,2.4935e-41
19158,0,12,1385.92,14,1500.74,0,2,0,0.0210961,1,2.53532e-40,4.77735e-41,8.57148e-41,1.42819e-40,1.84354e-40,1,6.25864e-40
19159,0,12,1385.92,14,1500.74,0,2,0,0.0210856,1,5.9709e-39,1.12473e-39,2.01822e-39,3.363e-39,4.34128e-39,1,1.47418e-38
19160,0,12,1385.92,14,1500.74,0,2,0,0.021075,1,1.32127e-37,2.48804e-38,4.46506e-38,7.44073e-38,9.60569e-38,1,3.26263e-37
19161,0,12,1385.92,14,1500.74,0,2,0,0.0210645,1,2.7506e-36,5.17783e-37,9.29326e-37,1.54877e-36,1.9995e-36,1,6.79309e-36
19162,0,12,1385.92,14,1500.74,0,2,9,0.021054,1,5.3935e-35,1.01495e-35,1.82187e-35,3.03645e-35,3.92033e-35,1,1.33222e-34
19163,0,12,1385.92,14,1500.74,0,2,0,0.0210434,1,2.4391e-37,4.58838e-38,8.23724e-38,1.37297e-37,1.77272e-37,1,6.02558e-37
19164,0,12,1385.92,14,1500.74,0,2,0,0.0210329,1,5.02049e-36,9.44126e-37,1.69513e-36,2.82562e-36,3.64851e-36,1,1.24045e-35
19165,0,12,1385.92,14,1500.74,0,2,0,0.0210224,1,9.73568e-35,1.83023e-35,3.28647e-35,5.47863e-35,7.07449e-35,1,2.40583e-34
19166,0,12,1385.92,14,1500.74,0,2,9,0.0210119,1,1.78076e-33,3.34656e-34,6.00998e-34,1.00195e-33,1.29388e-33,1,4.40119e-33
19167,0,12,1385.92,14,1500.74,0,2,0,0.0210014,1,7.47253e-36,1.40383e-36,2.5214e-36,4.20385e-36,5.42894e-36,1,1.84713e-35
19168,0,12,1385.92,14,1477.88,0,2,13,0.0209909,1,1.43887e-34,2.70224e-35,4.85401e-35,8.09353e-35,1.04527e-34,1,3.55728e-34
19169,0,12,1385.92,14,1477.88,0,2,0,0.0209804,1,1.56396e-38,2.93618e-39,5.27485e-39,8.79589e-39,1.13604e-38,1,3.86713e-38
19170,0,12,1385.92,14,1477.88,0,2,0,0.0209699,1,3.40466e-37,6.38978e-38,1.14806e-37,1.91455e-37,2.47287e-37,1,8.41984e-37
19171,0,12,1385.92,14,1473.22,0,2,13,0.0209594,1,6.97501e-36,1.30862e-36,2.35148e-36,3.92172e-36,5.06563e-36,1,1.72521e-35
19172,0,12,1385.92,14,1473.22,0,2,0,0.0209489,1,7.99832e-40,1.5001e-40,2.69588e-40,4.49645e-40,5.8083e-40,1,1.97863e-39
19173,0,12,1385.92,14,1473.15,0,2,13,0.0209385,1,1.8483e-38,3.46536e-39,6.22845e-39,1.03892e-38,1.3421e-38,1,4.57304e-38
19174,0,12,1385.92,14,1470.72,0,2,13,0.020928,1,2.37357e-42,4.4487e-43,7.99677e-43,1.33398e-42,1.72335e-42,1,5.87357e-42
19175,0,12,1385.92,14,1470.72,0,2,0,0.0209175,1,3.63218e-46,6.80539e-47,1.22345e-46,2.04106e-46,2.63694e-46,1,8.9895e-46
19176,0,12,1385.92,14,1470.72,0,2,0,0.0209071,1,1.12178e-44,2.10111e-45,3.77774e-45,6.30282e-45,8.14335e-45,1,2.7768e-44
19177,0,12,1385.92,14,1470.72,0,2,9,0.0208966,1,3.2379e-43,6.06259e-44,1.09017e-43,1.81899e-43,2.35029e-43,1,8.0162e-43
19178,0,12,1385.92,14,1469.6,0,2,13,0.0208862,1,2.08622e-45,3.90488e-46,7.02254e-46,1.17183e-45,1.51418e-45,1,5.16574e-45
19179,0,12,1385.92,14,1469.6,0,2,0,0.0208757,1,3.63859e-49,6.80827e-50,1.22454e-49,2.04352e-49,2.64067e-49,1,9.01105e-49
19180,0,12,1385.92,14,1469.6,0,2,9,0.0208653,1,1.28986e-47,2.41268e-48,4.33999e-48,7.24318e-48,9.36023e-48,1,3.19488e-47
19181,0,12,1385.92,14,1469.6,0,2,0,0.0208548,1,1.01146e-49,1.89131e-50,3.40252e-50,5.67906e-50,7.33933e-50,1,2.50571e-49
19182,0,12,1385.92,14,1468.66,0,2,13,0.0208444,1,3.67965e-48,6.87816e-49,1.23755e-48,2.06573e-48,2.66978e-48,1,9.11709e-48
19183,0,12,1385.92,14,1468.66,0,2,0,0.020834,1,7.21431e-52,1.34808e-52,2.42581e-52,4.04951e-52,5.23392e-52,1,1.78778e-51
19184,0,12,1385.92,14,1468.66,0,2,0,0.0208236,1,2.89602e-50,5.40975e-51,9.73574e-51,1.62536e-50,2.10086e-50,1,7.1778e-50
19185,0,12,1385.92,14,1468.66,0,2,0,0.0208132,1,1.08086e-48,2.01836e-49,3.6328e-49,6.06539e-49,7.84021e-49,1,2.67935e-48
19186,0,12,1385.92,14,1468.66,0,2,0,0.0208028,1,3.75598e-47,7.01144e-48,1.26212e-47,2.10744e-47,2.72424e-47,1,9.31222e-47
19187,0,12,1385.92,14,1468.66,0,2,0,0.0207924,1,1.21697e-45,2.271e-46,4.08848e-46,6.82734e-46,8.82602e-46,1,3.01772e-45
19188,0,12,1385.92,14,1468.66,0,2,0,0.020782,1,3.68161e-44,6.86799e-45,1.23659e-44,2.06515e-44,2.66985e-44,1,9.1308e-44
19189,0,12,1385.92,14,1465.46,0,2,13,0.0207716,1,1.04133e-42,1.94194e-43,3.4969e-43,5.84044e-43,7.55099e-43,1,2.58304e-42
19190,0,12,1385.92,14,1465.46,0,2,0,0.0207612,1,1.56856e-46,2.92416e-47,5.26623e-47,8.79626e-47,1.13731e-46,1,3.89147e-46
19191,0,12,1385.92,14,1465.46,0,2,9,0.0207508,1,4.94579e-45,9.21701e-46,1.66012e-45,2.77316e-45,3.58573e-45,1,1.22721e-44
19192,0,12,1385.92,14,1465.46,0,2,0,0.0207404,1,3.39463e-47,6.32413e-48,1.1392e-47,1.90315e-47,2.46093e-47,1,8.42457e-47
19193,0,12,1385.92,14,1465.46,0,2,0,0.0207301,1,1.1039e-45,2.05584e-46,3.70375e-46,6.18802e-46,8.002e-46,1,2.74002e-45
19194,0,12,1385.92,14,1465.46,0,2,0,0.0207197,1,3.35147e-44,6.23952e-45,1.12423e-44,1.87846e-44,2.42924e-44,1,8.3202e-44
19195,0,12,1385.92,14,1465.46,0,2,0,0.0207093,1,9.51274e-43,1.77042e-43,3.19029e-43,5.33107e-43,6.89456e-43,1,2.36198e-42
19196,0,12,1385.92,14,1465.46,0,2,0,0.020699,1,2.52766e-41,4.70264e-42,8.47515e-42,1.41635e-41,1.83182e-41,1,6.27712e-41
19197,0,12,1385.92,14,1465.38,0,2,13,0.0206886,1,6.29564e-40,1.17089e-40,2.11045e-40,3.52723e-40,4.56216e-40,1,1.5637e-39
19198,0,12,1385.92,14,1465.38,0,2,0,0.0206783,1,8.21135e-44,1.52667e-44,2.75204e-44,4.59993e-44,5.94991e-44,1,2.03986e-43
19199,0,12,1385.92,14,1465.38,0,2,0,0.0206679,1,2.2922e-42,4.26027e-43,7.68062e-43,1.2839e-42,1.66078e-42,1,5.69522e-42
19200,0,12,1385.92,14,1465.38,0,2,0,0.0206576,1,5.99203e-41,1.1133e-41,2.00735e-41,3.35581e-41,4.34111e-41,1,1.48904e-40
19201,0,12,1385.92,14,1465.38,0,2,9,0.0206473,1,1.46875e-39,2.72797e-40,4.91927e-40,8.22456e-40,1.06399e-39,1,3.65048e-39
19202,0,12,1385.92,14,1465.38,0,2,0,0.020637,1,7.74521e-42,1.43807e-42,2.59354e-42,4.33653e-42,5.61036e-42,1,1.92535e-41
19203,0,12,1385.92,14,1465.38,0,2,9,0.0206266,1,1.97806e-40,3.67147e-41,6.62222e-41,1.10737e-40,1.43273e-40,1,4.91801e-40
19204,0,12,1385.92,14,1465.38,0,2,0,0.0206163,1,1.08231e-42,2.00819e-43,3.62259e-43,6.05824e-43,7.83863e-43,1,2.69137e-42
19205,0,12,1385.92,14,1465.38,0,2,9,0.020606,1,2.87554e-41,5.33369e-42,9.62263e-42,1.60938e-41,2.08245e-41,1,7.15181e-41
19206,0,12,1385.92,14,1465.38,0,2,0,0.0205957,1,1.63004e-43,3.02245e-44,5.45351e-44,9.12182e-44,1.18037e-43,1,4.05478e-43
19207,0,12,1385.92,14,1465.38,0,2,0,0.0205854,1,4.49869e-42,8.33875e-43,1.50477e-42,2.51718e-42,3.25742e-42,1,1.11926e-41
19208,0,12,1385.92,14,1465.23,0,2,13,0.0205751,1,1.16294e-40,2.1549e-41,3.88908e-41,6.50624e-41,8.42002e-41,1,2.89384e-40
19209,0,12,1385.92,14,1465.23,0,2,0,0.0205648,1,1.53177e-44,2.83736e-45,5.12137e-45,8.56857e-45,1.10895e-44,1,3.81226e-44
19210,0,12,1385.92,14,1465.23,0,2,0,0.0205546,1,4.4338e-43,8.21017e-44,1.48209e-43,2.47991e-43,3.2097e-43,1,1.10367e-42
19211,0,12,1385.92,14,1465.23,0,2,9,0.0205443,1,1.20097e-41,2.22312e-42,4.01363e-42,6.71643e-42,8.69337e-42,1,2.99001e-41
19212,0,12,1385.92,14,1465.23,0,2,0,0.020534,1,6.86845e-44,1.27099e-44,2.29492e-44,3.84068e-44,4.97142e-44,1,1.7103e-43
19213,0,12,1385.92,14,1465.23,0,2,0,0.0205237,1,1.93149e-42,3.57297e-43,6.45218e-43,1.07991e-42,1.39792e-42,1,4.81039e-42
19214,0,12,1385.92,14,1465.23,0,2,0,0.0205135,1,5.08569e-41,9.40459e-42,1.69851e-41,2.84307e-41,3.68049e-41,1,1.26681e-40
19215,0,12,1385.92,14,1465.23,0,2,0,0.0205032,1,1.25544e-39,2.3208e-40,4.19197e-40,7.01743e-40,9.08485e-40,1,3.12774e-39
19216,0,12,1385.92,14,1465.23,0,2,0,0.020493,1,2.90927e-38,5.37626e-39,9.71204e-39,1.62596e-38,2.1051e-38,1,7.24926e-38
19217,0,12,1385.92,14,1465.23,0,2,0,0.0204827,1,6.33663e-37,1.1706e-37,2.1149e-37,3.54104e-37,4.58475e-37,1,1.57922e-36
19218,0,12,1385.92,14,1465.23,0,2,0,0.0204725,1,1.29883e-35,2.39859e-36,4.33401e-36,7.25722e-36,9.39674e-36,1,3.23752e-35
19219,0,12,1385.92,14,1465.23,0,2,9,0.0204622,1,2.50836e-34,4.6307e-35,8.36818e-35,1.40137e-34,1.8146e-34,1,6.25352e-34
19220,0,12,1385.92,14,1465.23,0,2,0,0.020452,1,1.01593e-36,1.87488e-37,3.38851e-37,5.67507e-37,7.34891e-37,1,2.53322e-36
19221,0,12,1385.92,14,1461.75,0,2,13,0.0204418,1,2.06469e-35,3.80906e-36,6.88503e-36,1.15321e-35,1.49342e-35,1,5.14921e-35
19222,0,12,1385.92,14,1461.75,0,2,0,0.0204316,1,2.08147e-39,3.83872e-40,6.93946e-40,1.16243e-39,1.50545e-39,1,5.19195e-39
19223,0,12,1385.92,13,1479.41,0,2,13,0.0204214,1,4.78458e-38,8.82089e-39,1.59479e-38,2.67169e-38,3.46023e-38,1,1.19365e-37
19224,0,12,1385.92,13,1479.41,0,2,9,0.0204111,1,5.41587e-42,9.98137e-43,1.80481e-42,3.02382e-42,3.9165e-42,1,1.35138e-41
19225,0,12,1385.92,13,1479.41,0,2,0,0.0204009,1,3.08954e-44,5.69205e-45,1.02935e-44,1.72475e-44,2.23404e-44,1,7.71045e-44
19226,0,12,1385.92,13,1479.41,0,2,0,0.0203907,1,8.85823e-43,1.63145e-43,2.95067e-43,4.94454e-43,6.40491e-43,1,2.2111e-42
19227,0,12,1385.92,13,1479.41,0,2,0,0.0203805,1,2.37715e-41,4.3766e-42,7.9165e-42,1.32672e-41,1.71866e-41,1,5.93462e-41
19228,0,12,1385.92,13,1479.41,0,2,9,0.0203703,1,5.97847e-40,1.10033e-40,1.99054e-40,3.33626e-40,4.32207e-40,1,1.4928e-39
19229,0,12,1385.92,13,1479.41,0,2,0,0.0203602,1,3.08964e-42,5.68453e-43,1.02848e-42,1.72394e-42,2.23346e-42,1,7.71607e-42
19230,0,12,1385.92,13,1479.41,0,2,9,0.02035,1,8.09523e-41,1.48891e-41,2.69414e-41,4.51638e-41,5.85151e-41,1,2.02206e-40
19231,0,12,1385.92,13,1479.41,0,2,0,0.0203398,1,4.34028e-43,7.98015e-44,1.44415e-43,2.42117e-43,3.13707e-43,1,1.08432e-42
19232,0,12,1385.92,13,1479.41,0,2,9,0.0203296,1,1.18293e-41,2.17423e-42,3.93513e-42,6.598e-42,8.54937e-42,1,2.95581e-41
19233,0,12,1385.92,13,1479.41,0,2,9,0.0203195,1,6.56997e-44,1.20715e-44,2.18508e-44,3.66406e-44,4.74796e-44,1,1.64194e-43
19234,0,12,1385.92,13,1479.41,0,2,0,0.0203093,1,4.0385e-46,7.41774e-47,1.34285e-46,2.25198e-46,2.91831e-46,1,1.00946e-45
19235,0,12,1385.92,13,1479.41,0,2,0,0.0202992,1,1.26488e-44,2.3225e-45,4.20498e-45,7.05248e-45,9.13968e-45,1,3.16225e-44
19236,0,12,1385.92,13,1479.41,0,2,9,0.020289,1,3.7015e-43,6.79414e-44,1.23025e-43,2.06355e-43,2.6744e-43,1,9.2555e-43
19237,0,12,1385.92,13,1479.41,0,2,9,0.0202789,1,2.1894e-45,4.0173e-46,7.27521e-46,1.22042e-45,1.58177e-45,1,5.47549e-45
19238,0,12,1385.92,13,1479.41,0,2,0,0.0202687,1,1.43147e-47,2.62569e-48,4.75562e-48,7.97832e-48,1.03411e-47,1,3.58061e-47
19239,0,12,1385.92,13,1479.41,0,2,0,0.0202586,1,4.79529e-46,8.79285e-47,1.59274e-46,2.67233e-46,3.46394e-46,1,1.19968e-45
19240,0,12,1385.92,13,1471.96,0,2,13,0.0202485,1,1.49888e-44,2.74747e-45,4.97737e-45,8.35194e-45,1.08265e-44,1,3.75054e-44
19241,0,12,1385.92,13,1460.4,0,2,13,0.0202383,1,2.20008e-48,4.03142e-49,7.30427e-49,1.22576e-48,1.58903e-48,1,5.5061e-48
19242,0,12,1385.92,13,1460.4,0,2,0,0.0202282,1,3.83783e-52,7.03005e-53,1.27388e-52,2.13796e-52,2.77171e-52,1,9.60657e-52
19243,0,12,1385.92,13,1460.4,0,2,9,0.0202181,1,1.58538e-50,2.90309e-51,5.26116e-51,8.83071e-51,1.14489e-50,1,3.96912e-50
19244,0,12,1385.92,13,1460.4,0,2,0,0.020208,1,1.29928e-52,2.37838e-53,4.31076e-53,7.2362e-53,9.38215e-53,1,3.25341e-52
19245,0,12,1385.92,13,1460.4,0,2,0,0.0201979,1,5.48663e-51,1.00401e-51,1.81996e-51,3.05534e-51,3.96164e-51,1,1.3741e-50
19246,0,12,1385.92,13,1460.4,0,2,9,0.0201878,1,2.15197e-49,3.93657e-50,7.13666e-50,1.19822e-49,1.55372e-49,1,5.39047e-49
19247,0,12,1385.92,13,1459.19,0,2,13,0.0201777,1,1.66774e-51,3.04974e-52,5.52956e-52,9.28485e-52,1.20402e-51,1,4.17826e-51
19248,0,12,1385.92,13,1459.19,0,2,0,0.0201676,1,3.31072e-55,6.05216e-56,1.09746e-55,1.84296e-55,2.39001e-55,1,8.29599e-55
19249,0,12,1385.92,13,1459.19,0,2,0,0.0201575,1,1.57533e-53,2.8788e-54,5.22088e-54,8.76824e-54,1.13715e-53,1,3.94816e-53
19250,0,12,1385.92,13,1459.19,0,2,0,0.0201474,1,6.94578e-52,1.26886e-52,2.30142e-52,3.86552e-52,5.01344e-52,1,1.74109e-51
19251,0,12,1385.92,13,1459.19,0,2,0,0.0201374,1,2.842e-50,5.19002e-51,9.41465e-51,1.58146e-50,2.0512e-50,1,7.12529e-50
19252,0,12,1385.92,13,1459.19,0,2,0,0.0201273,1,1.08075e-48,1.97298e-49,3.5794e-49,6.01322e-49,7.79974e-49,1,2.71008e-48
19253,0,12,1385.92,13,1454.39,0,2,13,0.0201172,1,3.82521e-47,6.98079e-48,1.26661e-47,2.12806e-47,2.76044e-47,1,9.59374e-47
19254,0,12,1385.92,13,1454.39,0,2,0,0.0201072,1,6.14387e-51,1.12084e-51,2.03392e-51,3.41756e-51,4.43337e-51,1,1.54118e-50
19255,0,12,1385.92,13,1454.39,0,2,0,0.0200971,1,2.41033e-49,4.39572e-50,7.97759e-50,1.34059e-49,1.73915e-49,1,6.04734e-49
19256,0,12,1385.92,13,1454.39,0,2,0,0.0200871,1,8.79569e-48,1.60353e-48,2.91051e-48,4.89146e-48,6.34602e-48,1,2.20717e-47
19257,0,12,1385.92,13,1454.39,0,2,0,0.020077,1,2.98983e-46,5.44884e-47,9.89122e-47,1.6625e-46,2.15699e-46,1,7.50395e-46
19258,0,12,1385.92,13,1454.39,0,2,0,0.020067,1,9.48015e-45,1.72713e-45,3.13561e-45,5.27081e-45,6.83889e-45,1,2.37978e-44
19259,0,12,1385.92,13,1454.39,0,2,9,0.020057,1,2.80786e-43,5.11372e-44,9.28509e-44,1.56093e-43,2.02542e-43,1,7.04976e-43
19260,0,12,1385.92,13,1454.39,0,2,9,0.0200469,1,1.6164e-45,2.94282e-46,5.34398e-46,8.98475e-46,1.1659e-45,1,4.05908e-45
19261,0,12,1385.92,13,1454.39,0,2,0,0.0200369,1,1.02912e-47,1.87297e-48,3.40161e-48,5.71964e-48,7.42241e-48,1,2.58477e-47
19262,0,12,1385.92,13,1454.39,0,2,0,0.0200269,1,3.49214e-46,6.35344e-47,1.15402e-46,1.94062e-46,2.51849e-46,1,8.77253e-46
19263,0,12,1385.92,13,1454.39,0,2,9,0.0200169,1,1.10541e-44,2.01045e-45,3.65217e-45,6.14217e-45,7.97156e-45,1,2.77739e-44
19264,0,12,1385.92,13,1454.39,0,2,9,0.0200069,1,6.74611e-47,1.22652e-47,2.22835e-47,3.74799e-47,4.86455e-47,1,1.69529e-46
19265,0,12,1385.92,13,1454.39,0,2,0,0.0199969,1,4.54801e-49,8.26599e-50,1.50195e-49,2.52646e-49,3.27929e-49,1,1.14311e-48
19266,0,12,1385.92,13,1454.39,0,2,0,0.0199869,1,1.64344e-47,2.98593e-48,5.42615e-48,9.12837e-48,1.1849e-47,1,4.13144e-47
19267,0,12,1385.92,13,1454.39,0,2,0,0.0199769,1,5.53292e-46,1.00492e-46,1.8264e-46,3.07284e-46,3.98889e-46,1,1.39117e-45
19268,0,12,1385.92,13,1454.39,0,2,0,0.0199669,1,1.73792e-44,3.15544e-45,5.73555e-45,9.6508e-45,1.25285e-44,1,4.37052e-44
19269,0,12,1385.92,13,1454.39,0,2,9,0.0199569,1,5.10009e-43,9.25676e-44,1.68278e-43,2.83177e-43,3.67634e-43,1,1.2828e-42
19270,0,12,1385.92,13,1454.39,0,2,0,0.0199469,1,2.86054e-45,5.19016e-46,9.43627e-46,1.58809e-45,2.06184e-45,1,7.19628e-45
19271,0,12,1385.92,13,1454.39,0,2,0,0.019937,1,8.7047e-44,1.57884e-44,2.87085e-44,4.83202e-44,6.27382e-44,1,2.19025e-43
19272,0,12,1385.92,13,1454.13,0,2,13,0.019927,1,2.47631e-42,4.48995e-43,8.16516e-43,1.37445e-42,1.78465e-42,1,6.23193e-42
19273,0,12,1385.92,13,1454.13,0,2,0,0.019917,1,3.06453e-46,5.5546e-47,1.01025e-46,1.70073e-46,2.20842e-46,1,7.71367e-46
19274,0,12,1385.92,13,1454.13,0,2,0,0.0199071,1,9.75535e-45,1.76759e-45,3.21522e-45,5.41328e-45,7.02961e-45,1,2.45594e-44
19275,0,12,1385.92,13,1451.75,0,2,13,0.0198971,1,2.90054e-43,5.25376e-44,9.55762e-44,1.60932e-43,2.08996e-43,1,7.30353e-43
19276,0,12,1385.92,13,1451.75,0,2,0,0.0198872,1,3.72085e-47,6.73729e-48,1.22579e-47,2.06421e-47,2.68084e-47,1,9.37077e-47
19277,0,12,1385.92,13,1451.75,0,2,0,0.0198772,1,1.236e-45,2.23723e-46,4.07094e-46,6.85609e-46,8.90462e-46,1,3.11335e-45
19278,0,12,1385.92,13,1451.75,0,2,0,0.0198673,1,3.83162e-44,6.93312e-45,1.26172e-44,2.12515e-44,2.76027e-44,1,9.65324e-44
19279,0,12,1385.92,13,1451.75,0,2,0,0.0198573,1,1.11003e-42,2.00785e-43,3.65442e-43,6.15585e-43,7.996e-43,1,2.79707e-42
19280,0,12,1385.92,13,1451.75,0,2,0,0.0198474,1,3.00921e-41,5.44129e-42,9.9047e-42,1.66861e-41,2.16751e-41,1,7.58405e-41
19281,0,12,1385.92,13,1451.75,0,2,0,0.0198375,1,7.64383e-40,1.38169e-40,2.51538e-40,4.238e-40,5.50542e-40,1,1.92681e-39
19282,0,12,1385.92,13,1451.75,0,2,0,0.0198276,1,1.82166e-38,3.2917e-39,5.99326e-39,1.00987e-38,1.31195e-38,1,4.59277e-38
19283,0,12,1385.92,13,1451.75,0,2,0,0.0198177,1,4.07824e-37,7.36674e-38,1.34144e-37,2.26056e-37,2.93692e-37,1,1.02839e-36
19284,0,12,1385.92,13,1450.43,0,2,13,0.0198078,1,8.58741e-36,1.55066e-36,2.824e-36,4.75942e-36,6.18375e-36,1,2.16584e-35
19285,0,12,1385.92,13,1449.44,0,2,13,0.0197978,1,7.68303e-40,1.38688e-40,2.52603e-40,4.25767e-40,5.53213e-40,1,1.9381e-39
19286,0,12,1385.92,13,1449.44,0,2,0,0.0197879,1,8.24949e-44,1.48862e-44,2.71166e-44,4.57103e-44,5.9396e-44,1,2.08137e-43
19287,0,12,1385.92,13,1449.44,0,2,0,0.0197781,1,2.3591e-42,4.25554e-43,7.75281e-43,1.30702e-42,1.69843e-42,1,5.95318e-42
19288,0,12,1385.92,13,1449.44,0,2,0,0.0197682,1,6.31461e-41,1.13869e-41,2.07473e-41,3.49807e-41,4.54588e-41,1,1.59378e-40
19289,0,12,1385.92,13,1449.44,0,2,9,0.0197583,1,1.58414e-39,2.85565e-40,5.20371e-40,8.77454e-40,1.14034e-39,1,3.99904e-39
19290,0,12,1385.92,13,1449.44,0,2,0,0.0197484,1,7.36417e-42,1.32704e-42,2.4185e-42,4.07851e-42,5.30073e-42,1,1.85936e-41
19291,0,12,1385.92,13,1449.44,0,2,9,0.0197385,1,1.92883e-40,3.47462e-41,6.33316e-41,1.06812e-40,1.38828e-40,1,4.87096e-40
19292,0,12,1385.92,13,1447,0,2,13,0.0197287,1,9.32168e-43,1.67864e-43,3.06001e-43,5.16139e-43,6.70884e-43,1,2.35447e-42
19293,0,12,1385.92,13,1447,0,2,9,0.0197188,1,1.12588e-46,2.02678e-47,3.69508e-47,6.23321e-47,8.10242e-47,1,2.84427e-46
19294,0,12,1385.92,13,1447,0,2,0,0.0197089,1,7.20947e-49,1.29739e-49,2.36559e-49,3.99091e-49,5.18797e-49,1,1.82164e-48
19295,0,12,1385.92,13,1447,0,2,9,0.0196991,1,2.60236e-47,4.6815e-48,8.53702e-48,1.4404e-47,1.87254e-47,1,6.57667e-47
19296,0,12,1385.92,13,1447,0,2,9,0.0196892,1,1.71055e-49,3.07613e-50,5.61019e-50,9.46671e-50,1.23075e-49,1,4.32368e-49
19297,0,12,1385.92,13,1447,0,2,9,0.0196794,1,1.24022e-51,2.22956e-52,4.06672e-52,6.86295e-52,8.92288e-52,1,3.13543e-51
19298,0,12,1385.92,13,1447,0,2,9,0.0196695,1,9.89956e-54,1.77904e-54,3.24536e-54,5.4774e-54,7.12182e-54,1,2.50318e-53
19299,0,12,1385.92,13,1446.51,0,2,13,0.0196597,1,8.68274e-56,1.55983e-56,2.84582e-56,4.80356e-56,6.24601e-56,1,2.1959e-55
19300,0,12,1385.92,13,1446.51,0,2,9,0.0196499,1,1.87094e-59,3.35994e-60,6.13076e-60,1.03494e-59,1.34579e-59,1,4.73256e-59
19301,0,12,1385.92,13,1446.51,0,2,9,0.0196401,1,2.12426e-61,3.81355e-62,6.95928e-62,1.17492e-61,1.5279e-61,1,5.37432e-61
19302,0,12,1385.92,13,1442.77,0,2,13,0.0196302,1,2.63177e-63,4.72304e-64,8.62002e-64,1.45545e-63,1.8928e-63,1,6.65954e-63
19303,0,12,1385.92,13,1442.77,0,2,0,0.0196204,1,7.93763e-67,1.42402e-67,2.59928e-67,4.38922e-67,5.70846e-67,1,2.00894e-66
19304,0,12,1385.92,13,1442.77,0,2,9,0.0196106,1,6.51459e-65,1.16832e-65,2.13282e-65,3.6019e-65,4.68474e-65,1,1.64908e-64
19305,0,12,1385.92,13,1442.77,0,2,0,0.0196008,1,9.43279e-67,1.69109e-67,3.08752e-67,5.21474e-67,6.7828e-67,1,2.38823e-66
19306,0,12,1385.92,13,1442.77,0,2,0,0.019591,1,7.7196e-65,1.38347e-65,2.52619e-65,4.26712e-65,5.55053e-65,1,1.95483e-64
19307,0,12,1385.92,13,1442.77,0,2,9,0.0195812,1,5.79143e-63,1.03756e-63,1.89479e-63,3.20091e-63,4.16386e-63,1,1.46683e-62
19308,0,12,1385.92,13,1442.77,0,2,0,0.0195714,1,7.6397e-65,1.36821e-65,2.49893e-65,4.22194e-65,5.49233e-65,1,1.93531e-64
19309,0,12,1385.92,13,1442.77,0,2,9,0.0195616,1,5.73587e-63,1.0269e-63,1.87577e-63,3.16944e-63,4.12335e-63,1,1.4533e-62
19310,0,12,1385.92,13,1442.77,0,2,0,0.0195519,1,7.54618e-65,1.35053e-65,2.46724e-65,4.16925e-65,5.42437e-65,1,1.91233e-64
19311,0,12,1385.92,13,1442.77,0,2,9,0.0195421,1,5.6702e-63,1.01444e-63,1.85347e-63,3.1324e-63,4.0756e-63,1,1.43719e-62
19312,0,12,1385.92,13,1442.77,0,2,9,0.0195323,1,7.44011e-65,1.33063e-65,2.43147e-65,4.10966e-65,5.3474e-65,1,1.88614e-64
19313,0,12,1385.92,13,1442.77,0,2,0,0.0195225,1,1.06221e-66,1.89906e-67,3.47057e-67,5.86655e-67,7.63383e-67,1,2.6933e-66
19314,0,12,1385.92,13,1442.77,0,2,9,0.0195128,1,8.69183e-65,1.55343e-65,2.83927e-65,4.79991e-65,6.2462e-65,1,2.20428e-64
19315,0,12,1385.92,13,1442.77,0,2,9,0.019503,1,1.23355e-66,2.20388e-67,4.0286e-67,6.81124e-67,8.86404e-67,1,3.12891e-66
19316,0,12,1385.92,13,1442.77,0,2,0,0.0194933,1,1.90185e-68,3.39669e-69,6.20978e-69,1.05001e-68,1.36654e-68,1,4.82493e-68
19317,0,12,1385.92,13,1442.77,0,2,9,0.0194835,1,1.68671e-66,3.01142e-67,5.50609e-67,9.3112e-67,1.21187e-66,1,4.27993e-66
19318,0,12,1385.92,13,1441.22,0,2,13,0.0194738,1,2.57704e-68,4.59941e-69,8.4106e-69,1.42244e-68,1.85143e-68,1,6.54029e-68
19319,0,12,1385.92,13,1441.22,0,2,0,0.019464,1,9.42988e-72,1.68243e-72,3.07691e-72,5.20435e-72,6.77429e-72,1,2.39366e-71
19320,0,12,1385.92,13,1441.22,0,2,0,0.0194543,1,9.73152e-70,1.73565e-70,3.17462e-70,5.37018e-70,6.99051e-70,1,2.47069e-69
19321,0,12,1385.92,13,1441.22,0,2,9,0.0194446,1,9.16427e-68,1.63392e-68,2.9889e-68,5.05655e-68,6.58259e-68,1,2.3271e-67
19322,0,12,1385.92,13,1441.22,0,2,0,0.0194349,1,1.4748e-69,2.62855e-70,4.80895e-70,8.13649e-70,1.05926e-69,1,3.74568e-69
19323,0,12,1385.92,13,1441.22,0,2,0,0.0194251,1,1.37822e-67,2.45556e-68,4.49301e-68,7.60273e-68,9.89824e-68,1,3.50103e-67
19324,0,12,1385.92,13,1441.22,0,2,0,0.0194154,1,1.1776e-65,2.0974e-66,3.83814e-66,6.49528e-66,8.45687e-66,1,2.99197e-65
19325,0,12,1385.92,13,1441.22,0,2,0,0.0194057,1,9.21607e-64,1.64089e-64,3.0031e-64,5.08268e-64,6.61801e-64,1,2.34199e-63
19326,0,12,1385.92,13,1441.22,0,2,0,0.019396,1,6.61782e-62,1.17787e-62,2.15597e-62,3.6493e-62,4.7519e-62,1,1.68203e-61
19327,0,12,1385.92,13,1441.22,0,2,0,0.0193863,1,4.36763e-60,7.77104e-61,1.42258e-60,2.40818e-60,3.13595e-60,1,1.11032e-59
19328,0,12,1385.92,13,1441.22,0,2,0,0.0193766,1,2.65378e-58,4.72007e-59,8.64166e-59,1.46304e-58,1.90528e-58,1,6.74755e-58
19329,0,12,1385.92,13,1441.22,0,2,0,0.0193669,1,1.4869e-56,2.64372e-57,4.84081e-57,8.19637e-57,1.06745e-56,1,3.78133e-56
19330,0,12,1385.92,13,1441.22,0,2,0,0.0193573,1,7.69479e-55,1.36767e-55,2.50458e-55,4.24114e-55,5.52373e-55,1,1.95722e-54
19331,0,12,1385.92,13,1441.22,0,2,9,0.0193476,1,3.68375e-53,6.5452e-54,1.19875e-53,2.03013e-53,2.64421e-53,1,9.37158e-53
19332,0,12,1385.92,13,1441.22,0,2,9,0.0193379,1,3.00231e-55,5.33259e-56,9.76783e-56,1.65439e-55,2.15493e-55,1,7.63939e-55
19333,0,12,1385.92,13,1441.22,0,2,0,0.0193282,1,2.68759e-57,4.77195e-58,8.74194e-58,1.48079e-57,1.9289e-57,1,6.83985e-57
19334,0,12,1385.92,13,1441.22,0,2,0,0.0193186,1,1.44038e-55,2.55658e-56,4.68407e-56,7.93512e-56,1.0337e-55,1,3.66641e-55
19335,0,12,1385.92,13,1441.22,0,2,0,0.0193089,1,7.13622e-54,1.2662e-54,2.32016e-54,3.93091e-54,5.12103e-54,1,1.81683e-53
19336,0,12,1385.92,13,1441.22,0,2,0,0.0192993,1,3.27352e-52,5.80627e-53,1.06406e-52,1.80297e-52,2.34895e-52,1,8.33567e-52
19337,0,12,1385.92,13,1441.22,0,2,0,0.0192896,1,1.39244e-50,2.46893e-51,4.52514e-51,7.66828e-51,9.99098e-51,1,3.54637e-50
19338,0,12,1385.92,13,1436.66,0,2,13,0.01928,1,5.50055e-49,9.74963e-50,1.78716e-49,3.02883e-49,3.94646e-49,1,1.40118e-48
19339,0,12,1385.92,13,1436.66,0,2,0,0.0192703,1,7.97727e-53,1.41347e-53,2.59128e-53,4.39209e-53,5.72304e-53,1,2.03247e-52
19340,0,12,1385.92,13,1436.66,0,2,0,0.0192607,1,3.49242e-51,6.18596e-52,1.13419e-51,1.92261e-51,2.50535e-51,1,8.8997e-51
19341,0,12,1385.92,13,1436.66,0,2,0,0.0192511,1,1.41911e-49,2.51273e-50,4.60765e-50,7.81138e-50,1.01796e-49,1,3.61698e-49
19342,0,12,1385.92,13,1436.66,0,2,0,0.0192414,1,5.36e-48,9.48736e-49,1.73993e-48,2.95002e-48,3.84459e-48,1,1.3664e-47
19343,0,12,1385.92,13,1436.66,0,2,9,0.0192318,1,1.88453e-46,3.33452e-47,6.11605e-47,1.03707e-46,1.35163e-46,1,4.80502e-46
19344,0,12,1385.92,13,1436.66,0,2,9,0.0192222,1,1.11171e-48,1.96639e-49,3.60712e-49,6.11709e-49,7.97289e-49,1,2.83507e-48
19345,0,12,1385.92,13,1436.66,0,2,9,0.0192126,1,7.24933e-51,1.28182e-51,2.35164e-51,3.98842e-51,5.19869e-51,1,1.84906e-50
19346,0,12,1385.92,13,1436.66,0,2,0,0.019203,1,5.21511e-53,9.21811e-54,1.69137e-53,2.86889e-53,3.73965e-53,1,1.33045e-52
19347,0,12,1385.92,13,1436.66,0,2,0,0.0191934,1,2.30698e-51,4.07636e-52,7.48035e-52,1.26895e-51,1.65418e-51,1,5.88655e-51
19348,0,12,1385.92,13,1436.66,0,2,0,0.0191838,1,9.47011e-50,1.67275e-50,3.06997e-50,5.20836e-50,6.78991e-50,1,2.41686e-49
19349,0,12,1385.92,13,1436.66,0,2,0,0.0191742,1,3.61275e-48,6.37917e-49,1.1709e-48,1.98669e-48,2.5901e-48,1,9.2218e-48
19350,0,12,1385.92,13,1436.66,0,2,0,0.0191646,1,1.28269e-46,2.26412e-47,4.15629e-47,7.05284e-47,9.19545e-47,1,3.27478e-46
19351,0,12,1385.92,13,1436.66,0,2,9,0.019155,1,4.24451e-45,7.48951e-46,1.37503e-45,2.33355e-45,3.04263e-45,1,1.08385e-44
19352,0,12,1385.92,13,1436.66,0,2,0,0.0191454,1,2.32706e-47,4.10471e-48,7.53695e-48,1.27922e-47,1.66801e-47,1,5.94332e-47
19353,0,12,1385.92,13,1436.66,0,2,0,0.0191359,1,7.96964e-46,1.40528e-46,2.58065e-46,4.3805e-46,5.71217e-46,1,2.03583e-45
19354,0,12,1385.92,13,1436.66,0,2,9,0.0191263,1,2.54566e-44,4.48718e-45,8.24122e-45,1.39905e-44,1.82446e-44,1,6.50405e-44
19355,0,12,1385.92,13,1436.66,0,2,0,0.0191167,1,1.34118e-46,2.36326e-47,4.34092e-47,7.37001e-47,9.61153e-47,1,3.42731e-46
19356,0,12,1385.92,13,1436.66,0,2,0,0.0191072,1,4.44039e-45,7.82155e-46,1.43687e-45,2.43977e-45,3.18197e-45,1,1.13493e-44
19357,0,12,1385.92,13,1436.66,0,2,0,0.0190976,1,1.37207e-43,2.416e-44,4.43889e-44,7.53792e-44,9.83155e-44,1,3.50755e-43
19358,0,12,1385.92,13,1436.66,0,2,9,0.0190881,1,3.96229e-42,6.97455e-43,1.28158e-42,2.17655e-42,2.83898e-42,1,1.01311e-41
19359,0,12,1385.92,13,1436.66,0,2,0,0.0190785,1,1.87805e-44,3.30465e-45,6.07307e-45,1.03152e-44,1.34553e-44,1,4.80283e-44
19360,0,12,1385.92,13,1436.66,0,2,0,0.019069,1,5.6445e-43,9.92873e-44,1.82486e-43,3.09988e-43,4.04375e-43,1,1.44377e-42
19361,0,12,1385.92,13,1436.66,0,2,9,0.0190595,1,1.58635e-41,2.78943e-42,5.12748e-42,8.71093e-42,1.13639e-41,1,4.05837e-41
19362,0,12,1385.92,13,1436.66,0,2,0,0.0190499,1,7.28351e-44,1.28029e-44,2.35369e-44,3.99903e-44,5.21724e-44,1,1.8637e-43
19363,0,12,1385.92,13,1431.86,0,2,13,0.0190404,1,2.1329e-42,3.74787e-43,6.89095e-43,1.17093e-42,1.52771e-42,1,5.45865e-42
19364,0,12,1385.92,13,1431.86,0,2,9,0.0190309,1,2.16723e-46,3.80687e-47,7.00029e-47,1.18964e-46,1.55219e-46,1,5.54755e-46
19365,0,12,1385.92,13,1431.86,0,2,0,0.0190214,1,1.23679e-48,2.17174e-49,3.994e-49,6.78815e-49,8.85741e-49,1,3.16645e-48
19366,0,12,1385.92,13,1431.86,0,2,0,0.0190119,1,4.50565e-47,7.90895e-48,1.4547e-47,2.47264e-47,3.22656e-47,1,1.15376e-46
19367,0,12,1385.92,13,1431.86,0,2,0,0.0190024,1,1.52904e-45,2.68305e-46,4.93555e-46,8.39018e-46,1.0949e-45,1,3.91616e-45
19368,0,12,1385.92,13,1431.86,0,2,0,0.0189929,1,4.8405e-44,8.49082e-45,1.5621e-44,2.65577e-44,3.46589e-44,1,1.23997e-43
19369,0,12,1385.92,13,1431.86,0,2,9,0.0189834,1,1.43143e-42,2.51002e-43,4.61837e-43,7.85265e-43,1.02486e-42,1,3.66752e-42
19370,0,12,1385.92,13,1427.98,0,2,13,0.0189739,1,6.81335e-45,1.19431e-45,2.19777e-45,3.73728e-45,4.87783e-45,1,1.74601e-44
19371,0,12,1385.92,13,1427.98,0,2,9,0.0189644,1,7.63778e-49,1.33836e-49,2.46315e-49,4.189e-49,5.46769e-49,1,1.95765e-48
19372,0,12,1385.92,13,1427.98,0,2,0,0.0189549,1,4.82531e-51,8.45238e-52,1.55579e-51,2.64615e-51,3.45408e-51,1,1.23701e-50
19373,0,12,1385.92,13,1427.98,0,2,9,0.0189454,1,1.96584e-49,3.44232e-50,6.33688e-50,1.07792e-49,1.40711e-49,1,5.04057e-49
19374,0,12,1385.92,13,1427.98,0,2,0,0.0189359,1,1.27209e-51,2.22674e-52,4.09965e-52,6.97434e-52,9.10472e-52,1,3.26235e-51
19375,0,12,1385.92,13,1425.11,0,2,13,0.0189265,1,5.3242e-50,9.31653e-51,1.71547e-50,2.91868e-50,3.81043e-50,1,1.36568e-49
19376,0,12,1385.92,13,1425.11,0,2,0,0.018917,1,7.4503e-54,1.30323e-54,2.39997e-54,4.0837e-54,5.33168e-54,1,1.91139e-53
19377,0,12,1385.92,13,1425.11,0,2,9,0.0189076,1,3.45434e-52,6.04035e-53,1.11249e-52,1.89318e-52,2.47187e-52,1,8.86383e-52
19378,0,12,1385.92,13,1425.11,0,2,9,0.0188981,1,2.51984e-54,4.40473e-55,8.11349e-55,1.38086e-54,1.80304e-54,1,6.46713e-54
19379,0,12,1385.92,13,1425.11,0,2,0,0.0188887,1,2.02335e-56,3.53562e-57,6.5134e-57,1.10865e-56,1.44768e-56,1,5.19387e-56
19380,0,12,1385.92,13,1425.11,0,2,9,0.0188792,1,1.05548e-54,1.84371e-55,3.39694e-55,5.78256e-55,7.55132e-55,1,2.70989e-54
19381,0,12,1385.92,13,1425.11,0,2,9,0.0188698,1,8.59743e-57,1.50127e-57,2.76636e-57,4.70963e-57,6.15053e-57,1,2.20776e-56
19382,0,12,1385.92,13,1425.11,0,2,0,0.0188603,1,7.69181e-59,1.34267e-59,2.4744e-59,4.21303e-59,5.50229e-59,1,1.97558e-58
19383,0,12,1385.92,13,1425.11,0,2,9,0.0188509,1,4.48438e-57,7.8251e-58,1.44226e-57,2.45593e-57,3.20766e-57,1,1.15199e-56
19384,0,12,1385.92,13,1425.11,0,2,0,0.0188415,1,4.05225e-59,7.06858e-60,1.30299e-59,2.219e-59,2.89836e-59,1,1.04118e-58
19385,0,12,1385.92,13,1425.11,0,2,9,0.0188321,1,2.39402e-57,4.17457e-58,7.69614e-58,1.3108e-57,1.7122e-57,1,6.15232e-57
19386,0,12,1385.92,13,1425.11,0,2,9,0.0188226,1,2.18401e-59,3.80704e-60,7.01943e-60,1.19567e-59,1.5619e-59,1,5.61368e-59
19387,0,12,1385.92,13,1425.11,0,2,9,0.0188132,1,2.18347e-61,3.80477e-62,7.0161e-62,1.19523e-61,1.56141e-61,1,5.61335e-61
19388,0,12,1385.92,13,1425.11,0,2,0,0.0188038,1,2.38791e-63,4.15956e-64,7.67127e-64,1.30698e-63,1.70749e-63,1,6.14009e-63
19389,0,12,1385.92,13,1425.11,0,2,0,0.0187944,1,1.7128e-61,2.98252e-62,5.5012e-62,9.37357e-62,1.22466e-61,1,4.40499e-61
19390,0,12,1385.92,13,1425.11,0,2,0,0.018785,1,1.12919e-59,1.96559e-60,3.62594e-60,6.17894e-60,8.07325e-60,1,2.90461e-59
19391,0,12,1385.92,13,1422.92,0,2,13,0.0187756,1,6.85375e-58,1.19262e-58,2.2003e-58,3.74992e-58,4.89981e-58,1,1.76332e-57
19392,0,12,1385.92,13,1422.92,0,2,9,0.0187662,1,1.32625e-61,2.307e-62,4.25677e-62,7.25549e-62,9.48085e-62,1,3.41279e-61
19393,0,12,1385.92,13,1422.92,0,2,9,0.0187569,1,1.45418e-63,2.52865e-64,4.66633e-64,7.95441e-64,1.03947e-63,1,3.7427e-63
19394,0,12,1385.92,13,1422.92,0,2,0,0.0187475,1,1.74099e-65,3.02631e-66,5.58538e-66,9.52208e-66,1.2444e-65,1,4.48171e-65
19395,0,12,1385.92,13,1422.92,0,2,0,0.0187381,1,1.37895e-63,2.39615e-64,4.4229e-64,7.54106e-64,9.85559e-64,1,3.55041e-63
19396,0,12,1385.92,13,1422.92,0,2,0,0.0187287,1,1.0019e-61,1.74035e-62,3.21279e-62,5.47839e-62,7.16023e-62,1,2.58009e-61
19397,0,12,1385.92,13,1422.92,0,2,9,0.0187194,1,6.68896e-60,1.1615e-60,2.14447e-60,3.6571e-60,4.78007e-60,1,1.72287e-59
19398,0,12,1385.92,13,1422.92,0,2,0,0.01871,1,6.73696e-62,1.16943e-62,2.15937e-62,3.6829e-62,4.81404e-62,1,1.73556e-61
19399,0,12,1385.92,13,1422.92,0,2,0,0.0187007,1,4.53587e-60,7.87078e-61,1.45353e-60,2.47932e-60,3.24099e-60,1,1.16874e-59
19400,0,12,1385.92,13,1422.92,0,2,0,0.0186913,1,2.81044e-58,4.87506e-59,9.00407e-59,1.53601e-58,2.00799e-58,1,7.24294e-58
19401,0,12,1385.92,13,1422.92,0,2,0,0.018682,1,1.60517e-56,2.78339e-57,5.14146e-57,8.7718e-57,1.14678e-56,1,4.13756e-56
19402,0,12,1385.92,13,1422.92,0,2,0,0.0186726,1,8.46449e-55,1.46724e-55,2.71061e-55,4.62504e-55,6.04685e-55,1,2.18226e-54
19403,0,12,1385.92,13,1422.92,0,2,9,0.0186633,1,4.12762e-53,7.15234e-54,1.3215e-53,2.25508e-53,2.94849e-53,1,1.06436e-52
19404,0,12,1385.92,13,1422.92,0,2,9,0.018654,1,3.0236e-55,5.23746e-56,9.67816e-56,1.65171e-55,2.1597e-55,1,7.79818e-55
19405,0,12,1385.92,13,1422.92,0,2,0,0.0186446,1,2.43781e-57,4.22127e-58,7.80133e-58,1.33155e-57,1.74116e-57,1,6.28855e-57
19406,0,12,1385.92,13,1422.92,0,2,0,0.0186353,1,1.33593e-55,2.31246e-56,4.27418e-56,7.29604e-56,9.541e-56,1,3.4468e-55
19407,0,12,1385.92,13,1422.92,0,2,0,0.018626,1,6.76479e-54,1.17056e-54,2.16385e-54,3.69408e-54,4.831e-54,1,1.7457e-53
19408,0,12,1385.92,13,1422.92,0,2,0,0.0186167,1,3.17026e-52,5.4838e-53,1.01384e-52,1.73099e-52,2.26385e-52,1,8.18263e-52
19409,0,12,1385.92,13,1422.92,0,2,0,0.0186074,1,1.37711e-50,2.38125e-51,4.40295e-51,7.51824e-51,9.83316e-51,1,3.55509e-50
19410,0,12,1385.92,13,1422.92,0,2,0,0.0185981,1,5.55305e-49,9.59873e-50,1.77503e-49,3.03128e-49,3.96484e-49,1,1.43382e-48
19411,0,12,1385.92,13,1422.92,0,2,0,0.0185888,1,2.08171e-47,3.59708e-48,6.65268e-48,1.13622e-47,1.48623e-47,1,5.37608e-47
19412,0,12,1385.92,13,1422.92,0,2,0,0.0185795,1,7.26548e-46,1.25499e-46,2.32135e-46,3.96509e-46,5.1868e-46,1,1.87669e-45
19413,0,12,1385.92,13,1422.92,0,2,9,0.0185702,1,2.36416e-44,4.08227e-45,7.55187e-45,1.29007e-44,1.68765e-44,1,6.10783e-44
19414,0,12,1385.92,13,1422.92,0,2,9,0.0185609,1,1.14474e-46,1.97596e-47,3.65582e-47,6.24583e-47,8.17116e-47,1,2.95801e-46
19415,0,12,1385.92,13,1422.92,0,2,9,0.0185516,1,6.15101e-49,1.06137e-49,1.96393e-49,3.35565e-49,4.39029e-49,1,1.58972e-48
19416,0,12,1385.92,13,1422.92,0,2,0,0.0185423,1,3.66016e-51,6.31345e-52,1.16837e-51,1.99654e-51,2.61227e-51,1,9.46144e-51
19417,0,12,1385.92,13,1422.92,0,2,9,0.0185331,1,1.51819e-49,2.61781e-50,4.84513e-50,8.28037e-50,1.08346e-49,1,3.92522e-49
19418,0,12,1385.92,13,1422.92,0,2,0,0.0185238,1,9.2606e-52,1.59625e-52,2.95475e-52,5.05023e-52,6.60843e-52,1,2.39475e-51
19419,0,12,1385.92,13,1422.92,0,2,0,0.0185145,1,3.94941e-50,6.80519e-51,1.25984e-50,2.15353e-50,2.81813e-50,1,1.02149e-49
19420,0,12,1385.92,13,1422.92,0,2,0,0.0185053,1,1.56412e-48,2.69417e-49,4.9883e-49,8.52779e-49,1.11601e-48,1,4.04629e-48
19421,0,12,1385.92,13,1422.92,0,2,0,0.018496,1,5.7609e-47,9.91958e-48,1.83685e-47,3.14054e-47,4.11018e-47,1,1.49059e-46
19422,0,12,1385.92,13,1422.92,0,2,0,0.0184868,1,1.97614e-45,3.40147e-46,6.29943e-46,1.07716e-45,1.4098e-45,1,5.1141e-45
19423,0,12,1385.92,13,1422.92,0,2,9,0.0184775,1,6.32212e-44,1.08783e-44,2.01487e-44,3.44565e-44,4.50998e-44,1,1.63643e-43
19424,0,12,1385.92,13,1422.92,0,2,9,0.0184683,1,2.95847e-46,5.08876e-47,9.42656e-47,1.61222e-46,2.11033e-46,1,7.65921e-46
19425,0,12,1385.92,13,1422.92,0,2,9,0.0184591,1,1.53736e-48,2.64342e-49,4.89734e-49,8.37678e-49,1.09655e-48,1,3.98083e-48
19426,0,12,1385.92,13,1422.92,0,2,0,0.0184498,1,8.85283e-51,1.52167e-51,2.81948e-51,4.82316e-51,6.31402e-51,1,2.29279e-50
19427,0,12,1385.92,13,1422.92,0,2,0,0.0184406,1,3.61867e-49,6.21777e-50,1.15222e-49,1.97127e-49,2.58074e-49,1,9.37376e-49
19428,0,12,1385.92,13,1422.92,0,2,0,0.0184314,1,1.37476e-47,2.36135e-48,4.37639e-48,7.4881e-48,9.80375e-48,1,3.56184e-47
19429,0,12,1385.92,13,1422.92,0,2,0,0.0184222,1,4.86123e-46,8.3469e-47,1.54716e-46,2.64751e-46,3.46642e-46,1,1.25972e-45
19430,0,12,1385.92,13,1422.92,0,2,0,0.018413,1,1.60222e-44,2.7501e-45,5.09813e-45,8.72489e-45,1.14242e-44,1,4.15273e-44
19431,0,12,1385.92,13,1422.92,0,2,0,0.0184038,1,4.92901e-43,8.45732e-44,1.56801e-43,2.68377e-43,3.51428e-43,1,1.27778e-42
19432,0,12,1385.92,13,1422.92,0,2,0,0.0183946,1,1.41727e-41,2.43093e-42,4.50757e-42,7.71588e-42,1.01041e-41,1,3.67477e-41
19433,0,12,1385.92,13,1422.92,0,2,0,0.0183854,1,3.81401e-40,6.53956e-41,1.21275e-40,2.07616e-40,2.71894e-40,1,9.89105e-40
19434,0,12,1385.92,13,1422.92,0,2,9,0.0183762,1,9.61872e-39,1.64866e-39,3.05779e-39,5.23533e-39,6.85654e-39,1,2.49494e-38
19435,0,12,1385.92,13,1422.92,0,2,0,0.018367,1,3.49685e-41,5.99152e-42,1.11139e-41,1.90305e-41,2.4925e-41,1,9.07199e-41
19436,0,12,1385.92,13,1422.92,0,2,0,0.0183578,1,9.25148e-40,1.5846e-40,2.9397e-40,5.03422e-40,6.59387e-40,1,2.4006e-39
19437,0,12,1385.92,13,1422.92,0,2,0,0.0183486,1,2.29455e-38,3.92873e-39,7.28938e-39,1.24844e-38,1.6353e-38,1,5.95511e-38
19438,0,12,1385.92,13,1422.92,0,2,0,0.0183394,1,5.34187e-37,9.1431e-38,1.69662e-37,2.90609e-37,3.80683e-37,1,1.38665e-36
19439,0,12,1385.92,13,1422.92,0,2,0,0.0183303,1,1.1688e-35,1.9998e-36,3.71136e-36,6.35774e-36,8.32877e-36,1,3.03457e-35
19440,0,12,1385.92,13,1422.92,0,2,0,0.0183211,1,2.40643e-34,4.11593e-35,7.63954e-35,1.30883e-34,1.71469e-34,1,6.24905e-34
19441,0,12,1385.92,13,1422.92,0,2,9,0.0183119,1,4.66784e-33,7.98099e-34,1.48153e-33,2.53847e-33,3.32582e-33,1,1.21238e-32
19442,1,12,1385.92,13,1422.92,0,2,0,0.0183028,1,1.29598e-35,2.21506e-36,4.11237e-36,7.04695e-36,9.23315e-36,1,3.36669e-35
19443,1,12,1385.92,13,1422.92,0,2,0,0.0182936,1,7.87274e-13,1.36968e-12,1.94639e-12,1.80293e-12,7.67754e-13,1,5.1077e-13
19444,1,12,1385.92,13,1422.92,0,2,9,0.0182845,1,2.85895e-12,4.97447e-12,7.06952e-12,6.53718e-12,2.7833e-12,1,1.85152e-12
19445,1,12,1385.92,13,1422.92,0,2,0,0.0182754,1,1.52786e-15,2.65872e-15,3.77873e-15,3.4883e-15,1.48494e-15,1,9.87736e-16
19446,1,12,1385.92,13,1422.92,0,2,0,0.0182662,1,6.28061e-15,1.09304e-14,1.55361e-14,1.43183e-14,6.09413e-15,1,4.0533e-15
19447,1,12,1385.92,13,1422.92,0,2,0,0.0182571,1,2.51088e-14,4.37029e-14,6.21219e-14,5.71596e-14,2.4324e-14,1,1.6177e-14
19448,1,12,1385.92,13,1422.92,0,2,9,0.018248,1,9.76776e-14,1.70031e-13,2.41709e-13,2.22048e-13,9.44752e-14,1,6.28267e-14
19449,1,12,1385.92,13,1422.92,0,2,0,0.0182388,1,5.54512e-17,9.65366e-17,1.37242e-16,1.25882e-16,5.35502e-17,1,3.56083e-17
19450,1,12,1385.92,13,1422.92,0,2,0,0.0182297,1,2.4356e-16,4.24068e-16,6.02923e-16,5.5217e-16,2.34853e-16,1,1.56153e-16
19451,1,12,1385.92,13,1422.92,0,2,0,0.0182206,1,1.03905e-15,1.80932e-15,2.5726e-15,2.35251e-15,1.00042e-15,1,6.65121e-16
19452,1,12,1385.92,13,1422.92,0,2,9,0.0182115,1,4.30782e-15,7.50209e-15,1.06677e-14,9.74069e-15,4.14157e-15,1,2.75327e-15
19453,1,12,1385.92,13,1422.92,0,2,0,0.0182024,1,2.58472e-18,4.50181e-18,6.40185e-18,5.83712e-18,2.48141e-18,1,1.64948e-18
19454,1,12,1385.92,13,1422.92,0,2,0,0.0181933,1,1.20708e-17,2.1026e-17,2.99024e-17,2.7226e-17,1.1572e-17,1,7.69173e-18
19455,1,12,1385.92,13,1422.92,0,2,9,0.0181842,1,5.46846e-17,9.52654e-17,1.35492e-16,1.23194e-16,5.2353e-17,1,3.47953e-17
19456,1,12,1385.92,13,1422.92,0,2,9,0.0181751,1,3.56019e-20,6.20285e-20,8.8227e-20,8.01099e-20,3.4038e-20,1,2.26207e-20
19457,1,12,1385.92,13,1422.92,0,2,9,0.018166,1,2.67598e-23,4.66283e-23,6.63269e-23,6.01443e-23,2.55504e-23,1,1.69787e-23
19458,1,12,1385.92,13,1422.92,0,2,0,0.0181569,1,2.31557e-26,4.03527e-26,5.74042e-26,5.19853e-26,2.20805e-26,1,1.46717e-26
19459,1,12,1385.92,13,1422.92,0,2,9,0.0181478,1,1.56199e-25,2.72233e-25,3.87295e-25,3.50285e-25,1.48756e-25,1,9.88353e-26
19460,1,12,1385.92,13,1422.92,0,2,0,0.0181388,1,1.49172e-28,2.60015e-28,3.69939e-28,3.34166e-28,1.41887e-28,1,9.42634e-29
19461,1,12,1385.92,13,1422.92,0,2,9,0.0181297,1,1.11231e-27,1.93903e-27,2.75897e-27,2.48911e-27,1.05669e-27,1,7.01963e-28
19462,1,12,1385.92,13,1422.92,0,2,0,0.0181206,1,1.16777e-30,2.03594e-30,2.89707e-30,2.61053e-30,1.10805e-30,1,7.3602e-31
19463,1,12,1385.92,13,1422.92,0,2,0,0.0181116,1,9.58821e-30,1.67184e-29,2.37913e-29,2.14127e-29,9.08718e-30,1,6.03564e-30
19464,1,12,1385.92,13,1422.92,0,2,0,0.0181025,1,7.55221e-29,1.31698e-28,1.87427e-28,1.68493e-28,7.14931e-29,1,4.74813e-29
19465,1,12,1385.92,13,1422.92,0,2,0,0.0180935,1,5.71115e-28,9.96039e-28,1.41763e-27,1.27296e-27,5.40036e-28,1,3.58629e-28
19466,1,12,1385.92,13,1422.92,0,2,0,0.0180844,1,4.1499e-27,7.23833e-27,1.03028e-26,9.24103e-27,3.91971e-27,1,2.6028e-27
19467,1,12,1385.92,13,1422.92,0,2,0,0.0180754,1,2.89973e-26,5.05833e-26,7.20036e-26,6.45123e-26,2.73591e-26,1,1.81658e-26
19468,1,12,1385.92,13,1422.92,0,2,0,0.0180663,1,1.94994e-25,3.40188e-25,4.8428e-25,4.33429e-25,1.83782e-25,1,1.22016e-25
19469,1,12,1385.92,13,1422.92,0,2,0,0.0180573,1,1.26287e-24,2.20346e-24,3.13699e-24,2.80463e-24,1.18901e-24,1,7.89343e-25
19470,1,12,1385.92,13,1422.92,0,2,0,0.0180483,1,7.88303e-24,1.37558e-23,1.95851e-23,1.74919e-23,7.41435e-24,1,4.92174e-24
19471,1,12,1385.92,13,1422.92,0,2,9,0.0180393,1,4.74614e-23,8.28292e-23,1.17938e-22,1.05226e-22,4.45948e-23,1,2.96001e-23
19472,1,12,1385.92,13,1422.92,0,2,0,0.0180302,1,3.96958e-26,6.92845e-26,9.86589e-26,8.79374e-26,3.72614e-26,1,2.47305e-26
19473,1,12,1385.92,13,1422.92,0,2,9,0.0180212,1,2.65479e-25,4.63414e-25,6.59934e-25,5.87642e-25,2.48957e-25,1,1.6522e-25
19474,1,12,1385.92,13,1422.92,0,2,0,0.0180122,1,2.45262e-28,4.28172e-28,6.0979e-28,5.4247e-28,2.2978e-28,1,1.52481e-28
19475,1,12,1385.92,13,1422.92,0,2,9,0.0180032,1,1.81465e-27,3.16833e-27,4.51256e-27,4.0106e-27,1.69852e-27,1,1.12704e-27
19476,1,12,1385.92,13,1422.92,0,2,0,0.0179942,1,1.84445e-30,3.2207e-30,4.58748e-30,4.07342e-30,1.72483e-30,1,1.1444e-30
19477,1,12,1385.92,13,1422.92,0,2,0,0.0179852,1,1.50389e-29,2.62633e-29,3.74114e-29,3.31892e-29,1.40511e-29,1,9.32192e-30
19478,1,12,1385.92,13,1422.92,0,2,0,0.0179762,1,1.17648e-28,2.05478e-28,2.92719e-28,2.59452e-28,1.09824e-28,1,7.28544e-29
19479,1,12,1385.92,13,1422.92,0,2,0,0.0179672,1,8.83739e-28,1.54367e-27,2.19922e-27,1.94759e-27,8.24255e-28,1,5.46746e-28
19480,0,12,1385.92,13,1422.83,0,2,13,0.0179582,1,6.37947e-27,1.11446e-26,1.58785e-26,1.40497e-26,5.94505e-27,1,3.94316e-27
19481,0,12,1385.92,13,1422.83,0,2,9,0.0179493,1,1.67306e-31,2.82026e-32,5.26139e-32,9.11648e-32,1.197e-31,1,4.40908e-31
19482,0,12,1385.92,13,1422.6,0,2,13,0.0179403,1,4.07877e-34,6.87311e-35,1.28239e-34,2.22195e-34,2.91759e-34,1,1.07496e-33
19483,0,12,1385.92,13,1422.6,0,2,9,0.0179313,1,2.17467e-38,3.66321e-39,6.83568e-39,1.18437e-38,1.55525e-38,1,5.73167e-38
19484,0,12,1385.92,13,1422.6,0,2,0,0.0179223,1,7.23594e-41,1.21845e-41,2.27396e-41,3.93983e-41,5.17388e-41,1,1.90726e-40
19485,0,12,1385.92,13,1422.6,0,2,0,0.0179134,1,1.91379e-39,3.22147e-40,6.01288e-40,1.04176e-39,1.36814e-39,1,5.04472e-39
19486,0,12,1385.92,13,1422.6,0,2,0,0.0179044,1,4.74516e-38,7.98464e-39,1.49052e-38,2.58236e-38,3.39158e-38,1,1.2509e-37
19487,0,12,1385.92,13,1422.6,0,2,9,0.0178955,1,1.10438e-36,1.85767e-37,3.46821e-37,6.00865e-37,7.89199e-37,1,2.91152e-36
19488,0,12,1385.92,13,1422.6,0,2,9,0.0178865,1,3.37956e-39,5.6827e-40,1.06107e-39,1.83828e-39,2.4146e-39,1,8.91031e-39
19489,0,12,1385.92,13,1422.6,0,2,0,0.0178776,1,1.1581e-41,1.94665e-42,3.63524e-42,6.2979e-42,8.27281e-42,1,3.05361e-41
19490,0,12,1385.92,13,1422.6,0,2,0,0.0178686,1,3.18079e-40,5.34466e-41,9.98204e-41,1.72933e-40,2.27174e-40,1,8.38751e-40
19491,0,12,1385.92,13,1422.6,0,2,0,0.0178597,1,8.18376e-39,1.37462e-39,2.56766e-39,4.4483e-39,5.84384e-39,1,2.15817e-38
19492,0,12,1385.92,13,1422.6,0,2,9,0.0178508,1,1.97499e-37,3.3162e-38,6.1951e-38,1.07326e-37,1.41004e-37,1,5.20875e-37
19493,0,12,1385.92,13,1422.6,0,2,0,0.0178419,1,6.20701e-40,1.04185e-40,1.94655e-40,3.37226e-40,4.43071e-40,1,1.63715e-39
19494,0,12,1385.92,13,1422.6,0,2,0,0.0178329,1,1.57735e-38,2.64663e-39,4.9455e-39,8.56774e-39,1.12575e-38,1,4.16073e-38
19495,0,12,1385.92,13,1422.6,0,2,0,0.017824,1,3.76074e-37,6.30789e-38,1.17884e-37,2.04227e-37,2.68357e-37,1,9.92096e-37
19496,0,12,1385.92,13,1422.6,0,2,0,0.0178151,1,8.42303e-36,1.41229e-36,2.63967e-36,4.57309e-36,6.00942e-36,1,2.22222e-35
19497,0,12,1385.92,13,1422.6,0,2,9,0.0178062,1,1.77439e-34,2.97406e-35,5.55942e-35,9.63149e-35,1.26573e-34,1,4.68176e-34
19498,0,12,1385.92,13,1422.6,0,2,0,0.0177973,1,4.83777e-37,8.10569e-38,1.51539e-37,2.62538e-37,3.45035e-37,1,1.27657e-36
19499,0,12,1385.92,13,1422.6,0,2,0,0.0177884,1,1.07907e-35,1.80734e-36,3.37932e-36,5.85467e-36,7.69479e-36,1,2.84769e-35
19500,0,12,1385.92,13,1422.6,0,2,9,0.0177795,1,2.26401e-34,3.79065e-35,7.08853e-35,1.22811e-34,1.61419e-34,1,5.97535e-34
19501,0,12,1385.92,13,1422.6,0,2,0,0.0177706,1,6.11559e-37,1.02357e-37,1.91432e-37,3.31666e-37,4.35956e-37,1,1.61423e-36
19502,0,12,1385.92,13,1422.6,0,2,0,0.0177617,1,1.35896e-35,2.27369e-36,4.25286e-36,7.36844e-36,9.68593e-36,1,3.58739e-35
19503,0,12,1385.92,13,1422.6,0,2,9,0.0177528,1,2.84072e-34,4.75114e-35,8.88798e-35,1.53995e-34,2.02439e-34,1,7.49973e-34
19504,0,12,1385.92,13,1422.6,0,2,9,0.017744,1,7.60492e-37,1.27148e-37,2.37885e-37,4.12173e-37,5.41867e-37,1,2.00797e-36
19505,0,12,1385.92,13,1422.6,0,2,9,0.0177351,1,2.28589e-39,3.82044e-40,7.14871e-40,1.23865e-39,1.6285e-39,1,6.03622e-39
19506,0,12,1385.92,13,1419.48,0,2,13,0.0177262,1,7.69688e-42,1.28593e-42,2.4065e-42,4.16984e-42,5.48251e-42,1,2.03269e-41
19507,0,12,1385.92,13,1419.48,0,2,0,0.0177174,1,5.52592e-46,9.22893e-47,1.72733e-46,2.99309e-46,3.93553e-46,1,1.45952e-45
19508,0,12,1385.92,13,1419.48,0,2,9,0.0177085,1,1.85796e-44,3.1019e-45,5.80638e-45,1.00615e-44,1.32303e-44,1,4.90783e-44
19509,0,12,1385.92,13,1416.42,0,2,13,0.0176997,1,7.85515e-47,1.31096e-47,2.45427e-47,4.25297e-47,5.59273e-47,1,2.07519e-46
19510,0,12,1385.92,13,1416.42,0,2,0,0.0176908,1,7.03255e-51,1.17326e-51,2.19675e-51,3.80683e-51,5.00632e-51,1,1.85809e-50
19511,0,12,1385.92,13,1416.42,0,2,0,0.017682,1,2.95848e-49,4.93394e-50,9.23921e-50,1.60115e-49,2.10577e-49,1,7.8176e-49
19512,0,12,1385.92,13,1416.42,0,2,0,0.0176731,1,1.15609e-47,1.92735e-48,3.60957e-48,6.25558e-48,8.22756e-48,1,3.05525e-47
19513,0,12,1385.92,13,1414.33,0,2,13,0.0176643,1,4.20254e-46,7.00367e-47,1.31182e-46,2.27354e-46,2.99041e-46,1,1.11076e-45
19514,0,12,1385.92,13,1414.33,0,2,9,0.0176555,1,3.60641e-50,6.00804e-51,1.12548e-50,1.95066e-50,2.56586e-50,1,9.53314e-50
19515,0,12,1385.92,13,1414.33,0,2,0,0.0176466,1,1.96075e-52,3.26531e-53,6.11764e-53,1.06034e-52,1.39482e-52,1,5.18367e-52
19516,0,12,1385.92,13,1414.33,0,2,0,0.0176378,1,8.86744e-51,1.4762e-51,2.76604e-51,4.79443e-51,6.30719e-51,1,2.34459e-50
19517,0,12,1385.92,13,1414.33,0,2,0,0.017629,1,3.71978e-49,6.19026e-50,1.16005e-49,2.01082e-49,2.64543e-49,1,9.83653e-49
19518,0,12,1385.92,13,1414.33,0,2,0,0.0176202,1,1.44953e-47,2.41136e-48,4.51945e-48,7.83431e-48,1.03073e-47,1,3.8336e-47
19519,0,12,1385.92,13,1414.33,0,2,9,0.0176114,1,5.25486e-46,8.73857e-47,1.63801e-46,2.83957e-46,3.73613e-46,1,1.38994e-45
19520,0,12,1385.92,13,1414.33,0,2,0,0.0176026,1,2.34536e-48,3.89881e-49,7.30911e-49,1.26712e-48,1.6673e-48,1,6.20442e-48
19521,0,12,1385.92,13,1414.33,0,2,0,0.0175937,1,8.81984e-47,1.46564e-47,2.74799e-47,4.7642e-47,6.26913e-47,1,2.33351e-46
19522,0,12,1385.92,13,1414.33,0,2,9,0.017585,1,3.08775e-45,5.12925e-46,9.61824e-46,1.6676e-45,2.19449e-45,1,8.17051e-45
19523,0,12,1385.92,13,1414.33,0,2,0,0.0175762,1,1.32468e-47,2.19971e-48,4.12536e-48,7.15286e-48,9.41337e-48,1,3.50571e-47
19524,0,12,1385.92,13,1414.33,0,2,0,0.0175674,1,4.81782e-46,7.99743e-47,1.50003e-46,2.601e-46,3.42318e-46,1,1.27519e-45
19525,0,12,1385.92,13,1414.33,0,2,0,0.0175586,1,1.63233e-44,2.70865e-45,5.0811e-45,8.81089e-45,1.15967e-44,1,4.32108e-44
19526,0,12,1385.92,13,1414.33,0,2,9,0.0175498,1,5.15934e-43,8.55819e-44,1.60562e-43,2.78437e-43,3.66491e-43,1,1.36596e-42
19527,0,12,1385.92,13,1414.33,0,2,0,0.017541,1,1.9881e-45,3.29663e-46,6.18564e-46,1.07274e-45,1.41206e-45,1,5.26431e-45
19528,0,12,1385.92,13,1414.33,0,2,0,0.0175323,1,6.55519e-44,1.08658e-44,2.03906e-44,3.53641e-44,4.6553e-44,1,1.736e-43
19529,0,12,1385.92,13,1414.33,0,2,9,0.0175235,1,2.01741e-42,3.34282e-43,6.27388e-43,1.08816e-42,1.43252e-42,1,5.34341e-42
19530,0,12,1385.92,13,1414.33,0,2,0,0.0175147,1,7.53283e-45,1.24773e-45,2.34207e-45,4.06239e-45,5.34828e-45,1,1.99547e-44
19531,0,12,1385.92,13,1414.33,0,2,0,0.017506,1,2.42118e-43,4.00899e-44,7.52606e-44,1.30549e-43,1.71882e-43,1,6.4147e-43
19532,0,12,1385.92,13,1414.33,0,2,0,0.0174972,1,7.26738e-42,1.2029e-42,2.25848e-42,3.91787e-42,5.15858e-42,1,1.9257e-41
19533,0,12,1385.92,13,1414.33,0,2,9,0.0174885,1,2.03985e-40,3.37514e-41,6.33774e-41,1.0995e-40,1.44777e-40,1,5.40595e-40
19534,0,12,1385.92,13,1414.33,0,2,9,0.0174797,1,6.90963e-43,1.14286e-43,2.1463e-43,3.72372e-43,4.90349e-43,1,1.83144e-42
19535,0,12,1385.92,13,1414.33,0,2,9,0.017471,1,2.61565e-45,4.32476e-46,8.12295e-46,1.40938e-45,1.85601e-45,1,6.93397e-45
19536,0,12,1385.92,13,1414.33,0,2,9,0.0174623,1,1.10412e-47,1.82491e-48,3.42806e-48,5.94825e-48,7.83367e-48,1,2.9274e-47
19537,0,12,1385.92,13,1414.33,0,2,9,0.0174535,1,5.18592e-50,8.56831e-51,1.60974e-50,2.79335e-50,3.67896e-50,1,1.37517e-49
19538,0,12,1385.92,13,1414.33,0,2,9,0.0174448,1,2.70453e-52,4.46688e-53,8.39307e-53,1.45653e-52,1.91841e-52,1,7.1728e-52
19539,0,12,1385.92,13,1414.33,0,2,9,0.0174361,1,1.56283e-54,2.58029e-55,4.84887e-55,8.41524e-55,1.10845e-54,1,4.14548e-54
19540,0,12,1385.92,13,1414.33,0,2,0,0.0174274,1,9.98635e-57,1.64819e-57,3.09765e-57,5.37635e-57,7.08206e-57,1,2.64932e-56
19541,0,12,1385.92,13,1414.33,0,2,0,0.0174186,1,5.53308e-55,9.12872e-56,1.7159e-55,2.97835e-55,3.92348e-55,1,1.46812e-54
19542,0,12,1385.92,13,1414.33,0,2,0,0.0174099,1,2.8322e-53,4.67101e-54,8.78106e-54,1.52427e-53,2.00808e-53,1,7.51598e-53
19543,0,12,1385.92,13,1414.33,0,2,0,0.0174012,1,1.34141e-51,2.21152e-52,4.15797e-52,7.21816e-52,9.50977e-52,1,3.56032e-51
19544,0,12,1385.92,13,1414.33,0,2,9,0.0173925,1,5.88767e-50,9.70325e-51,1.82458e-50,3.16766e-50,4.17355e-50,1,1.56293e-49
19545,0,12,1385.92,13,1414.33,0,2,9,0.0173838,1,3.03076e-52,4.99308e-53,9.39008e-53,1.63033e-52,2.14816e-52,1,8.04667e-52
19546,0,12,1385.92,13,1414.33,0,2,9,0.0173751,1,1.72913e-54,2.84765e-55,5.35602e-55,9.29994e-55,1.22545e-54,1,4.59155e-54
19547,0,12,1385.92,13,1414.33,0,2,9,0.0173665,1,1.09115e-56,1.79633e-57,3.37907e-57,5.86768e-57,7.73225e-57,1,2.8979e-56
19548,0,12,1385.92,13,1414.33,0,2,0,0.0173578,1,7.60071e-59,1.25084e-59,2.35324e-59,4.08665e-59,5.38556e-59,1,2.01894e-58
19549,0,12,1385.92,13,1414.33,0,2,0,0.0173491,1,4.64928e-57,7.6485e-58,1.43912e-57,2.49937e-57,3.29395e-57,1,1.23517e-56
19550,0,12,1385.92,13,1414.33,0,2,0,0.0173404,1,2.62219e-55,4.31219e-56,8.1147e-56,1.40942e-55,1.85759e-55,1,6.96744e-55
19551,0,12,1385.92,13,1414.33,0,2,0,0.0173317,1,1.3658e-53,2.24525e-54,4.22566e-54,7.33996e-54,9.67451e-54,1,3.62966e-53
19552,0,12,1385.92,13,1414.33,0,2,0,0.0173231,1,6.58023e-52,1.08134e-52,2.03538e-52,3.53572e-52,4.66055e-52,1,1.749e-51
19553,0,12,1385.92,13,1414.33,0,2,0,0.0173144,1,2.93693e-50,4.82455e-51,9.0823e-51,1.57784e-50,2.07991e-50,1,7.80751e-50
19554,0,12,1385.92,13,1414.33,0,2,0,0.0173058,1,1.2162e-48,1.99715e-49,3.76014e-49,6.53288e-49,8.61215e-49,1,3.23366e-48
19555,0,12,1385.92,13,1414.33,0,2,0,0.0172971,1,4.67968e-47,7.68184e-48,1.44649e-47,2.51333e-47,3.31345e-47,1,1.24445e-46
19556,0,12,1385.92,13,1414.33,0,2,9,0.0172885,1,1.67557e-45,2.74951e-46,5.17797e-46,8.99762e-46,1.18627e-45,1,4.45651e-45
19557,0,12,1385.92,13,1414.33,0,2,0,0.0172798,1,6.91381e-48,1.1341e-48,2.13605e-48,3.71206e-48,4.89434e-48,1,1.83917e-47
19558,0,12,1385.92,13,1414.33,0,2,0,0.0172712,1,2.57256e-46,4.21836e-47,7.94618e-47,1.38101e-46,1.82096e-46,1,6.8445e-46
19559,0,12,1385.92,13,1414.33,0,2,0,0.0172625,1,9.06663e-45,1.48662e-45,2.80041e-45,4.86693e-45,6.41744e-45,1,2.41225e-44
19560,0,12,1385.92,13,1414.33,0,2,9,0.0172539,1,2.98542e-43,4.89506e-44,9.22107e-44,1.60251e-43,2.11304e-43,1,7.94272e-43
19561,0,12,1385.92,13,1414.33,0,2,9,0.0172453,1,1.13126e-45,1.85488e-46,3.49413e-46,6.07221e-46,8.0067e-46,1,3.00964e-45
19562,0,12,1385.92,13,1414.33,0,2,0,0.0172367,1,4.79235e-48,7.85781e-49,1.48022e-48,2.5723e-48,3.39178e-48,1,1.27494e-47
19563,0,12,1385.92,13,1414.33,0,2,0,0.017228,1,1.83504e-46,3.00884e-47,5.6679e-47,9.84932e-47,1.29871e-46,1,4.88173e-46
19564,1,12,1385.92,13,1414.33,0,2,0,0.0172194,1,6.53252e-45,1.07111e-45,2.0177e-45,3.50614e-45,4.62314e-45,1,1.73779e-44
19565,1,12,1385.92,13,1414.33,0,2,0,0.0172108,1,9.96891e-34,1.75689e-33,2.51717e-33,2.21503e-33,9.24664e-34,1,6.09345e-34
19566,1,12,1385.92,13,1414.33,0,2,0,0.0172022,1,9.69282e-33,1.70823e-32,2.44745e-32,2.15206e-32,8.98377e-33,1,5.92022e-33
19567,1,12,1385.92,13,1414.33,0,2,0,0.0171936,1,9.00527e-32,1.58706e-31,2.27385e-31,1.99793e-31,8.34034e-32,1,5.4962e-32
19568,1,12,1385.92,13,1414.33,0,2,0,0.017185,1,8.0017e-31,1.41019e-30,2.02044e-30,1.77399e-30,7.40549e-31,1,4.88015e-31
19569,1,12,1385.92,13,1414.33,0,2,9,0.0171764,1,6.80603e-30,1.19947e-29,1.71853e-29,1.50783e-29,6.29444e-30,1,4.14798e-30
19570,1,12,1385.92,13,1414.33,0,2,0,0.0171678,1,6.84481e-33,1.2063e-32,1.72833e-32,1.51537e-32,6.32589e-33,1,4.16871e-33
19571,1,12,1385.92,13,1414.33,0,2,9,0.0171593,1,6.40368e-32,1.12856e-31,1.61694e-31,1.41674e-31,5.91417e-32,1,3.89738e-32
19572,1,12,1385.92,13,1414.33,0,2,0,0.0171507,1,7.07011e-35,1.24601e-34,1.78521e-34,1.56313e-34,6.52529e-35,1,4.30011e-35
19573,1,12,1385.92,13,1414.33,0,2,0,0.0171421,1,7.24791e-34,1.27735e-33,1.83011e-33,1.60139e-33,6.68501e-34,1,4.40536e-34
19574,1,12,1385.92,13,1414.33,0,2,0,0.0171335,1,7.09225e-33,1.24991e-32,1.79081e-32,1.566e-32,6.53724e-33,1,4.30798e-33
19575,1,12,1385.92,13,1414.33,0,2,0,0.017125,1,6.63046e-32,1.16853e-31,1.6742e-31,1.46311e-31,6.10774e-32,1,4.02494e-32
19576,1,12,1385.92,13,1414.33,0,2,9,0.0171164,1,5.92773e-31,1.04468e-30,1.49676e-30,1.30723e-30,5.45704e-31,1,3.59614e-31
19577,1,12,1385.92,13,1414.33,0,2,0,0.0171078,1,6.25973e-34,1.10319e-33,1.58059e-33,1.37962e-33,5.7592e-34,1,3.79526e-34
19578,1,12,1385.92,13,1414.33,0,2,0,0.0170993,1,6.14328e-33,1.08267e-32,1.55119e-32,1.35315e-32,5.64871e-33,1,3.72245e-33
19579,1,12,1385.92,13,1414.33,0,2,0,0.0170907,1,5.7598e-32,1.01509e-31,1.45436e-31,1.26794e-31,5.29303e-32,1,3.48806e-32
19580,1,12,1385.92,13,1414.33,0,2,9,0.0170822,1,5.16386e-31,9.10061e-31,1.30388e-30,1.13611e-30,4.74269e-31,1,3.12539e-31
19581,1,12,1385.92,13,1414.33,0,2,0,0.0170736,1,5.46815e-34,9.63687e-34,1.38072e-33,1.20239e-33,5.01935e-34,1,3.30771e-34
19582,1,12,1385.92,13,1414.33,0,2,0,0.0170651,1,5.38095e-33,9.4832e-33,1.3587e-32,1.18257e-32,4.93661e-33,1,3.25318e-33
19583,1,12,1385.92,13,1414.33,0,2,0,0.0170566,1,5.05845e-32,8.91483e-32,1.27727e-31,1.11109e-31,4.63826e-32,1,3.05657e-32
19584,1,12,1385.92,13,1414.33,0,2,0,0.017048,1,4.54687e-31,8.01324e-31,1.14809e-30,9.98201e-31,4.16698e-31,1,2.746e-31
19585,1,12,1385.92,13,1414.33,0,2,0,0.0170395,1,3.91141e-30,6.89333e-30,9.87638e-30,8.58254e-30,3.58278e-30,1,2.36102e-30
19586,1,12,1385.92,13,1414.33,0,2,0,0.017031,1,3.22301e-29,5.68013e-29,8.13817e-29,7.06847e-29,2.95073e-29,1,1.9445e-29
19587,1,12,1385.92,13,1414.33,0,2,0,0.0170225,1,2.54608e-28,4.48713e-28,6.4289e-28,5.58112e-28,2.32983e-28,1,1.53534e-28
19588,1,12,1385.92,13,1414.33,0,2,0,0.017014,1,1.92988e-27,3.40115e-27,4.87298e-27,4.22833e-27,1.76511e-27,1,1.16319e-27
19589,1,12,1385.92,13,1414.33,0,2,0,0.0170055,1,1.40474e-26,2.47566e-26,3.54699e-26,3.07629e-26,1.2842e-26,1,8.46274e-27
19590,1,12,1385.92,13,1414.33,0,2,0,0.016997,1,9.82695e-26,1.73187e-25,2.48132e-25,2.15104e-25,8.97952e-26,1,5.91742e-26
19591,1,12,1385.92,13,1414.33,0,2,9,0.0169885,1,6.6122e-25,1.16531e-24,1.66959e-24,1.4467e-24,6.03924e-25,1,3.9798e-25
19592,1,12,1385.92,13,1414.33,0,2,9,0.01698,1,5.28523e-28,9.31451e-28,1.33453e-27,1.15585e-27,4.8251e-28,1,3.1797e-28
19593,1,12,1385.92,13,1414.33,0,2,0,0.0169715,1,4.87223e-31,8.58665e-31,1.23025e-30,1.06507e-30,4.44611e-31,1,2.92995e-31
19594,1,12,1385.92,13,1414.33,0,2,0,0.016963,1,4.18551e-30,7.3764e-30,1.05685e-29,9.14558e-30,3.81782e-30,1,2.51591e-30
19595,1,12,1385.92,13,1414.33,0,2,0,0.0169545,1,3.44421e-29,6.06995e-29,8.69668e-29,7.52262e-29,3.14031e-29,1,2.06944e-29
19596,1,12,1385.92,13,1414.33,0,2,0,0.016946,1,2.71721e-28,4.78871e-28,6.861e-28,5.93231e-28,2.47644e-28,1,1.63195e-28
19597,1,12,1385.92,13,1414.33,0,2,0,0.0169376,1,2.05691e-27,3.62503e-27,5.19374e-27,4.48892e-27,1.8739e-27,1,1.23488e-27
19598,1,12,1385.92,13,1414.33,0,2,0,0.0169291,1,1.4953e-26,2.63526e-26,3.77565e-26,3.26198e-26,1.36171e-26,1,8.97355e-27
19599,1,12,1385.92,13,1414.33,0,2,0,0.0169206,1,1.04474e-25,1.84121e-25,2.63798e-25,2.27821e-25,9.51037e-26,1,6.26724e-26
19600,1,12,1385.92,13,1414.33,0,2,0,0.0169122,1,7.02107e-25,1.23737e-24,1.77283e-24,1.53047e-24,6.38892e-25,1,4.21024e-25
19601,1,12,1385.92,13,1414.33,0,2,0,0.0169037,1,4.54204e-24,8.00472e-24,1.14687e-23,9.89713e-24,4.13155e-24,1,2.72265e-24
19602,1,12,1385.92,13,1414.33,0,2,9,0.0168953,1,2.83062e-23,4.98858e-23,7.14735e-23,6.16569e-23,2.57386e-23,1,1.69615e-23
19603,1,12,1385.92,13,1414.33,0,2,0,0.0168868,1,2.09879e-26,3.69883e-26,5.29947e-26,4.56997e-26,1.90773e-26,1,1.25718e-26
19604,1,12,1385.92,13,1414.33,0,2,0,0.0168784,1,1.45648e-25,2.56685e-25,3.67764e-25,3.17028e-25,1.32343e-25,1,8.72129e-26
19605,1,12,1385.92,13,1414.33,0,2,9,0.0168699,1,9.7233e-25,1.7136e-24,2.45515e-24,2.11572e-24,8.83205e-25,1,5.82024e-25
19606,1,12,1385.92,13,1414.33,0,2,0,0.0168615,1,7.71228e-28,1.35918e-27,1.94736e-27,1.67757e-27,7.003e-28,1,4.61491e-28
19607,1,12,1385.92,13,1414.33,0,2,0,0.0168531,1,5.71761e-27,1.00765e-26,1.44371e-26,1.24328e-26,5.19006e-27,1,3.4202e-27
19608,1,12,1385.92,13,1414.33,0,2,0,0.0168446,1,4.07236e-26,7.17697e-26,1.02828e-25,8.85237e-26,3.69542e-26,1,2.43525e-26
19609,1,12,1385.92,13,1414.33,0,2,0,0.0168362,1,2.78884e-25,4.91496e-25,7.04188e-25,6.06039e-25,2.52991e-25,1,1.66719e-25
19610,1,12,1385.92,13,1414.33,0,2,9,0.0168278,1,1.83777e-24,3.23882e-24,4.6404e-24,3.99239e-24,1.66662e-24,1,1.09829e-24
19611,1,12,1385.92,13,1414.33,0,2,0,0.0168194,1,1.43923e-27,2.53645e-27,3.63408e-27,3.12565e-27,1.3048e-27,1,8.59851e-28
19612,1,12,1385.92,13,1414.33,0,2,9,0.016811,1,1.05376e-26,1.85712e-26,2.66077e-26,2.28783e-26,9.55052e-27,1,6.29371e-27
19613,1,12,1385.92,13,1414.33,0,2,0,0.0168026,1,9.14984e-30,1.61254e-29,2.31035e-29,1.98594e-29,8.2903e-30,1,5.46323e-30
19614,1,12,1385.92,13,1414.33,0,2,0,0.0167942,1,7.41243e-29,1.30634e-28,1.87165e-28,1.60838e-28,6.71418e-29,1,4.42459e-29
19615,1,12,1385.92,13,1414.33,0,2,0,0.0167858,1,5.75886e-28,1.01492e-27,1.45412e-27,1.24923e-27,5.21492e-28,1,3.43658e-28
19616,1,12,1385.92,13,1414.33,0,2,0,0.0167774,1,4.29443e-27,7.56835e-27,1.08435e-26,9.31308e-27,3.88774e-27,1,2.56198e-27
19617,1,12,1385.92,13,1414.33,0,2,9,0.016769,1,3.07626e-26,5.42149e-26,7.76761e-26,6.6695e-26,2.78418e-26,1,1.83475e-26
19618,1,12,1385.92,13,1414.33,0,2,9,0.0167606,1,2.61449e-29,4.60769e-29,6.60164e-29,5.66687e-29,2.36563e-29,1,1.55893e-29
19619,1,12,1385.92,13,1414.33,0,2,0,0.0167522,1,2.55956e-32,4.51087e-32,6.46293e-32,5.54636e-32,2.31533e-32,1,1.52578e-32
19620,1,12,1385.92,13,1414.33,0,2,0,0.0167439,1,2.33226e-31,4.11029e-31,5.889e-31,5.05255e-31,2.10918e-31,1,1.38993e-31
19621,1,12,1385.92,13,1414.33,0,2,0,0.0167355,1,2.03328e-30,3.58338e-30,5.13406e-30,4.40375e-30,1.83834e-30,1,1.21145e-30
19622,1,12,1385.92,13,1414.33,0,2,0,0.0167271,1,1.69749e-29,2.9916e-29,4.2862e-29,3.6756e-29,1.53438e-29,1,1.01114e-29
19623,1,12,1385.92,13,1414.33,0,2,9,0.0167188,1,1.35827e-28,2.39378e-28,3.42967e-28,2.94038e-28,1.22746e-28,1,8.08885e-29
19624,1,12,1385.92,13,1414.33,0,2,0,0.0167104,1,1.28663e-31,2.26751e-31,3.24876e-31,2.78463e-31,1.16244e-31,1,7.66038e-32
19625,1,12,1385.92,13,1414.33,0,2,0,0.016702,1,1.13511e-30,2.00048e-30,2.86618e-30,2.45615e-30,1.02532e-30,1,6.75674e-31
19626,1,12,1385.92,13,1414.33,0,2,9,0.0166937,1,9.58769e-30,1.6897e-29,2.42091e-29,2.07411e-29,8.65835e-30,1,5.70577e-30
19627,1,12,1385.92,13,1414.33,0,2,0,0.0166853,1,9.57646e-33,1.68772e-32,2.41807e-32,2.07122e-32,8.6463e-33,1,5.69783e-33
19628,1,12,1385.92,13,1414.33,0,2,0,0.016677,1,8.89931e-32,1.56838e-31,2.24709e-31,1.92435e-31,8.03319e-32,1,5.2938e-32
19629,1,12,1385.92,13,1414.33,0,2,0,0.0166687,1,7.90942e-31,1.39393e-30,1.99714e-30,1.70994e-30,7.13813e-31,1,4.70396e-31
19630,1,12,1385.92,13,1414.33,0,2,0,0.0166603,1,6.7291e-30,1.18591e-29,1.69911e-29,1.45446e-29,6.07165e-30,1,4.00116e-30
19631,1,12,1385.92,13,1414.33,0,2,0,0.016652,1,5.48496e-29,9.6665e-29,1.38496e-28,1.18531e-28,4.94806e-29,1,3.26073e-29
19632,1,12,1385.92,13,1414.33,0,2,0,0.0166437,1,4.28712e-28,7.55546e-28,1.0825e-27,9.26268e-28,3.8667e-28,1,2.54812e-28
19633,1,12,1385.92,13,1414.33,0,2,0,0.0166353,1,3.21586e-27,5.66752e-27,8.12011e-27,6.94679e-27,2.89993e-27,1,1.91103e-27
19634,1,12,1385.92,13,1414.33,0,2,0,0.016627,1,2.31701e-26,4.08341e-26,5.85048e-26,5.00415e-26,2.08898e-26,1,1.37662e-26
19635,1,12,1385.92,13,1414.33,0,2,9,0.0166187,1,1.60474e-25,2.82813e-25,4.05199e-25,3.46518e-25,1.44654e-25,1,9.53255e-26
19636,1,12,1385.92,13,1414.33,0,2,0,0.0166104,1,1.31953e-28,2.3255e-28,3.33185e-28,2.84881e-28,1.18923e-28,1,7.83694e-29
19637,1,12,1385.92,13,1414.33,0,2,0,0.0166021,1,1.01342e-27,1.78601e-27,2.55889e-27,2.18752e-27,9.13179e-28,1,6.01777e-28
19638,1,12,1385.92,13,1414.33,0,2,0,0.0165938,1,7.47218e-27,1.31687e-26,1.88674e-26,1.61263e-26,6.73192e-27,1,4.43628e-27
19639,1,12,1385.92,13,1414.33,0,2,0,0.0165855,1,5.29364e-26,9.32932e-26,1.33665e-25,1.14227e-25,4.76838e-26,1,3.14232e-26
19640,1,12,1385.92,13,1414.33,0,2,0,0.0165772,1,3.60624e-25,6.35551e-25,9.10582e-25,7.78025e-25,3.24786e-25,1,2.14031e-25
19641,1,12,1385.92,13,1414.33,0,2,0,0.0165689,1,2.36422e-24,4.16663e-24,5.96971e-24,5.09983e-24,2.12892e-24,1,1.40294e-24
19642,1,12,1385.92,13,1414.33,0,2,0,0.0165606,1,1.49276e-23,2.63079e-23,3.76925e-23,3.21949e-23,1.34397e-23,1,8.85666e-24
19643,1,12,1385.92,13,1414.33,0,2,0,0.0165524,1,9.08419e-23,1.60097e-22,2.29377e-22,1.95891e-22,8.17744e-23,1,5.38886e-23
19644,1,12,1385.92,13,1414.33,0,2,0,0.0165441,1,5.33207e-22,9.39705e-22,1.34636e-21,1.14962e-21,4.79909e-22,1,3.16256e-22
19645,1,12,1385.92,13,1414.33,0,2,0,0.0165358,1,3.02088e-21,5.32389e-21,7.62777e-21,6.51218e-21,2.71851e-21,1,1.79147e-21
19646,1,12,1385.92,13,1414.33,0,2,0,0.0165275,1,1.65313e-20,2.91341e-20,4.17417e-20,3.56315e-20,1.48743e-20,1,9.80206e-21
19647,1,12,1385.92,13,1414.33,0,2,0,0.0165193,1,8.74411e-20,1.54103e-19,2.2079e-19,1.88443e-19,7.86653e-20,1,5.18397e-20
19648,1,12,1385.92,13,1414.33,0,2,0,0.016511,1,4.47359e-19,7.8841e-19,1.12959e-18,9.63958e-19,4.02404e-19,1,2.6518e-19
19649,1,12,1385.92,13,1414.33,0,2,0,0.0165028,1,2.21523e-18,3.90404e-18,5.59349e-18,4.77264e-18,1.99234e-18,1,1.31293e-18
19650,1,12,1385.92,13,1414.33,0,2,0,0.0164945,1,1.06239e-17,1.87233e-17,2.68257e-17,2.28858e-17,9.55366e-18,1,6.29577e-18
19651,1,12,1385.92,13,1414.33,0,2,0,0.0164863,1,4.93782e-17,8.70225e-17,1.24681e-16,1.06355e-16,4.43977e-17,1,2.92577e-17
19652,1,12,1385.92,13,1414.33,0,2,0,0.016478,1,2.22557e-16,3.92226e-16,5.61959e-16,4.79296e-16,2.00082e-16,1,1.31852e-16
19653,1,12,1385.92,13,1414.33,0,2,0,0.0164698,1,9.73345e-16,1.71539e-15,2.45771e-15,2.09592e-15,8.74939e-16,1,5.76577e-16
19654,1,12,1385.92,13,1414.33,0,2,0,0.0164615,1,4.13311e-15,7.28405e-15,1.04362e-14,8.89874e-15,3.71477e-15,1,2.448e-15
19655,1,12,1385.92,13,1414.33,0,2,0,0.0164533,1,1.70501e-14,3.00485e-14,4.30518e-14,3.67049e-14,1.53224e-14,1,1.00973e-14
19656,1,12,1385.92,13,1414.33,0,2,0,0.0164451,1,6.83704e-14,1.20494e-13,1.72636e-13,1.47167e-13,6.1435e-14,1,4.04851e-14
19657,1,12,1385.92,13,1414.33,0,2,0,0.0164369,1,2.66653e-13,4.69939e-13,6.73303e-13,5.73902e-13,2.39575e-13,1,1.57878e-13
19658,1,12,1385.92,13,1414.33,0,2,0,0.0164286,1,1.01205e-12,1.7836e-12,2.55545e-12,2.17793e-12,9.09174e-13,1,5.99137e-13
19659,1,12,1385.92,13,1414.33,0,2,0,0.0164204,1,3.74002e-12,6.59128e-12,9.44361e-12,8.04757e-12,3.35945e-12,1,2.21385e-12
19660,1,12,1385.92,13,1414.33,0,2,0,0.0164122,1,1.34646e-11,2.37294e-11,3.39982e-11,2.8969e-11,1.20931e-11,1,7.96923e-12
19661,1,12,1385.92,13,1414.33,0,2,0,0.016404,1,4.7248e-11,8.32682e-11,1.19302e-10,1.01643e-10,4.24307e-11,1,2.79615e-11
19662,1,12,1385.92,13,1414.33,0,2,0,0.0163958,1,1.61686e-10,2.84949e-10,4.08259e-10,3.4779e-10,1.45185e-10,1,9.56755e-11
19663,1,12,1385.92,13,1414.33,0,2,9,0.0163876,1,5.3985e-10,9.51413e-10,1.36313e-09,1.16111e-09,4.84705e-10,1,3.19416e-10
19664,2,12,1385.92,13,1414.33,0,2,0,0.0163794,1,2.17147e-13,3.82691e-13,5.48299e-13,4.6699e-13,1.94945e-13,1,1.28467e-13
19665,2,12,1385.92,13,1414.33,2,1,0,0.0163712,4.99159e-13,3.09722e-13,1,5.55356e-13,4.223e-13,1,9.989e-13,8.65363e-13
19666,2,12,1385.92,13,1414.33,2,1,0,0.016363,1.20118e-12,7.45318e-13,1,1.33642e-12,1.01517e-12,1,2.40126e-12,2.08025e-12
19667,2,12,1385.92,13,1414.33,2,1,0,0.0163549,2.84022e-12,1.76232e-12,1,3.15998e-12,2.39793e-12,1,5.67201e-12,4.91376e-12
19668,2,12,1385.92,13,1414.33,2,1,0,0.0163467,6.60115e-12,4.09593e-12,1,7.34433e-12,5.56761e-12,1,1.31695e-11,1.1409e-11
19669,2,12,1385.92,13,1414.33,2,1,0,0.0163385,1.50856e-11,9.3604e-12,1,1.6784e-11,1.27112e-11,1,3.00667e-11,2.60473e-11
19670,2,12,1385.92,13,1414.33,2,1,0,0.0163303,3.39098e-11,2.10406e-11,1,3.77275e-11,2.8545e-11,1,6.75198e-11,5.84935e-11
19671,2,12,1385.92,13,1414.33,2,1,0,0.0163222,7.49987e-11,4.65357e-11,1,8.34424e-11,6.30738e-11,1,1.49193e-10,1.29249e-10
19672,2,12,1385.92,13,1414.33,2,1,0,0.016314,1.63263e-10,1.01303e-10,1,1.81644e-10,1.37177e-10,1,3.24475e-10,2.81098e-10
19673,2,12,1385.92,13,1414.33,2,1,0,0.0163059,3.49917e-10,2.17119e-10,1,3.89312e-10,2.93741e-10,1,6.94809e-10,6.01924e-10
19674,2,12,1385.92,13,1414.33,2,1,0,0.0162977,7.38619e-10,4.58303e-10,1,8.21775e-10,6.19491e-10,1,1.46533e-09,1.26944e-09
19675,2,12,1385.92,13,1414.33,2,1,0,0.0162896,1.53598e-09,9.53058e-10,1,1.70891e-09,1.28713e-09,1,3.04455e-09,2.63755e-09
19676,2,12,1385.92,13,1414.33,2,1,0,0.0162814,3.1477e-09,1.95311e-09,1,3.50209e-09,2.63548e-09,1,6.23391e-09,5.40054e-09
19677,2,12,1385.92,13,1414.33,2,1,0,0.0162733,6.35871e-09,3.94549e-09,1,7.0746e-09,5.31951e-09,1,1.25827e-08,1.09006e-08
19678,2,12,1385.92,13,1414.33,2,1,0,0.0162651,1.26659e-08,7.85903e-09,1,1.40919e-08,1.05873e-08,1,2.50429e-08,2.1695e-08
19679,2,12,1385.92,13,1414.33,2,1,0,0.016257,2.48839e-08,1.54401e-08,1,2.76854e-08,2.07834e-08,1,4.91607e-08,4.25887e-08
19680,2,12,1385.92,13,1414.33,2,1,0,0.0162489,4.8232e-08,2.99273e-08,1,5.36621e-08,4.02524e-08,1,9.52122e-08,8.24839e-08
19681,2,12,1385.92,13,1414.33,2,1,0,0.0162408,9.22578e-08,5.72447e-08,1,1.02645e-07,7.69352e-08,1,1.81981e-07,1.57653e-07
19682,2,12,1385.92,13,1414.33,2,1,0,0.0162326,1.74196e-07,1.08086e-07,1,1.93807e-07,1.45155e-07,0.999999,3.43346e-07,2.97446e-07
19683,2,12,1385.92,13,1414.33,2,1,0,0.0162245,3.24752e-07,2.01504e-07,0.999999,3.61314e-07,2.70411e-07,0.999999,6.39624e-07,5.54116e-07
19684,2,12,1385.92,13,1414.33,2,1,0,0.0162164,5.97937e-07,3.71012e-07,0.999998,6.65255e-07,4.97522e-07,0.999997,1.17683e-06,1.0195e-06
19685,2,12,1385.92,13,1414.33,2,1,0,0.0162083,1.08757e-06,6.74821e-07,0.999997,1.21001e-06,9.04283e-07,0.999995,2.13897e-06,1.85302e-06
19686,2,12,1385.92,13,1414.33,2,1,0,0.0162002,1.95461e-06,1.21281e-06,0.999995,2.17467e-06,1.62407e-06,0.999991,3.84155e-06,3.32799e-06
19687,2,12,1385.92,13,1414.33,2,1,0,0.0161921,3.47194e-06,2.1543e-06,0.999991,3.86283e-06,2.88283e-06,0.999984,6.81899e-06,5.9074e-06
19688,2,12,1385.92,13,1414.33,2,1,0,0.016184,6.09667e-06,3.78291e-06,0.999983,6.78306e-06,5.0588e-06,0.999973,1.1966e-05,1.03663e-05
19689,2,12,1385.92,13,1414.33,2,1,0,0.0161759,1.05857e-05,6.5683e-06,0.999971,1.17775e-05,8.77782e-06,0.999952,2.07629e-05,1.79872e-05
19690,2,12,1385.92,13,1414.33,2,1,0,0.0161678,1.81782e-05,1.12794e-05,0.99995,2.02248e-05,1.50637e-05,0.999918,3.56314e-05,3.08681e-05
19691,2,12,1385.92,13,1414.33,2,1,0,0.0161597,3.08802e-05,1.91608e-05,0.999916,3.43568e-05,2.55728e-05,0.999862,6.04893e-05,5.24028e-05
19692,2,12,1385.92,13,1414.33,2,1,0,0.0161517,5.19034e-05,3.22054e-05,0.999858,5.77469e-05,4.29546e-05,0.999767,0.000101604,8.8021e-05
19693,2,12,1385.92,13,1414.33,2,1,0,0.0161436,8.63345e-05,5.35694e-05,0.999764,9.60544e-05,7.14018e-05,0.999613,0.000168892,0.000146314
19694,2,12,1385.92,13,1414.33,2,1,0,0.0161355,0.000142144,8.81982e-05,0.999612,0.000158147,0.000117477,0.999364,0.000277877,0.00024073
19695,2,12,1385.92,13,1414.33,2,1,0,0.0161274,0.000231685,0.000143757,0.999367,0.000257769,0.000191339,0.998964,0.000452589,0.000392085
19696,2,12,1385.92,13,1414.33,2,1,0,0.0161194,0.000373904,0.000232003,0.998978,0.000416,0.00030854,0.998329,0.000729814,0.00063225
19697,2,12,1385.92,13,1414.33,2,1,0,0.0161113,0.000597538,0.000370764,0.998367,0.000664811,0.000492613,0.997333,0.00116522,0.00100945
19698,2,12,1385.92,13,1414.33,2,1,0,0.0161033,0.000945681,0.000586782,0.997415,0.00105215,0.00077873,0.995784,0.00184199,0.00159575
19699,2,12,1385.92,13,1414.33,2,1,0,0.0160952,0.00148219,0.000919678,0.995949,0.00164906,0.00121874,0.993401,0.00288278,0.0024974
19700,2,12,1385.92,13,1414.33,2,1,0,0.0160872,0.00230043,0.00142738,0.993713,0.00255942,0.0018879,0.989778,0.00446559,0.00386861
19701,2,12,1385.92,13,1414.33,2,1,0,0.0160791,0.00353488,0.00219335,0.990339,0.00393286,0.00289336,0.984334,0.0068439,0.00592898
19702,2,12,1385.92,13,1414.33,2,1,0,0.0160711,0.00537584,0.00333564,0.985307,0.00598107,0.00438421,0.976262,0.0103703,0.00898396
19703,2,12,1385.92,13,1414.33,2,1,0,0.016063,0.00808659,0.00501763,0.977899,0.00899702,0.00656141,0.964473,0.0155202,0.0134454
19704,2,12,1385.92,13,1414.33,2,1,0,0.016055,0.0120212,0.00745901,0.967145,0.0133746,0.00968478,0.947561,0.0229082,0.0198457
19705,2,12,1385.92,13,1414.33,2,1,0,0.016047,0.0176379,0.0109441,0.951794,0.0196236,0.0140704,0.923815,0.0332819,0.0288326
19706,2,12,1385.92,13,1414.33,2,1,0,0.016039,0.0254981,0.0158213,0.930312,0.0283688,0.0200695,0.891333,0.047472,0.0411257
19707,2,12,1385.92,13,1414.33,2,1,0,0.0160309,0.0362378,0.0224851,0.900959,0.0403176,0.0280172,0.848299,0.0662714,0.0574119
19708,2,12,1385.92,13,1414.33,0,2,0,0.0160229,0.0504908,0.0313289,0.862005,0.0561753,0.0381461,0.793456,0.0902301,0.0781677
19709,2,12,1385.92,13,1414.33,3,1,0,0.0160149,0.0465848,0.0314578,0.865551,0.0564064,0.0386333,0.803589,0.078612,0.079166
19710,2,12,1385.92,13,1414.33,2,1,0,0.0160069,0.0468249,0.0316199,0.870011,0.0515438,0.0513312,0.739032,0.10445,0.105186
19711,2,12,1385.92,13,1414.33,3,0,0,0.0159989,0.0639757,0.0432015,0.8224,0.0704231,0.0661249,0.663822,0.134553,0.135501
19712,2,12,1385.92,13,1414.33,2,1,0,0.0159909,0.0644699,0.0435352,0.828752,0.0632429,0.0589386,0.66893,0.135588,0.136543
19713,2,12,1385.92,13,1414.33,2,3,0,0.0159829,0.0860896,0.0581346,0.771325,0.0844512,0.0735927,0.586615,0.1693,0.170493
19714,2,12,1385.92,13,1414.33,0,1,0,0.0159749,0.11178,0.0754831,0.703083,0.109653,0.0761862,0.607288,0.175266,0.14126
19715,2,12,1385.92,13,1414.33,2,0,0,0.0159669,0.096608,0.0767725,0.715093,0.111526,0.0926559,0.522393,0.213154,0.171797
19716,2,12,1385.92,13,1414.33,2,1,0,0.0159589,0.122213,0.0971205,0.639581,0.141085,0.0795816,0.52992,0.216226,0.174272
19717,2,12,1385.92,13,1414.33,2,3,0,0.015951,0.149816,0.119056,0.558178,0.17295,0.0939017,0.445333,0.255134,0.205631
19718,2,12,1385.92,13,1414.33,2,3,0,0.015943,0.177946,0.14141,0.475219,0.205424,0.0984638,0.46697,0.267529,0.167037
19719,2,12,1385.92,13,1414.33,3,3,0,0.015935,0.205081,0.162974,0.395196,0.236749,0.10196,0.483551,0.277029,0.13746
19720,2,12,1385.92,13,1414.33,1,1,0,0.015927,0.217191,0.172597,0.418533,0.191679,0.104647,0.496296,0.28433,0.114726
19721,2,12,1385.92,13,1414.33,2,2,0,0.0159191,0.225215,0.142029,0.433996,0.198761,0.121742,0.414013,0.330777,0.133468
19722,2,12,1385.92,13,1414.33,2,1,0,0.0159111,0.255573,0.161174,0.357701,0.225553,0.133282,0.453258,0.267341,0.146119
19723,2,12,1385.92,13,1414.33,1,1,0,0.0159032,0.282787,0.178336,0.289307,0.24957,0.152509,0.374387,0.305907,0.167198
19724,2,12,1385.92,13,1414.33,2,1,0,0.0158952,0.294772,0.143514,0.301568,0.260147,0.169901,0.303042,0.340792,0.186265
19725,2,12,1385.92,13,1414.33,0,2,0,0.0158873,0.320316,0.15595,0.241043,0.282691,0.184546,0.242966,0.370167,0.20232
19726,2,12,1385.92,13,1414.33,2,1,0,0.0158793,0.257503,0.170362,0.263319,0.308816,0.205079,0.27,0.30009,0.224831
19727,2,12,1385.92,13,1414.33,2,0,0,0.0158714,0.275681,0.182389,0.211314,0.330616,0.220439,0.215325,0.322566,0.24167
19728,2,12,1385.92,13,1414.33,0,3,0,0.0158635,0.289667,0.191642,0.171301,0.34739,0.177394,0.227214,0.340377,0.255015
19729,2,12,1385.92,13,1414.33,2,3,0,0.0158555,0.234513,0.206522,0.184602,0.374363,0.189183,0.242314,0.362997,0.205506
19730,2,12,1385.92,13,1414.33,1,2,0,0.0158476,0.243887,0.214778,0.152007,0.389328,0.198264,0.253946,0.380422,0.167367
19731,2,12,1385.92,13,1414.33,2,3,0,0.0158397,0.255813,0.176382,0.15944,0.408365,0.220573,0.282521,0.310706,0.186199
19732,2,12,1385.92,13,1414.33,0,0,0,0.0158317,0.263783,0.181878,0.13325,0.421089,0.230107,0.294732,0.324135,0.151026
19733,2,12,1385.92,13,1414.33,3,2,0,0.0158238,0.216904,0.193459,0.141735,0.447902,0.185983,0.311623,0.342712,0.159682
19734,2,12,1385.92,13,1414.33,1,2,0,0.0158159,0.245776,0.21921,0.1606,0.374415,0.204277,0.342276,0.278058,0.175389
19735,2,12,1385.92,13,1414.33,0,1,0,0.015808,0.258047,0.180224,0.168619,0.39311,0.219169,0.367229,0.225427,0.188175
19736,2,12,1385.92,13,1414.33,3,1,0,0.0158001,0.21213,0.191377,0.179055,0.417438,0.242295,0.300461,0.249214,0.208031
19737,2,12,1385.92,13,1414.33,1,1,0,0.0157922,0.237707,0.214452,0.200644,0.347196,0.262437,0.242309,0.269931,0.225324
19738,2,12,1385.92,13,1414.33,0,1,0,0.0157843,0.249279,0.17621,0.210412,0.364099,0.278967,0.194585,0.286932,0.239516
19739,2,12,1385.92,13,1414.33,2,3,0,0.0157764,0.204777,0.186656,0.222885,0.385682,0.291624,0.158042,0.299951,0.250383
19740,2,12,1385.92,13,1414.33,0,3,0,0.0157685,0.214895,0.195878,0.184489,0.404738,0.310188,0.168102,0.319045,0.202664
19741,2,12,1385.92,13,1414.33,2,1,0,0.0157606,0.178802,0.204883,0.192971,0.423345,0.324523,0.175871,0.333789,0.165817
19742,2,12,1385.92,13,1414.33,2,2,0,0.0157528,0.185692,0.212779,0.16187,0.43966,0.33655,0.145328,0.34616,0.171962
19743,2,12,1385.92,13,1414.33,3,0,0,0.0157449,0.191101,0.218977,0.137455,0.452467,0.368804,0.159256,0.283496,0.188443
19744,2,12,1385.92,13,1414.33,2,2,0,0.015737,0.215841,0.247326,0.15525,0.381583,0.304067,0.17559,0.312573,0.20777
19745,2,12,1385.92,13,1414.33,1,2,0,0.0157292,0.221986,0.254366,0.131204,0.392445,0.32965,0.190364,0.254735,0.225251
19746,2,12,1385.92,13,1414.33,0,2,0,0.0157213,0.23487,0.211087,0.138819,0.415223,0.349997,0.202114,0.208733,0.239155
19747,2,12,1385.92,13,1414.33,1,0,0,0.0157134,0.196184,0.22176,0.145838,0.436218,0.365881,0.211286,0.172825,0.250008
19748,2,12,1385.92,13,1414.33,0,0,0,0.0157056,0.205117,0.186325,0.152478,0.45608,0.302636,0.232359,0.190062,0.274943
19749,2,12,1385.92,13,1414.33,2,1,0,0.0156977,0.173504,0.193735,0.158542,0.474218,0.24714,0.25085,0.205187,0.296822
19750,2,12,1385.92,13,1414.33,1,2,0,0.0156899,0.178078,0.198842,0.136363,0.486718,0.262221,0.205138,0.217707,0.314934
19751,2,12,1385.92,13,1414.33,3,0,0,0.015682,0.184635,0.16934,0.141384,0.504641,0.27501,0.215143,0.179552,0.330294
19752,2,12,1385.92,13,1414.33,0,0,0,0.0156742,0.211164,0.193671,0.161699,0.433467,0.226486,0.229543,0.19157,0.352401
19753,2,12,1385.92,13,1414.33,2,2,0,0.0156663,0.178497,0.201691,0.168395,0.451417,0.188272,0.240883,0.201034,0.369811
19754,2,12,1385.92,13,1414.33,0,3,0,0.0156585,0.183641,0.207504,0.144427,0.464428,0.195932,0.250685,0.168525,0.384858
19755,2,12,1385.92,13,1414.33,3,1,0,0.0156507,0.157142,0.214239,0.149115,0.479503,0.216066,0.276444,0.185841,0.321649
19756,2,12,1385.92,15,1665.03,3,3,9,0.0156429,0.178026,0.24271,0.168932,0.410332,0.230483,0.228164,0.198242,0.343111
19757,2,12,1385.92,15,1665.03,3,3,0,0.015635,7.04699e-05,9.60748e-05,6.68702e-05,0.999767,0.000108745,0.000107651,9.35333e-05,0.99969
19758,2,12,1385.92,15,1665.03,3,3,0,0.0156272,0.000110443,0.000150572,0.000104802,0.999634,0.000169878,0.000168169,0.000146115,0.999516
19759,2,12,1385.92,15,1665.03,3,3,0,0.0156194,0.00017153,0.000233855,0.000162768,0.999432,0.000262996,0.00026035,0.000226207,0.99925
19760,0,12,1385.92,15,1627.64,3,3,13,0.0156116,0.000264041,0.000359978,0.000250553,0.999125,0.000403556,0.000399497,0.000347105,0.99885
19761,0,12,1385.92,15,1564.77,0,2,13,0.0156038,1,2.9235e-41,4.79353e-42,9.02981e-42,1.57364e-41,2.07498e-41,1,7.79963e-41
19762,0,12,1385.92,15,1555.88,0,2,13,0.015596,1,1.85125e-45,3.03541e-46,5.71795e-46,9.96395e-46,1.31383e-45,1,4.93854e-45
19763,0,12,1385.92,15,1550.78,0,2,13,0.0155882,1,1.42231e-49,2.3321e-50,4.3931e-50,7.65466e-50,1.00933e-49,1,3.79397e-49
19764,0,12,1385.92,15,1529.38,0,2,13,0.0155804,1,1.32073e-53,2.16555e-54,4.07935e-54,7.1074e-54,9.37169e-54,1,3.52272e-53
19765,0,12,1385.92,14,1592.19,0,2,13,0.0155726,1,1.47665e-57,2.4212e-58,4.56093e-58,7.94584e-58,1.04772e-57,1,3.93829e-57
19766,0,12,1385.92,14,1592.19,0,2,0,0.0155648,1,1.98049e-61,3.24732e-62,6.11713e-62,1.06562e-61,1.4051e-61,1,5.28163e-61
19767,0,12,1385.92,14,1585.69,0,2,13,0.015557,1,1.40457e-59,2.30302e-60,4.33831e-60,7.55684e-60,9.96431e-60,1,3.74548e-59
19768,0,12,1385.92,14,1580.42,0,2,13,0.0155493,1,2.06763e-63,3.39021e-64,6.3863e-64,1.11234e-63,1.46671e-63,1,5.5132e-63
19769,0,12,1385.92,14,1580.42,0,2,0,0.0155415,1,3.63114e-67,5.95383e-68,1.12155e-67,1.95333e-67,2.57562e-67,1,9.6815e-67
19770,0,12,1385.92,14,1543.32,0,2,13,0.0155337,1,3.3539e-65,5.49925e-66,1.03592e-65,1.80406e-65,2.3788e-65,1,8.94167e-65
19771,0,12,1385.92,14,1517.97,0,2,13,0.0155259,1,6.39616e-69,1.04875e-69,1.97558e-69,3.44025e-69,4.53625e-69,1,1.70513e-68
19772,0,12,1385.92,14,1517.97,0,2,0,0.0155182,1,1.44771e-72,2.37374e-73,4.47153e-73,7.78612e-73,1.02666e-72,1,3.85912e-72
19773,0,12,1385.92,14,1510.76,0,2,13,0.0155104,1,1.71465e-70,2.81143e-71,5.29604e-71,9.22117e-71,1.21589e-70,1,4.57039e-70
19774,0,12,1385.92,14,1510.76,0,2,9,0.0155027,1,4.17226e-74,6.84107e-75,1.28869e-74,2.24364e-74,2.95843e-74,1,1.11204e-73
19775,0,12,1385.92,14,1510.76,0,2,0,0.0154949,1,6.54668e-76,1.07343e-76,2.02208e-76,3.52027e-76,4.64176e-76,1,1.74479e-75
19776,0,12,1385.92,14,1495.85,0,2,13,0.0154872,1,9.045e-74,1.48307e-74,2.79373e-74,4.86335e-74,6.41273e-74,1,2.41048e-73
19777,0,12,1385.92,14,1495.85,0,2,0,0.0154794,1,2.55953e-77,4.19675e-78,7.90563e-78,1.37613e-77,1.81454e-77,1,6.82069e-77
19778,0,12,1385.92,14,1495.85,0,2,0,0.0154717,1,3.77316e-75,6.18668e-76,1.16542e-75,2.02852e-75,2.67477e-75,1,1.00542e-74
19779,0,12,1385.92,13,1477.71,0,2,13,0.0154639,1,5.0336e-73,8.25338e-74,1.55473e-73,2.70599e-73,3.56808e-73,1,1.3412e-72
19780,0,12,1385.92,13,1477.71,0,2,0,0.0154562,1,1.37632e-76,2.2567e-77,4.25106e-77,7.3985e-77,9.75553e-77,1,3.667e-76
19781,0,12,1385.92,13,1477.71,0,2,0,0.0154485,1,1.9618e-74,3.21668e-75,6.05941e-75,1.05451e-74,1.39046e-74,1,5.22661e-74
19782,0,12,1385.92,13,1472.43,0,2,13,0.0154408,1,2.53227e-72,4.15205e-73,7.82142e-73,1.36108e-72,1.79469e-72,1,6.74606e-72
19783,0,12,1385.92,13,1472.43,0,2,0,0.015433,1,6.70376e-76,1.09919e-76,2.07059e-76,3.60304e-76,4.7509e-76,1,1.78581e-75
19784,0,12,1385.92,13,1472.43,0,2,0,0.0154253,1,9.25764e-74,1.51794e-74,2.85941e-74,4.97539e-74,6.56045e-74,1,2.46601e-73
19785,0,12,1385.92,13,1467.83,0,2,13,0.0154176,1,1.15845e-71,1.89946e-72,3.57812e-72,6.22561e-72,8.20897e-72,1,3.08567e-71
19786,0,12,1385.92,13,1467.83,0,2,0,0.0154099,1,2.97495e-75,4.8779e-76,9.18875e-76,1.59868e-75,2.10799e-75,1,7.92372e-75
19787,0,12,1385.92,13,1467.83,0,2,9,0.0154022,1,3.98767e-73,6.5384e-74,1.23167e-73,2.14278e-73,2.82543e-73,1,1.06205e-72
19788,0,12,1385.92,13,1467.83,0,2,0,0.0153945,1,5.98084e-75,9.80652e-76,1.8473e-75,3.21366e-75,4.23747e-75,1,1.59282e-74
19789,0,12,1385.92,13,1467.83,0,2,0,0.0153868,1,7.9056e-73,1.29625e-73,2.4418e-73,4.24767e-73,5.6009e-73,1,2.10532e-72
19790,0,12,1385.92,13,1467.83,0,2,0,0.0153791,1,9.47728e-71,1.55395e-71,2.92725e-71,5.0919e-71,6.71408e-71,1,2.52375e-70
19791,0,12,1385.92,13,1467.83,0,2,9,0.0153714,1,1.03242e-68,1.69282e-69,3.18885e-69,5.54669e-69,7.31376e-69,1,2.74917e-68
19792,0,12,1385.92,13,1467.83,0,2,9,0.0153637,1,1.26368e-70,2.07201e-71,3.90315e-71,6.78882e-71,8.95161e-71,1,3.36482e-70
19793,0,12,1385.92,13,1467.83,0,2,0,0.0153561,1,1.68913e-72,2.7696e-73,5.21722e-73,9.07401e-73,1.19648e-72,1,4.49746e-72
19794,0,12,1385.92,13,1467.83,0,2,0,0.0153484,1,1.99443e-70,3.27018e-71,6.16019e-71,1.07136e-70,1.41267e-70,1,5.3101e-70
19795,0,12,1385.92,13,1467.83,0,2,0,0.0153407,1,2.14057e-68,3.5098e-69,6.61159e-69,1.14981e-68,1.51613e-68,1,5.69896e-68
19796,0,12,1385.92,13,1467.83,0,2,0,0.015333,1,2.09232e-66,3.43068e-67,6.46254e-67,1.12385e-66,1.48188e-66,1,5.57025e-66
19797,0,12,1385.92,13,1467.83,0,2,0,0.0153254,1,1.86605e-64,3.05968e-65,5.76366e-65,1.00227e-64,1.32157e-64,1,4.96766e-64
19798,0,12,1385.92,13,1467.83,0,2,0,0.0153177,1,1.52129e-62,2.49439e-63,4.69881e-63,8.17064e-63,1.07737e-62,1,4.04971e-62
19799,0,12,1385.92,13,1462.56,0,2,13,0.01531,1,1.13573e-60,1.86221e-61,3.50794e-61,6.09962e-61,8.04285e-61,1,3.02322e-60
19800,0,12,1385.92,13,1462.56,0,2,0,0.0153024,1,1.75813e-64,2.88272e-65,5.43033e-65,9.44191e-65,1.24499e-64,1,4.6798e-64
19801,0,12,1385.92,13,1462.56,0,2,0,0.0152947,1,1.43502e-62,2.35293e-63,4.43234e-63,7.70638e-63,1.01615e-62,1,3.8196e-62
19802,0,12,1385.92,13,1462.56,0,2,0,0.0152871,1,1.07257e-60,1.75865e-61,3.31286e-61,5.75977e-61,7.59472e-61,1,2.85478e-60
19803,0,12,1385.92,13,1462.56,0,2,0,0.0152794,1,7.35406e-59,1.20581e-59,2.27145e-59,3.94901e-59,5.20709e-59,1,1.95729e-58
19804,0,12,1385.92,13,1462.56,0,2,0,0.0152718,1,4.63345e-57,7.59726e-58,1.43113e-57,2.488e-57,3.28063e-57,1,1.23316e-56
19805,0,12,1385.92,13,1462.56,0,2,0,0.0152642,1,2.68716e-55,4.40603e-56,8.29985e-56,1.44286e-55,1.90253e-55,1,7.15142e-55
19806,0,12,1385.92,13,1462.56,0,2,9,0.0152565,1,1.43687e-53,2.35597e-54,4.43805e-54,7.71493e-54,1.01728e-53,1,3.82384e-53
19807,0,12,1385.92,13,1456.34,0,2,13,0.0152489,1,8.7564e-56,1.43575e-56,2.70459e-56,4.70139e-56,6.19917e-56,1,2.3302e-55
19808,0,12,1385.92,13,1456.34,0,2,0,0.0152413,1,1.08233e-59,1.77465e-60,3.34299e-60,5.81092e-60,7.66218e-60,1,2.88013e-59
19809,0,12,1385.92,13,1456.34,0,2,0,0.0152337,1,7.08565e-58,1.1618e-58,2.18855e-58,3.8041e-58,5.01602e-58,1,1.88547e-57
19810,0,12,1385.92,13,1454.74,0,2,13,0.015226,1,4.26658e-56,6.99573e-57,1.31782e-56,2.29054e-56,3.02027e-56,1,1.13529e-55
19811,0,12,1385.92,13,1454.74,0,2,0,0.0152184,1,5.35005e-60,8.77225e-61,1.65247e-60,2.87212e-60,3.78713e-60,1,1.42354e-59
19812,0,12,1385.92,13,1453.36,0,2,13,0.0152108,1,3.55221e-58,5.82441e-59,1.09717e-58,1.90691e-58,2.51442e-58,1,9.45144e-58
19813,0,12,1385.92,13,1453.36,0,2,9,0.0152032,1,4.90195e-62,8.03751e-63,1.51407e-62,2.6314e-62,3.46972e-62,1,1.30423e-61
19814,0,12,1385.92,13,1453.36,0,2,0,0.0151956,1,4.41183e-64,7.23388e-65,1.36268e-64,2.36823e-64,3.12271e-64,1,1.17379e-63
19815,0,12,1385.92,13,1453.36,0,2,0,0.015188,1,3.53537e-62,5.79678e-63,1.09197e-62,1.8977e-62,2.50227e-62,1,9.40579e-62
19816,0,12,1385.92,13,1453.36,0,2,0,0.0151804,1,2.59522e-60,4.25526e-61,8.01585e-61,1.39301e-60,1.8368e-60,1,6.90434e-60
19817,0,12,1385.92,13,1453.12,0,2,13,0.0151728,1,1.74823e-58,2.86649e-59,5.39976e-59,9.38355e-59,1.2373e-58,1,4.65088e-58
19818,0,12,1385.92,13,1453.12,0,2,0,0.0151652,1,2.44695e-62,4.01216e-63,7.55791e-63,1.31336e-62,1.73177e-62,1,6.50955e-62
19819,0,12,1385.92,13,1453.12,0,2,0,0.0151577,1,1.80951e-60,2.96698e-61,5.58904e-61,9.71196e-61,1.2806e-60,1,4.81365e-60
19820,0,12,1385.92,13,1453.12,0,2,0,0.0151501,1,1.22777e-58,2.01313e-59,3.79222e-59,6.5895e-59,8.6888e-59,1,3.26603e-58
19821,0,12,1385.92,13,1453.12,0,2,0,0.0151425,1,7.65673e-57,1.25544e-57,2.36494e-57,4.10929e-57,5.41844e-57,1,2.03674e-56
19822,0,12,1385.92,13,1453.12,0,2,0,0.0151349,1,4.39613e-55,7.20814e-56,1.35783e-55,2.3593e-55,3.11093e-55,1,1.16937e-54
19823,0,12,1385.92,13,1453.12,0,2,9,0.0151274,1,2.32765e-53,3.81654e-54,7.18941e-54,1.24916e-53,1.64712e-53,1,6.19137e-53
19824,0,12,1385.92,13,1453.12,0,2,0,0.0151198,1,1.40487e-55,2.30351e-56,4.33923e-56,7.53925e-56,9.94112e-56,1,3.73676e-55
19825,0,12,1385.92,13,1453.12,0,2,9,0.0151123,1,7.61012e-54,1.2478e-54,2.35054e-54,4.08388e-54,5.38493e-54,1,2.02414e-53
19826,0,12,1385.92,13,1453.12,0,2,0,0.0151047,1,4.69701e-56,7.70148e-57,1.45077e-56,2.52054e-56,3.32353e-56,1,1.24928e-55
19827,0,12,1385.92,13,1453.12,0,2,0,0.0150971,1,2.60072e-54,4.26428e-55,8.03284e-55,1.39558e-54,1.84019e-54,1,6.91707e-54
19828,0,12,1385.92,13,1453.12,0,2,9,0.0150896,1,1.32892e-52,2.17897e-53,4.10464e-53,7.13101e-53,9.40282e-53,1,3.53442e-52
19829,0,12,1385.92,13,1453.12,0,2,0,0.015082,1,7.74616e-55,1.2701e-55,2.39256e-55,4.15651e-55,5.4807e-55,1,2.06014e-54
19830,0,12,1385.92,13,1453.12,0,2,9,0.0150745,1,4.0552e-53,6.64914e-54,1.25253e-53,2.17594e-53,2.86915e-53,1,1.07848e-52
19831,0,12,1385.92,13,1453.12,0,2,9,0.015067,1,2.42053e-55,3.96883e-56,7.47629e-56,1.29878e-55,1.71254e-55,1,6.43728e-55
19832,0,12,1385.92,13,1452.95,0,2,13,0.0150594,1,1.60062e-57,2.62447e-58,4.94385e-58,8.58826e-58,1.13243e-57,1,4.2567e-57
19833,0,12,1385.92,13,1452.95,0,2,9,0.0150519,1,2.1433e-61,3.51428e-62,6.62002e-62,1.14998e-61,1.51634e-61,1,5.69978e-61
19834,0,12,1385.92,13,1452.95,0,2,0,0.0150444,1,1.87292e-63,3.07095e-64,5.78489e-64,1.00489e-63,1.32503e-63,1,4.98064e-63
19835,0,12,1385.92,13,1452.95,0,2,0,0.0150369,1,1.45807e-61,2.39073e-62,4.50353e-62,7.82288e-62,1.03151e-61,1,3.87735e-61
19836,0,12,1385.92,13,1452.95,0,2,9,0.0150293,1,1.04042e-59,1.70593e-60,3.21355e-60,5.58202e-60,7.36035e-60,1,2.76668e-59
19837,0,12,1385.92,13,1452.95,0,2,0,0.0150218,1,8.41246e-62,1.37935e-62,2.59836e-62,4.51332e-62,5.95119e-62,1,2.23699e-61
19838,0,12,1385.92,13,1452.95,0,2,0,0.0150143,1,6.06921e-60,9.95142e-61,1.8746e-60,3.2561e-60,4.29344e-60,1,1.61386e-59
19839,0,12,1385.92,13,1452.95,0,2,0,0.0150068,1,4.01955e-58,6.59068e-59,1.24152e-58,2.15643e-58,2.84343e-58,1,1.06882e-57
19840,0,12,1385.92,13,1451.79,0,2,13,0.0149993,1,2.44795e-56,4.01379e-57,7.56098e-57,1.31327e-56,1.73165e-56,1,6.50909e-56
19841,0,12,1385.92,13,1451.79,0,2,9,0.0149918,1,3.10388e-60,5.0893e-61,9.58698e-61,1.66513e-60,2.19561e-60,1,8.25309e-60
19842,0,12,1385.92,13,1451.79,0,2,9,0.0149843,1,2.57114e-62,4.21578e-63,7.94148e-63,1.37931e-62,1.81873e-62,1,6.83642e-62
19843,0,12,1385.92,13,1451.79,0,2,0,0.0149768,1,2.34412e-64,3.84355e-65,7.2403e-65,1.2575e-64,1.65812e-64,1,6.23271e-64
19844,0,12,1385.92,13,1451.79,0,2,9,0.0149693,1,1.90234e-62,3.11919e-63,5.87577e-63,1.02049e-62,1.34561e-62,1,5.05799e-62
19845,0,12,1385.92,13,1451.79,0,2,0,0.0149618,1,1.74486e-64,2.86097e-65,5.38935e-65,9.35999e-65,1.23419e-64,1,4.6392e-64
19846,0,12,1385.92,13,1451.79,0,2,0,0.0149544,1,1.4244e-62,2.33553e-63,4.39956e-63,7.64085e-63,1.00751e-62,1,3.78712e-62
19847,0,12,1385.92,13,1451.79,0,2,0,0.0149469,1,1.0648e-60,1.74591e-61,3.28885e-61,5.71177e-61,7.53143e-61,1,2.83099e-60
19848,0,12,1385.92,13,1448.74,0,2,13,0.0149394,1,7.30182e-59,1.19725e-59,2.25531e-59,3.91676e-59,5.16456e-59,1,1.94131e-58
19849,0,12,1385.92,13,1448.74,0,2,0,0.0149319,1,1.04002e-62,1.70528e-63,3.21232e-63,5.57868e-63,7.35594e-63,1,2.76502e-62
19850,0,12,1385.92,13,1448.74,0,2,0,0.0149245,1,7.82364e-61,1.28281e-61,2.41649e-61,4.19655e-61,5.53349e-61,1,2.07998e-60
19851,0,12,1385.92,13,1448.74,0,2,0,0.014917,1,5.3982e-59,8.85119e-60,1.66734e-59,2.89552e-59,3.81798e-59,1,1.43514e-58
19852,0,12,1385.92,13,1445.73,0,2,13,0.0149096,1,3.42225e-57,5.61132e-58,1.05703e-57,1.83562e-57,2.42042e-57,1,9.0981e-57
19853,0,12,1385.92,13,1445.73,0,2,0,0.0149021,1,4.51342e-61,7.40045e-62,1.39406e-61,2.42087e-61,3.19211e-61,1,1.19988e-60
19854,0,12,1385.92,13,1445.73,0,2,0,0.0148946,1,3.14864e-59,5.16269e-60,9.72522e-60,1.68882e-59,2.22684e-59,1,8.37048e-59
19855,0,12,1385.92,13,1445.73,0,2,0,0.0148872,1,2.01776e-57,3.30843e-58,6.23225e-58,1.08224e-57,1.42702e-57,1,5.36402e-57
19856,0,12,1385.92,13,1445.73,0,2,0,0.0148798,1,1.18981e-55,1.95089e-56,3.67498e-56,6.38158e-56,8.41463e-56,1,3.16297e-55
19857,0,12,1385.92,13,1445.73,0,2,0,0.0148723,1,6.46662e-54,1.0603e-54,1.99735e-54,3.46833e-54,4.57328e-54,1,1.71905e-53
19858,0,12,1385.92,13,1445.73,0,2,0,0.0148649,1,3.24468e-52,5.32016e-53,1.00219e-52,1.74024e-52,2.29465e-52,1,8.62537e-52
19859,0,12,1385.92,13,1445.73,0,2,0,0.0148575,1,1.50542e-50,2.46836e-51,4.64978e-51,8.07401e-51,1.06462e-50,1,4.00182e-50
19860,0,12,1385.92,13,1445.73,0,2,9,0.01485,1,6.46861e-49,1.06063e-49,1.99796e-49,3.46928e-49,4.57453e-49,1,1.71952e-48
19861,0,12,1385.92,13,1445.73,0,2,0,0.0148426,1,3.18165e-51,5.21682e-52,9.82718e-52,1.70638e-51,2.25e-51,1,8.45752e-51
19862,0,12,1385.92,13,1445.73,0,2,0,0.0148352,1,1.41029e-49,2.31239e-50,4.35596e-50,7.56355e-50,9.97316e-50,1,3.74881e-49
19863,0,12,1385.92,13,1445.73,0,2,9,0.0148278,1,5.79468e-48,9.50128e-49,1.7898e-48,3.10773e-48,4.09779e-48,1,1.54032e-47
19864,0,12,1385.92,13,1445.73,0,2,0,0.0148203,1,2.72789e-50,4.4728e-51,8.42563e-51,1.46297e-50,1.92904e-50,1,7.25108e-50
19865,0,12,1385.92,13,1445.73,0,2,0,0.0148129,1,1.15829e-48,1.8992e-49,3.57762e-49,6.21187e-49,8.19085e-49,1,3.07886e-48
19866,0,12,1385.92,13,1445.73,0,2,9,0.0148055,1,4.56299e-47,7.48173e-48,1.40937e-47,2.44709e-47,3.22668e-47,1,1.21288e-46
19867,0,12,1385.92,13,1445.73,0,2,0,0.0147981,1,2.06121e-49,3.37967e-50,6.36646e-50,1.10539e-49,1.45755e-49,1,5.47879e-49
19868,0,12,1385.92,13,1441.66,0,2,13,0.0147907,1,8.40519e-48,1.37816e-48,2.59611e-48,4.50753e-48,5.94355e-48,1,2.23412e-47
19869,0,12,1385.92,13,1441.66,0,2,9,0.0147833,1,7.19343e-52,1.17948e-52,2.22184e-52,3.85765e-52,5.08663e-52,1,1.91201e-51
19870,0,12,1385.92,13,1441.66,0,2,9,0.0147759,1,4.05373e-54,6.64673e-55,1.25208e-54,2.17389e-54,2.86645e-54,1,1.07747e-53
19871,0,12,1385.92,13,1439.26,0,2,13,0.0147686,1,2.5337e-56,4.1544e-57,7.82585e-57,1.35873e-56,1.7916e-56,1,6.73445e-56
19872,0,12,1385.92,13,1439.26,0,2,0,0.0147612,1,3.21041e-60,5.26397e-61,9.91599e-61,1.72161e-60,2.27009e-60,1,8.53302e-60
19873,0,12,1385.92,13,1439.26,0,2,0,0.0147538,1,2.15346e-58,3.53094e-59,6.6514e-59,1.1548e-58,1.5227e-58,1,5.72368e-58
19874,0,12,1385.92,13,1439.26,0,2,9,0.0147464,1,1.32795e-56,2.17738e-57,4.10165e-57,7.12114e-57,9.3898e-57,1,3.52953e-56
19875,0,12,1385.92,13,1439.26,0,2,0,0.014739,1,9.30628e-59,1.52591e-59,2.87443e-59,4.99045e-59,6.58031e-59,1,2.47347e-58
19876,0,12,1385.92,13,1439.26,0,2,0,0.0147317,1,5.83591e-57,9.56889e-58,1.80254e-57,3.12945e-57,4.12644e-57,1,1.55109e-56
19877,0,12,1385.92,13,1439.26,0,2,0,0.0147243,1,3.36895e-55,5.52392e-56,1.04057e-55,1.80655e-55,2.38209e-55,1,8.95402e-55
19878,0,12,1385.92,13,1439.26,0,2,9,0.0147169,1,1.7933e-53,2.94039e-54,5.53896e-54,9.61624e-54,1.26798e-53,1,4.7662e-53
19879,0,12,1385.92,13,1439.26,0,2,0,0.0147096,1,1.08802e-55,1.78398e-56,3.36057e-56,5.83427e-56,7.69296e-56,1,2.8917e-55
19880,0,12,1385.92,13,1439.26,0,2,9,0.0147022,1,5.92396e-54,9.71326e-55,1.82974e-54,3.17657e-54,4.18856e-54,1,1.57444e-53
19881,0,12,1385.92,13,1436.97,0,2,13,0.0146949,1,3.67466e-56,6.02518e-57,1.13499e-56,1.97043e-56,2.59817e-56,1,9.76625e-56
19882,0,12,1385.92,13,1436.97,0,2,9,0.0146875,1,4.6216e-60,7.57784e-61,1.42748e-60,2.47818e-60,3.26768e-60,1,1.22829e-59
19883,0,12,1385.92,13,1436.97,0,2,0,0.0146802,1,3.798e-62,6.22741e-63,1.17309e-62,2.03653e-62,2.68533e-62,1,1.00939e-61
19884,0,12,1385.92,13,1436.97,0,2,0,0.0146728,1,2.78401e-60,4.56483e-61,8.59899e-61,1.49281e-60,1.96839e-60,1,7.39899e-60
19885,0,12,1385.92,13,1436.97,0,2,9,0.0146655,1,1.87278e-58,3.07071e-59,5.78445e-59,1.00419e-58,1.32411e-58,1,4.97718e-58
19886,0,12,1385.92,13,1436.97,0,2,0,0.0146582,1,1.4292e-60,2.3434e-61,4.41438e-61,7.66339e-61,1.01048e-60,1,3.79829e-60
19887,0,12,1385.92,13,1436.97,0,2,9,0.0146508,1,9.74316e-59,1.59754e-59,3.00937e-59,5.22425e-59,6.8886e-59,1,2.58936e-58
19888,0,12,1385.92,13,1436.97,0,2,0,0.0146435,1,7.53327e-61,1.2352e-61,2.3268e-61,4.03929e-61,5.32613e-61,1,2.00204e-60
19889,0,12,1385.92,13,1436.97,0,2,0,0.0146362,1,5.20178e-59,8.52913e-60,1.60667e-59,2.78914e-59,3.67771e-59,1,1.38241e-58
19890,0,12,1385.92,13,1436.97,0,2,9,0.0146289,1,3.30017e-57,5.41115e-58,1.01933e-57,1.76951e-57,2.33324e-57,1,8.77041e-57
19891,0,12,1385.92,13,1436.97,0,2,9,0.0146216,1,2.37806e-59,3.89921e-60,7.34513e-60,1.27508e-59,1.68129e-59,1,6.31981e-59
19892,0,12,1385.92,13,1436.97,0,2,9,0.0146143,1,1.89128e-61,3.10106e-62,5.84161e-62,1.01407e-61,1.33713e-61,1,5.02614e-61
19893,0,12,1385.92,13,1436.97,0,2,0,0.0146069,1,1.65683e-63,2.71664e-64,5.11747e-64,8.88356e-64,1.17137e-63,1,4.40306e-63
19894,0,12,1385.92,13,1436.97,0,2,9,0.0145996,1,1.29301e-61,2.12009e-62,3.99372e-62,6.93277e-62,9.14143e-62,1,3.43617e-61
19895,0,12,1385.92,13,1434.53,0,2,13,0.0145923,1,1.14137e-63,1.87146e-64,3.52536e-64,6.1197e-64,8.06932e-64,1,3.03318e-63
19896,0,12,1385.92,13,1434.53,0,2,0,0.014585,1,2.02842e-67,3.32591e-68,6.26519e-68,1.08757e-67,1.43406e-67,1,5.39047e-67
19897,0,12,1385.92,13,1434.53,0,2,9,0.0145778,1,1.8955e-65,3.10796e-66,5.85463e-66,1.0163e-65,1.34007e-65,1,5.03719e-65
19898,0,12,1385.92,13,1434.53,0,2,0,0.0145705,1,1.9963e-67,3.27325e-68,6.16598e-68,1.07034e-67,1.41133e-67,1,5.30505e-67
19899,0,12,1385.92,13,1434.53,0,2,0,0.0145632,1,1.86608e-65,3.05973e-66,5.76376e-66,1.00051e-65,1.31926e-65,1,4.95896e-65
19900,0,12,1385.92,13,1434.53,0,2,0,0.0145559,1,1.59301e-63,2.61199e-64,4.92034e-64,8.54103e-64,1.1262e-63,1,4.23329e-63
19901,0,12,1385.92,13,1434.53,0,2,0,0.0145486,1,1.24418e-61,2.04002e-62,3.8429e-62,6.6707e-62,8.79587e-62,1,3.30628e-61
19902,0,12,1385.92,13,1434.53,0,2,0,0.0145413,1,8.90621e-60,1.46031e-60,2.75086e-60,4.77507e-60,6.29632e-60,1,2.36672e-59
19903,0,12,1385.92,13,1434.53,0,2,0,0.0145341,1,5.85338e-58,9.59754e-59,1.80794e-58,3.13828e-58,4.13808e-58,1,1.55546e-57
19904,0,12,1385.92,13,1434.53,0,2,0,0.0145268,1,3.53807e-56,5.80122e-57,1.09281e-56,1.89692e-56,2.50125e-56,1,9.40193e-56
19905,0,12,1385.92,13,1434.53,0,2,9,0.0145195,1,1.97015e-54,3.23037e-55,6.08521e-55,1.05628e-54,1.39279e-54,1,5.23537e-54
19906,0,12,1385.92,13,1434.53,0,2,9,0.0145123,1,1.2493e-56,2.04842e-57,3.85872e-57,6.69801e-57,8.83187e-57,1,3.31981e-56
19907,0,12,1385.92,13,1434.53,0,2,0,0.014505,1,8.76579e-59,1.43729e-59,2.70749e-59,4.69968e-59,6.19691e-59,1,2.32935e-58
19908,0,12,1385.92,13,1434.53,0,2,9,0.0144978,1,5.50356e-57,9.02394e-58,1.69988e-57,2.95065e-57,3.89068e-57,1,1.46247e-56
19909,0,12,1385.92,13,1434.53,0,2,0,0.0144905,1,3.92544e-59,6.43637e-60,1.21245e-59,2.10456e-59,2.77503e-59,1,1.04311e-58
19910,0,12,1385.92,13,1434.53,0,2,0,0.0144833,1,2.50448e-57,4.10649e-58,7.73561e-58,1.34273e-57,1.7705e-57,1,6.65514e-57
19911,0,12,1385.92,13,1434.3,0,2,13,0.014476,1,1.47046e-55,2.41104e-56,4.5418e-56,7.88354e-56,1.03951e-55,1,3.90741e-55
19912,0,12,1385.92,13,1434.3,0,2,0,0.0144688,1,1.7988e-59,2.94941e-60,5.55595e-60,9.64384e-60,1.27162e-59,1,4.77989e-59
19913,0,12,1385.92,13,1434.3,0,2,0,0.0144616,1,1.16571e-57,1.91137e-58,3.60053e-58,6.24966e-58,8.24069e-58,1,3.09759e-57
19914,0,12,1385.92,13,1434.3,0,2,0,0.0144543,1,6.94971e-56,1.13951e-56,2.14656e-56,3.7259e-56,4.9129e-56,1,1.84671e-55
19915,0,12,1385.92,13,1434.3,0,2,0,0.0144471,1,3.818e-54,6.2602e-55,1.17927e-54,2.04691e-54,2.69901e-54,1,1.01453e-53
19916,0,12,1385.92,13,1434.3,0,2,0,0.0144399,1,1.93601e-52,3.17439e-53,5.97975e-53,1.03793e-52,1.36859e-52,1,5.14441e-52
19917,0,12,1385.92,13,1434.3,0,2,0,0.0144327,1,9.07563e-51,1.48809e-51,2.80319e-51,4.86559e-51,6.41568e-51,1,2.41159e-50
19918,0,12,1385.92,13,1434.3,0,2,9,0.0144255,1,3.93937e-49,6.45922e-50,1.21675e-49,2.11196e-49,2.78479e-49,1,1.04677e-48
19919,0,12,1385.92,13,1434.3,0,2,0,0.0144182,1,1.95693e-51,3.2087e-52,6.04439e-52,1.04914e-51,1.38337e-51,1,5.19996e-51
19920,0,12,1385.92,13,1434.3,0,2,0,0.014411,1,8.75896e-50,1.43617e-50,2.70538e-50,4.69577e-50,6.19176e-50,1,2.32742e-49
19921,0,12,1385.92,13,1434.3,0,2,0,0.0144038,1,3.63338e-48,5.9575e-49,1.12224e-48,1.94789e-48,2.56845e-48,1,9.65455e-48
19922,0,12,1385.92,13,1434.3,0,2,9,0.0143966,1,1.39899e-46,2.29385e-47,4.32105e-47,7.50006e-47,9.88945e-47,1,3.71734e-46
19923,0,12,1385.92,13,1434.3,0,2,0,0.0143894,1,6.17952e-49,1.01323e-49,1.90867e-49,3.31287e-49,4.36829e-49,1,1.642e-48
19924,0,12,1385.92,13,1434.3,0,2,0,0.0143822,1,2.46515e-47,4.042e-48,7.61411e-48,1.32158e-47,1.74261e-47,1,6.55028e-47
19925,0,12,1385.92,13,1434.3,0,2,9,0.014375,1,9.13512e-46,1.49785e-46,2.82157e-46,4.89736e-46,6.45757e-46,1,2.42733e-45
19926,0,12,1385.92,13,1434.3,0,2,9,0.0143678,1,3.88649e-48,6.37251e-49,1.20042e-48,2.08355e-48,2.74733e-48,1,1.03269e-47
19927,0,12,1385.92,13,1434.3,0,2,9,0.0143607,1,1.84427e-50,3.02397e-51,5.6964e-51,9.88711e-51,1.3037e-50,1,4.90046e-50
19928,0,12,1385.92,13,1434.3,0,2,0,0.0143535,1,9.74014e-53,1.59705e-53,3.00844e-53,5.22167e-53,6.88519e-53,1,2.58807e-52
19929,0,12,1385.92,13,1431.03,0,2,13,0.0143463,1,4.62916e-51,7.59023e-52,1.42981e-51,2.48167e-51,3.27229e-51,1,1.23002e-50
19930,0,12,1385.92,13,1431.03,0,2,0,0.0143391,1,4.60332e-55,7.54787e-56,1.42183e-55,2.46782e-55,3.25402e-55,1,1.22315e-54
19931,0,12,1385.92,13,1431.03,0,2,0,0.014332,1,2.43511e-53,3.99274e-54,7.52132e-54,1.30544e-53,1.72133e-53,1,6.47032e-53
19932,0,12,1385.92,13,1431.03,0,2,0,0.0143248,1,1.18986e-51,1.95096e-52,3.67512e-52,6.37873e-52,8.41088e-52,1,3.16157e-51
19933,0,12,1385.92,13,1429.38,0,2,13,0.0143176,1,5.3789e-50,8.81955e-51,1.66138e-50,2.88358e-50,3.80223e-50,1,1.42922e-49
19934,0,12,1385.92,13,1429.38,0,2,0,0.0143105,1,5.09283e-54,8.3505e-55,1.57302e-54,2.73021e-54,3.60001e-54,1,1.35321e-53
19935,0,12,1385.92,13,1429.38,0,2,0,0.0143033,1,2.56761e-52,4.20999e-53,7.93057e-53,1.37646e-52,1.81498e-52,1,6.82231e-52
19936,0,12,1385.92,13,1429.38,0,2,0,0.0142962,1,1.19687e-50,1.96245e-51,3.69676e-51,6.41623e-51,8.46033e-51,1,3.18015e-50
19937,0,12,1385.92,13,1429.38,0,2,0,0.014289,1,5.16646e-49,8.47121e-50,1.59576e-49,2.76966e-49,3.65202e-49,1,1.37276e-48
19938,0,12,1385.92,13,1429.38,0,2,0,0.0142819,1,2.06841e-47,3.39148e-48,6.38871e-48,1.10884e-47,1.4621e-47,1,5.49587e-47
19939,0,12,1385.92,13,1428.97,0,2,13,0.0142747,1,7.69187e-46,1.2612e-46,2.37579e-46,4.12347e-46,5.43714e-46,1,2.04376e-45
19940,0,12,1385.92,13,1425.96,0,2,13,0.0142676,1,6.01438e-50,9.86152e-51,1.85766e-50,3.2242e-50,4.25137e-50,1,1.59804e-49
19941,0,12,1385.92,13,1425.96,0,2,0,0.0142605,1,5.68181e-54,9.31622e-55,1.75494e-54,3.0459e-54,4.01627e-54,1,1.50968e-53
19942,0,12,1385.92,13,1425.96,0,2,0,0.0142533,1,2.85828e-52,4.6866e-53,8.82838e-53,1.53226e-52,2.02041e-52,1,7.59453e-52
19943,0,12,1385.92,13,1425.96,0,2,0,0.0142462,1,1.32951e-50,2.17994e-51,4.10645e-51,7.12719e-51,9.39778e-51,1,3.53253e-50
19944,0,12,1385.92,13,1425.96,0,2,9,0.0142391,1,5.72697e-49,9.39027e-50,1.76889e-49,3.07009e-49,4.04817e-49,1,1.52167e-48
19945,0,12,1385.92,13,1425.96,0,2,9,0.014232,1,2.82374e-51,4.62996e-52,8.72168e-52,1.51373e-51,1.99598e-51,1,7.5027e-51
19946,0,12,1385.92,13,1425.96,0,2,0,0.0142249,1,1.54834e-53,2.53874e-54,4.78235e-54,8.30023e-54,1.09445e-53,1,4.11394e-53
19947,0,12,1385.92,13,1425.96,0,2,0,0.0142177,1,7.63442e-52,1.25178e-52,2.35804e-52,4.0926e-52,5.39643e-52,1,2.02846e-51
19948,0,12,1385.92,13,1425.96,0,2,0,0.0142106,1,3.482e-50,5.70928e-51,1.07549e-50,1.8666e-50,2.46127e-50,1,9.25164e-50
19949,0,12,1385.92,13,1425.96,0,2,0,0.0142035,1,1.47129e-48,2.41242e-49,4.54439e-49,7.88718e-49,1.03999e-48,1,3.90921e-48
19950,0,12,1385.92,13,1425.96,0,2,0,0.0141964,1,5.76838e-47,9.45816e-48,1.78168e-47,3.09225e-47,4.07739e-47,1,1.53265e-46
19951,0,12,1385.92,13,1425.96,0,2,0,0.0141893,1,2.10155e-45,3.44583e-46,6.49108e-46,1.12658e-45,1.48548e-45,1,5.58378e-45
19952,0,12,1385.92,13,1425.96,0,2,0,0.0141822,1,7.12521e-44,1.16829e-44,2.20077e-44,3.8196e-44,5.03645e-44,1,1.89315e-43
19953,0,12,1385.92,13,1425.96,0,2,0,0.0141751,1,2.25138e-42,3.6915e-43,6.95386e-43,1.20689e-42,1.59139e-42,1,5.98186e-42
19954,0,12,1385.92,13,1425.96,0,2,9,0.0141681,1,6.63909e-41,1.08858e-41,2.05062e-41,3.55899e-41,4.69282e-41,1,1.76398e-40
19955,0,12,1385.92,13,1425.96,0,2,9,0.014161,1,2.258e-43,3.70235e-44,6.97429e-44,1.21044e-43,1.59606e-43,1,5.99942e-43
19956,0,12,1385.92,13,1425.96,0,2,0,0.0141539,1,8.60413e-46,1.41078e-46,2.65756e-46,4.61237e-46,6.08179e-46,1,2.28608e-45
19957,0,12,1385.92,13,1425.96,0,2,0,0.0141468,1,2.96976e-44,4.86938e-45,9.1727e-45,1.59198e-44,2.09915e-44,1,7.8905e-44
19958,0,12,1385.92,13,1425.96,0,2,0,0.0141397,1,9.54937e-43,1.56577e-43,2.94951e-43,5.11906e-43,6.74989e-43,1,2.53722e-42
19959,0,12,1385.92,13,1425.96,0,2,9,0.0141327,1,2.86473e-41,4.69717e-42,8.84828e-42,1.53567e-41,2.02491e-41,1,7.61141e-41
19960,0,12,1385.92,13,1425.96,0,2,0,0.0141256,1,9.90829e-44,1.62462e-44,3.06038e-44,5.31145e-44,7.00358e-44,1,2.63257e-43
19961,0,12,1385.92,13,1425.96,0,2,0,0.0141185,1,3.11019e-42,5.09964e-43,9.60645e-43,1.66725e-42,2.1984e-42,1,8.26357e-42
19962,0,12,1385.92,13,1425.96,0,2,0,0.0141115,1,9.11253e-41,1.49414e-41,2.81459e-41,4.88486e-41,6.44108e-41,1,2.42114e-40
19963,0,12,1385.92,13,1425.48,0,2,13,0.0141044,1,2.49548e-39,4.09173e-40,7.7078e-40,1.33772e-39,1.7639e-39,1,6.63031e-39
19964,0,12,1385.92,13,1425.48,0,2,9,0.0140974,1,1.44574e-43,2.37052e-44,4.46547e-44,7.75001e-44,1.0219e-43,1,3.84123e-43
19965,0,12,1385.92,13,1425.48,0,2,0,0.0140903,1,5.55836e-46,9.1138e-47,1.71681e-46,2.9796e-46,3.92884e-46,1,1.47681e-45
19966,0,12,1385.92,13,1425.48,0,2,0,0.0140833,1,1.93533e-44,3.17328e-45,5.97767e-45,1.03745e-44,1.36796e-44,1,5.14202e-44
19967,0,12,1385.92,13,1425.48,0,2,0,0.0140762,1,6.27666e-43,1.02916e-43,1.93867e-43,3.36464e-43,4.43655e-43,1,1.66765e-42
19968,0,12,1385.92,13,1425.48,0,2,0,0.0140692,1,1.89881e-41,3.1134e-42,5.86486e-42,1.01787e-41,1.34214e-41,1,5.04497e-41
19969,0,12,1385.92,13,1425.48,0,2,0,0.0140622,1,5.36562e-40,8.79778e-41,1.65728e-40,2.87626e-40,3.79259e-40,1,1.4256e-39
19970,0,12,1385.92,13,1425.48,0,2,9,0.0140551,1,1.41819e-38,2.32535e-39,4.38038e-39,7.60228e-39,1.00242e-38,1,3.768e-38
19971,0,12,1385.92,13,1425.48,0,2,0,0.0140481,1,4.3327e-41,7.10414e-42,1.33824e-41,2.32256e-41,3.06248e-41,1,1.15115e-40
19972,0,12,1385.92,13,1425.48,0,2,0,0.0140411,1,1.20429e-39,1.97462e-40,3.7197e-40,6.45563e-40,8.51227e-40,1,3.19968e-39
19973,0,12,1385.92,13,1425.48,0,2,9,0.0140341,1,3.13202e-38,5.13544e-39,9.67388e-39,1.67892e-38,2.2138e-38,1,8.32145e-38
19974,0,12,1385.92,13,1425.48,0,2,0,0.014027,1,9.41815e-41,1.54425e-41,2.90899e-41,5.04861e-41,6.65701e-41,1,2.5023e-40
19975,0,12,1385.92,13,1425.48,0,2,0,0.01402,1,2.57747e-39,4.22617e-40,7.96105e-40,1.38166e-39,1.82183e-39,1,6.84806e-39
19976,0,12,1385.92,13,1425.48,0,2,9,0.014013,1,6.60205e-38,1.08251e-38,2.03918e-38,3.53902e-38,4.66649e-38,1,1.75409e-37
19977,0,12,1385.92,13,1425.48,0,2,0,0.014006,1,1.95588e-40,3.20697e-41,6.04114e-41,1.04845e-40,1.38247e-40,1,5.19654e-40
19978,0,12,1385.92,13,1425.48,0,2,0,0.013999,1,5.27501e-39,8.64921e-40,1.62929e-39,2.82766e-39,3.72851e-39,1,1.40151e-38
19979,0,12,1385.92,13,1425.48,0,2,9,0.013992,1,1.33195e-37,2.18394e-38,4.11399e-38,7.13988e-38,9.41451e-38,1,3.53882e-37
19980,0,12,1385.92,13,1423.03,0,2,13,0.013985,1,3.89094e-40,6.37981e-41,1.2018e-40,2.08573e-40,2.75021e-40,1,1.03377e-39
19981,0,12,1385.92,13,1423.03,0,2,0,0.013978,1,2.33956e-44,3.83607e-45,7.22619e-45,1.25411e-44,1.65365e-44,1,6.2159e-44
19982,0,12,1385.92,13,1423.03,0,2,0,0.013971,1,7.5589e-43,1.2394e-43,2.33472e-43,4.05192e-43,5.34279e-43,1,2.0083e-42
19983,0,12,1385.92,13,1423.03,0,2,0,0.013964,1,2.27823e-41,3.73551e-42,7.03678e-42,1.22124e-41,1.6103e-41,1,6.05295e-41
19984,0,12,1385.92,13,1413.78,0,2,13,0.0139571,1,6.41436e-40,1.05174e-40,1.98121e-40,3.43839e-40,4.5338e-40,1,1.70421e-39
19985,0,12,1385.92,13,1413.78,0,2,9,0.0139501,1,3.81848e-44,6.26099e-45,1.17941e-44,2.04687e-44,2.69897e-44,1,1.01452e-43
19986,0,12,1385.92,13,1412.67,0,2,13,0.0139431,1,1.50768e-46,2.47208e-47,4.65678e-47,8.08185e-47,1.06566e-46,1,4.0057e-46
19987,0,12,1385.92,13,1412.67,0,2,0,0.0139361,1,1.21793e-50,1.99699e-51,3.76183e-51,6.52866e-51,8.60857e-51,1,3.23587e-50
19988,0,12,1385.92,13,1412.67,0,2,0,0.0139292,1,5.25556e-49,8.61731e-50,1.62329e-49,2.81721e-49,3.71472e-49,1,1.39632e-48
19989,0,12,1385.92,13,1411.68,0,2,13,0.0139222,1,2.10336e-47,3.4488e-48,6.49667e-48,1.12749e-47,1.48669e-47,1,5.58832e-47
19990,0,12,1385.92,13,1410.64,0,2,13,0.0139152,1,1.7674e-51,2.89794e-52,5.45899e-52,9.47404e-52,1.24923e-51,1,4.69573e-51
19991,0,12,1385.92,13,1410.64,0,2,0,0.0139083,1,1.79171e-55,2.9378e-56,5.53407e-56,9.60434e-56,1.26641e-55,1,4.76031e-55
19992,0,12,1385.92,13,1410.64,0,2,9,0.0139013,1,9.65854e-54,1.58367e-54,2.98324e-54,5.17738e-54,6.8268e-54,1,2.56612e-53
19993,0,12,1385.92,13,1410.64,0,2,9,0.0138944,1,5.93295e-56,9.728e-57,1.83251e-56,3.18031e-56,4.19349e-56,1,1.57629e-55
19994,0,12,1385.92,13,1410.64,0,2,9,0.0138874,1,4.03518e-58,6.61631e-59,1.24635e-58,2.16302e-58,2.85212e-58,1,1.07208e-57
19995,0,12,1385.92,13,1410.64,0,2,0,0.0138805,1,3.03252e-60,4.97229e-61,9.36655e-61,1.62555e-60,2.14342e-60,1,8.05691e-60
19996,0,12,1385.92,13,1408.35,0,2,13,0.0138736,1,2.03646e-58,3.33909e-59,6.29001e-59,1.09162e-58,1.43939e-58,1,5.41053e-58
19997,0,12,1385.92,13,1408.35,0,2,0,0.0138666,1,2.84169e-62,4.6594e-63,8.77715e-63,1.52326e-62,2.00854e-62,1,7.54991e-62
19998,0,12,1385.92,13,1408.35,0,2,0,0.0138597,1,2.09514e-60,3.43532e-61,6.47128e-61,1.12308e-60,1.48087e-60,1,5.56644e-60
19999,0,12,1385.92,13,1408.35,0,2,0,0.0138528,1,1.41742e-58,2.32408e-59,4.37798e-59,7.5979e-59,1.00185e-58,1,3.76583e-58
20000,0,12,1385.92,13,1408.35,0,2,0,0.0138458,1,8.81405e-57,1.4452e-57,2.7224e-57,4.72467e-57,6.22986e-57,1,2.34174e-56
20001,0,12,1385.92,13,1408.35,0,2,0,0.0138389,1,5.04638e-55,8.27433e-56,1.55868e-55,2.70505e-55,3.56683e-55,1,1.34074e-54
20002,0,12,1385.92,13,1406.1,0,2,13,0.013832,1,2.66458e-53,4.36899e-54,8.23009e-54,1.42831e-53,1.88335e-53,1,7.07931e-53
20003,0,12,1385.92,13,1406.1,0,2,0,0.0138251,1,2.93762e-57,4.81668e-58,9.07343e-58,1.57467e-57,2.07634e-57,1,7.80473e-57
20004,0,12,1385.92,13,1406.1,0,2,0,0.0138182,1,1.71927e-55,2.81901e-56,5.31031e-56,9.21591e-56,1.21519e-55,1,4.56779e-55
20005,0,12,1385.92,13,1406.1,0,2,0,0.0138112,1,9.27565e-54,1.52089e-54,2.86497e-54,4.97209e-54,6.55611e-54,1,2.46437e-53
20006,0,12,1385.92,13,1406.1,0,2,9,0.0138043,1,4.62068e-52,7.57632e-53,1.42719e-52,2.47685e-52,3.26593e-52,1,1.22763e-51
20007,0,12,1385.92,13,1406.1,0,2,0,0.0137974,1,2.62705e-54,4.30747e-55,8.11419e-55,1.4082e-54,1.85682e-54,1,6.9796e-54
20008,0,12,1385.92,13,1405.27,0,2,13,0.0137905,1,1.34211e-52,2.2006e-53,4.14537e-53,7.19418e-53,9.48612e-53,1,3.56573e-52
20009,0,12,1385.92,13,1405.27,0,2,9,0.0137836,1,1.43256e-56,2.3489e-57,4.42474e-57,7.67901e-57,1.01254e-56,1,3.80603e-56
20010,0,12,1385.92,13,1405.27,0,2,0,0.0137768,1,1.00241e-58,1.64361e-59,3.09616e-59,5.37329e-59,7.08512e-59,1,2.66322e-58
20011,0,12,1385.92,13,1405.27,0,2,0,0.0137699,1,6.27674e-57,1.02917e-57,1.9387e-57,3.36455e-57,4.43643e-57,1,1.66761e-56
20012,0,12,1385.92,13,1405.27,0,2,0,0.013763,1,3.61816e-55,5.93253e-56,1.11754e-55,1.93946e-55,2.55733e-55,1,9.61275e-55
20013,0,12,1385.92,13,1405.27,0,2,0,0.0137561,1,1.9232e-53,3.15339e-54,5.94021e-54,1.0309e-53,1.35933e-53,1,5.10958e-53
20014,0,12,1385.92,13,1405.27,0,2,9,0.0137492,1,9.44176e-52,1.54812e-52,2.91628e-52,5.0611e-52,6.67348e-52,1,2.50849e-51
20015,0,12,1385.92,13,1405.27,0,2,9,0.0137423,1,5.29187e-54,8.67685e-55,1.6345e-54,2.83662e-54,3.74032e-54,1,1.40595e-53
20016,0,12,1385.92,13,1405.27,0,2,0,0.0137355,1,3.28999e-56,5.39446e-57,1.01618e-56,1.76355e-56,2.32538e-56,1,8.74086e-56
20017,0,12,1385.92,13,1405.27,0,2,9,0.0137286,1,1.83467e-54,3.00823e-55,5.66676e-55,9.83446e-55,1.29675e-54,1,4.87437e-54
20018,0,12,1385.92,13,1405.27,0,2,0,0.0137217,1,1.16505e-56,1.91028e-57,3.5985e-57,6.24506e-57,8.23463e-57,1,3.09531e-56
20019,0,12,1385.92,13,1405.27,0,2,0,0.0137149,1,6.63325e-55,1.08762e-55,2.04881e-55,3.55564e-55,4.6884e-55,1,1.76232e-54
20020,0,12,1385.92,13,1405.27,0,2,9,0.013708,1,3.48337e-53,5.71153e-54,1.07591e-53,1.8672e-53,2.46206e-53,1,9.25462e-53
20021,0,12,1385.92,13,1405.27,0,2,9,0.0137012,1,2.08553e-55,3.41956e-56,6.4416e-56,1.11791e-55,1.47406e-55,1,5.54084e-55
20022,0,12,1385.92,13,1405.27,0,2,9,0.0136943,1,1.38322e-57,2.268e-58,4.27235e-58,7.41449e-58,9.77661e-58,1,3.67493e-57
20023,0,12,1385.92,13,1405.27,0,2,0,0.0136875,1,1.01422e-59,1.66297e-60,3.13261e-60,5.43652e-60,7.1685e-60,1,2.69456e-59
20024,0,12,1385.92,13,1405.27,0,2,0,0.0136806,1,6.64838e-58,1.09011e-58,2.05349e-58,3.56374e-58,4.69908e-58,1,1.76634e-57
20025,0,12,1385.92,13,1405.27,0,2,9,0.0136738,1,4.00838e-56,6.57237e-57,1.23807e-56,2.14862e-56,2.83313e-56,1,1.06494e-55
20026,0,12,1385.92,13,1405.27,0,2,9,0.013667,1,2.74769e-58,4.50527e-59,8.48679e-59,1.47285e-58,1.94207e-58,1,7.30004e-58
20027,0,12,1385.92,13,1405.27,0,2,9,0.0136601,1,2.08087e-60,3.41192e-61,6.4272e-61,1.11541e-60,1.47076e-60,1,5.52845e-60
20028,0,12,1385.92,13,1405.27,0,2,9,0.0136533,1,1.73755e-62,2.84899e-63,5.36679e-63,9.31383e-63,1.2281e-62,1,4.61632e-62
20029,0,12,1385.92,13,1405.27,0,2,0,0.0136465,1,1.5966e-64,2.61788e-65,4.93144e-65,8.55829e-65,1.12848e-64,1,4.24184e-64
20030,0,12,1385.92,13,1405.27,0,2,9,0.0136396,1,1.30569e-62,2.14089e-63,4.0329e-63,6.99891e-63,9.22864e-63,1,3.46895e-62
20031,0,12,1385.92,13,1405.27,0,2,0,0.0136328,1,1.20665e-64,1.9785e-65,3.72699e-65,6.46802e-65,8.52861e-65,1,3.20582e-64
20032,0,12,1385.92,13,1405.27,0,2,0,0.013626,1,9.92335e-63,1.62709e-63,3.06503e-63,5.31921e-63,7.01382e-63,1,2.63642e-62
20033,0,12,1385.92,13,1405.27,0,2,0,0.0136192,1,7.47194e-61,1.22514e-61,2.30786e-61,4.00518e-61,5.28116e-61,1,1.98513e-60
20034,0,12,1385.92,13,1405.27,0,2,9,0.0136124,1,5.16027e-59,8.46107e-60,1.59385e-59,2.76606e-59,3.64727e-59,1,1.37097e-58
20035,0,12,1385.92,13,1405.27,0,2,0,0.0136056,1,4.04089e-61,6.62567e-62,1.24811e-61,2.16603e-61,2.85609e-61,1,1.07358e-60
20036,0,12,1385.92,13,1405.27,0,2,0,0.0135988,1,2.82524e-59,4.63242e-60,8.72632e-60,1.51441e-59,1.99687e-59,1,7.50604e-59
20037,0,12,1385.92,13,1405.27,0,2,0,0.013592,1,1.81444e-57,2.97505e-58,5.60426e-58,9.72591e-58,1.28244e-57,1,4.82056e-57
20038,0,12,1385.92,13,1405.27,0,2,0,0.0135852,1,1.0722e-55,1.75804e-56,3.3117e-56,5.74729e-56,7.57827e-56,1,2.8486e-55
20039,0,12,1385.92,13,1405.27,0,2,0,0.0135784,1,5.83952e-54,9.57481e-55,1.80366e-54,3.13015e-54,4.12736e-54,1,1.55143e-53
20040,0,12,1385.92,13,1405.27,0,2,0,0.0135716,1,2.93601e-52,4.81405e-53,9.06847e-53,1.57379e-52,2.07517e-52,1,7.80034e-52
20041,0,12,1385.92,13,1405.27,0,2,0,0.0135648,1,1.36493e-50,2.23802e-51,4.21587e-51,7.31642e-51,9.64729e-51,1,3.62632e-50
20042,0,12,1385.92,13,1405.27,0,2,0,0.013558,1,5.87647e-49,9.63539e-50,1.81507e-49,3.14995e-49,4.15347e-49,1,1.56125e-48
20043,0,12,1385.92,13,1405.27,0,2,9,0.0135512,1,2.34662e-47,3.84764e-48,7.248e-48,1.25785e-47,1.65858e-47,1,6.23443e-47
20044,0,12,1385.92,13,1405.27,0,2,0,0.0135445,1,1.07421e-49,1.76134e-50,3.31793e-50,5.75809e-50,7.59251e-50,1,2.85395e-49
20045,0,12,1385.92,13,1405.27,0,2,9,0.0135377,1,4.43789e-48,7.27662e-49,1.37073e-48,2.37883e-48,3.13669e-48,1,1.17905e-47
20046,0,12,1385.92,13,1405.27,0,2,0,0.0135309,1,2.10035e-50,3.44385e-51,6.48735e-51,1.12584e-50,1.48452e-50,1,5.58015e-50
20047,0,12,1385.92,13,1405.27,0,2,0,0.0135242,1,8.96506e-49,1.46996e-49,2.76904e-49,4.80552e-49,6.33647e-49,1,2.38181e-48
20048,0,12,1385.92,13,1405.27,0,2,9,0.0135174,1,3.54985e-47,5.82053e-48,1.09644e-47,1.90282e-47,2.50902e-47,1,9.43115e-47
20049,0,12,1385.92,13,1405.27,0,2,0,0.0135106,1,1.61162e-49,2.64251e-50,4.97782e-50,8.63873e-50,1.13909e-49,1,4.28171e-49
20050,0,12,1385.92,13,1405.27,0,2,9,0.0135039,1,6.60429e-48,1.08288e-48,2.03987e-48,3.54008e-48,4.66788e-48,1,1.75461e-47
20051,0,12,1385.92,13,1405.27,0,2,0,0.0134971,1,3.1009e-50,5.0844e-51,9.57774e-51,1.66216e-50,2.1917e-50,1,8.23837e-50
20052,0,12,1385.92,13,1405.27,0,2,0,0.0134904,1,1.3133e-48,2.15337e-49,4.05641e-49,7.03966e-49,9.28237e-49,1,3.48915e-48
20053,0,12,1385.92,13,1405.27,0,2,9,0.0134836,1,5.16067e-47,8.46172e-48,1.59398e-47,2.76626e-47,3.64753e-47,1,1.37107e-46
20054,0,12,1385.92,13,1405.27,0,2,0,0.0134769,1,2.32546e-49,3.81296e-50,7.18266e-50,1.24651e-49,1.64363e-49,1,6.17822e-49
20055,0,12,1385.92,13,1405.27,0,2,9,0.0134702,1,9.45992e-48,1.5511e-48,2.92189e-48,5.07076e-48,6.68622e-48,1,2.51328e-47
20056,0,12,1385.92,13,1405.27,0,2,0,0.0134634,1,4.40988e-50,7.23069e-51,1.36208e-50,2.36381e-50,3.11688e-50,1,1.1716e-49
20057,0,12,1385.92,13,1405.27,0,2,9,0.0134567,1,1.85458e-48,3.04088e-49,5.72826e-49,9.94105e-49,1.31081e-48,1,4.9272e-48
20058,0,12,1385.92,13,1405.27,0,2,9,0.01345,1,8.9318e-51,1.46451e-51,2.75877e-51,4.78768e-51,6.31295e-51,1,2.37297e-50
20059,1,12,1385.92,13,1405.27,0,2,0,0.0134432,1,4.78606e-53,7.84749e-54,1.47827e-53,2.56545e-53,3.38276e-53,1,1.27154e-52
20060,1,12,1385.92,13,1405.27,0,2,0,0.0134365,1,5.20564e-12,9.17424e-12,1.31443e-11,1.12362e-11,4.69056e-12,1,3.09103e-12
20061,1,12,1385.92,13,1405.27,0,2,0,0.0134298,1,1.86175e-11,3.28108e-11,4.70094e-11,4.01782e-11,1.67724e-11,1,1.10528e-11
20062,1,12,1385.92,13,1405.27,0,2,9,0.0134231,1,6.49079e-11,1.14391e-10,1.63894e-10,1.40053e-10,5.84651e-11,1,3.85279e-11
20063,1,12,1385.92,13,1405.27,0,2,0,0.0134164,1,2.72381e-14,4.80034e-14,6.87766e-14,5.87623e-14,2.45303e-14,1,1.61652e-14
20064,1,12,1385.92,13,1405.27,0,2,0,0.0134097,1,1.08205e-13,1.90697e-13,2.7322e-13,2.33399e-13,9.74322e-14,1,6.42069e-14
20065,1,12,1385.92,13,1405.27,0,2,0,0.013403,1,4.18157e-13,7.36944e-13,1.05585e-12,9.01818e-13,3.76463e-13,1,2.48086e-13
20066,1,12,1385.92,13,1405.27,0,2,0,0.0133963,1,1.57285e-12,2.77194e-12,3.97148e-12,3.39155e-12,1.4158e-12,1,9.33001e-13
20067,1,12,1385.92,13,1405.27,0,2,0,0.0133896,1,5.76142e-12,1.01537e-11,1.45477e-11,1.24215e-11,5.18533e-12,1,3.41709e-12
20068,1,12,1385.92,13,1405.27,0,2,9,0.0133829,1,2.05634e-11,3.62401e-11,5.19229e-11,4.43273e-11,1.85044e-11,1,1.21942e-11
20069,1,12,1385.92,13,1405.27,0,2,0,0.0133762,1,8.82993e-15,1.55616e-14,2.22957e-14,1.90314e-14,7.94463e-15,1,5.23544e-15
20070,1,12,1385.92,13,1405.27,0,2,0,0.0133695,1,3.58768e-14,6.3228e-14,9.05895e-14,7.73148e-14,3.2275e-14,1,2.12689e-14
20071,1,12,1385.92,13,1405.27,0,2,9,0.0133628,1,1.4174e-13,2.49798e-13,3.57896e-13,3.05408e-13,1.27492e-13,1,8.40162e-14
20072,1,12,1385.92,13,1405.27,0,2,0,0.0133561,1,6.72339e-17,1.18491e-16,1.69767e-16,1.44848e-16,6.04669e-17,1,3.98471e-17
20073,1,12,1385.92,13,1405.27,0,2,9,0.0133494,1,3.0117e-16,5.30771e-16,7.6046e-16,6.48751e-16,2.70821e-16,1,1.78468e-16
20074,1,12,1385.92,13,1405.27,0,2,0,0.0133428,1,1.6157e-19,2.84745e-19,4.07967e-19,3.47991e-19,1.45269e-19,1,9.57307e-20
20075,1,12,1385.92,13,1405.27,0,2,0,0.0133361,1,8.16524e-19,1.43901e-18,2.06174e-18,1.7584e-18,7.34045e-19,1,4.83729e-19
20076,1,12,1385.92,13,1405.27,0,2,0,0.0133294,1,3.99489e-18,7.04045e-18,1.00872e-17,8.60198e-18,3.59089e-18,1,2.36637e-18
20077,1,12,1385.92,13,1405.27,0,2,9,0.0133228,1,1.89343e-17,3.33692e-17,4.78095e-17,4.07651e-17,1.70174e-17,1,1.12143e-17
20078,1,12,1385.92,13,1405.27,0,2,0,0.0133161,1,1.07357e-20,1.89202e-20,2.71078e-20,2.31108e-20,9.64759e-21,1,6.35767e-21
20079,1,12,1385.92,13,1405.27,0,2,0,0.0133094,1,5.72782e-20,1.00945e-19,1.44628e-19,1.23288e-19,5.14665e-20,1,3.39159e-20
20080,1,12,1385.92,13,1405.27,0,2,0,0.0133028,1,2.95532e-19,5.20836e-19,7.46224e-19,6.3604e-19,2.65515e-19,1,1.74972e-19
20081,1,12,1385.92,13,1405.27,0,2,0,0.0132961,1,1.4756e-18,2.60054e-18,3.72591e-18,3.17539e-18,1.32556e-18,1,8.73535e-19
20082,1,12,1385.92,13,1405.27,0,2,9,0.0132895,1,7.13451e-18,1.25736e-17,1.80148e-17,1.53512e-17,6.40836e-18,1,4.22305e-18
20083,1,12,1385.92,13,1405.27,0,2,0,0.0132828,1,4.12498e-21,7.26972e-21,1.04157e-20,8.87467e-21,3.70472e-21,1,2.44138e-21
20084,1,12,1385.92,13,1405.27,0,2,9,0.0132762,1,2.24331e-20,3.95353e-20,5.66439e-20,4.82582e-20,2.01454e-20,1,1.32756e-20
20085,1,12,1385.92,13,1405.27,0,2,0,0.0132696,1,1.45545e-23,2.56503e-23,3.67503e-23,3.13063e-23,1.30688e-23,1,8.61221e-24
20086,1,12,1385.92,13,1405.27,0,2,0,0.0132629,1,8.8616e-23,1.56174e-22,2.23757e-22,1.9059e-22,7.95619e-23,1,5.24305e-23
20087,1,12,1385.92,13,1405.27,0,2,0,0.0132563,1,5.204e-22,9.17134e-22,1.31402e-21,1.11913e-21,4.67181e-22,1,3.07868e-22
20088,1,12,1385.92,13,1405.27,0,2,0,0.0132497,1,2.94975e-21,5.19854e-21,7.44818e-21,6.34287e-21,2.64783e-21,1,1.74489e-21
20089,1,12,1385.92,13,1405.27,0,2,9,0.013243,1,1.61497e-20,2.84617e-20,4.07784e-20,3.47234e-20,1.44953e-20,1,9.55224e-21
20090,1,12,1385.92,13,1405.27,0,2,0,0.0132364,1,1.0547e-23,1.85876e-23,2.66313e-23,2.26747e-23,9.46554e-24,1,6.2377e-24
20091,1,12,1385.92,13,1405.27,0,2,0,0.0132298,1,6.46309e-23,1.13903e-22,1.63194e-22,1.38935e-22,5.79985e-23,1,3.82205e-23
20092,1,12,1385.92,13,1405.27,0,2,0,0.0132232,1,3.8195e-22,6.73136e-22,9.64431e-22,8.20992e-22,3.42723e-22,1,2.25851e-22
20093,1,12,1385.92,13,1405.27,0,2,9,0.0132166,1,2.17842e-21,3.83917e-21,5.50056e-21,4.68203e-21,1.95451e-21,1,1.288e-21
20094,1,12,1385.92,13,1405.27,0,2,0,0.01321,1,1.48083e-24,2.60976e-24,3.73911e-24,3.18242e-24,1.3285e-24,1,8.75469e-25
20095,1,12,1385.92,13,1405.27,0,2,0,0.0132034,1,9.43778e-24,1.66328e-23,2.38306e-23,2.02808e-23,8.46619e-24,1,5.57914e-24
20096,1,12,1385.92,13,1405.27,0,2,0,0.0131968,1,5.79626e-23,1.02151e-22,1.46357e-22,1.24545e-22,5.19911e-23,1,3.42616e-23
20097,0,12,1385.92,13,1404.53,0,2,13,0.0131902,1,3.43289e-22,6.05001e-22,8.66811e-22,7.37565e-22,3.07896e-22,1,2.02901e-22
20098,0,12,1385.92,13,1404.53,0,2,9,0.0131836,1,7.61616e-47,1.24879e-47,2.35241e-47,4.08532e-47,5.38683e-47,1,2.02485e-46
20099,0,12,1385.92,13,1404.53,0,2,0,0.013177,1,3.40533e-49,5.58357e-50,1.0518e-49,1.8266e-49,2.40852e-49,1,9.05338e-49
20100,0,12,1385.92,13,1404.53,0,2,0,0.0131704,1,1.37475e-47,2.25412e-48,4.24619e-48,7.37398e-48,9.72319e-48,1,3.65485e-47
20101,0,12,1385.92,13,1404.26,0,2,13,0.0131638,1,5.15427e-46,8.45123e-47,1.592e-46,2.76464e-46,3.64541e-46,1,1.37027e-45
20102,0,12,1385.92,13,1404.26,0,2,0,0.0131572,1,4.0626e-50,6.66126e-51,1.25481e-50,2.17906e-50,2.87327e-50,1,1.08003e-49
20103,0,12,1385.92,13,1401.97,0,2,13,0.0131506,1,1.71134e-48,2.806e-49,5.28581e-49,9.17901e-49,1.21033e-48,1,4.5495e-48
20104,0,12,1385.92,13,1401.97,0,2,9,0.0131441,1,1.51199e-52,2.47914e-53,4.67008e-53,8.10967e-53,1.06933e-52,1,4.01949e-52
20105,0,12,1385.92,13,1401.97,0,2,9,0.0131375,1,8.79053e-55,1.44134e-55,2.71513e-55,4.71481e-55,6.21687e-55,1,2.33686e-54
20106,0,12,1385.92,13,1401.97,0,2,0,0.0131309,1,5.6649e-57,9.28849e-58,1.74972e-57,3.03834e-57,4.0063e-57,1,1.50593e-56
20107,0,12,1385.92,13,1401.97,0,2,0,0.0131244,1,3.27217e-55,5.36524e-56,1.01068e-55,1.75499e-55,2.3141e-55,1,8.69847e-55
20108,0,12,1385.92,13,1401.97,0,2,9,0.0131178,1,1.7428e-53,2.85759e-54,5.38299e-54,9.3472e-54,1.2325e-53,1,4.63286e-53
20109,0,12,1385.92,13,1401.97,0,2,0,0.0131112,1,1.05799e-55,1.73474e-56,3.26781e-56,5.67426e-56,7.48197e-56,1,2.8124e-55
20110,0,12,1385.92,13,1401.97,0,2,0,0.0131047,1,5.76366e-54,9.45043e-55,1.78022e-54,3.09117e-54,4.07596e-54,1,1.53211e-53
20111,0,12,1385.92,13,1401.97,0,2,9,0.0130981,1,2.89863e-52,4.75276e-53,8.953e-53,1.55457e-52,2.04983e-52,1,7.70511e-52
20112,0,12,1385.92,13,1401.97,0,2,0,0.0130916,1,1.66344e-54,2.72747e-55,5.13786e-55,8.92114e-55,1.17633e-54,1,4.42169e-54
20113,0,12,1385.92,13,1401.97,0,2,0,0.013085,1,8.57619e-53,1.4062e-53,2.64893e-53,4.59943e-53,6.06472e-53,1,2.27967e-52
20114,0,12,1385.92,13,1401.97,0,2,9,0.0130785,1,4.08636e-51,6.70022e-52,1.26215e-51,2.1915e-51,2.88967e-51,1,1.0862e-50
20115,0,12,1385.92,13,1401.97,0,2,0,0.013072,1,2.22417e-53,3.64687e-54,6.86979e-54,1.1928e-53,1.5728e-53,1,5.91201e-53
20116,0,12,1385.92,13,1401.97,0,2,0,0.0130654,1,1.08876e-51,1.78519e-52,3.36285e-52,5.83886e-52,7.69901e-52,1,2.89398e-51
20117,0,12,1385.92,13,1401.97,0,2,9,0.0130589,1,4.93061e-50,8.08451e-51,1.52292e-50,2.64419e-50,3.48658e-50,1,1.31057e-49
20118,0,12,1385.92,13,1401.97,0,2,9,0.0130524,1,2.55329e-52,4.18652e-53,7.88636e-53,1.36927e-52,1.80549e-52,1,6.78665e-52
20119,0,12,1385.92,13,1400.99,0,2,13,0.0130458,1,1.46898e-54,2.40862e-55,4.53725e-55,7.8777e-55,1.03874e-54,1,3.90452e-54
20120,0,12,1385.92,13,1400.99,0,2,9,0.0130393,1,1.71615e-58,2.8139e-59,5.30068e-59,9.20312e-59,1.21351e-58,1,4.56145e-58
20121,0,12,1385.92,13,1400.99,0,2,9,0.0130328,1,1.31196e-60,2.15117e-61,4.05227e-61,7.03554e-61,9.27694e-61,1,3.48711e-60
20122,0,12,1385.92,13,1400.99,0,2,0,0.0130263,1,1.10566e-62,1.8129e-63,3.41505e-63,5.92915e-63,7.81808e-63,1,2.93873e-62
20123,0,12,1385.92,13,1400.99,0,2,0,0.0130198,1,8.30724e-61,1.3621e-61,2.56586e-61,4.45476e-61,5.87397e-61,1,2.20796e-60
20124,0,12,1385.92,13,1400.99,0,2,0,0.0130133,1,5.725e-59,9.38704e-60,1.76828e-59,3.07001e-59,4.04806e-59,1,1.52162e-58
20125,0,12,1385.92,13,1400.99,0,2,0,0.0130067,1,3.62517e-57,5.94403e-58,1.11971e-57,1.94396e-57,2.56328e-57,1,9.63509e-57
20126,0,12,1385.92,13,1400.99,0,2,0,0.0130002,1,2.11276e-55,3.46419e-56,6.52568e-56,1.13294e-55,1.49387e-55,1,5.61531e-55
20127,0,12,1385.92,13,1400.99,0,2,9,0.0129937,1,1.13517e-53,1.86129e-54,3.5062e-54,6.08714e-54,8.0264e-54,1,3.01704e-53
20128,0,12,1385.92,13,1400.99,0,2,0,0.0129872,1,6.95051e-56,1.13965e-56,2.14681e-56,3.72706e-56,4.91444e-56,1,1.84729e-55
20129,0,12,1385.92,13,1400.99,0,2,0,0.0129808,1,3.81843e-54,6.26091e-55,1.1794e-54,2.04753e-54,2.69984e-54,1,1.01484e-53
20130,0,12,1385.92,13,1400.99,0,2,9,0.0129743,1,1.93622e-52,3.17474e-53,5.98041e-53,1.03824e-52,1.369e-52,1,5.14595e-52
20131,0,12,1385.92,13,1400.99,0,2,0,0.0129678,1,1.12014e-54,1.83665e-55,3.45979e-55,6.00638e-55,7.91991e-55,1,2.97701e-54
20132,0,12,1385.92,13,1400.99,0,2,9,0.0129613,1,5.82097e-53,9.5444e-54,1.79793e-53,3.12128e-53,4.11566e-53,1,1.54703e-52
20133,0,12,1385.92,13,1400.99,0,2,9,0.0129548,1,3.44948e-55,5.65596e-56,1.06544e-55,1.84964e-55,2.4389e-55,1,9.16758e-55
20134,0,12,1385.92,13,1400.99,0,2,0,0.0129483,1,2.26494e-57,3.71372e-58,6.99571e-58,1.21447e-57,1.60138e-57,1,6.01941e-57
20135,0,12,1385.92,13,1400.99,0,2,0,0.0129419,1,1.33249e-55,2.18482e-56,4.11565e-56,7.1448e-56,9.42101e-56,1,3.54126e-55
20136,0,12,1385.92,13,1400.99,0,2,9,0.0129354,1,7.22566e-54,1.18476e-54,2.23179e-54,3.87438e-54,5.10869e-54,1,1.9203e-53
20137,0,12,1385.92,13,1400.99,0,2,9,0.0129289,1,4.46434e-56,7.31999e-57,1.3789e-56,2.39375e-56,3.15636e-56,1,1.18644e-55
20138,0,12,1385.92,13,1400.99,0,2,9,0.0129225,1,3.05365e-58,5.00694e-59,9.43183e-59,1.63734e-58,2.15897e-58,1,8.11534e-58
20139,0,12,1385.92,13,1400.99,0,2,0,0.012916,1,2.30771e-60,3.78385e-61,7.12783e-61,1.23736e-60,1.63157e-60,1,6.13289e-60
20140,0,12,1385.92,13,1400.99,0,2,0,0.0129095,1,1.55821e-58,2.55493e-59,4.81284e-59,8.35486e-59,1.10166e-58,1,4.14101e-58
20141,0,12,1385.92,13,1400.99,0,2,0,0.0129031,1,9.67121e-57,1.58575e-57,2.98715e-57,5.18551e-57,6.83752e-57,1,2.57016e-56
20142,0,12,1385.92,13,1400.99,0,2,0,0.0128966,1,5.52687e-55,9.06217e-56,1.70709e-55,2.96338e-55,3.90746e-55,1,1.46877e-54
20143,0,12,1385.92,13,1400.99,0,2,0,0.0128902,1,2.91298e-53,4.77629e-54,8.99733e-54,1.56186e-53,2.05945e-53,1,7.74125e-53
20144,0,12,1385.92,13,1400.99,0,2,9,0.0128837,1,1.41827e-51,2.32547e-52,4.38061e-52,7.60435e-52,1.0027e-51,1,3.76903e-51
20145,0,12,1385.92,13,1400.99,0,2,0,0.0128773,1,7.88463e-54,1.29281e-54,2.43533e-54,4.22748e-54,5.57428e-54,1,2.09532e-53
20146,0,12,1385.92,13,1400.99,0,2,9,0.0128709,1,3.94052e-52,6.4611e-53,1.21711e-52,2.11277e-52,2.78586e-52,1,1.04718e-51
20147,0,12,1385.92,13,1400.99,0,2,9,0.0128644,1,2.2475e-54,3.68513e-55,6.94186e-55,1.20503e-54,1.58892e-54,1,5.9726e-54
20148,0,12,1385.92,13,1400.99,0,2,0,0.012858,1,1.42142e-56,2.33065e-57,4.39036e-57,7.6211e-57,1.0049e-56,1,3.77733e-56
20149,0,12,1385.92,13,1400.99,0,2,0,0.0128516,1,8.06078e-55,1.32169e-55,2.48974e-55,4.32184e-55,5.6987e-55,1,2.14208e-54
20150,0,12,1385.92,13,1400.99,0,2,9,0.0128451,1,4.21655e-53,6.9137e-54,1.30237e-53,2.26072e-53,2.98095e-53,1,1.12051e-52
20151,0,12,1385.92,13,1400.99,0,2,0,0.0128387,1,2.51487e-55,4.12353e-56,7.76769e-56,1.34835e-55,1.77791e-55,1,6.68299e-55
20152,0,12,1385.92,13,1400.99,0,2,9,0.0128323,1,1.34652e-53,2.20783e-54,4.15901e-54,7.21936e-54,9.51932e-54,1,3.57821e-53
20153,0,12,1385.92,13,1400.99,0,2,0,0.0128259,1,8.2165e-56,1.34722e-56,2.53783e-56,4.40524e-56,5.80867e-56,1,2.18342e-55
20154,0,12,1385.92,13,1400.99,0,2,0,0.0128195,1,4.49885e-54,7.37656e-55,1.38956e-54,2.41203e-54,3.18045e-54,1,1.1955e-53
20155,0,12,1385.92,13,1400.99,0,2,9,0.0128131,1,2.27377e-52,3.72821e-53,7.02301e-53,1.21906e-52,1.60743e-52,1,6.04218e-52
20156,0,12,1385.92,13,1400.99,0,2,9,0.0128066,1,1.3112e-54,2.14992e-55,4.04991e-55,7.02986e-55,9.26945e-55,1,3.48429e-54
20157,0,12,1385.92,13,1394.84,0,2,13,0.0128002,1,8.38251e-57,1.37444e-57,2.58911e-57,4.49417e-57,5.92593e-57,1,2.22749e-56
20158,0,12,1385.92,13,1394.84,0,2,0,0.0127938,1,1.08589e-60,1.78049e-61,3.35399e-61,5.82183e-61,7.67656e-61,1,2.88554e-60
20159,0,12,1385.92,13,1394.84,0,2,0,0.0127874,1,7.44352e-59,1.22048e-59,2.29908e-59,3.99071e-59,5.26207e-59,1,1.97796e-58
20160,0,12,1385.92,13,1393.11,0,2,13,0.0127811,1,4.68868e-57,7.68783e-58,1.44819e-57,2.51374e-57,3.31457e-57,1,1.24591e-56
20161,0,12,1385.92,13,1393.11,0,2,9,0.0127747,1,6.14482e-61,1.00754e-61,1.89795e-61,3.29441e-61,4.34395e-61,1,1.63284e-60
20162,0,12,1385.92,13,1393.11,0,2,0,0.0127683,1,5.25771e-63,8.62084e-64,1.62395e-63,2.81879e-63,3.71681e-63,1,1.39711e-62
20163,0,12,1385.92,13,1393.05,0,2,13,0.0127619,1,4.00949e-61,6.57418e-62,1.23841e-61,2.14958e-61,2.83439e-61,1,1.06542e-60
20164,0,12,1385.92,13,1393.05,0,2,9,0.0127555,1,6.33734e-65,1.03911e-65,1.95741e-65,3.39758e-65,4.47999e-65,1,1.68398e-64
20165,0,12,1385.92,13,1393.05,0,2,0,0.0127491,1,6.51518e-67,1.06827e-67,2.01234e-67,3.49291e-67,4.60569e-67,1,1.73123e-66
20166,0,12,1385.92,13,1393.05,0,2,0,0.0127428,1,5.94779e-65,9.75233e-66,1.8371e-65,3.18871e-65,4.20458e-65,1,1.58046e-64
20167,0,12,1385.92,13,1393.05,0,2,0,0.0127364,1,4.96108e-63,8.13447e-64,1.53233e-63,2.65971e-63,3.50705e-63,1,1.31826e-62
20168,0,12,1385.92,13,1393.05,0,2,0,0.01273,1,3.78768e-61,6.21049e-62,1.1699e-61,2.03062e-61,2.67754e-61,1,1.00646e-60
20169,0,12,1385.92,13,1393.05,0,2,0,0.0127237,1,2.65163e-59,4.34777e-60,8.19011e-60,1.42157e-59,1.87446e-59,1,7.04589e-59
20170,0,12,1385.92,13,1393.05,0,2,0,0.0127173,1,1.7051e-57,2.79579e-58,5.26656e-58,9.14123e-58,1.20535e-57,1,4.53077e-57
20171,0,12,1385.92,13,1393.05,0,2,0,0.0127109,1,1.00884e-55,1.65416e-56,3.11602e-56,5.40849e-56,7.13154e-56,1,2.68067e-55
20172,0,12,1385.92,13,1393.05,0,2,0,0.0127046,1,5.50117e-54,9.02004e-55,1.69915e-54,2.94921e-54,3.88878e-54,1,1.46175e-53
20173,0,12,1385.92,13,1393.05,0,2,0,0.0126982,1,2.7692e-52,4.54054e-53,8.55323e-53,1.48458e-52,1.95754e-52,1,7.35819e-52
20174,0,12,1385.92,13,1393.05,0,2,0,0.0126919,1,1.28889e-50,2.11333e-51,3.98099e-51,6.90976e-51,9.11108e-51,1,3.42476e-50
20175,0,12,1385.92,13,1393.05,0,2,0,0.0126855,1,5.55544e-49,9.10902e-50,1.71591e-49,2.97828e-49,3.9271e-49,1,1.47616e-48
20176,0,12,1385.92,13,1393.05,0,2,0,0.0126792,1,2.22092e-47,3.64154e-48,6.85975e-48,1.19063e-47,1.56995e-47,1,5.90127e-47
20177,0,12,1385.92,13,1393.05,0,2,9,0.0126728,1,8.24726e-46,1.35227e-46,2.54733e-46,4.42134e-46,5.82989e-46,1,2.1914e-45
20178,0,12,1385.92,13,1393.05,0,2,9,0.0126665,1,3.51594e-48,5.76493e-49,1.08597e-48,1.88488e-48,2.48537e-48,1,9.34225e-48
20179,0,12,1385.92,13,1393.05,0,2,0,0.0126602,1,1.67178e-50,2.74114e-51,5.16362e-51,8.9623e-51,1.18175e-50,1,4.44209e-50
20180,0,12,1385.92,13,1393.05,0,2,0,0.0126538,1,7.1684e-49,1.17537e-49,2.21411e-49,3.84293e-49,5.06722e-49,1,1.90472e-48
20181,0,12,1385.92,13,1393.05,0,2,0,0.0126475,1,2.85116e-47,4.67492e-48,8.80639e-48,1.52848e-47,2.01543e-47,1,7.5758e-47
20182,0,12,1385.92,13,1393.05,0,2,0,0.0126412,1,1.05349e-45,1.72736e-46,3.25391e-46,5.64764e-46,7.44688e-46,1,2.79921e-45
20183,0,12,1385.92,13,1393.05,0,2,0,0.0126349,1,3.62147e-44,5.93796e-45,1.11856e-44,1.94143e-44,2.55993e-44,1,9.62252e-44
20184,0,12,1385.92,13,1393.05,0,2,0,0.0126286,1,1.15988e-42,1.90181e-43,3.58254e-43,6.218e-43,8.19894e-43,1,3.0819e-42
20185,0,12,1385.92,13,1393.05,0,2,0,0.0126222,1,3.46605e-41,5.68313e-42,1.07056e-41,1.8581e-41,2.45006e-41,1,9.20951e-41
20186,0,12,1385.92,13,1393.05,0,2,0,0.0126159,1,9.67711e-40,1.58671e-40,2.98897e-40,5.18775e-40,6.84048e-40,1,2.57127e-39
20187,0,12,1385.92,13,1393.05,0,2,0,0.0126096,1,2.52778e-38,4.14469e-39,7.80755e-39,1.3551e-38,1.78681e-38,1,6.71644e-38
20188,0,12,1385.92,13,1393.05,0,2,0,0.0126033,1,6.18574e-37,1.01425e-37,1.91059e-37,3.31607e-37,4.37251e-37,1,1.64358e-36
20189,0,12,1385.92,13,1393.05,0,2,9,0.012597,1,1.41995e-35,2.32823e-36,4.38579e-36,7.61207e-36,1.00371e-35,1,3.77286e-35
20190,0,12,1385.92,13,1393.05,0,2,0,0.0125907,1,3.77819e-38,6.19494e-39,1.16697e-38,2.02541e-38,2.67067e-38,1,1.00388e-37
20191,0,12,1385.92,13,1393.05,0,2,0,0.0125844,1,9.17163e-37,1.50383e-37,2.83284e-37,4.91671e-37,6.48309e-37,1,2.43693e-36
20192,0,12,1385.92,13,1393.05,0,2,9,0.0125781,1,2.08884e-35,3.42498e-36,6.45181e-36,1.11978e-35,1.47652e-35,1,5.5501e-35
20193,0,12,1385.92,13,1393.05,0,2,0,0.0125718,1,5.51525e-38,9.04311e-39,1.7035e-38,2.95659e-38,3.89851e-38,1,1.46541e-37
20194,0,12,1385.92,13,1393.05,0,2,9,0.0125656,1,1.32875e-36,2.17869e-37,4.1041e-37,7.12307e-37,9.39236e-37,1,3.53049e-36
20195,0,12,1385.92,13,1391.81,0,2,13,0.0125593,1,3.70707e-39,6.07832e-40,1.145e-39,1.98726e-39,2.62037e-39,1,9.8497e-39
20196,0,12,1385.92,13,1391.81,0,2,0,0.012553,1,2.13074e-43,3.49367e-44,6.58121e-44,1.14223e-43,1.50612e-43,1,5.66136e-43
20197,0,12,1385.92,13,1391.81,0,2,0,0.0125467,1,6.58668e-42,1.07999e-42,2.03443e-42,3.53094e-42,4.65583e-42,1,1.75008e-41
20198,0,12,1385.92,13,1391.81,0,2,0,0.0125404,1,1.90108e-40,3.11713e-41,5.87189e-41,1.01912e-40,1.34379e-40,1,5.05116e-40
20199,0,12,1385.92,13,1391.81,0,2,9,0.0125342,1,5.13014e-39,8.41167e-40,1.58455e-39,2.75011e-39,3.62625e-39,1,1.36307e-38
20200,0,12,1385.92,13,1391.81,0,2,0,0.0125279,1,1.5995e-41,2.62263e-42,4.94038e-42,8.57443e-42,1.13061e-41,1,4.24984e-41
20201,0,12,1385.92,13,1391.81,0,2,9,0.0125216,1,4.53537e-40,7.43645e-41,1.40084e-40,2.43127e-40,3.20582e-40,1,1.20504e-39
20202,0,12,1385.92,13,1391.81,0,2,0,0.0125154,1,1.48436e-42,2.43383e-43,4.58473e-43,7.95714e-43,1.04921e-42,1,3.94389e-42
20203,0,12,1385.92,13,1391.81,0,2,0,0.0125091,1,4.41383e-41,7.23716e-42,1.3633e-41,2.3661e-41,3.1199e-41,1,1.17274e-40
20204,0,12,1385.92,13,1391.81,0,2,0,0.0125029,1,1.22639e-39,2.01085e-40,3.78794e-40,6.57422e-40,8.66865e-40,1,3.25846e-39
20205,0,12,1385.92,13,1391.81,0,2,9,0.0124966,1,3.18832e-38,5.22775e-39,9.84778e-39,1.70915e-38,2.25365e-38,1,8.47123e-38
20206,0,12,1385.92,13,1391.81,0,2,0,0.0124904,1,9.58404e-41,1.57145e-41,2.96022e-41,5.13765e-41,6.77442e-41,1,2.54643e-40
20207,0,12,1385.92,13,1391.81,0,2,0,0.0124841,1,2.62196e-39,4.29911e-40,8.09845e-40,1.40553e-39,1.85331e-39,1,6.9664e-39
20208,0,12,1385.92,13,1391.81,0,2,9,0.0124779,1,6.71369e-38,1.10081e-38,2.07366e-38,3.59895e-38,4.74551e-38,1,1.78379e-37
20209,0,12,1385.92,13,1391.81,0,2,0,0.0124716,1,1.98829e-40,3.26011e-41,6.14123e-41,1.06584e-40,1.4054e-40,1,5.28276e-40
20210,0,12,1385.92,13,1391.81,0,2,0,0.0124654,1,5.36065e-39,8.78963e-40,1.65575e-39,2.87363e-39,3.78912e-39,1,1.42429e-38
20211,0,12,1385.92,13,1391.81,0,2,0,0.0124592,1,1.35314e-37,2.21868e-38,4.17943e-38,7.25361e-38,9.56448e-38,1,3.59519e-37
20212,0,12,1385.92,13,1391.81,0,2,0,0.0124529,1,3.20201e-36,5.25019e-37,9.89005e-37,1.71646e-36,2.2633e-36,1,8.50751e-36
20213,0,12,1385.92,13,1391.81,0,2,0,0.0124467,1,7.11249e-35,1.1662e-35,2.19684e-35,3.81271e-35,5.02737e-35,1,1.88974e-34
20214,0,12,1385.92,13,1391.81,0,2,0,0.0124405,1,1.48487e-33,2.43468e-34,4.58633e-34,7.95977e-34,1.04956e-33,1,3.94519e-33
20215,0,12,1385.92,13,1391.81,0,2,0,0.0124343,1,2.91718e-32,4.78318e-33,9.01031e-33,1.56377e-32,2.06196e-32,1,7.75071e-32
20216,0,12,1385.92,13,1391.81,0,2,0,0.0124281,1,5.39973e-31,8.85371e-32,1.66782e-31,2.89456e-31,3.81671e-31,1,1.43466e-30
20217,0,12,1385.92,13,1391.81,0,2,0,0.0124218,1,9.42829e-30,1.54592e-30,2.91212e-30,5.05408e-30,6.66422e-30,1,2.50501e-29
20218,0,12,1385.92,13,1391.81,0,2,0,0.0124156,1,1.55472e-28,2.54921e-29,4.80207e-29,8.33414e-29,1.09892e-28,1,4.13074e-28
20219,0,12,1385.92,13,1391.81,0,2,0,0.0124094,1,2.42397e-27,3.97448e-28,7.48692e-28,1.29938e-27,1.71333e-27,1,6.44025e-27
20220,0,12,1385.92,13,1391.81,0,2,0,0.0124032,1,3.57721e-26,5.8654e-27,1.10489e-26,1.91757e-26,2.52848e-26,1,9.50429e-26
20221,0,12,1385.92,13,1391.81,0,2,0,0.012397,1,5.00244e-25,8.20228e-26,1.5451e-25,2.68157e-25,3.53586e-25,1,1.3291e-24
20222,0,12,1385.92,13,1391.81,0,2,0,0.0123908,1,6.63599e-24,1.08807e-24,2.04966e-24,3.55723e-24,4.6905e-24,1,1.76311e-23
20223,0,12,1385.92,13,1391.81,0,2,0,0.0123846,1,8.35941e-23,1.37066e-23,2.58197e-23,4.48107e-23,5.90866e-23,1,2.221e-22
20224,0,12,1385.92,13,1391.81,0,2,0,0.0123784,1,1.00101e-21,1.64132e-22,3.09183e-22,5.36594e-22,7.07543e-22,1,2.65958e-21
20225,0,12,1385.92,13,1391.81,0,2,0,0.0123722,1,1.14062e-20,1.87022e-21,3.52302e-21,6.11426e-21,8.06216e-21,1,3.03048e-20
20226,0,12,1385.92,13,1391.81,0,2,0,0.0123661,1,1.23795e-19,2.02982e-20,3.82367e-20,6.63604e-20,8.75016e-20,1,3.2891e-19
20227,0,12,1385.92,13,1391.81,0,2,0,0.0123599,1,1.28103e-18,2.10044e-19,3.95671e-19,6.86693e-19,9.0546e-19,1,3.40353e-18
20228,0,12,1385.92,13,1391.81,0,2,0,0.0123537,1,1.26507e-17,2.07428e-18,3.90743e-18,6.78139e-18,8.94182e-18,1,3.36114e-17
20229,0,12,1385.92,13,1391.81,0,2,0,0.0123475,1,1.19339e-16,1.95674e-17,3.68601e-17,6.39711e-17,8.43511e-17,1,3.17067e-16
20230,0,12,1385.92,13,1391.17,0,2,13,0.0123413,1,1.07635e-15,1.76484e-16,3.32452e-16,5.76973e-16,7.60787e-16,1,2.85972e-15
20231,0,12,1385.92,13,1391.17,0,2,0,0.0123352,1,2.09988e-20,3.44307e-21,6.48589e-21,1.12563e-20,1.48424e-20,1,5.57909e-20
20232,0,12,1385.92,13,1391.17,0,2,0,0.012329,1,2.25143e-19,3.69157e-20,6.95399e-20,1.20687e-19,1.59135e-19,1,5.98174e-19
20233,0,12,1385.92,13,1391.17,0,2,9,0.0123228,1,2.30206e-18,3.77459e-19,7.11038e-19,1.23401e-18,1.62714e-18,1,6.11625e-18
20234,0,12,1385.92,13,1391.17,0,2,0,0.0123167,1,2.77288e-21,4.54658e-22,8.56461e-22,1.48639e-21,1.95993e-21,1,7.36717e-21
20235,0,12,1385.92,13,1391.17,0,2,0,0.0123105,1,3.09586e-20,5.07614e-21,9.56218e-21,1.65952e-20,2.18821e-20,1,8.22525e-20
20236,0,12,1385.92,13,1391.17,0,2,0,0.0123044,1,3.29362e-19,5.4004e-20,1.0173e-19,1.76552e-19,2.32799e-19,1,8.75067e-19
20237,0,12,1385.92,13,1391.17,0,2,0,0.0122982,1,3.34216e-18,5.48e-19,1.0323e-18,1.79155e-18,2.3623e-18,1,8.87964e-18
20238,0,12,1385.92,13,1391.17,0,2,0,0.0122921,1,3.23784e-17,5.30894e-18,1.00007e-17,1.73562e-17,2.28856e-17,1,8.60245e-17
20239,0,12,1385.92,13,1391.17,0,2,0,0.0122859,1,2.99749e-16,4.91486e-17,9.25836e-17,1.60678e-16,2.11868e-16,1,7.96388e-16
20240,0,12,1385.92,13,1391.17,0,2,0,0.0122798,1,2.65418e-15,4.35195e-16,8.19798e-16,1.42275e-15,1.87602e-15,1,7.05176e-15
20241,0,12,1385.92,13,1391.17,0,2,9,0.0122736,1,2.24988e-14,3.68904e-15,6.94922e-15,1.20603e-14,1.59025e-14,1,5.97759e-14
20242,0,12,1385.92,13,1391.17,0,2,0,0.0122675,1,2.25515e-17,3.69766e-18,6.96547e-18,1.20885e-17,1.59397e-17,1,5.99157e-17
20243,0,12,1385.92,13,1391.17,0,2,0,0.0122614,1,2.1029e-16,3.44804e-17,6.49524e-17,1.12724e-16,1.48636e-16,1,5.58707e-16
20244,0,12,1385.92,13,1391.17,0,2,9,0.0122552,1,1.8753e-15,3.07485e-16,5.79224e-16,1.00524e-15,1.32549e-15,1,4.98237e-15
20245,0,12,1385.92,13,1391.17,0,2,0,0.0122491,1,1.97545e-18,3.23907e-19,6.10159e-19,1.05892e-18,1.39628e-18,1,5.24846e-18
20246,0,12,1385.92,13,1391.17,0,2,0,0.012243,1,1.93402e-17,3.17113e-18,5.97362e-18,1.03671e-17,1.36699e-17,1,5.13838e-17
20247,0,12,1385.92,13,1391.17,0,2,0,0.0122369,1,1.80901e-16,2.96615e-17,5.58748e-17,9.69698e-17,1.27863e-16,1,4.80623e-16
20248,0,12,1385.92,13,1391.17,0,2,0,0.0122307,1,1.61808e-15,2.65309e-16,4.99776e-16,8.67352e-16,1.14367e-15,1,4.29896e-15
20249,0,12,1385.92,13,1390.88,0,2,13,0.0122246,1,1.38525e-14,2.27133e-15,4.27862e-15,7.42546e-15,9.79107e-15,1,3.68036e-14
20250,0,12,1385.92,13,1390.88,0,2,9,0.0122185,1,2.56789e-19,4.21046e-20,7.93145e-20,1.37649e-19,1.81501e-19,1,6.82244e-19
20251,0,12,1385.92,13,1390.88,0,2,0,0.0122124,1,3.23178e-22,5.29902e-23,9.98202e-23,1.73236e-22,2.28426e-22,1,8.58629e-22
20252,0,12,1385.92,13,1390.88,0,2,0,0.0122063,1,3.7667e-21,6.1761e-22,1.16342e-21,2.01909e-21,2.66234e-21,1,1.00075e-20
20253,0,12,1385.92,13,1390.88,0,2,0,0.0122002,1,4.17975e-20,6.85335e-21,1.291e-20,2.2405e-20,2.95428e-20,1,1.11048e-19
20254,0,12,1385.92,13,1390.88,0,2,0,0.0121941,1,4.42013e-19,7.2475e-20,1.36525e-19,2.36935e-19,3.12419e-19,1,1.17435e-18
20255,0,12,1385.92,13,1390.88,0,2,0,0.012188,1,4.45897e-18,7.31118e-19,1.37724e-18,2.39017e-18,3.15163e-18,1,1.18467e-17
20256,0,12,1385.92,13,1390.88,0,2,0,0.0121819,1,4.29495e-17,7.04224e-18,1.32658e-17,2.30225e-17,3.0357e-17,1,1.14109e-16
20257,0,12,1385.92,13,1390.88,0,2,0,0.0121758,1,3.95373e-16,6.48275e-17,1.22119e-16,2.11934e-16,2.79452e-16,1,1.05043e-15
20258,0,12,1385.92,13,1390.82,0,2,13,0.0121697,1,3.48156e-15,5.70857e-16,1.07535e-15,1.86624e-15,2.46079e-15,1,9.24987e-15
20259,0,12,1385.92,13,1390.82,0,2,0,0.0121636,1,6.63466e-20,1.08786e-20,2.04925e-20,3.55641e-20,4.68942e-20,1,1.7627e-19
20260,0,12,1385.92,13,1390.82,0,2,0,0.0121576,1,6.95168e-19,1.13984e-19,2.14717e-19,3.72635e-19,4.91349e-19,1,1.84693e-18
20261,0,12,1385.92,13,1390.82,0,2,9,0.0121515,1,6.94954e-18,1.13949e-18,2.14651e-18,3.72519e-18,4.91197e-18,1,1.84636e-17
20262,0,12,1385.92,13,1390.82,0,2,0,0.0121454,1,8.18794e-21,1.34254e-21,2.52901e-21,4.38902e-21,5.78728e-21,1,2.17538e-20
20263,0,12,1385.92,13,1390.82,0,2,9,0.0121393,1,8.9458e-20,1.4668e-20,2.76309e-20,4.79525e-20,6.32293e-20,1,2.37673e-19
20264,0,12,1385.92,13,1390.82,0,2,9,0.0121333,1,1.14986e-22,1.88537e-23,3.55157e-23,6.16363e-23,8.12725e-23,1,3.05495e-22
20265,0,12,1385.92,13,1390.82,0,2,9,0.0121272,1,1.68845e-25,2.76848e-26,5.21513e-26,9.05068e-26,1.19341e-25,1,4.48589e-25
20266,0,12,1385.92,13,1390.82,0,2,0,0.0121211,1,2.82486e-28,4.6318e-29,8.72515e-29,1.51422e-28,1.99662e-28,1,7.5051e-28
20267,0,12,1385.92,13,1390.82,0,2,9,0.0121151,1,4.35196e-27,7.13572e-28,1.34419e-27,2.33279e-27,3.07598e-27,1,1.15623e-26
20268,0,12,1385.92,13,1390.82,0,2,0,0.012109,1,7.83373e-30,1.28446e-30,2.41961e-30,4.19914e-30,5.53691e-30,1,2.08127e-29
20269,0,12,1385.92,13,1390.82,0,2,0,0.012103,1,1.29657e-28,2.12594e-29,4.00473e-29,6.95006e-29,9.16422e-29,1,3.44474e-28
20270,0,12,1385.92,13,1390.82,0,2,0,0.0120969,1,2.02885e-27,3.32661e-28,6.26651e-28,1.08753e-27,1.43399e-27,1,5.39024e-27
20271,0,12,1385.92,13,1390.82,0,2,9,0.0120909,1,3.00478e-26,4.9268e-27,9.28087e-27,1.61066e-26,2.12378e-26,1,7.98308e-26
20272,0,12,1385.92,13,1390.82,0,2,9,0.0120848,1,5.20372e-29,8.53231e-30,1.60727e-29,2.78936e-29,3.678e-29,1,1.38252e-28
20273,0,12,1385.92,13,1390.82,0,2,9,0.0120788,1,1.0234e-31,1.67802e-32,3.16098e-32,5.48574e-32,7.2334e-32,1,2.71896e-31
20274,0,12,1385.92,13,1390.82,0,2,0,0.0120727,1,2.27983e-34,3.73813e-35,7.04171e-35,1.22206e-34,1.61138e-34,1,6.05703e-34
20275,0,12,1385.92,13,1390.82,0,2,9,0.0120667,1,4.64999e-33,7.62438e-34,1.43624e-33,2.49254e-33,3.28661e-33,1,1.2354e-32
20276,0,12,1385.92,13,1390.82,0,2,0,0.0120607,1,1.10195e-35,1.80681e-36,3.40358e-36,5.90677e-36,7.78856e-36,1,2.92764e-35
20277,0,12,1385.92,13,1390.82,0,2,0,0.0120546,1,2.38795e-34,3.91542e-35,7.37566e-35,1.28001e-34,1.6878e-34,1,6.34428e-34
20278,0,12,1385.92,13,1390.82,0,2,9,0.0120486,1,4.866e-33,7.97857e-34,1.50296e-33,2.60833e-33,3.43929e-33,1,1.29279e-32
20279,0,12,1385.92,13,1390.82,0,2,0,0.0120426,1,1.15209e-35,1.88903e-36,3.55846e-36,6.17555e-36,8.14297e-36,1,3.06086e-35
20280,0,12,1385.92,13,1390.82,0,2,0,0.0120366,1,2.49439e-34,4.08995e-35,7.70444e-35,1.33707e-34,1.76304e-34,1,6.62707e-34
20281,0,12,1385.92,13,1390.82,0,2,9,0.0120305,1,5.07848e-33,8.32696e-34,1.56859e-33,2.72222e-33,3.58946e-33,1,1.34924e-32
20282,0,12,1385.92,13,1390.82,0,2,0,0.0120245,1,1.20137e-35,1.96983e-36,3.71067e-36,6.43969e-36,8.49126e-36,1,3.19178e-35
20283,0,12,1385.92,13,1390.82,0,2,0,0.0120185,1,2.59891e-34,4.26132e-35,8.02725e-35,1.39309e-34,1.8369e-34,1,6.90474e-34
20284,0,12,1385.92,13,1390.82,0,2,0,0.0120125,1,5.28692e-33,8.66874e-34,1.63297e-33,2.83395e-33,3.73679e-33,1,1.40462e-32
20285,0,12,1385.92,13,1390.82,0,2,0,0.0120065,1,1.01262e-31,1.66035e-32,3.12768e-32,5.42794e-32,7.15719e-32,1,2.69031e-31
20286,0,12,1385.92,13,1390.82,0,2,9,0.0120005,1,1.82829e-30,2.99777e-31,5.64705e-31,9.80018e-31,1.29223e-30,1,4.85738e-30
20287,0,12,1385.92,13,1390.82,0,2,0,0.0119945,1,3.8447e-33,6.30399e-34,1.18751e-33,2.06087e-33,2.71743e-33,1,1.02145e-32
20288,0,12,1385.92,13,1390.82,0,2,0,0.0119885,1,7.41094e-32,1.21514e-32,2.28902e-32,3.97248e-32,5.23803e-32,1,1.96892e-31
20289,0,12,1385.92,13,1390.82,0,2,0,0.0119825,1,1.34643e-30,2.20768e-31,4.15872e-31,7.21725e-31,9.51653e-31,1,3.57717e-30
20290,0,12,1385.92,13,1390.82,0,2,0,0.0119765,1,2.30838e-29,3.78496e-30,7.12991e-30,1.23736e-29,1.63156e-29,1,6.13286e-29
20291,0,12,1385.92,13,1390.82,0,2,0,0.0119705,1,3.73895e-28,6.13059e-29,1.15485e-28,2.00418e-28,2.64268e-28,1,9.93356e-28
20292,0,12,1385.92,13,1390.82,0,2,0,0.0119645,1,5.728e-27,9.39195e-28,1.76921e-27,3.07037e-27,4.04853e-27,1,1.5218e-26
20293,0,12,1385.92,13,1390.82,0,2,0,0.0119586,1,8.30904e-26,1.3624e-26,2.56641e-26,4.45387e-26,5.8728e-26,1,2.20752e-25
20294,0,12,1385.92,13,1390.82,0,2,0,0.0119526,1,1.14253e-24,1.87336e-25,3.52893e-25,6.12428e-25,8.07536e-25,1,3.03544e-24
20295,0,12,1385.92,13,1390.82,0,2,0,0.0119466,1,1.4908e-23,2.44439e-24,4.60462e-24,7.99108e-24,1.05369e-23,1,3.96071e-23
20296,0,12,1385.92,13,1390.82,0,2,0,0.0119406,1,1.84781e-22,3.02978e-23,5.70734e-23,9.90478e-23,1.30603e-22,1,4.90922e-22
20297,0,12,1385.92,13,1390.82,0,2,9,0.0119347,1,2.17787e-21,3.57096e-22,6.7268e-22,1.1674e-21,1.53931e-21,1,5.78611e-21
20298,0,12,1385.92,13,1390.82,0,2,0,0.0119287,1,3.01529e-24,4.94404e-25,9.31334e-25,1.61628e-24,2.1312e-24,1,8.01095e-24
20299,0,12,1385.92,13,1390.82,0,2,0,0.0119227,1,3.85879e-23,6.32709e-24,1.19186e-23,2.06841e-23,2.72737e-23,1,1.02519e-22
20300,0,12,1385.92,13,1390.82,0,2,0,0.0119168,1,4.69278e-22,7.69454e-23,1.44946e-22,2.51545e-22,3.31683e-22,1,1.24676e-21
20301,0,12,1385.92,13,1390.82,0,2,0,0.0119108,1,5.42887e-21,8.90147e-22,1.67682e-21,2.91002e-21,3.8371e-21,1,1.44232e-20
20302,0,12,1385.92,13,1390.82,0,2,0,0.0119049,1,5.9803e-20,9.80564e-21,1.84714e-20,3.2056e-20,4.22684e-20,1,1.58883e-19
20303,0,12,1385.92,13,1390.82,0,2,0,0.0118989,1,6.27908e-19,1.02955e-19,1.93942e-19,3.36576e-19,4.43802e-19,1,1.66821e-18
20304,0,12,1385.92,13,1390.82,0,2,0,0.0118929,1,6.28994e-18,1.03133e-18,1.94277e-18,3.37157e-18,4.44569e-18,1,1.67109e-17
20305,0,12,1385.92,13,1390.82,0,2,0,0.011887,1,6.01702e-17,9.86584e-18,1.85848e-17,3.22528e-17,4.2528e-17,1,1.59858e-16
20306,0,12,1385.92,13,1390.82,0,2,0,0.0118811,1,5.50176e-16,9.021e-17,1.69933e-16,2.94909e-16,3.88861e-16,1,1.46169e-15
20307,0,12,1385.92,13,1390.82,0,2,0,0.0118751,1,4.81282e-15,7.89137e-16,1.48654e-15,2.5798e-15,3.40167e-15,1,1.27865e-14
20308,0,12,1385.92,13,1390.82,0,2,9,0.0118692,1,4.03143e-14,6.61017e-15,1.24519e-14,2.16095e-14,2.84939e-14,1,1.07106e-13
20309,1,12,1385.92,13,1390.82,0,2,0,0.0118632,1,3.994e-17,6.54879e-18,1.23363e-17,2.14089e-17,2.82293e-17,1,1.06111e-16
20310,1,12,1385.92,13,1390.82,0,2,0,0.0118573,1,2.74695e-30,4.84112e-30,6.93609e-30,5.89977e-30,2.46285e-30,1,1.623e-30
20311,1,12,1385.92,13,1390.82,0,2,0,0.0118514,1,2.27955e-29,4.01739e-29,5.7559e-29,4.89554e-29,2.04364e-29,1,1.34674e-29
20312,1,12,1385.92,13,1390.82,0,2,0,0.0118455,1,1.81329e-28,3.19568e-28,4.57859e-28,3.89391e-28,1.62551e-28,1,1.0712e-28
20313,1,12,1385.92,13,1390.82,0,2,0,0.0118395,1,1.3838e-27,2.43876e-27,3.49412e-27,2.9714e-27,1.24041e-27,1,8.17418e-28
20314,1,12,1385.92,13,1390.82,0,2,0,0.0118336,1,1.01398e-26,1.78699e-26,2.5603e-26,2.17713e-26,9.0884e-27,1,5.98917e-27
20315,1,12,1385.92,13,1390.82,0,2,0,0.0118277,1,7.13974e-26,1.25828e-25,1.8028e-25,1.53288e-25,6.399e-26,1,4.21688e-26
20316,1,12,1385.92,13,1390.82,0,2,0,0.0118218,1,4.83486e-25,8.52079e-25,1.22081e-24,1.03796e-24,4.33295e-25,1,2.85538e-25
20317,1,12,1385.92,13,1390.82,0,2,0,0.0118159,1,3.15117e-24,5.55351e-24,7.95676e-24,6.76455e-24,2.82386e-24,1,1.8609e-24
20318,1,12,1385.92,13,1390.82,0,2,0,0.01181,1,1.97823e-23,3.48637e-23,4.99508e-23,4.24635e-23,1.77264e-23,1,1.16815e-23
20319,1,12,1385.92,13,1390.82,0,2,0,0.0118041,1,1.19709e-22,2.10971e-22,3.02268e-22,2.56944e-22,1.07261e-22,1,7.0684e-23
20320,1,12,1385.92,13,1390.82,0,2,0,0.0117982,1,6.9878e-22,1.23151e-21,1.76443e-21,1.49977e-21,6.26076e-22,1,4.12578e-22
20321,1,12,1385.92,13,1390.82,0,2,0,0.0117923,1,3.93758e-21,6.93945e-21,9.94245e-21,8.45055e-21,3.52768e-21,1,2.32471e-21
20322,1,12,1385.92,13,1390.82,0,2,0,0.0117864,1,2.14338e-20,3.77742e-20,5.41208e-20,4.5997e-20,1.92014e-20,1,1.26536e-20
20323,1,12,1385.92,13,1390.82,0,2,0,0.0117805,1,1.12786e-19,1.98769e-19,2.84785e-19,2.42023e-19,1.01032e-19,1,6.65795e-20
20324,1,12,1385.92,13,1390.82,0,2,0,0.0117746,1,5.74095e-19,1.01176e-18,1.4496e-18,1.23186e-18,5.1424e-19,1,3.38879e-19
20325,1,12,1385.92,13,1390.82,0,2,0,0.0117687,1,2.82865e-18,4.98512e-18,7.1424e-18,6.06922e-18,2.53359e-18,1,1.66961e-18
20326,1,12,1385.92,13,1390.82,0,2,0,0.0117628,1,1.34997e-17,2.37914e-17,3.40869e-17,2.89636e-17,1.20908e-17,1,7.96775e-18
20327,1,12,1385.92,13,1390.82,0,2,9,0.0117569,1,6.24442e-17,1.1005e-16,1.57673e-16,1.33967e-16,5.59244e-17,1,3.68537e-17
20328,1,12,1385.92,13,1390.82,0,2,9,0.0117511,1,3.45707e-20,6.09261e-20,8.72915e-20,7.41634e-20,3.09595e-20,1,2.0402e-20
20329,1,12,1385.92,13,1390.82,0,2,0,0.0117452,1,2.22361e-23,3.91881e-23,5.61465e-23,4.76999e-23,1.99123e-23,1,1.3122e-23
20330,1,12,1385.92,13,1390.82,0,2,0,0.0117393,1,1.34243e-22,2.36586e-22,3.38967e-22,2.87958e-22,1.20208e-22,1,7.92159e-23
20331,1,12,1385.92,13,1390.82,0,2,0,0.0117334,1,7.81827e-22,1.37786e-21,1.97413e-21,1.67697e-21,7.00049e-22,1,4.61326e-22
20332,1,12,1385.92,13,1390.82,0,2,0,0.0117276,1,4.39566e-21,7.74675e-21,1.10991e-20,9.42794e-21,3.93569e-21,1,2.59358e-21
20333,1,12,1385.92,13,1390.82,0,2,0,0.0117217,1,2.38747e-20,4.2076e-20,6.02841e-20,5.12048e-20,2.13754e-20,1,1.40862e-20
20334,1,12,1385.92,13,1390.82,0,2,0,0.0117158,1,1.25359e-19,2.20928e-19,3.16533e-19,2.68848e-19,1.1223e-19,1,7.39587e-20
20335,1,12,1385.92,13,1390.82,0,2,0,0.01171,1,6.36748e-19,1.12218e-18,1.6078e-18,1.36552e-18,5.70036e-19,1,3.75648e-19
20336,1,12,1385.92,13,1390.82,0,2,0,0.0117041,1,3.13086e-18,5.51772e-18,7.90548e-18,6.7139e-18,2.80271e-18,1,1.84696e-18
20337,1,12,1385.92,13,1390.82,0,2,0,0.0116983,1,1.49117e-17,2.62798e-17,3.76522e-17,3.19755e-17,1.33481e-17,1,8.79631e-18
20338,1,12,1385.92,13,1390.82,0,2,9,0.0116924,1,6.88384e-17,1.21318e-16,1.73818e-16,1.47606e-16,6.16179e-17,1,4.06056e-17
20339,1,12,1385.92,13,1390.82,0,2,0,0.0116866,1,3.80364e-20,6.7034e-20,9.60425e-20,8.15554e-20,3.40453e-20,1,2.24355e-20
20340,1,12,1385.92,13,1390.82,0,2,0,0.0116807,1,1.97866e-19,3.48712e-19,4.99615e-19,4.24234e-19,1.77096e-19,1,1.16705e-19
20341,1,12,1385.92,13,1390.82,0,2,0,0.0116749,1,9.95907e-19,1.75515e-18,2.51468e-18,2.13519e-18,8.91333e-19,1,5.8738e-19
20342,1,12,1385.92,13,1390.82,0,2,0,0.0116691,1,4.85322e-18,8.55314e-18,1.22545e-17,1.04047e-17,4.34343e-18,1,2.86228e-18
20343,1,12,1385.92,13,1390.82,0,2,0,0.0116632,1,2.29131e-17,4.03813e-17,5.78561e-17,4.9121e-17,2.05055e-17,1,1.35129e-17
20344,1,12,1385.92,13,1390.82,0,2,9,0.0116574,1,1.04872e-16,1.84822e-16,2.64803e-16,2.24814e-16,9.38486e-17,1,6.18453e-17
20345,1,12,1385.92,13,1390.82,0,2,9,0.0116516,1,5.74606e-20,1.01267e-19,1.45089e-19,1.23174e-19,5.14189e-20,1,3.38846e-20
20346,1,12,1385.92,13,1390.82,0,2,0,0.0116457,1,3.65854e-23,6.44768e-23,9.23788e-23,7.84225e-23,3.27374e-23,1,2.15737e-23
20347,1,12,1385.92,13,1390.82,0,2,0,0.0116399,1,2.18684e-22,3.85401e-22,5.52181e-22,4.68742e-22,1.95676e-22,1,1.28949e-22
20348,1,12,1385.92,13,1390.82,0,2,9,0.0116341,1,1.26124e-21,2.22276e-21,3.18464e-21,2.70332e-21,1.1285e-21,1,7.4367e-22
20349,1,12,1385.92,13,1390.82,0,2,0,0.0116283,1,8.66773e-25,1.52757e-24,2.18862e-24,1.85777e-24,7.75524e-25,1,5.11063e-25
20350,1,12,1385.92,13,1390.82,0,2,0,0.0116225,1,5.58371e-24,9.84053e-24,1.4099e-23,1.19672e-23,4.99571e-24,1,3.29213e-24
20351,1,12,1385.92,13,1390.82,0,2,0,0.0116167,1,3.46545e-23,6.10739e-23,8.75033e-23,7.42704e-23,3.10041e-23,1,2.04314e-23
20352,1,12,1385.92,13,1390.82,0,2,0,0.0116108,1,2.07367e-22,3.65457e-22,5.23606e-22,4.44408e-22,1.85518e-22,1,1.22255e-22
20353,1,12,1385.92,13,1390.82,0,2,0,0.011605,1,1.19724e-21,2.10997e-21,3.02305e-21,2.56571e-21,1.07106e-21,1,7.05816e-22
20354,1,12,1385.92,13,1390.82,0,2,0,0.0115992,1,6.6741e-21,1.17622e-20,1.68522e-20,1.43023e-20,5.97049e-21,1,3.9345e-21
20355,1,12,1385.92,13,1390.82,0,2,0,0.0115934,1,3.59485e-20,6.33543e-20,9.07705e-20,7.70336e-20,3.21576e-20,1,2.11916e-20
20356,1,12,1385.92,13,1390.82,0,2,0,0.0115876,1,1.87216e-19,3.29942e-19,4.72723e-19,4.0117e-19,1.67468e-19,1,1.1036e-19
20357,1,12,1385.92,13,1390.82,0,2,0,0.0115818,1,9.43345e-19,1.66252e-18,2.38196e-18,2.02136e-18,8.43817e-19,1,5.56068e-19
20358,1,12,1385.92,13,1390.82,0,2,9,0.0115761,1,4.60206e-18,8.11051e-18,1.16203e-17,9.86083e-18,4.1164e-18,1,2.71267e-18
20359,1,12,1385.92,13,1390.82,0,2,0,0.0115703,1,2.68422e-21,4.73058e-21,6.77771e-21,5.75132e-21,2.40088e-21,1,1.58216e-21
20360,1,12,1385.92,13,1390.82,0,2,0,0.0115645,1,1.47237e-20,2.59486e-20,3.71777e-20,3.15467e-20,1.31692e-20,1,8.67835e-21
20361,1,12,1385.92,13,1390.82,0,2,0,0.0115587,1,7.80608e-20,1.37572e-19,1.97105e-19,1.67247e-19,6.9817e-20,1,4.60087e-20
20362,1,12,1385.92,13,1390.82,0,2,0,0.0115529,1,4.00276e-19,7.05432e-19,1.0107e-18,8.57575e-19,3.57994e-19,1,2.35915e-19
20363,1,12,1385.92,13,1390.82,0,2,0,0.0115471,1,1.9865e-18,3.50093e-18,5.01594e-18,4.25587e-18,1.77661e-18,1,1.17077e-18
20364,1,12,1385.92,13,1390.82,0,2,0,0.0115414,1,9.54776e-18,1.68266e-17,2.41083e-17,2.04546e-17,8.53876e-18,1,5.62697e-18
20365,1,12,1385.92,13,1390.82,0,2,0,0.0115356,1,4.44712e-17,7.83745e-17,1.12291e-16,9.52703e-17,3.97705e-17,1,2.62084e-17
20366,1,12,1385.92,13,1390.82,0,2,0,0.0115298,1,2.0086e-16,3.53988e-16,5.07174e-16,4.30289e-16,1.79624e-16,1,1.18371e-16
20367,1,12,1385.92,13,1390.82,0,2,9,0.0115241,1,8.80259e-16,1.55134e-15,2.22267e-15,1.88568e-15,7.87175e-16,1,5.18741e-16
20368,1,12,1385.92,13,1390.82,0,2,0,0.0115183,1,4.62214e-19,8.1459e-19,1.1671e-18,9.90125e-19,4.13327e-19,1,2.72379e-19
20369,1,12,1385.92,13,1390.82,0,2,9,0.0115125,1,2.28729e-18,4.03104e-18,5.77546e-18,4.89957e-18,2.04532e-18,1,1.34785e-18
20370,1,12,1385.92,13,1390.82,0,2,0,0.0115068,1,1.35288e-21,2.38427e-21,3.41606e-21,2.89792e-21,1.20974e-21,1,7.97205e-22
20371,1,12,1385.92,13,1390.82,0,2,0,0.011501,1,7.52334e-21,1.32589e-20,1.89966e-20,1.61149e-20,6.72715e-21,1,4.43313e-21
20372,1,12,1385.92,13,1390.82,0,2,9,0.0114953,1,4.04257e-20,7.12449e-20,1.02076e-19,8.65895e-20,3.61467e-20,1,2.38204e-20
20373,1,12,1385.92,13,1390.82,0,2,0,0.0114895,1,2.59209e-23,4.56821e-23,6.54507e-23,5.55198e-23,2.31767e-23,1,1.52732e-23
20374,1,12,1385.92,13,1390.82,0,2,0,0.0114838,1,1.5601e-22,2.74946e-22,3.93928e-22,3.34149e-22,1.3949e-22,1,9.19229e-23
20375,1,12,1385.92,13,1390.82,0,2,0,0.0114781,1,9.05868e-22,1.59647e-21,2.28733e-21,1.94019e-21,8.09931e-22,1,5.33737e-22
20376,1,12,1385.92,13,1390.82,0,2,0,0.0114723,1,5.07807e-21,8.94941e-21,1.28222e-20,1.0876e-20,4.54018e-21,1,2.99194e-21
20377,1,12,1385.92,13,1390.82,0,2,0,0.0114666,1,2.75018e-20,4.84681e-20,6.94424e-20,5.89009e-20,2.45882e-20,1,1.62034e-20
20378,1,12,1385.92,13,1390.82,0,2,0,0.0114608,1,1.43995e-19,2.53772e-19,3.63591e-19,3.08391e-19,1.28738e-19,1,8.48369e-20
20379,1,12,1385.92,13,1390.82,0,2,0,0.0114551,1,7.29385e-19,1.28544e-18,1.84171e-18,1.56208e-18,6.52087e-19,1,4.2972e-19
20380,1,12,1385.92,13,1390.82,0,2,0,0.0114494,1,3.57662e-18,6.30332e-18,9.03104e-18,7.65967e-18,3.19752e-18,1,2.10714e-18
20381,1,12,1385.92,13,1390.82,0,2,9,0.0114437,1,1.69895e-17,2.99416e-17,4.28987e-17,3.63838e-17,1.51884e-17,1,1.0009e-17
20382,1,12,1385.92,13,1390.82,0,2,0,0.0114379,1,9.65386e-21,1.70136e-20,2.43762e-20,2.06739e-20,8.63029e-21,1,5.68728e-21
20383,1,12,1385.92,13,1390.82,0,2,0,0.0114322,1,5.16158e-20,9.09658e-20,1.30331e-19,1.10534e-19,4.61423e-20,1,3.04073e-20
20384,1,12,1385.92,13,1390.82,0,2,0,0.0114265,1,2.66871e-19,4.70325e-19,6.73855e-19,5.71489e-19,2.38568e-19,1,1.57214e-19
20385,1,12,1385.92,13,1390.82,0,2,0,0.0114208,1,1.33522e-18,2.35314e-18,3.37144e-18,2.85923e-18,1.19359e-18,1,7.86562e-19
20386,1,12,1385.92,13,1390.82,0,2,0,0.0114151,1,6.46868e-18,1.14002e-17,1.63335e-17,1.38518e-17,5.78243e-18,1,3.81057e-18
20387,1,12,1385.92,13,1390.82,0,2,0,0.0114094,1,3.03651e-17,5.35144e-17,7.66725e-17,6.50218e-17,2.71433e-17,1,1.78872e-17
20388,1,12,1385.92,13,1390.82,0,2,0,0.0114037,1,1.38198e-16,2.43556e-16,3.48953e-16,2.95924e-16,1.23533e-16,1,8.14072e-17
20389,1,12,1385.92,13,1390.82,0,2,0,0.011398,1,6.10195e-16,1.07539e-15,1.54075e-15,1.30659e-15,5.45434e-16,1,3.59436e-16
20390,1,12,1385.92,13,1390.82,0,2,0,0.0113923,1,2.61538e-15,4.60925e-15,6.60387e-15,5.60013e-15,2.33777e-15,1,1.54057e-15
20391,1,12,1385.92,13,1390.82,0,2,9,0.0113866,1,1.08883e-14,1.91891e-14,2.74931e-14,2.3314e-14,9.7324e-15,1,6.41356e-15
20392,1,12,1385.92,13,1390.82,0,2,0,0.0113809,1,5.43682e-18,9.58166e-18,1.37281e-17,1.16411e-17,4.85959e-18,1,3.20242e-18
20393,1,12,1385.92,13,1390.82,0,2,0,0.0113752,1,2.56102e-17,4.51346e-17,6.46663e-17,5.4835e-17,2.28908e-17,1,1.50848e-17
20394,1,12,1385.92,13,1390.82,0,2,0,0.0113695,1,1.16956e-16,2.06118e-16,2.95315e-16,2.50414e-16,1.04535e-16,1,6.88877e-17
20395,1,12,1385.92,13,1390.82,0,2,9,0.0113638,1,5.18126e-16,9.13128e-16,1.30828e-15,1.10935e-15,4.63097e-16,1,3.05176e-16
20396,1,12,1385.92,13,1390.82,0,2,9,0.0113581,1,2.74962e-19,4.84583e-19,6.94283e-19,5.88706e-19,2.45755e-19,1,1.6195e-19
20397,1,12,1385.92,13,1390.82,0,2,0,0.0113525,1,1.69673e-22,2.99025e-22,4.28426e-22,3.63272e-22,1.51648e-22,1,9.99344e-23
20398,1,12,1385.92,13,1390.82,0,2,0,0.0113468,1,9.83547e-22,1.73337e-21,2.48347e-21,2.10576e-21,8.7905e-22,1,5.79286e-22
20399,1,12,1385.92,13,1390.82,0,2,0,0.0113411,1,5.50446e-21,9.70086e-21,1.38989e-20,1.17848e-20,4.91957e-21,1,3.24195e-21
20400,1,12,1385.92,13,1390.82,0,2,0,0.0113354,1,2.97629e-20,5.24531e-20,7.51519e-20,6.37205e-20,2.66001e-20,1,1.75292e-20
20401,1,12,1385.92,13,1390.82,0,2,0,0.0113298,1,1.55589e-19,2.74204e-19,3.92864e-19,3.33101e-19,1.39053e-19,1,9.16345e-20
20402,1,12,1385.92,13,1390.82,0,2,0,0.0113241,1,7.86889e-19,1.38679e-18,1.98691e-18,1.68464e-18,7.03251e-19,1,4.63436e-19
20403,1,12,1385.92,13,1390.82,0,2,0,0.0113184,1,3.85275e-18,6.78995e-18,9.72826e-18,8.24819e-18,3.4432e-18,1,2.26904e-18
20404,1,12,1385.92,13,1390.82,0,2,0,0.0113128,1,1.82739e-17,3.22052e-17,4.61419e-17,3.91213e-17,1.63312e-17,1,1.07621e-17
20405,1,12,1385.92,13,1390.82,0,2,0,0.0113071,1,8.40175e-17,1.48069e-16,2.12146e-16,1.79865e-16,7.50846e-17,1,4.94801e-17
20406,1,12,1385.92,13,1390.82,0,2,0,0.0113015,1,3.74677e-16,6.60318e-16,9.46067e-16,8.02104e-16,3.34838e-16,1,2.20655e-16
20407,1,12,1385.92,13,1390.82,0,2,0,0.0112958,1,1.62166e-15,2.85796e-15,4.09472e-15,3.47159e-15,1.44921e-15,1,9.55017e-16
20408,1,12,1385.92,13,1390.82,0,2,0,0.0112902,1,6.8161e-15,1.20125e-14,1.72108e-14,1.45915e-14,6.09121e-15,1,4.01405e-15
20409,2,12,1385.92,13,1390.82,0,2,0,0.0112845,1,2.78382e-14,4.9061e-14,7.02919e-14,5.95936e-14,2.48773e-14,1,1.63939e-14
20410,2,12,1385.92,13,1390.82,3,3,0,0.0112789,8.03958e-15,1.09607e-14,7.62891e-15,1,1.21114e-14,1.19896e-14,1.04172e-14,1
20411,2,12,1385.92,13,1390.82,3,3,0,0.0112732,1.99198e-14,2.71575e-14,1.89022e-14,1,2.99271e-14,2.96261e-14,2.57408e-14,1
20412,2,12,1385.92,13,1390.82,3,3,0,0.0112676,4.84678e-14,6.60784e-14,4.5992e-14,1,7.26237e-14,7.18931e-14,6.24648e-14,1
20413,2,12,1385.92,13,1390.82,3,3,0,0.011262,1.15851e-13,1.57945e-13,1.09933e-13,1,1.73138e-13,1.71396e-13,1.48918e-13,1
20414,2,12,1385.92,13,1390.82,3,3,0,0.0112563,2.7213e-13,3.71007e-13,2.58229e-13,1,4.05656e-13,4.01575e-13,3.48912e-13,1
20415,2,12,1385.92,13,1390.82,3,3,0,0.0112507,6.284e-13,8.56726e-13,5.96301e-13,1,9.34393e-13,9.24993e-13,8.03687e-13,1
20416,2,12,1385.92,13,1390.82,3,3,0,0.0112451,1.42701e-12,1.94551e-12,1.35412e-12,1,2.11667e-12,2.09538e-12,1.82058e-12,1
20417,2,12,1385.92,13,1390.82,3,3,0,0.0112395,3.18782e-12,4.3461e-12,3.02498e-12,1,4.7171e-12,4.66965e-12,4.05726e-12,1
20418,2,12,1385.92,13,1390.82,3,3,0,0.0112338,7.00775e-12,9.55398e-12,6.64978e-12,1,1.03451e-11,1.02411e-11,8.89802e-12,1
20419,2,12,1385.92,13,1390.82,3,3,0,0.0112282,1.51643e-11,2.06742e-11,1.43897e-11,1,2.23345e-11,2.21098e-11,1.92103e-11,1
20420,2,12,1385.92,13,1390.82,3,3,0,0.0112226,3.23118e-11,4.40521e-11,3.06612e-11,1,4.74822e-11,4.70046e-11,4.08402e-11,1
20421,2,12,1385.92,13,1390.82,3,3,0,0.011217,6.78155e-11,9.24559e-11,6.43514e-11,1,9.94341e-11,9.84338e-11,8.55248e-11,1
20422,2,12,1385.92,13,1390.82,3,3,0,0.0112114,1.40235e-10,1.91189e-10,1.33072e-10,1,2.05172e-10,2.03108e-10,1.76472e-10,1
20423,2,12,1385.92,13,1390.82,3,3,0,0.0112058,2.85809e-10,3.89656e-10,2.71209e-10,1,4.17264e-10,4.13067e-10,3.58896e-10,1
20424,2,12,1385.92,13,1390.82,3,3,0,0.0112002,5.74261e-10,7.82916e-10,5.44927e-10,1,8.36638e-10,8.28222e-10,7.19606e-10,1
20425,2,12,1385.92,13,1390.82,3,3,0,0.0111946,1.13784e-09,1.55127e-09,1.07972e-09,1,1.65433e-09,1.63768e-09,1.42291e-09,1
20426,2,12,1385.92,13,1390.82,3,3,0,0.011189,2.2239e-09,3.03195e-09,2.1103e-09,1,3.22689e-09,3.19442e-09,2.7755e-09,1
20427,2,12,1385.92,13,1390.82,3,3,0,0.0111834,4.28873e-09,5.84702e-09,4.06965e-09,1,6.21073e-09,6.14825e-09,5.34195e-09,1
20428,2,12,1385.92,13,1390.82,3,3,0,0.0111778,8.16276e-09,1.11287e-08,7.74579e-09,1,1.17982e-08,1.16795e-08,1.01478e-08,1
20429,2,12,1385.92,13,1390.82,3,3,0,0.0111722,1.53375e-08,2.09104e-08,1.45541e-08,1,2.21265e-08,2.19039e-08,1.90314e-08,1
20430,2,12,1385.92,13,1390.82,3,3,0,0.0111666,2.84574e-08,3.87973e-08,2.70038e-08,1,4.09778e-08,4.05656e-08,3.52457e-08,1
20431,2,12,1385.92,13,1390.82,3,3,0,0.011161,5.21515e-08,7.11005e-08,4.94875e-08,1,7.49605e-08,7.42064e-08,6.44747e-08,1
20432,2,12,1385.92,13,1390.82,3,3,0,0.0111555,9.44228e-08,1.28731e-07,8.95995e-08,1,1.35478e-07,1.34116e-07,1.16527e-07,1
20433,2,12,1385.92,13,1390.82,3,3,0,0.0111499,1.68939e-07,2.30322e-07,1.60309e-07,0.999999,2.41973e-07,2.39539e-07,2.08125e-07,0.999999
20434,2,12,1385.92,13,1390.82,3,3,0,0.0111443,2.98766e-07,4.07321e-07,2.83504e-07,0.999999,4.27195e-07,4.22898e-07,3.67437e-07,0.999999
20435,2,12,1385.92,13,1390.82,3,3,0,0.0111387,5.22371e-07,7.12171e-07,4.95687e-07,0.999998,7.45672e-07,7.38171e-07,6.41365e-07,0.999998
20436,2,12,1385.92,13,1390.82,3,3,0,0.0111332,9.03179e-07,1.23134e-06,8.57043e-07,0.999997,1.28716e-06,1.27421e-06,1.1071e-06,0.999996
20437,2,12,1385.92,13,1390.82,3,3,0,0.0111276,1.54459e-06,2.10581e-06,1.46569e-06,0.999995,2.19772e-06,2.17561e-06,1.89029e-06,0.999994
20438,2,12,1385.92,13,1390.82,3,3,0,0.011122,2.6133e-06,3.56283e-06,2.47981e-06,0.999991,3.71249e-06,3.67514e-06,3.19317e-06,0.999989
20439,2,12,1385.92,13,1390.82,3,3,0,0.0111165,4.37521e-06,5.96492e-06,4.15171e-06,0.999986,6.20588e-06,6.14345e-06,5.33777e-06,0.999982
20440,2,12,1385.92,13,1390.82,3,3,0,0.0111109,7.24986e-06,9.88406e-06,6.87952e-06,0.999976,1.02678e-05,1.01645e-05,8.83148e-06,0.999971
20441,2,12,1385.92,13,1390.82,3,3,0,0.0111054,1.18924e-05,1.62135e-05,1.1285e-05,0.999961,1.6818e-05,1.66488e-05,1.44654e-05,0.999952
20442,2,12,1385.92,13,1390.82,3,3,0,0.0110998,1.93157e-05,2.63339e-05,1.8329e-05,0.999936,2.72759e-05,2.70015e-05,2.34604e-05,0.999922
20443,2,12,1385.92,13,1390.82,3,3,0,0.0110943,3.10692e-05,4.2358e-05,2.94821e-05,0.999897,4.38104e-05,4.33696e-05,3.7682e-05,0.999875
20444,2,12,1385.92,13,1390.82,3,3,0,0.0110887,4.95006e-05,6.74864e-05,4.6972e-05,0.999836,6.97022e-05,6.9001e-05,5.9952e-05,0.999801
20445,2,12,1385.92,13,1390.82,3,3,0,0.0110832,7.81324e-05,0.000106521,7.41412e-05,0.999741,0.000109866,0.000108761,9.44979e-05,0.999687
20446,2,12,1385.92,13,1390.82,3,3,0,0.0110776,0.000122198,0.000166598,0.000115956,0.999595,0.000171594,0.000169868,0.000147591,0.999511
20447,2,12,1385.92,13,1390.82,3,3,0,0.0110721,0.000189399,0.000258216,0.000179724,0.999373,0.000265599,0.000262927,0.000228446,0.999243
20448,2,12,1385.92,13,1390.82,3,3,0,0.0110666,0.00029096,0.000396679,0.000276097,0.999036,0.000407469,0.00040337,0.000350471,0.998839
20449,2,12,1385.92,13,1390.82,3,3,0,0.011061,0.000443082,0.000604074,0.000420449,0.998532,0.000619661,0.000613427,0.00053298,0.998234
20450,2,12,1385.92,13,1390.82,3,3,0,0.0110555,0.000668916,0.000911964,0.000634747,0.997784,0.000934201,0.000924802,0.000803521,0.997337
20451,2,12,1385.92,13,1390.82,3,3,0,0.01105,0.0010012,0.00136498,0.000950057,0.996684,0.00139627,0.00138222,0.00120095,0.996021
20452,2,12,1385.92,13,1390.82,3,3,0,0.0110444,0.00148572,0.00202555,0.00140983,0.995079,0.00206887,0.00204806,0.00177947,0.994104
20453,2,12,1385.92,13,1390.82,3,3,0,0.0110389,0.00218573,0.00297991,0.00207408,0.99276,0.00303873,0.00300816,0.00261366,0.991339
20454,2,12,1385.92,15,1558.5,3,3,9,0.0110334,0.00318745,0.0043456,0.00302463,0.989442,0.00442349,0.00437899,0.00380471,0.987393
20455,2,12,1385.92,15,1558.5,3,3,0,0.0110279,5.77293e-07,7.87049e-07,5.47803e-07,0.999998,8.01923e-07,7.93856e-07,6.89747e-07,0.999998
20456,2,12,1385.92,15,1558.5,3,3,0,0.0110224,9.96145e-07,1.35809e-06,9.4526e-07,0.999997,1.38224e-06,1.36834e-06,1.18889e-06,0.999996
20457,2,12,1385.92,15,1558.5,3,3,0,0.0110169,1.70024e-06,2.31801e-06,1.61339e-06,0.999994,2.35671e-06,2.333e-06,2.02704e-06,0.999993
20458,2,12,1385.92,15,1558.5,3,3,0,0.0110113,2.87113e-06,3.91435e-06,2.72447e-06,0.99999,3.9755e-06,3.93551e-06,3.41939e-06,0.999989
20459,2,12,1385.92,15,1558.5,3,3,0,0.0110058,4.79783e-06,6.5411e-06,4.55275e-06,0.999984,6.63644e-06,6.56968e-06,5.70811e-06,0.999981
20460,2,12,1385.92,15,1558.5,3,3,0,0.0110003,7.9355e-06,1.08188e-05,7.53014e-06,0.999974,1.09654e-05,1.08551e-05,9.43154e-06,0.999969
20461,2,12,1385.92,15,1558.5,3,3,0,0.0109948,1.29936e-05,1.77148e-05,1.23299e-05,0.999957,1.7937e-05,1.77566e-05,1.54279e-05,0.999949
20462,2,12,1385.92,15,1558.5,3,3,0,0.0109893,2.10668e-05,2.87214e-05,1.99907e-05,0.99993,2.90534e-05,2.87611e-05,2.49893e-05,0.999917
20463,2,12,1385.92,15,1558.5,3,3,0,0.0109838,3.3827e-05,4.61179e-05,3.2099e-05,0.999888,4.66063e-05,4.61374e-05,4.00868e-05,0.999867
20464,2,12,1385.92,15,1558.5,3,3,0,0.0109784,5.38026e-05,7.33516e-05,5.10543e-05,0.999822,7.40585e-05,7.33135e-05,6.36989e-05,0.999789
20465,2,12,1385.92,15,1558.5,3,3,0,0.0109729,8.47806e-05,0.000115585,8.04499e-05,0.999719,0.000116591,0.000115418,0.000100281,0.999668
20466,2,12,1385.92,15,1558.5,3,3,0,0.0109674,0.000132378,0.000180476,0.000125616,0.999562,0.000181878,0.000180049,0.000156437,0.999482
20467,2,12,1385.92,15,1558.5,3,3,0,0.0109619,0.000204845,0.000279275,0.000194381,0.999321,0.000281185,0.000278357,0.000241852,0.999199
20468,2,12,1385.92,15,1558.5,3,3,0,0.0109564,0.000314188,0.000428346,0.000298138,0.998959,0.000430879,0.000426544,0.000370606,0.998772
20469,2,12,1385.92,15,1558.5,3,3,0,0.0109509,0.000477701,0.000651271,0.000453299,0.998418,0.000654507,0.000647923,0.000562952,0.998135
20470,2,12,1385.92,15,1558.5,3,3,0,0.0109455,0.000720053,0.000981681,0.000683272,0.997615,0.000985607,0.000975692,0.000847737,0.997191
20471,2,12,1385.92,15,1558.5,3,3,0,0.01094,0.00107606,0.00146705,0.0010211,0.996436,0.00147142,0.00145662,0.00126559,0.995806
20472,2,12,1385.92,15,1558.5,3,3,0,0.0109345,0.00159432,0.00217361,0.00151288,0.994719,0.00217772,0.00215581,0.00187309,0.993793
20473,2,12,1385.92,15,1558.5,3,3,0,0.0109291,0.00234181,0.0031927,0.00222219,0.992243,0.00319487,0.00316273,0.00274796,0.990894
20474,2,12,1385.92,15,1558.5,3,3,0,0.0109236,0.00340956,0.0046484,0.00323539,0.988707,0.00464519,0.00459846,0.0039954,0.986761
20475,2,12,1385.92,15,1558.5,3,3,0,0.0109181,0.00491924,0.00670663,0.00466796,0.983706,0.00669126,0.00662395,0.00575526,0.98093
20476,2,12,1385.92,15,1558.5,3,3,0,0.0109127,0.00703032,0.00958474,0.00667119,0.976714,0.00954443,0.00944841,0.00820932,0.972798
20477,2,12,1385.92,15,1558.5,3,3,0,0.0109072,0.00994648,0.0135605,0.0094384,0.967055,0.0134718,0.0133362,0.0115873,0.961605
20478,2,12,1385.92,15,1558.5,3,3,0,0.0109018,0.0139197,0.0189773,0.0132086,0.953894,0.0187983,0.0186092,0.0161687,0.946424
20479,2,12,1385.92,15,1558.5,3,3,0,0.0108963,0.0192483,0.026242,0.018265,0.936245,0.0259003,0.0256397,0.0222772,0.926183
20480,2,12,1385.92,15,1558.5,3,3,0,0.0108909,0.0262646,0.0358077,0.0249229,0.913005,0.0351821,0.0348282,0.0302607,0.899729
20481,2,12,1385.92,15,1558.5,3,3,0,0.0108854,0.035307,0.0481357,0.0335035,0.883054,0.0470323,0.0465591,0.0404532,0.865955
20482,0,12,1385.92,14,1558.97,3,3,13,0.01088,0.0466723,0.0636304,0.0442882,0.845409,0.0617537,0.0611325,0.0531154,0.823998
20483,0,12,1385.92,14,1558.97,0,2,0,0.0108745,1,5.60807e-16,9.1953e-17,1.73217e-16,3.00698e-16,3.96495e-16,1,1.49038e-15
20484,0,12,1385.92,14,1558.97,0,2,0,0.0108691,1,4.90394e-15,8.04077e-16,1.51468e-15,2.62942e-15,3.4671e-15,1,1.30325e-14
20485,0,12,1385.92,14,1542.28,0,2,13,0.0108637,1,4.10622e-14,6.73279e-15,1.26829e-14,2.20168e-14,2.90309e-14,1,1.09124e-13
20486,0,12,1385.92,14,1499.83,0,2,13,0.0108582,1,7.44822e-19,1.22125e-19,2.30053e-19,3.99358e-19,5.26586e-19,1,1.97938e-18
20487,0,12,1385.92,14,1499.83,0,2,0,0.0108528,1,1.6807e-23,2.75578e-24,5.1912e-24,9.01152e-24,1.18824e-23,1,4.46648e-23
20488,0,12,1385.92,14,1490.79,0,2,13,0.0108474,1,2.07821e-22,3.40755e-23,6.41897e-23,1.11428e-22,1.46927e-22,1,5.52282e-22
20489,0,12,1385.92,14,1474.33,0,2,13,0.0108419,1,5.52351e-27,9.05666e-28,1.70605e-27,2.96154e-27,3.90503e-27,1,1.46786e-26
20490,0,12,1385.92,14,1474.33,0,2,0,0.0108365,1,1.81239e-31,2.97169e-32,5.59792e-32,9.7174e-32,1.28132e-31,1,4.81634e-31
20491,0,12,1385.92,14,1474.33,0,2,0,0.0108311,1,3.2344e-30,5.3033e-31,9.9901e-31,1.73417e-30,2.28664e-30,1,8.59524e-30
20492,0,12,1385.92,14,1465.97,0,2,13,0.0108257,1,5.44886e-29,8.93426e-30,1.68299e-29,2.92146e-29,3.85219e-29,1,1.448e-28
20493,0,12,1385.92,14,1465.97,0,2,0,0.0108203,1,1.96092e-33,3.21523e-34,6.05669e-34,1.05136e-33,1.3863e-33,1,5.21098e-33
20494,0,12,1385.92,14,1465.97,0,2,0,0.0108149,1,3.83105e-32,6.28161e-33,1.1833e-32,2.05404e-32,2.70842e-32,1,1.01807e-31
20495,0,12,1385.92,13,1434.68,0,2,13,0.0108095,1,7.05277e-31,1.15641e-31,2.17839e-31,3.78136e-31,4.98603e-31,1,1.8742e-30
20496,0,12,1385.92,13,1434.68,0,2,0,0.0108041,1,2.76868e-35,4.53968e-36,8.55162e-36,1.48442e-35,1.95733e-35,1,7.35742e-35
20497,0,12,1385.92,13,1434.68,0,2,0,0.0107987,1,5.89026e-34,9.65801e-35,1.81933e-34,3.15805e-34,4.16414e-34,1,1.56526e-33
20498,0,12,1385.92,13,1434.68,0,2,0,0.0107933,1,1.1788e-32,1.93283e-33,3.64096e-33,6.32006e-33,8.33352e-33,1,3.13249e-32
20499,0,12,1385.92,13,1434.68,0,2,0,0.0107879,1,2.22187e-31,3.64311e-32,6.8627e-32,1.19124e-31,1.57075e-31,1,5.90427e-31
20500,0,12,1385.92,13,1434.68,0,2,9,0.0107825,1,3.94905e-30,6.47509e-31,1.21974e-30,2.11724e-30,2.79176e-30,1,1.04939e-29
20501,0,12,1385.92,13,1434.68,0,2,0,0.0107771,1,8.1775e-33,1.34083e-33,2.52579e-33,4.38426e-33,5.781e-33,1,2.17302e-32
20502,0,12,1385.92,13,1434.68,0,2,0,0.0107717,1,1.55266e-31,2.54583e-32,4.7957e-32,8.32434e-32,1.09763e-31,1,4.12589e-31
20503,0,12,1385.92,13,1434.68,0,2,0,0.0107663,1,2.77947e-30,4.55738e-31,8.58496e-31,1.49016e-30,1.9649e-30,1,7.38587e-30
20504,0,12,1385.92,13,1434.68,0,2,0,0.0107609,1,4.69668e-29,7.70094e-30,1.45066e-29,2.51803e-29,3.32023e-29,1,1.24804e-28
20505,0,12,1385.92,13,1422.29,0,2,13,0.0107555,1,7.50003e-28,1.22975e-28,2.31654e-28,4.02098e-28,5.30199e-28,1,1.99296e-27
20506,0,12,1385.92,13,1422.29,0,2,9,0.0107502,1,2.56119e-32,4.19947e-33,7.91075e-33,1.37312e-32,1.81057e-32,1,6.80575e-32
20507,0,12,1385.92,13,1422.29,0,2,0,0.0107448,1,5.86584e-35,9.61797e-36,1.81178e-35,3.14482e-35,4.1467e-35,1,1.5587e-34
20508,0,12,1385.92,13,1422.29,0,2,0,0.0107394,1,1.22934e-33,2.01569e-34,3.79706e-34,6.59075e-34,8.69045e-34,1,3.26665e-33
20509,0,12,1385.92,13,1422.29,0,2,0,0.010734,1,2.4243e-32,3.97502e-33,7.48794e-33,1.29971e-32,1.71378e-32,1,6.44192e-32
20510,0,12,1385.92,13,1422.29,0,2,0,0.0107287,1,4.50404e-31,7.38508e-32,1.39116e-31,2.4147e-31,3.18397e-31,1,1.19682e-30
20511,0,12,1385.92,13,1422.29,0,2,9,0.0107233,1,7.89293e-30,1.29417e-30,2.43789e-30,4.23152e-30,5.57961e-30,1,2.09732e-29
20512,0,12,1385.92,13,1422.29,0,2,9,0.0107179,1,1.61195e-32,2.64304e-33,4.97883e-33,8.64188e-33,1.1395e-32,1,4.28327e-32
20513,0,12,1385.92,13,1422.29,0,2,9,0.0107126,1,3.72616e-35,6.10963e-36,1.1509e-35,1.99764e-35,2.63405e-35,1,9.90113e-35
20514,0,12,1385.92,13,1422.29,0,2,9,0.0107072,1,9.7251e-38,1.59458e-38,3.00379e-38,5.21372e-38,6.87472e-38,1,2.58414e-37
20515,0,12,1385.92,13,1422.29,0,2,0,0.0107019,1,2.85887e-40,4.68756e-41,8.83019e-41,1.53266e-40,2.02094e-40,1,7.59651e-40
20516,0,12,1385.92,13,1422.29,0,2,0,0.0106965,1,7.65205e-39,1.25467e-39,2.36349e-39,4.10231e-39,5.40924e-39,1,2.03328e-38
20517,0,12,1385.92,13,1422.29,0,2,0,0.0106912,1,1.91783e-37,3.14458e-38,5.92361e-38,1.02816e-37,1.35571e-37,1,5.09598e-37
20518,0,12,1385.92,13,1422.29,0,2,0,0.0106858,1,4.50674e-36,7.3895e-37,1.392e-36,2.41607e-36,3.18579e-36,1,1.19751e-35
20519,0,12,1385.92,13,1422.29,0,2,0,0.0106805,1,9.94243e-35,1.63022e-35,3.07092e-35,5.33015e-35,7.02824e-35,1,2.64184e-34
20520,0,12,1385.92,13,1422.29,0,2,0,0.0106752,1,2.06182e-33,3.38068e-34,6.36835e-34,1.10534e-33,1.45748e-33,1,5.47853e-33
20521,0,12,1385.92,13,1422.29,0,2,0,0.0106698,1,4.02415e-32,6.59822e-33,1.24294e-32,2.15734e-32,2.84463e-32,1,1.06927e-31
20522,0,12,1385.92,13,1422.29,0,2,0,0.0106645,1,7.40096e-31,1.2135e-31,2.28594e-31,3.96763e-31,5.23165e-31,1,1.96652e-30
20523,0,12,1385.92,13,1422.29,0,2,0,0.0106591,1,1.28413e-29,2.10554e-30,3.96631e-30,6.88418e-30,9.07736e-30,1,3.41209e-29
20524,0,12,1385.92,13,1422.29,0,2,0,0.0106538,1,2.10449e-28,3.45063e-29,6.50013e-29,1.1282e-28,1.48763e-28,1,5.59184e-28
20525,0,12,1385.92,13,1422.29,0,2,0,0.0106485,1,3.2613e-27,5.34742e-28,1.00732e-27,1.74836e-27,2.30535e-27,1,8.66559e-27
20526,0,12,1385.92,13,1422.29,0,2,9,0.0106432,1,4.78444e-26,7.84484e-27,1.47777e-26,2.56489e-26,3.38202e-26,1,1.27127e-25
20527,0,12,1385.92,13,1422.29,0,2,0,0.0106378,1,8.20904e-29,1.346e-29,2.53553e-29,4.40078e-29,5.80279e-29,1,2.18121e-28
20528,0,12,1385.92,13,1422.29,0,2,0,0.0106325,1,1.29633e-27,2.12553e-28,4.00397e-28,6.94945e-28,9.16342e-28,1,3.44444e-27
20529,0,12,1385.92,13,1422.29,0,2,0,0.0106272,1,1.93717e-26,3.1763e-27,5.98335e-27,1.03849e-26,1.36934e-26,1,5.14719e-26
20530,0,12,1385.92,13,1422.29,0,2,0,0.0106219,1,2.74241e-25,4.49661e-26,8.47049e-26,1.47017e-25,1.93853e-25,1,7.28675e-25
20531,0,12,1385.92,13,1422.29,0,2,0,0.0106166,1,3.68195e-24,6.03713e-25,1.13724e-24,1.97383e-24,2.60266e-24,1,9.78314e-24
20532,0,12,1385.92,13,1421.93,0,2,13,0.0106113,1,4.69315e-23,7.69515e-24,1.44957e-23,2.51592e-23,3.31744e-23,1,1.24699e-22
20533,0,12,1385.92,13,1421.93,0,2,9,0.010606,1,1.28503e-27,2.10701e-28,3.96909e-28,6.88883e-28,9.08349e-28,1,3.41439e-27
20534,0,12,1385.92,13,1421.93,0,2,0,0.0106007,1,2.37025e-30,3.88639e-31,7.32099e-31,1.27064e-30,1.67545e-30,1,6.29784e-30
20535,0,12,1385.92,13,1421.93,0,2,0,0.0105954,1,4.01796e-29,6.58808e-30,1.24103e-29,2.15395e-29,2.84015e-29,1,1.06759e-28
20536,0,12,1385.92,13,1421.93,0,2,0,0.0105901,1,6.43626e-28,1.05533e-28,1.98797e-28,3.45034e-28,4.54955e-28,1,1.71013e-27
20537,0,12,1385.92,13,1420.28,0,2,13,0.0105848,1,9.75369e-27,1.59927e-27,3.01263e-27,5.22873e-27,6.89451e-27,1,2.59157e-26
20538,0,12,1385.92,13,1420.28,0,2,0,0.0105795,1,3.16421e-31,5.18822e-32,9.77331e-32,1.69626e-31,2.23665e-31,1,8.40735e-31
20539,0,12,1385.92,13,1420.28,0,2,9,0.0105742,1,5.58429e-30,9.15632e-31,1.72482e-30,2.9936e-30,3.9473e-30,1,1.48375e-29
20540,0,12,1385.92,13,1415.61,0,2,13,0.0105689,1,1.14838e-32,1.88295e-33,3.54701e-33,6.15617e-33,8.11741e-33,1,3.05125e-32
20541,0,12,1385.92,13,1415.61,0,2,0,0.0105636,1,4.89513e-37,8.02633e-38,1.51196e-37,2.62414e-37,3.46015e-37,1,1.30063e-36
20542,0,12,1385.92,13,1415.61,0,2,0,0.0105583,1,1.12896e-35,1.8511e-36,3.48701e-36,6.05201e-36,7.98007e-36,1,2.99963e-35
20543,0,12,1385.92,13,1415.61,0,2,0,0.0105531,1,2.4453e-34,4.00944e-35,7.55279e-35,1.31085e-34,1.72846e-34,1,6.49712e-34
20544,0,12,1385.92,13,1415.61,0,2,9,0.0105478,1,4.9805e-33,8.1663e-34,1.53833e-33,2.66989e-33,3.52047e-33,1,1.32331e-32
20545,0,12,1385.92,13,1415.61,0,2,0,0.0105425,1,1.17865e-35,1.93258e-36,3.6405e-36,6.31837e-36,8.33129e-36,1,3.13165e-35
20546,0,12,1385.92,13,1415.61,0,2,0,0.0105372,1,2.55073e-34,4.18233e-35,7.87846e-35,1.36736e-34,1.80298e-34,1,6.77723e-34
20547,0,12,1385.92,13,1415.61,0,2,0,0.010532,1,5.19086e-33,8.51124e-34,1.6033e-33,2.78265e-33,3.66915e-33,1,1.3792e-32
20548,0,12,1385.92,13,1415.61,0,2,9,0.0105267,1,9.94587e-32,1.63078e-32,3.07198e-32,5.33164e-32,7.0302e-32,1,2.64258e-31
20549,0,12,1385.92,13,1415.61,0,2,0,0.0105214,1,2.21691e-34,3.63497e-35,6.84737e-35,1.18841e-34,1.56701e-34,1,5.89023e-34
20550,0,12,1385.92,13,1415.61,0,2,0,0.0105162,1,4.52419e-33,7.41811e-34,1.39739e-33,2.42525e-33,3.19789e-33,1,1.20206e-32
20551,0,12,1385.92,13,1415.61,0,2,0,0.0105109,1,8.69236e-32,1.42525e-32,2.68481e-32,4.65965e-32,6.14413e-32,1,2.30952e-31
20552,0,12,1385.92,13,1415.61,0,2,0,0.0105057,1,1.57421e-30,2.58117e-31,4.86227e-31,8.43875e-31,1.11272e-30,1,4.18259e-30
20553,0,12,1385.92,13,1415.61,0,2,0,0.0105004,1,2.69048e-29,4.41146e-30,8.31009e-30,1.44226e-29,1.90174e-29,1,7.14844e-29
20554,0,12,1385.92,13,1415.61,0,2,9,0.0104952,1,4.34451e-28,7.12351e-29,1.34189e-28,2.32892e-28,3.07087e-28,1,1.15431e-27
20555,0,12,1385.92,13,1415.61,0,2,0,0.0104899,1,8.18917e-31,1.34274e-31,2.52939e-31,4.38988e-31,5.78842e-31,1,2.17581e-30
20556,0,12,1385.92,13,1415.61,0,2,0,0.0104847,1,1.41802e-29,2.32507e-30,4.37985e-30,7.60143e-30,1.00231e-29,1,3.76758e-29
20557,0,12,1385.92,13,1415.61,0,2,9,0.0104794,1,2.3193e-28,3.80286e-29,7.16363e-29,1.24328e-28,1.63937e-28,1,6.16221e-28
20558,0,12,1385.92,13,1415.61,0,2,0,0.0104742,1,4.42698e-31,7.25873e-32,1.36736e-31,2.37312e-31,3.12915e-31,1,1.17621e-30
20559,0,12,1385.92,13,1415.61,0,2,9,0.010469,1,7.76057e-30,1.27247e-30,2.39701e-30,4.1601e-30,5.48544e-30,1,2.06192e-29
20560,0,12,1385.92,13,1415.61,0,2,0,0.0104637,1,1.58545e-32,2.5996e-33,4.89699e-33,8.49891e-33,1.12065e-32,1,4.21241e-32
20561,0,12,1385.92,13,1415.61,0,2,0,0.0104585,1,2.9707e-31,4.87092e-32,9.17559e-32,1.59246e-31,2.09978e-31,1,7.89287e-31
20562,0,12,1385.92,13,1415.61,0,2,0,0.0104533,1,5.24939e-30,8.6072e-31,1.62138e-30,2.81396e-30,3.71044e-30,1,1.39471e-29
20563,0,12,1385.92,13,1415.61,0,2,0,0.010448,1,8.7582e-29,1.43604e-29,2.70515e-29,4.69486e-29,6.19056e-29,1,2.32697e-28
20564,0,12,1385.92,13,1415.61,0,2,0,0.0104428,1,1.38126e-27,2.26479e-28,4.26629e-28,7.40427e-28,9.76313e-28,1,3.66986e-27
20565,0,12,1385.92,13,1415.61,0,2,0,0.0104376,1,2.06147e-26,3.3801e-27,6.36726e-27,1.10506e-26,1.45711e-26,1,5.47711e-26
20566,0,12,1385.92,13,1415.61,0,2,0,0.0104324,1,2.91475e-25,4.77919e-26,9.00279e-26,1.56246e-25,2.06023e-25,1,7.74418e-25
20567,0,12,1385.92,13,1415.61,0,2,0,0.0104271,1,3.90856e-24,6.4087e-25,1.20724e-24,2.09519e-24,2.76268e-24,1,1.03846e-23
20568,0,12,1385.92,13,1415.61,0,2,0,0.0104219,1,4.97605e-23,8.15901e-24,1.53695e-23,2.66741e-23,3.5172e-23,1,1.32208e-22
20569,0,12,1385.92,13,1415.61,0,2,9,0.0104167,1,6.02081e-22,9.87206e-23,1.85965e-22,3.22745e-22,4.25566e-22,1,1.59966e-21
20570,0,12,1385.92,13,1415.61,0,2,0,0.0104115,1,8.55302e-25,1.4024e-25,2.64177e-25,4.58484e-25,6.04549e-25,1,2.27244e-24
20571,0,12,1385.92,13,1415.61,0,2,0,0.0104063,1,1.1225e-23,1.84051e-24,3.46706e-24,6.01713e-24,7.93408e-24,1,2.98234e-23
20572,0,12,1385.92,13,1415.61,0,2,0,0.0104011,1,1.39923e-22,2.29426e-23,4.32181e-23,7.50055e-23,9.89009e-23,1,3.71758e-22
20573,0,12,1385.92,13,1415.61,0,2,0,0.0103959,1,1.65836e-21,2.71914e-22,5.12219e-22,8.88961e-22,1.17217e-21,1,4.40606e-21
20574,0,12,1385.92,13,1415.61,0,2,0,0.0103907,1,1.87066e-20,3.06723e-21,5.7779e-21,1.00276e-20,1.32222e-20,1,4.97009e-20
20575,0,12,1385.92,13,1415.61,0,2,9,0.0103855,1,2.0103e-19,3.29621e-20,6.20923e-20,1.07762e-19,1.42093e-19,1,5.34111e-19
20576,0,12,1385.92,13,1415.61,0,2,0,0.0103803,1,2.54246e-22,4.16876e-23,7.8529e-23,1.36288e-22,1.79706e-22,1,6.75498e-22
20577,0,12,1385.92,13,1415.61,0,2,0,0.0103751,1,2.97754e-21,4.88214e-22,9.19672e-22,1.59609e-21,2.10458e-21,1,7.91091e-21
20578,0,12,1385.92,13,1415.61,0,2,9,0.0103699,1,3.31962e-20,5.44303e-21,1.02533e-20,1.77946e-20,2.34637e-20,1,8.81976e-20
20579,0,12,1385.92,13,1415.61,0,2,0,0.0103648,1,4.35235e-23,7.13636e-24,1.34431e-23,2.33305e-23,3.07632e-23,1,1.15636e-22
20580,0,12,1385.92,13,1415.61,0,2,0,0.0103596,1,5.28028e-22,8.65785e-23,1.63092e-22,2.83046e-22,3.7322e-22,1,1.4029e-21
20581,0,12,1385.92,13,1415.61,0,2,9,0.0103544,1,6.09413e-21,9.99229e-22,1.8823e-21,3.26672e-21,4.30744e-21,1,1.61912e-20
20582,0,12,1385.92,13,1415.61,0,2,0,0.0103492,1,8.26554e-24,1.35527e-24,2.55298e-24,4.43069e-24,5.84222e-24,1,2.19603e-23
20583,0,12,1385.92,13,1415.61,0,2,0,0.010344,1,1.03665e-22,1.69976e-23,3.20192e-23,5.55691e-23,7.32724e-23,1,2.75423e-22
20584,0,12,1385.92,13,1415.61,0,2,0,0.0103389,1,1.23603e-21,2.02667e-22,3.81773e-22,6.62564e-22,8.73645e-22,1,3.28394e-21
20585,0,12,1385.92,13,1415.61,0,2,0,0.0103337,1,1.40248e-20,2.29958e-21,4.33184e-21,7.51788e-21,9.91293e-21,1,3.72617e-20
20586,0,12,1385.92,13,1415.61,0,2,9,0.0103285,1,1.51589e-19,2.48553e-20,4.68212e-20,8.12578e-20,1.07145e-19,1,4.02747e-19
20587,0,12,1385.92,13,1415.61,0,2,9,0.0103234,1,1.92802e-22,3.16129e-23,5.95507e-23,1.0335e-22,1.36275e-22,1,5.12243e-22
20588,0,12,1385.92,13,1415.61,0,2,9,0.0103182,1,2.80199e-25,4.5943e-26,8.65451e-26,1.50198e-25,1.98048e-25,1,7.44443e-25
20589,0,12,1385.92,13,1415.61,0,2,0,0.0103131,1,4.6406e-28,7.609e-29,1.43334e-28,2.48755e-28,3.28004e-28,1,1.23293e-27
20590,0,12,1385.92,13,1415.61,0,2,9,0.0103079,1,7.07866e-27,1.16066e-27,2.18639e-27,3.79444e-27,5.00328e-27,1,1.88068e-26
20591,1,12,1385.92,13,1415.61,0,2,0,0.0103027,1,1.26186e-29,2.06901e-30,3.8975e-30,6.76404e-30,8.91894e-30,1,3.35254e-29
20592,1,12,1385.92,13,1415.61,0,2,0,0.0102976,1,7.29209e-13,1.28513e-12,1.84127e-12,1.578e-12,6.58736e-13,1,4.34101e-13
20593,1,12,1385.92,13,1415.61,0,2,0,0.0102924,1,2.7125e-12,4.78042e-12,6.84912e-12,5.86851e-12,2.44981e-12,1,1.6144e-12
20594,1,12,1385.92,13,1415.61,0,2,0,0.0102873,1,9.8283e-12,1.7321e-11,2.48166e-11,2.12588e-11,8.87449e-12,1,5.84821e-12
20595,1,12,1385.92,13,1415.61,0,2,9,0.0102822,1,3.4706e-11,6.11646e-11,8.76332e-11,7.50535e-11,3.1331e-11,1,2.06469e-11
20596,1,12,1385.92,13,1415.61,0,2,0,0.010277,1,1.47476e-14,2.59906e-14,3.72379e-14,3.18856e-14,1.33106e-14,1,8.77159e-15
20597,1,12,1385.92,13,1415.61,0,2,9,0.0102719,1,5.93092e-14,1.04524e-13,1.49757e-13,1.28205e-13,5.35192e-14,1,3.52686e-14
20598,1,12,1385.92,13,1415.61,0,2,0,0.0102667,1,2.86276e-17,5.04523e-17,7.22852e-17,6.18699e-17,2.58275e-17,1,1.70201e-17
20599,1,12,1385.92,13,1415.61,0,2,9,0.0102616,1,1.30444e-16,2.2989e-16,3.29374e-16,2.81859e-16,1.17662e-16,1,7.75381e-17
20600,1,12,1385.92,13,1415.61,0,2,9,0.0102565,1,7.11609e-20,1.25411e-19,1.79682e-19,1.53732e-19,6.41751e-20,1,4.22908e-20
20601,1,12,1385.92,13,1415.61,0,2,0,0.0102513,1,4.51151e-23,7.95092e-23,1.13916e-22,9.7445e-23,4.06783e-23,1,2.68067e-23
20602,1,12,1385.92,13,1415.61,0,2,0,0.0102462,1,2.68541e-22,4.73267e-22,6.78071e-22,5.79918e-22,2.42086e-22,1,1.59533e-22
20603,1,12,1385.92,13,1415.61,0,2,0,0.0102411,1,1.54243e-21,2.71833e-21,3.89467e-21,3.33028e-21,1.39022e-21,1,9.16146e-22
20604,1,12,1385.92,13,1415.61,0,2,0,0.010236,1,8.55494e-21,1.50769e-20,2.16014e-20,1.84677e-20,7.70935e-21,1,5.08039e-21
20605,1,12,1385.92,13,1415.61,0,2,0,0.0102309,1,4.58509e-20,8.08061e-20,1.15774e-19,9.89618e-20,4.13116e-20,1,2.72239e-20
20606,1,12,1385.92,13,1415.61,0,2,0,0.0102257,1,2.37628e-19,4.18786e-19,6.00014e-19,5.12791e-19,2.14064e-19,1,1.41066e-19
20607,1,12,1385.92,13,1415.61,0,2,9,0.0102206,1,1.19167e-18,2.10015e-18,3.00898e-18,2.57113e-18,1.07332e-18,1,7.07305e-19
20608,1,12,1385.92,13,1415.61,0,2,0,0.0102155,1,7.14095e-22,1.2585e-21,1.8031e-21,1.54047e-21,6.43068e-22,1,4.23776e-22
20609,1,12,1385.92,13,1415.61,0,2,0,0.0102104,1,4.02213e-21,7.08847e-21,1.0156e-20,8.67526e-21,3.62148e-21,1,2.38652e-21
20610,1,12,1385.92,13,1415.61,0,2,9,0.0102053,1,2.18848e-20,3.8569e-20,5.52595e-20,4.71953e-20,1.97016e-20,1,1.29832e-20
20611,1,12,1385.92,13,1415.61,0,2,9,0.0102002,1,1.42058e-23,2.50358e-23,3.58698e-23,3.06304e-23,1.27866e-23,1,8.42628e-24
20612,1,12,1385.92,13,1415.61,0,2,0,0.0101951,1,1.06793e-26,1.88207e-26,2.69653e-26,2.3023e-26,9.61093e-27,1,6.33351e-27
20613,1,12,1385.92,13,1415.61,0,2,0,0.01019,1,7.51183e-26,1.32386e-25,1.89675e-25,1.6192e-25,6.75934e-26,1,4.45434e-26
20614,1,12,1385.92,13,1415.61,0,2,0,0.0101849,1,5.08167e-25,8.95575e-25,1.28313e-24,1.09521e-24,4.57194e-25,1,3.01286e-25
20615,1,12,1385.92,13,1415.61,0,2,0,0.0101798,1,3.30873e-24,5.83119e-24,8.3546e-24,7.12999e-24,2.97641e-24,1,1.96143e-24
20616,1,12,1385.92,13,1415.61,0,2,0,0.0101747,1,2.07512e-23,3.65712e-23,5.23972e-23,4.47105e-23,1.86644e-23,1,1.22996e-23
20617,1,12,1385.92,13,1415.61,0,2,0,0.0101696,1,1.25452e-22,2.21092e-22,3.16769e-22,2.70261e-22,1.1282e-22,1,7.43475e-23
20618,1,12,1385.92,13,1415.61,0,2,0,0.0101646,1,7.31617e-22,1.28938e-21,1.84735e-21,1.5759e-21,6.5786e-22,1,4.33524e-22
20619,1,12,1385.92,13,1415.61,0,2,0,0.0101595,1,4.11883e-21,7.25888e-21,1.04001e-20,8.87077e-21,3.7031e-21,1,2.44031e-21
20620,1,12,1385.92,13,1415.61,0,2,0,0.0101544,1,2.24003e-20,3.94775e-20,5.65611e-20,4.82374e-20,2.01367e-20,1,1.32699e-20
20621,1,12,1385.92,13,1415.61,0,2,0,0.0101493,1,1.17767e-19,2.07549e-19,2.97364e-19,2.5357e-19,1.05853e-19,1,6.9756e-20
20622,1,12,1385.92,13,1415.61,0,2,0,0.0101442,1,5.98934e-19,1.05554e-18,1.51232e-18,1.28943e-18,5.38273e-19,1,3.54717e-19
20623,1,12,1385.92,13,1415.61,0,2,0,0.0101392,1,2.94854e-18,5.1964e-18,7.44511e-18,6.34706e-18,2.64958e-18,1,1.74605e-18
20624,1,12,1385.92,13,1415.61,0,2,0,0.0101341,1,1.40602e-17,2.47791e-17,3.55021e-17,3.02624e-17,1.2633e-17,1,8.32505e-18
20625,1,12,1385.92,13,1415.61,0,2,0,0.010129,1,6.49839e-17,1.14525e-16,1.64086e-16,1.39852e-16,5.8381e-17,1,3.84725e-17
20626,1,12,1385.92,13,1415.61,0,2,0,0.010124,1,2.9129e-16,5.13359e-16,7.35512e-16,6.26811e-16,2.61662e-16,1,1.72433e-16
20627,1,12,1385.92,13,1415.61,0,2,0,0.0101189,1,1.26711e-15,2.23311e-15,3.19947e-15,2.72631e-15,1.1381e-15,1,7.49996e-16
20628,1,12,1385.92,13,1415.61,0,2,0,0.0101138,1,5.35221e-15,9.43255e-15,1.35144e-14,1.15145e-14,4.80674e-15,1,3.1676e-15
20629,1,12,1385.92,13,1415.61,0,2,0,0.0101088,1,2.19653e-14,3.87109e-14,5.54629e-14,4.72502e-14,1.97246e-14,1,1.29983e-14
20630,1,12,1385.92,13,1415.61,0,2,0,0.0101037,1,8.76352e-14,1.54445e-13,2.2128e-13,1.88494e-13,7.86868e-14,1,5.18539e-14
20631,1,12,1385.92,13,1415.61,0,2,0,0.0100987,1,3.40095e-13,5.99372e-13,8.58746e-13,7.31432e-13,3.05336e-13,1,2.01214e-13
20632,1,12,1385.92,13,1415.61,0,2,0,0.0100936,1,1.28453e-12,2.26381e-12,3.24346e-12,2.76231e-12,1.15313e-12,1,7.59899e-13
20633,1,12,1385.92,13,1415.61,0,2,9,0.0100886,1,4.72438e-12,8.32607e-12,1.19291e-11,1.01585e-11,4.24066e-12,1,2.79455e-12
20634,1,12,1385.92,13,1415.61,0,2,0,0.0100835,1,2.08921e-15,3.68196e-15,5.2753e-15,4.49184e-15,1.87512e-15,1,1.23569e-15
20635,1,12,1385.92,13,1415.61,0,2,0,0.0100785,1,8.73692e-15,1.53976e-14,2.20609e-14,1.87827e-14,7.84083e-15,1,5.16704e-15
20636,1,12,1385.92,13,1415.61,0,2,0,0.0100735,1,3.55064e-14,6.25752e-14,8.96543e-14,7.63247e-14,3.18617e-14,1,2.09966e-14
20637,1,12,1385.92,13,1415.61,0,2,0,0.0100684,1,1.40306e-13,2.4727e-13,3.54275e-13,3.01574e-13,1.25892e-13,1,8.29616e-14
20638,1,12,1385.92,13,1415.61,0,2,9,0.0100634,1,5.39399e-13,9.50617e-13,1.36199e-12,1.15928e-12,4.83941e-13,1,3.18913e-13
20639,1,12,1385.92,13,1415.61,0,2,0,0.0100584,1,2.49113e-16,4.39028e-16,6.29015e-16,5.35348e-16,2.23481e-16,1,1.47272e-16
20640,1,12,1385.92,13,1415.61,0,2,9,0.0100533,1,1.08704e-15,1.91576e-15,2.74479e-15,2.33586e-15,9.75101e-16,1,6.42583e-16
20641,1,12,1385.92,13,1415.61,0,2,0,0.0100483,1,5.68388e-19,1.00171e-18,1.43519e-18,1.22126e-18,5.09815e-19,1,3.35963e-19
20642,1,12,1385.92,13,1415.61,0,2,0,0.0100433,1,2.80109e-18,4.93654e-18,7.0728e-18,6.01804e-18,2.51223e-18,1,1.65553e-18
20643,1,12,1385.92,13,1415.61,0,2,9,0.0100383,1,1.33708e-17,2.35642e-17,3.37614e-17,2.87242e-17,1.19909e-17,1,7.90189e-18
20644,1,12,1385.92,13,1415.61,0,2,0,0.0100332,1,7.6341e-21,1.34541e-20,1.92762e-20,1.63989e-20,6.84571e-21,1,4.51126e-21
20645,1,12,1385.92,13,1415.61,0,2,0,0.0100282,1,4.10089e-20,7.22727e-20,1.03548e-19,8.80847e-20,3.67709e-20,1,2.42317e-20
20646,1,12,1385.92,13,1415.61,0,2,0,0.0100232,1,2.13008e-19,3.75398e-19,5.37849e-19,4.57493e-19,1.9098e-19,1,1.25854e-19
20647,1,12,1385.92,13,1415.61,0,2,0,0.0100182,1,1.07054e-18,1.88669e-18,2.70314e-18,2.29911e-18,9.59761e-19,1,6.32474e-19
20648,1,12,1385.92,13,1415.61,0,2,0,0.0100132,1,5.20939e-18,9.18085e-18,1.31538e-17,1.11869e-17,4.66997e-18,1,3.07747e-18
20649,1,12,1385.92,13,1415.61,0,2,0,0.0100082,1,2.45599e-17,4.32835e-17,6.20142e-17,5.27373e-17,2.20152e-17,1,1.45078e-17
20650,1,12,1385.92,13,1415.61,0,2,9,0.0100032,1,1.12253e-16,1.97831e-16,2.83441e-16,2.41023e-16,1.00615e-16,1,6.63042e-17
20651,1,12,1385.92,13,1415.61,0,2,9,0.00999817,1,6.14213e-20,1.08247e-19,1.5509e-19,1.31871e-19,5.50494e-20,1,3.6277e-20
20652,1,12,1385.92,13,1415.61,0,2,0,0.00999317,1,3.90551e-23,6.88293e-23,9.86148e-23,8.38451e-23,3.50011e-23,1,2.30654e-23
20653,1,12,1385.92,13,1415.61,0,2,0,0.00998818,1,2.33141e-22,4.1088e-22,5.88686e-22,5.00484e-22,2.08927e-22,1,1.37681e-22
20654,1,12,1385.92,13,1415.61,0,2,0,0.00998318,1,1.3429e-21,2.36667e-21,3.39084e-21,2.8826e-21,1.20334e-21,1,7.9299e-22
20655,1,12,1385.92,13,1415.61,0,2,0,0.00997819,1,7.46891e-21,1.31629e-20,1.88591e-20,1.60314e-20,6.69229e-21,1,4.41016e-21
20656,1,12,1385.92,13,1415.61,0,2,0,0.0099732,1,4.01391e-20,7.07397e-20,1.01352e-19,8.61497e-20,3.59631e-20,1,2.36994e-20
20657,1,12,1385.92,13,1415.61,0,2,9,0.00996822,1,2.08579e-19,3.67593e-19,5.26667e-19,4.47642e-19,1.86868e-19,1,1.23144e-19
20658,1,12,1385.92,13,1415.61,0,2,0,0.00996323,1,1.29423e-22,2.2809e-22,3.26795e-22,2.77744e-22,1.15944e-22,1,7.64059e-23
20659,1,12,1385.92,13,1415.61,0,2,0,0.00995825,1,7.54304e-22,1.32936e-21,1.90463e-21,1.61865e-21,6.75705e-22,1,4.45283e-22
20660,1,12,1385.92,13,1415.61,0,2,0,0.00995327,1,4.24396e-21,7.4794e-21,1.07161e-20,9.10652e-21,3.80151e-21,1,2.50516e-21
20661,1,12,1385.92,13,1415.61,0,2,0,0.00994829,1,2.3067e-20,4.06524e-20,5.82445e-20,4.94934e-20,2.0661e-20,1,1.36154e-20
20662,1,12,1385.92,13,1415.61,0,2,9,0.00994332,1,1.21201e-19,2.13601e-19,3.06035e-19,2.60039e-19,1.08553e-19,1,7.15355e-20
20663,1,12,1385.92,13,1415.61,0,2,0,0.00993835,1,7.60259e-23,1.33985e-22,1.91967e-22,1.63106e-22,6.80884e-23,1,4.48697e-23
20664,1,12,1385.92,13,1415.61,0,2,9,0.00993338,1,4.47835e-22,7.89248e-22,1.13079e-21,9.60732e-22,4.01057e-22,1,2.64293e-22
20665,1,12,1385.92,13,1415.61,0,2,0,0.00992841,1,3.1421e-25,5.53753e-25,7.93387e-25,6.74035e-25,2.81375e-25,1,1.85424e-25
20666,1,12,1385.92,13,1415.61,0,2,0,0.00992345,1,2.06563e-24,3.64038e-24,5.21574e-24,4.43089e-24,1.84967e-24,1,1.21892e-24
20667,1,12,1385.92,13,1415.61,0,2,0,0.00991849,1,1.30775e-23,2.30474e-23,3.3021e-23,2.80507e-23,1.17097e-23,1,7.7166e-24
20668,1,12,1385.92,13,1415.61,0,2,0,0.00991353,1,7.97941e-23,1.40626e-22,2.01482e-22,1.71146e-22,7.14447e-23,1,4.70814e-23
20669,1,12,1385.92,13,1415.61,0,2,0,0.00990857,1,4.69577e-22,8.27566e-22,1.18569e-21,1.00712e-21,4.20422e-22,1,2.77054e-22
20670,1,12,1385.92,13,1415.61,0,2,9,0.00990362,1,2.66715e-21,4.7005e-21,6.73461e-21,5.72007e-21,2.38784e-21,1,1.57357e-21
20671,1,12,1385.92,13,1415.61,0,2,0,0.00989866,1,1.80573e-24,3.18235e-24,4.55949e-24,3.87245e-24,1.61655e-24,1,1.06529e-24
20672,1,12,1385.92,13,1415.61,0,2,0,0.00989372,1,1.14629e-23,2.02018e-23,2.8944e-23,2.45815e-23,1.02615e-23,1,6.76225e-24
20673,1,12,1385.92,13,1415.61,0,2,0,0.00988877,1,7.01268e-23,1.23589e-22,1.77071e-22,1.50376e-22,6.27743e-23,1,4.13677e-23
20674,1,12,1385.92,13,1415.61,0,2,0,0.00988382,1,4.13754e-22,7.29185e-22,1.04474e-21,8.8719e-22,3.70357e-22,1,2.44062e-22
20675,1,12,1385.92,13,1415.61,0,2,0,0.00987888,1,2.35604e-21,4.1522e-21,5.94904e-21,5.05171e-21,2.10883e-21,1,1.3897e-21
20676,1,12,1385.92,13,1415.61,0,2,0,0.00987394,1,1.29573e-20,2.28355e-20,3.27174e-20,2.77812e-20,1.15973e-20,1,7.64249e-21
20677,1,12,1385.92,13,1415.61,0,2,0,0.00986901,1,6.88715e-20,1.21377e-19,1.73902e-19,1.47659e-19,6.164e-20,1,4.06202e-20
20678,1,12,1385.92,13,1415.61,0,2,0,0.00986407,1,3.54041e-19,6.2395e-19,8.93961e-19,7.59025e-19,3.16854e-19,1,2.08804e-19
20679,1,12,1385.92,13,1415.61,0,2,0,0.00985914,1,1.76136e-18,3.10416e-18,4.44747e-18,3.77601e-18,1.57629e-18,1,1.03876e-18
20680,1,12,1385.92,13,1415.61,0,2,0,0.00985421,1,8.48608e-18,1.49556e-17,2.14275e-17,1.81917e-17,7.59413e-18,1,5.00446e-18
20681,1,12,1385.92,13,1415.61,0,2,0,0.00984928,1,3.96194e-17,6.98239e-17,1.0004e-16,8.49296e-17,3.54538e-17,1,2.33637e-17
20682,1,12,1385.92,13,1415.61,0,2,0,0.00984436,1,1.7936e-16,3.16098e-16,4.52887e-16,3.84468e-16,1.60496e-16,1,1.05765e-16
20683,1,12,1385.92,13,1415.61,0,2,9,0.00983944,1,7.87819e-16,1.38842e-15,1.98926e-15,1.68867e-15,7.04935e-16,1,4.64545e-16
20684,1,12,1385.92,13,1415.61,0,2,0,0.00983452,1,4.14594e-19,7.30666e-19,1.04686e-18,8.8864e-19,3.70962e-19,1,2.44461e-19
20685,1,12,1385.92,13,1415.61,0,2,0,0.0098296,1,2.05611e-18,3.62361e-18,5.19171e-18,4.4069e-18,1.83966e-18,1,1.21232e-18
20686,1,12,1385.92,13,1415.61,0,2,0,0.00982468,1,9.87553e-18,1.74043e-17,2.49359e-17,2.11657e-17,8.83562e-18,1,5.82259e-18
20687,1,12,1385.92,13,1415.61,0,2,0,0.00981977,1,4.59669e-17,8.10104e-17,1.16067e-16,9.8515e-17,4.1125e-17,1,2.7101e-17
20688,1,12,1385.92,13,1415.61,0,2,9,0.00981486,1,2.07478e-16,3.65651e-16,5.23885e-16,4.44646e-16,1.85617e-16,1,1.2232e-16
20689,1,12,1385.92,13,1415.61,0,2,0,0.00980995,1,1.12139e-19,1.9763e-19,2.83153e-19,2.40318e-19,1.00321e-19,1,6.61103e-20
20690,1,12,1385.92,13,1415.61,0,2,9,0.00980505,1,5.7087e-19,1.00608e-18,1.44146e-18,1.22336e-18,5.10689e-19,1,3.36539e-19
20691,2,12,1385.92,13,1415.61,0,2,9,0.00980015,1,3.47162e-22,6.11825e-22,8.76589e-22,7.43932e-22,3.10554e-22,1,2.04652e-22
20692,2,12,1385.92,13,1415.61,3,3,0,0.00979525,1.03708e-10,1.4139e-10,9.84107e-11,1,1.40343e-10,1.38932e-10,1.20712e-10,1
20693,2,12,1385.92,13,1415.61,3,3,0,0.00979035,2.12644e-10,2.89907e-10,2.01781e-10,1,2.87596e-10,2.84703e-10,2.47366e-10,1
20694,2,12,1385.92,13,1415.61,3,3,0,0.00978545,4.29788e-10,5.8595e-10,4.07834e-10,1,5.80954e-10,5.75109e-10,4.99688e-10,1
20695,2,12,1385.92,13,1415.61,3,3,0,0.00978056,8.56534e-10,1.16775e-09,8.12781e-10,1,1.15716e-09,1.14552e-09,9.95292e-10,1
20696,2,12,1385.92,13,1415.61,3,3,0,0.00977567,1.68362e-09,2.29536e-09,1.59762e-09,1,2.27332e-09,2.25045e-09,1.95532e-09,1
20697,2,12,1385.92,13,1415.61,3,3,0,0.00977078,3.26494e-09,4.45124e-09,3.09816e-09,1,4.40617e-09,4.36185e-09,3.78982e-09,1
20698,2,12,1385.92,13,1415.61,3,3,0,0.0097659,6.24817e-09,8.51841e-09,5.929e-09,1,8.42781e-09,8.34303e-09,7.2489e-09,1
20699,2,12,1385.92,13,1415.61,3,3,0,0.00976102,1.1803e-08,1.60916e-08,1.12001e-08,1,1.59124e-08,1.57523e-08,1.36865e-08,1
20700,2,12,1385.92,13,1415.61,3,3,0,0.00975613,2.20145e-08,3.00133e-08,2.08899e-08,1,2.96644e-08,2.93659e-08,2.55148e-08,1
20701,2,12,1385.92,13,1415.61,3,3,0,0.00975126,4.05517e-08,5.5286e-08,3.84803e-08,1,5.46166e-08,5.40672e-08,4.69766e-08,1
20702,2,12,1385.92,13,1415.61,3,3,0,0.00974638,7.37911e-08,1.00603e-07,7.00217e-08,1,9.93374e-08,9.83381e-08,8.54417e-08,1
20703,2,12,1385.92,13,1415.61,3,3,0,0.00974151,1.32678e-07,1.80886e-07,1.25901e-07,1,1.78528e-07,1.76732e-07,1.53554e-07,0.999999
20704,2,12,1385.92,13,1415.61,3,3,0,0.00973664,2.35775e-07,3.21443e-07,2.23731e-07,0.999999,3.17107e-07,3.13917e-07,2.72749e-07,0.999999
20705,2,12,1385.92,13,1415.61,3,3,0,0.00973177,4.14193e-07,5.64688e-07,3.93036e-07,0.999999,5.56821e-07,5.51219e-07,4.78931e-07,0.999998
20706,2,12,1385.92,13,1415.61,3,3,0,0.0097269,7.19472e-07,9.80888e-07,6.8272e-07,0.999998,9.66797e-07,9.57071e-07,8.31558e-07,0.999997
20707,2,12,1385.92,13,1415.61,3,3,0,0.00972204,1.23603e-06,1.68513e-06,1.17289e-06,0.999996,1.66021e-06,1.64351e-06,1.42797e-06,0.999995
20708,2,12,1385.92,13,1415.61,3,3,0,0.00971718,2.10059e-06,2.86383e-06,1.99329e-06,0.999993,2.82028e-06,2.79191e-06,2.42577e-06,0.999992
20709,2,12,1385.92,13,1415.61,3,3,0,0.00971232,3.53222e-06,4.81563e-06,3.35178e-06,0.999988,4.74044e-06,4.69275e-06,4.07733e-06,0.999986
20710,2,12,1385.92,13,1415.61,3,3,0,0.00970746,5.87812e-06,8.0139e-06,5.57785e-06,0.999981,7.88556e-06,7.80623e-06,6.7825e-06,0.999978
20711,2,12,1385.92,13,1415.61,3,3,0,0.00970261,9.68284e-06,1.32011e-05,9.18823e-06,0.999968,1.29845e-05,1.28538e-05,1.11681e-05,0.999963
20712,2,12,1385.92,13,1415.61,3,3,0,0.00969776,1.57917e-05,2.15295e-05,1.4985e-05,0.999948,2.1168e-05,2.0955e-05,1.82069e-05,0.99994
20713,2,12,1385.92,15,1668.49,3,3,9,0.00969291,2.55036e-05,3.47702e-05,2.42008e-05,0.999916,3.41731e-05,3.38293e-05,2.93928e-05,0.999903
20714,2,12,1385.92,15,1668.49,3,3,0,0.00968806,5.03512e-09,6.86461e-09,4.77792e-09,1,6.74429e-09,6.67644e-09,5.80087e-09,1
20715,2,12,1385.92,15,1668.49,3,3,0,0.00968322,9.55267e-09,1.30236e-08,9.0647e-09,1,1.27906e-08,1.2662e-08,1.10014e-08,1
20716,2,12,1385.92,15,1668.49,3,3,0,0.00967838,1.78928e-08,2.4394e-08,1.69788e-08,1,2.39491e-08,2.37081e-08,2.0599e-08,1
20717,2,12,1385.92,15,1668.49,3,3,0,0.00967354,3.30963e-08,4.51216e-08,3.14057e-08,1,4.42831e-08,4.38376e-08,3.80886e-08,1
20718,2,12,1385.92,15,1668.49,3,3,0,0.0096687,6.04698e-08,8.24412e-08,5.73809e-08,1,8.08812e-08,8.00675e-08,6.95672e-08,1
20719,2,12,1385.92,15,1668.49,3,3,0,0.00966387,1.0916e-07,1.48823e-07,1.03584e-07,1,1.45957e-07,1.44489e-07,1.2554e-07,1
20720,2,12,1385.92,15,1668.49,3,3,0,0.00965904,1.94741e-07,2.65499e-07,1.84793e-07,0.999999,2.603e-07,2.57682e-07,2.23889e-07,0.999999
20721,2,12,1385.92,15,1668.49,3,3,0,0.00965421,3.43418e-07,4.68197e-07,3.25875e-07,0.999999,4.58881e-07,4.54264e-07,3.94691e-07,0.999999
20722,2,12,1385.92,15,1668.49,3,3,0,0.00964938,5.98771e-07,8.16332e-07,5.68185e-07,0.999998,7.99834e-07,7.91788e-07,6.8795e-07,0.999998
20723,2,12,1385.92,15,1668.49,3,3,0,0.00964455,1.03245e-06,1.40759e-06,9.79713e-07,0.999997,1.37871e-06,1.36484e-06,1.18585e-06,0.999996
20724,2,12,1385.92,15,1668.49,3,3,0,0.00963973,1.76095e-06,2.40078e-06,1.671e-06,0.999994,2.35081e-06,2.32716e-06,2.02197e-06,0.999993
20725,2,12,1385.92,15,1668.49,3,3,0,0.00963491,2.97157e-06,4.05127e-06,2.81977e-06,0.99999,3.96575e-06,3.92586e-06,3.41101e-06,0.999989
20726,0,12,1385.92,15,1646.15,3,3,13,0.00963009,4.96224e-06,6.76525e-06,4.70876e-06,0.999984,6.6205e-06,6.55389e-06,5.69439e-06,0.999981
20727,0,12,1385.92,14,1649.91,0,2,13,0.00962528,1,7.80503e-26,1.27976e-26,2.41074e-26,4.18758e-26,5.52167e-26,1,2.07554e-25
20728,0,12,1385.92,14,1649.91,0,2,0,0.00962047,1,2.42888e-30,3.98254e-31,7.5021e-31,1.30313e-30,1.71828e-30,1,6.45885e-30
20729,0,12,1385.92,14,1647.06,0,2,13,0.00961566,1,4.11535e-29,6.74776e-30,1.27111e-29,2.2079e-29,2.9113e-29,1,1.09433e-28
20730,0,12,1385.92,14,1637.5,0,2,13,0.00961085,1,1.48936e-33,2.44203e-34,4.60017e-34,7.9903e-34,1.05359e-33,1,3.96032e-33
20731,0,12,1385.92,14,1633.5,0,2,13,0.00960604,1,6.6133e-38,1.08435e-38,2.04265e-38,3.54793e-38,4.67824e-38,1,1.7585e-37
20732,0,12,1385.92,14,1633.02,0,2,13,0.00960124,1,3.5883e-42,5.88359e-43,1.10832e-42,1.92504e-42,2.53832e-42,1,9.54128e-42
20733,0,12,1385.92,14,1633.02,0,2,0,0.00959644,1,2.36958e-46,3.8853e-47,7.31892e-47,1.2712e-46,1.67618e-46,1,6.30059e-46
20734,0,12,1385.92,14,1633.02,0,2,0,0.00959164,1,8.39239e-45,1.37606e-45,2.59216e-45,4.50216e-45,5.93646e-45,1,2.23146e-44
20735,0,12,1385.92,14,1633.02,0,2,0,0.00958685,1,2.76768e-43,4.53804e-44,8.54854e-44,1.48472e-43,1.95772e-43,1,7.35888e-43
20736,0,12,1385.92,14,1633.02,0,2,0,0.00958205,1,8.51102e-42,1.39551e-42,2.6288e-42,4.56565e-42,6.02018e-42,1,2.26292e-41
20737,0,12,1385.92,14,1627.98,0,2,13,0.00957726,1,2.44394e-40,4.00722e-41,7.54859e-41,1.311e-40,1.72867e-40,1,6.49788e-40
20738,0,12,1385.92,14,1627.98,0,2,0,0.00957247,1,1.48323e-44,2.43198e-45,4.58125e-45,7.95638e-45,1.04911e-44,1,3.94351e-44
20739,0,12,1385.92,14,1627.98,0,2,0,0.00956769,1,4.83606e-43,7.92947e-44,1.49371e-43,2.59413e-43,3.42058e-43,1,1.28576e-42
20740,0,12,1385.92,14,1627.54,0,2,13,0.0095629,1,1.47065e-41,2.41136e-42,4.5424e-42,7.88868e-42,1.04019e-41,1,3.90996e-41
20741,0,12,1385.92,14,1627.11,0,2,13,0.00955812,1,9.44146e-46,1.54808e-46,2.91619e-46,5.06439e-46,6.67782e-46,1,2.51012e-45
20742,0,12,1385.92,14,1627.11,0,2,0,0.00955334,1,7.35221e-50,1.20551e-50,2.27088e-50,3.94367e-50,5.20005e-50,1,1.95464e-49
20743,0,12,1385.92,14,1627.11,0,2,0,0.00954857,1,3.06054e-48,5.01823e-49,9.45309e-49,1.64162e-48,2.16462e-48,1,8.13657e-48
20744,0,12,1385.92,14,1627.11,0,2,0,0.00954379,1,1.18247e-46,1.93884e-47,3.65229e-47,6.34249e-47,8.36309e-47,1,3.1436e-46
20745,0,12,1385.92,14,1627.11,0,2,0,0.00953902,1,4.2466e-45,6.96297e-46,1.31165e-45,2.27775e-45,3.0034e-45,1,1.12895e-44
20746,0,12,1385.92,14,1625.63,0,2,13,0.00953425,1,1.41967e-43,2.32778e-44,4.38495e-44,7.61461e-44,1.00405e-43,1,3.77412e-43
20747,0,12,1385.92,14,1625.63,0,2,0,0.00952948,1,1.00006e-47,1.63975e-48,3.08888e-48,5.36387e-48,7.0727e-48,1,2.65856e-47
20748,0,12,1385.92,14,1625.63,0,2,0,0.00952472,1,3.77339e-46,6.18707e-47,1.16549e-46,2.02386e-46,2.66862e-46,1,1.00311e-45
20749,0,12,1385.92,14,1625.63,0,2,0,0.00951996,1,1.32405e-44,2.17099e-45,4.08961e-45,7.10147e-45,9.36387e-45,1,3.51978e-44
20750,0,12,1385.92,14,1625.63,0,2,0,0.0095152,1,4.32689e-43,7.09461e-44,1.33645e-43,2.32067e-43,3.05999e-43,1,1.15022e-42
20751,0,12,1385.92,14,1624.48,0,2,13,0.00951044,1,1.31874e-41,2.16228e-42,4.0732e-42,7.07281e-42,9.32608e-42,1,3.50558e-41
20752,0,12,1385.92,14,1624.48,0,2,0,0.00950568,1,8.4847e-46,1.3912e-46,2.62067e-46,4.55055e-46,6.00027e-46,1,2.25544e-45
20753,0,12,1385.92,14,1624.48,0,2,0,0.00950093,1,2.92935e-44,4.80313e-45,9.0479e-45,1.57106e-44,2.07158e-44,1,7.78684e-44
20754,0,12,1385.92,14,1618.17,0,2,13,0.00949618,1,9.42202e-43,1.54489e-43,2.91018e-43,5.05314e-43,6.66298e-43,1,2.50455e-42
20755,0,12,1385.92,14,1618.17,0,2,0,0.00949143,1,6.39059e-47,1.04784e-47,1.97386e-47,3.42731e-47,4.51919e-47,1,1.69872e-46
20756,0,12,1385.92,14,1618.17,0,2,0,0.00948669,1,2.32347e-45,3.8097e-46,7.17652e-46,1.24608e-45,1.64306e-45,1,6.17609e-45
20757,0,12,1385.92,14,1618.17,0,2,0,0.00948194,1,7.86182e-44,1.28907e-44,2.42828e-44,4.21625e-44,5.55948e-44,1,2.08975e-43
20758,0,12,1385.92,14,1618.17,0,2,0,0.0094772,1,2.47925e-42,4.06512e-43,7.65767e-43,1.3296e-42,1.75318e-42,1,6.59003e-42
20759,0,12,1385.92,14,1618.17,0,2,0,0.00947246,1,7.29696e-41,1.19645e-41,2.25381e-41,3.91324e-41,5.15993e-41,1,1.93957e-40
20760,0,12,1385.92,14,1618.17,0,2,0,0.00946773,1,2.00718e-39,3.29109e-40,6.1996e-40,1.07641e-39,1.41933e-39,1,5.33513e-39
20761,0,12,1385.92,14,1618.17,0,2,9,0.00946299,1,5.16706e-38,8.4722e-39,1.59595e-38,2.77096e-38,3.65373e-38,1,1.3734e-37
20762,0,12,1385.92,14,1618.17,0,2,9,0.00945826,1,1.53828e-40,2.52226e-41,4.7513e-41,8.24932e-41,1.08774e-40,1,4.08871e-40
20763,0,12,1385.92,14,1618.17,0,2,0,0.00945353,1,5.14462e-43,8.43541e-44,1.58902e-43,2.75887e-43,3.6378e-43,1,1.36741e-42
20764,0,12,1385.92,14,1617.22,0,2,13,0.0094488,1,1.56255e-41,2.56205e-42,4.82625e-42,8.37931e-42,1.10488e-41,1,4.15313e-41
20765,0,12,1385.92,14,1617.22,0,2,0,0.00944408,1,1.00193e-45,1.64282e-46,3.09466e-46,5.37288e-46,7.08459e-46,1,2.66302e-45
20766,0,12,1385.92,14,1617.22,0,2,0,0.00943936,1,3.44769e-44,5.65303e-45,1.06489e-44,1.84882e-44,2.43782e-44,1,9.16352e-44
20767,0,12,1385.92,14,1617.22,0,2,0,0.00943464,1,1.10531e-42,1.81233e-43,3.41399e-43,5.92718e-43,7.81548e-43,1,2.93776e-42
20768,0,12,1385.92,14,1617.22,0,2,0,0.00942992,1,3.30616e-41,5.42097e-42,1.02117e-41,1.7729e-41,2.33771e-41,1,8.7872e-41
20769,0,12,1385.92,14,1613.99,0,2,13,0.00942521,1,9.23943e-40,1.51495e-40,2.85379e-40,4.95451e-40,6.53293e-40,1,2.45566e-39
20770,0,12,1385.92,14,1613.99,0,2,0,0.00942049,1,5.46024e-44,8.95292e-45,1.68651e-44,2.92795e-44,3.86075e-44,1,1.45122e-43
20771,0,12,1385.92,14,1613.99,0,2,9,0.00941578,1,1.73451e-42,2.84399e-43,5.35737e-43,9.30089e-43,1.2264e-42,1,4.60991e-42
20772,0,12,1385.92,14,1613.99,0,2,9,0.00941108,1,6.34527e-45,1.04041e-45,1.95986e-45,3.40248e-45,4.48645e-45,1,1.68641e-44
20773,0,12,1385.92,14,1613.99,0,2,0,0.00940637,1,2.59692e-47,4.25806e-48,8.02111e-48,1.39252e-47,1.83615e-47,1,6.90189e-47
20774,0,12,1385.92,14,1613.99,0,2,9,0.00940167,1,9.6134e-46,1.57627e-46,2.96929e-46,5.15485e-46,6.79709e-46,1,2.55496e-45
20775,0,12,1385.92,14,1613.99,0,2,0,0.00939697,1,4.0858e-48,6.69931e-49,1.26198e-48,2.19085e-48,2.88882e-48,1,1.08588e-47
20776,0,12,1385.92,14,1613.99,0,2,0,0.00939227,1,1.56949e-46,2.57343e-47,4.8477e-47,8.41574e-47,1.10968e-46,1,4.17119e-46
20777,0,12,1385.92,14,1613.99,0,2,0,0.00938757,1,5.6047e-45,9.18978e-46,1.73113e-45,3.00526e-45,3.96268e-45,1,1.48953e-44
20778,0,12,1385.92,14,1605,0,2,13,0.00938288,1,1.86333e-43,3.05522e-44,5.75527e-44,9.99116e-44,1.31742e-43,1,4.95203e-43
20779,0,12,1385.92,14,1605,0,2,0,0.00937819,1,1.30546e-47,2.1405e-48,4.03217e-48,6.99982e-48,9.22984e-48,1,3.4694e-47
20780,0,12,1385.92,14,1597.72,0,2,13,0.0093735,1,4.89955e-46,8.03357e-47,1.51332e-46,2.6271e-46,3.46405e-46,1,1.3021e-45
20781,0,12,1385.92,14,1597.72,0,2,0,0.00936881,1,3.86574e-50,6.33848e-51,1.19401e-50,2.07277e-50,2.73311e-50,1,1.02735e-49
20782,0,12,1385.92,14,1597.72,0,2,0,0.00936413,1,1.63003e-48,2.67269e-49,5.03468e-49,8.74e-49,1.15244e-48,1,4.3319e-48
20783,0,12,1385.92,14,1597.72,0,2,0,0.00935944,1,6.37764e-47,1.04571e-47,1.96986e-47,3.41958e-47,4.50899e-47,1,1.69488e-46
20784,0,12,1385.92,14,1564.45,0,2,13,0.00935476,1,2.31886e-45,3.80213e-46,7.16227e-46,1.24332e-45,1.63943e-45,1,6.16243e-45
20785,0,12,1385.92,14,1564.45,0,2,9,0.00935009,1,1.77357e-49,2.90805e-50,5.47804e-50,9.50947e-50,1.2539e-49,1,4.71329e-49
20786,0,12,1385.92,14,1564.45,0,2,0,0.00934541,1,8.95219e-52,1.46785e-52,2.76507e-52,4.79992e-52,6.32909e-52,1,2.37904e-51
20787,0,12,1385.92,14,1564.45,0,2,0,0.00934074,1,4.07004e-50,6.67347e-51,1.25711e-50,2.18223e-50,2.87745e-50,1,1.08161e-49
20788,0,12,1385.92,14,1564.45,0,2,0,0.00933607,1,1.71441e-48,2.81104e-49,5.2953e-49,9.1921e-49,1.21205e-48,1,4.55599e-48
20789,0,12,1385.92,14,1564.45,0,2,0,0.0093314,1,6.70101e-47,1.09874e-47,2.06974e-47,3.59284e-47,4.73746e-47,1,1.78076e-46
20790,0,12,1385.92,14,1564.45,0,2,0,0.00932674,1,2.43403e-45,3.99097e-46,7.51799e-46,1.30503e-45,1.72079e-45,1,6.46828e-45
20791,0,12,1385.92,14,1564.45,0,2,0,0.00932207,1,8.22824e-44,1.34915e-44,2.54146e-44,4.41164e-44,5.81711e-44,1,2.18659e-43
20792,0,12,1385.92,14,1564.45,0,2,0,0.00931741,1,2.59244e-42,4.25071e-43,8.00728e-43,1.38995e-42,1.83276e-42,1,6.88917e-42
20793,0,12,1385.92,14,1564.45,0,2,0,0.00931275,1,7.62329e-41,1.24996e-41,2.35461e-41,4.08725e-41,5.38937e-41,1,2.02581e-40
20794,0,12,1385.92,14,1564.45,0,2,0,0.0093081,1,2.09511e-39,3.43527e-40,6.47118e-40,1.1233e-39,1.48116e-39,1,5.56752e-39
20795,0,12,1385.92,14,1564.45,0,2,0,0.00930344,1,5.38879e-38,8.83577e-39,1.66444e-38,2.88919e-38,3.80963e-38,1,1.432e-37
20796,0,12,1385.92,14,1564.45,0,2,0,0.00929879,1,1.29888e-36,2.12972e-37,4.01186e-37,6.96389e-37,9.18246e-37,1,3.45159e-36
20797,0,12,1385.92,14,1558.55,0,2,13,0.00929414,1,2.93769e-35,4.8168e-36,9.07365e-36,1.57502e-35,2.07679e-35,1,7.80646e-35
20798,0,12,1385.92,14,1558.55,0,2,0,0.00928949,1,1.411e-39,2.31355e-40,4.35815e-40,7.56491e-40,9.97496e-40,1,3.74948e-39
20799,0,12,1385.92,14,1558.38,0,2,13,0.00928485,1,3.65799e-38,5.99785e-39,1.12985e-38,1.96119e-38,2.58599e-38,1,9.72047e-38
20800,0,12,1385.92,14,1558.38,0,2,0,0.00928021,1,2.00844e-42,3.29314e-43,6.20346e-43,1.07679e-42,1.41984e-42,1,5.33703e-42
20801,0,12,1385.92,14,1558.38,0,2,0,0.00927557,1,5.9362e-41,9.73333e-42,1.83352e-41,3.18259e-41,4.19651e-41,1,1.57743e-40
20802,0,12,1385.92,14,1558.38,0,2,0,0.00927093,1,1.63963e-39,2.68843e-40,5.06434e-40,8.79057e-40,1.15911e-39,1,4.35697e-39
20803,0,12,1385.92,14,1558.38,0,2,0,0.00926629,1,4.23799e-38,6.94884e-39,1.30899e-38,2.27211e-38,2.99596e-38,1,1.12615e-37
20804,0,12,1385.92,14,1558.38,0,2,0,0.00926166,1,1.02642e-36,1.68297e-37,3.1703e-37,5.5029e-37,7.25602e-37,1,2.72746e-36
20805,0,12,1385.92,14,1558.38,0,2,0,0.00925703,1,2.33241e-35,3.82436e-36,7.20413e-36,1.25046e-35,1.64884e-35,1,6.19782e-35
20806,0,12,1385.92,14,1558.38,0,2,0,0.0092524,1,4.97918e-34,8.16414e-35,1.53792e-34,2.66945e-34,3.51989e-34,1,1.32309e-33
20807,0,12,1385.92,14,1558.38,0,2,9,0.00924777,1,9.99821e-33,1.63936e-33,3.08815e-33,5.36024e-33,7.06792e-33,1,2.65676e-32
20808,0,12,1385.92,14,1558.38,0,2,9,0.00924315,1,2.33336e-35,3.82591e-36,7.20705e-36,1.25096e-35,1.64949e-35,1,6.20026e-35
20809,0,12,1385.92,14,1558.38,0,2,0,0.00923853,1,6.14723e-38,1.00793e-38,1.8987e-38,3.29563e-38,4.34556e-38,1,1.63345e-37
20810,0,12,1385.92,14,1558.38,0,2,0,0.00923391,1,1.47779e-36,2.42307e-37,4.56447e-37,7.92266e-37,1.04467e-36,1,3.9268e-36
20811,0,12,1385.92,14,1558.38,0,2,0,0.00922929,1,3.33372e-35,5.46616e-36,1.02969e-35,1.78725e-35,2.35664e-35,1,8.85835e-35
20812,0,12,1385.92,14,1558.38,0,2,0,0.00922468,1,7.06608e-34,1.1586e-34,2.1825e-34,3.7882e-34,4.99506e-34,1,1.87759e-33
20813,0,12,1385.92,14,1558.38,0,2,0,0.00922007,1,1.40897e-32,2.31023e-33,4.3519e-33,7.55364e-33,9.96009e-33,1,3.7439e-32
20814,0,12,1385.92,14,1558.38,0,2,0,0.00921546,1,2.64626e-31,4.33896e-32,8.17352e-32,1.41868e-31,1.87065e-31,1,7.03157e-31
20815,0,12,1385.92,14,1558.38,0,2,0,0.00921085,1,4.68693e-30,7.68495e-31,1.44765e-30,2.51269e-30,3.31318e-30,1,1.24539e-29
20816,0,12,1385.92,14,1558.38,0,2,0,0.00920624,1,7.83752e-29,1.28508e-29,2.42078e-29,4.20172e-29,5.54031e-29,1,2.08255e-28
20817,0,12,1385.92,14,1558.38,0,2,0,0.00920164,1,1.2388e-27,2.03121e-28,3.8263e-28,6.64126e-28,8.75704e-28,1,3.29168e-27
20818,0,12,1385.92,14,1558.38,0,2,0,0.00919704,1,1.85289e-26,3.03811e-27,5.72304e-27,9.93338e-27,1.3098e-26,1,4.92339e-26
20819,0,12,1385.92,14,1558.38,0,2,0,0.00919244,1,2.62544e-25,4.30482e-26,8.1092e-26,1.40749e-25,1.8559e-25,1,6.97612e-25
20820,0,12,1385.92,14,1558.38,0,2,0,0.00918784,1,3.52798e-24,5.78467e-25,1.08969e-24,1.89134e-24,2.49388e-24,1,9.37426e-24
20821,0,12,1385.92,14,1558.13,0,2,13,0.00918325,1,4.50073e-23,7.37965e-24,1.39014e-23,2.41282e-23,3.1815e-23,1,1.19589e-22
20822,0,12,1385.92,14,1558.13,0,2,0,0.00917866,1,1.23338e-27,2.02232e-28,3.80955e-28,6.61208e-28,8.71857e-28,1,3.27722e-27
20823,0,12,1385.92,14,1558.13,0,2,0,0.00917407,1,1.84494e-26,3.02507e-27,5.69848e-27,9.89061e-27,1.30416e-26,1,4.90219e-26
20824,0,12,1385.92,14,1555.53,0,2,13,0.00916948,1,2.6144e-25,4.28671e-26,8.07509e-26,1.40155e-25,1.84806e-25,1,6.94669e-25
20825,0,12,1385.92,14,1555.53,0,2,0,0.0091649,1,7.94152e-30,1.30214e-30,2.4529e-30,4.25737e-30,5.61369e-30,1,2.11013e-29
20826,0,12,1385.92,14,1555.53,0,2,9,0.00916031,1,1.31405e-28,2.1546e-29,4.05872e-29,7.0445e-29,9.28875e-29,1,3.49154e-28
20827,0,12,1385.92,14,1555.53,0,2,0,0.00915573,1,2.53687e-31,4.1596e-32,7.83565e-32,1.35999e-31,1.79325e-31,1,6.74065e-31
20828,0,12,1385.92,14,1555.53,0,2,0,0.00915116,1,4.49698e-30,7.3735e-31,1.38898e-30,2.41077e-30,3.17879e-30,1,1.19488e-29
20829,0,12,1385.92,14,1555.53,0,2,0,0.00914658,1,7.52611e-29,1.23402e-29,2.32459e-29,4.03463e-29,5.31999e-29,1,1.99973e-28
20830,0,12,1385.92,14,1555.53,0,2,0,0.00914201,1,1.19055e-27,1.95209e-28,3.67725e-28,6.38233e-28,8.41562e-28,1,3.16335e-27
20831,0,12,1385.92,14,1555.53,0,2,9,0.00913744,1,1.78213e-26,2.92208e-27,5.50448e-27,9.55369e-27,1.25973e-26,1,4.7352e-26
20832,0,12,1385.92,14,1555.53,0,2,9,0.00913287,1,3.11874e-29,5.11366e-30,9.63285e-30,1.67189e-29,2.20453e-29,1,8.2866e-29
20833,0,12,1385.92,14,1554.43,0,2,13,0.0091283,1,6.19665e-32,1.01604e-32,1.91396e-32,3.3219e-32,4.38019e-32,1,1.64647e-31
20834,0,12,1385.92,14,1545.15,0,2,13,0.00912374,1,2.55384e-36,4.18742e-37,7.88804e-37,1.36906e-36,1.80521e-36,1,6.78561e-36
20835,0,12,1385.92,14,1545.15,0,2,9,0.00911918,1,1.28804e-40,2.11194e-41,3.97837e-41,6.90488e-41,9.10465e-41,1,3.42235e-40
20836,0,12,1385.92,14,1545.15,0,2,0,0.00911462,1,4.32303e-43,7.08828e-44,1.33525e-43,2.31747e-43,3.05578e-43,1,1.14864e-42
20837,0,12,1385.92,14,1545.15,0,2,0,0.00911006,1,1.31759e-41,2.16039e-42,4.06964e-42,7.06327e-42,9.3135e-42,1,3.50085e-41
20838,0,12,1385.92,14,1540.94,0,2,13,0.0091055,1,3.75053e-40,6.14958e-41,1.15843e-40,2.01056e-40,2.65109e-40,1,9.96517e-40
20839,0,12,1385.92,14,1540.94,0,2,0,0.00910095,1,2.25679e-44,3.70035e-45,6.97054e-45,1.2098e-44,1.59522e-44,1,5.99628e-44
20840,0,12,1385.92,14,1540.94,0,2,0,0.0090964,1,7.29674e-43,1.19641e-43,2.25374e-43,3.91157e-43,5.15773e-43,1,1.93874e-42
20841,0,12,1385.92,14,1540.94,0,2,0,0.00909185,1,2.20077e-41,3.6085e-42,6.79751e-42,1.17977e-41,1.55562e-41,1,5.84741e-41
20842,0,12,1385.92,14,1540.94,0,2,0,0.00908731,1,6.20055e-40,1.01668e-40,1.91517e-40,3.32393e-40,4.38287e-40,1,1.64748e-39
20843,0,12,1385.92,14,1540.94,0,2,0,0.00908276,1,1.63414e-38,2.67943e-39,5.04738e-39,8.76012e-39,1.15509e-38,1,4.34188e-38
20844,0,12,1385.92,14,1540.57,0,2,13,0.00907822,1,4.03396e-37,6.61431e-38,1.24597e-37,2.16248e-37,2.8514e-37,1,1.07181e-36
20845,0,12,1385.92,14,1540.57,0,2,0,0.00907368,1,2.11104e-41,3.46138e-42,6.52038e-42,1.13166e-41,1.49219e-41,1,5.60897e-41
20846,0,12,1385.92,14,1540.57,0,2,9,0.00906915,1,5.95271e-40,9.7604e-41,1.83862e-40,3.19105e-40,4.20766e-40,1,1.58161e-39
20847,0,12,1385.92,14,1540.57,0,2,0,0.00906461,1,1.93766e-42,3.1771e-43,5.98487e-43,1.03871e-42,1.36963e-42,1,5.14829e-42
20848,0,12,1385.92,14,1540.57,0,2,0,0.00906008,1,5.73114e-41,9.39709e-42,1.77018e-41,3.07226e-41,4.05102e-41,1,1.52274e-40
20849,0,12,1385.92,14,1540.57,0,2,0,0.00905555,1,1.5841e-39,2.59739e-40,4.89283e-40,8.4918e-40,1.11971e-39,1,4.20889e-39
20850,0,12,1385.92,14,1540.57,0,2,0,0.00905102,1,4.09728e-38,6.71814e-39,1.26553e-38,2.1964e-38,2.89613e-38,1,1.08863e-37
20851,0,12,1385.92,14,1540.57,0,2,9,0.00904649,1,9.93011e-37,1.6282e-37,3.06712e-37,5.32315e-37,7.01901e-37,1,2.63837e-36
20852,0,12,1385.92,14,1540.57,0,2,0,0.00904197,1,2.78659e-39,4.56905e-40,8.60694e-40,1.49378e-39,1.96967e-39,1,7.40379e-39
20853,0,12,1385.92,14,1539.4,0,2,13,0.00903745,1,7.12655e-38,1.16851e-38,2.20118e-38,3.82026e-38,5.03732e-38,1,1.89348e-37
20854,0,12,1385.92,14,1539.4,0,2,0,0.00903293,1,3.86101e-42,6.33073e-43,1.19255e-42,2.06973e-42,2.72911e-42,1,1.02584e-41
20855,0,12,1385.92,14,1539.4,0,2,0,0.00902842,1,1.12635e-40,1.84683e-41,3.47897e-41,6.03792e-41,7.96149e-41,1,2.99264e-40
20856,0,12,1385.92,14,1539.4,0,2,0,0.0090239,1,3.07149e-39,5.03619e-40,9.48693e-40,1.6465e-39,2.17104e-39,1,8.16072e-39
20857,0,12,1385.92,14,1539.4,0,2,0,0.00901939,1,7.8399e-38,1.28547e-38,2.42151e-38,4.20263e-38,5.54151e-38,1,2.083e-37
20858,0,12,1385.92,14,1539.4,0,2,0,0.00901488,1,1.87557e-36,3.07528e-37,5.79306e-37,1.00541e-36,1.32571e-36,1,4.98322e-36
20859,0,12,1385.92,14,1538.75,0,2,13,0.00901037,1,4.21093e-35,6.90447e-36,1.30063e-35,2.25729e-35,2.97642e-35,1,1.11881e-34
20860,0,12,1385.92,14,1538.75,0,2,0,0.00900587,1,2.00803e-39,3.29248e-40,6.2022e-40,1.07641e-39,1.41934e-39,1,5.33515e-39
20861,0,12,1385.92,14,1538.75,0,2,0,0.00900136,1,5.16919e-38,8.47569e-39,1.59661e-38,2.77096e-38,3.65374e-38,1,1.3734e-37
20862,0,12,1385.92,14,1538.75,0,2,9,0.00899686,1,1.24699e-36,2.04463e-37,3.85157e-37,6.68451e-37,8.81408e-37,1,3.31312e-36
20863,0,12,1385.92,14,1538.75,0,2,0,0.00899237,1,3.48339e-39,5.71156e-40,1.07592e-39,1.86728e-39,2.46216e-39,1,9.25502e-39
20864,0,12,1385.92,14,1538.75,0,2,0,0.00898787,1,8.86891e-38,1.4542e-38,2.73934e-38,4.75419e-38,6.26879e-38,1,2.35638e-37
20865,0,12,1385.92,14,1538.75,0,2,0,0.00898337,1,2.11651e-36,3.47035e-37,6.53727e-37,1.13456e-36,1.49601e-36,1,5.62334e-36
20866,0,12,1385.92,14,1537.93,0,2,13,0.00897888,1,4.74041e-35,7.77265e-36,1.46417e-35,2.5411e-35,3.35065e-35,1,1.25948e-34
20867,0,12,1385.92,14,1537.93,0,2,0,0.00897439,1,2.25517e-39,3.69771e-40,6.96555e-40,1.20888e-39,1.59401e-39,1,5.99173e-39
20868,0,12,1385.92,14,1537.93,0,2,0,0.00896991,1,5.79194e-38,9.49679e-39,1.78896e-38,3.10476e-38,4.09389e-38,1,1.53885e-37
20869,0,12,1385.92,14,1537.93,0,2,9,0.00896542,1,1.39404e-36,2.28575e-37,4.30578e-37,7.47274e-37,9.85342e-37,1,3.7038e-36
20870,0,12,1385.92,14,1537.93,0,2,0,0.00896094,1,3.8855e-39,6.37089e-40,1.20012e-39,2.08282e-39,2.74637e-39,1,1.03233e-38
20871,0,12,1385.92,14,1537.93,0,2,0,0.00895646,1,9.87112e-38,1.61852e-38,3.0489e-38,5.29139e-38,6.97713e-38,1,2.62263e-37
20872,0,12,1385.92,14,1537.93,0,2,9,0.00895198,1,2.35064e-36,3.85425e-37,7.26044e-37,1.26006e-36,1.66149e-36,1,6.24536e-36
20873,0,12,1385.92,14,1537.93,0,2,0,0.0089475,1,6.48367e-39,1.0631e-39,2.00261e-39,3.47555e-39,4.5828e-39,1,1.72263e-38
20874,0,12,1385.92,14,1537.93,0,2,0,0.00894303,1,1.63039e-37,2.67328e-38,5.0358e-38,8.73966e-38,1.1524e-37,1,4.33174e-37
20875,0,12,1385.92,14,1537.93,0,2,0,0.00893856,1,3.84374e-36,6.30242e-37,1.18722e-36,2.06042e-36,2.71684e-36,1,1.02123e-35
20876,0,12,1385.92,14,1537.93,0,2,0,0.00893409,1,8.50682e-35,1.39483e-35,2.6275e-35,4.56004e-35,6.01279e-35,1,2.26015e-34
20877,0,12,1385.92,14,1537.93,0,2,0,0.00892962,1,1.76962e-33,2.90157e-34,5.46583e-34,9.48595e-34,1.2508e-33,1,4.70163e-33
20878,0,12,1385.92,14,1537.93,0,2,0,0.00892516,1,3.46442e-32,5.68046e-33,1.07006e-32,1.85708e-32,2.44871e-32,1,9.20446e-32
20879,0,12,1385.92,14,1537.93,0,2,9,0.0089207,1,6.39066e-31,1.04785e-31,1.97388e-31,3.42567e-31,4.51703e-31,1,1.69791e-30
20880,0,12,1385.92,14,1537.93,0,2,0,0.00891623,1,1.37244e-33,2.25032e-34,4.23905e-34,7.35685e-34,9.70062e-34,1,3.64636e-33
20881,0,12,1385.92,14,1537.93,0,2,9,0.00891178,1,2.70054e-32,4.42796e-33,8.34116e-33,1.4476e-32,1.90878e-32,1,7.17493e-32
20882,0,12,1385.92,14,1537.93,0,2,0,0.00890732,1,6.17844e-35,1.01305e-35,1.90834e-35,3.31191e-35,4.36702e-35,1,1.64152e-34
20883,0,12,1385.92,14,1537.93,0,2,0,0.00890287,1,1.29351e-33,2.12091e-34,3.99526e-34,6.93375e-34,9.14272e-34,1,3.43665e-33
20884,0,12,1385.92,14,1537.93,0,2,0,0.00889842,1,2.54825e-32,4.17825e-33,7.87078e-33,1.36597e-32,1.80114e-32,1,6.7703e-32
20885,0,12,1385.92,14,1537.93,0,2,0,0.00889397,1,4.72961e-31,7.75493e-32,1.46083e-31,2.53526e-31,3.34295e-31,1,1.25658e-30
20886,0,12,1385.92,14,1532.2,0,2,13,0.00888952,1,8.28012e-30,1.35765e-30,2.55748e-30,4.43848e-30,5.8525e-30,1,2.19989e-29
20887,0,12,1385.92,14,1532.2,0,2,0,0.00888507,1,3.09425e-34,5.07351e-35,9.55722e-35,1.65864e-34,2.18706e-34,1,8.22092e-34
20888,0,12,1385.92,14,1532.2,0,2,0,0.00888063,1,6.27267e-33,1.0285e-33,1.93744e-33,3.3624e-33,4.4336e-33,1,1.66654e-32
20889,0,12,1385.92,14,1532.2,0,2,0,0.00887619,1,1.19732e-31,1.9632e-32,3.69817e-32,6.41812e-32,8.46282e-32,1,3.18109e-31
20890,0,12,1385.92,14,1532.2,0,2,0,0.00887175,1,2.15454e-30,3.53271e-31,6.65474e-31,1.15492e-30,1.52285e-30,1,5.72425e-30
20891,0,12,1385.92,14,1532.2,0,2,0,0.00886732,1,3.65928e-29,5.99996e-30,1.13024e-29,1.96152e-29,2.58642e-29,1,9.72209e-29
20892,0,12,1385.92,14,1532.2,0,2,9,0.00886288,1,5.87267e-28,9.62917e-29,1.81389e-28,3.14798e-28,4.15087e-28,1,1.56027e-27
20893,0,12,1385.92,14,1532.2,0,2,0,0.00885845,1,1.10031e-30,1.80414e-31,3.39854e-31,5.8981e-31,7.77713e-31,1,2.92334e-30
20894,0,12,1385.92,14,1532.2,0,2,0,0.00885402,1,1.89406e-29,3.10561e-30,5.8502e-30,1.01529e-29,1.33874e-29,1,5.03219e-29
20895,0,12,1385.92,14,1532.2,0,2,0,0.0088496,1,3.08003e-28,5.05018e-29,9.51328e-29,1.65101e-28,2.17699e-28,1,8.18308e-28
20896,0,12,1385.92,14,1532.2,0,2,0,0.00884517,1,4.73687e-27,7.76683e-28,1.46308e-27,2.53914e-27,3.34806e-27,1,1.2585e-26
20897,0,12,1385.92,14,1532.2,0,2,9,0.00884075,1,6.89746e-26,1.13095e-26,2.13042e-26,3.69729e-26,4.87518e-26,1,1.83253e-25
20898,0,12,1385.92,14,1532.2,0,2,9,0.00883633,1,1.17482e-28,1.92631e-29,3.62868e-29,6.29749e-29,8.30375e-29,1,3.1213e-28
20899,0,12,1385.92,14,1532.2,0,2,0,0.00883191,1,2.27317e-31,3.72721e-32,7.02114e-32,1.2185e-31,1.60669e-31,1,6.03939e-31
20900,0,12,1385.92,14,1532.2,0,2,0,0.00882749,1,4.03837e-30,6.62155e-31,1.24733e-30,2.16471e-30,2.85435e-30,1,1.07292e-29
20901,0,12,1385.92,14,1530.12,0,2,13,0.00882308,1,6.77315e-29,1.11056e-29,2.09202e-29,3.63065e-29,4.7873e-29,1,1.7995e-28
20902,0,12,1385.92,14,1530.12,0,2,0,0.00881867,1,2.42691e-33,3.9793e-34,7.49601e-34,1.30091e-33,1.71536e-33,1,6.44785e-33
20903,0,12,1385.92,14,1530.12,0,2,0,0.00881426,1,4.7213e-32,7.7413e-33,1.45827e-32,2.53078e-32,3.33704e-32,1,1.25436e-31
20904,0,12,1385.92,14,1530.12,0,2,0,0.00880985,1,8.65541e-31,1.41919e-31,2.6734e-31,4.6396e-31,6.11769e-31,1,2.29958e-30
20905,0,12,1385.92,14,1530.12,0,2,0,0.00880545,1,1.4971e-29,2.45473e-30,4.62409e-30,8.02495e-30,1.05816e-29,1,3.9775e-29
20906,0,12,1385.92,14,1530.12,0,2,0,0.00880105,1,2.44598e-28,4.01057e-29,7.55491e-29,1.31113e-28,1.72883e-28,1,6.4985e-28
20907,0,12,1385.92,14,1530.12,0,2,0,0.00879664,1,3.77913e-27,6.19648e-28,1.16726e-27,2.02574e-27,2.67111e-27,1,1.00404e-26
20908,0,12,1385.92,14,1530.12,0,2,0,0.00879225,1,5.5278e-26,9.06369e-27,1.70737e-26,2.96308e-26,3.90707e-26,1,1.46863e-25
20909,0,12,1385.92,14,1530.12,0,2,0,0.00878785,1,7.66318e-25,1.2565e-25,2.36693e-25,4.10772e-25,5.41636e-25,1,2.03595e-24
20910,0,12,1385.92,14,1530.12,0,2,9,0.00878346,1,1.00793e-23,1.65265e-24,3.11318e-24,5.40281e-24,7.12405e-24,1,2.67786e-23
20911,0,12,1385.92,14,1530.12,0,2,9,0.00877906,1,1.55388e-26,2.54783e-27,4.79948e-27,8.32931e-27,1.09829e-26,1,4.12835e-26
20912,0,12,1385.92,14,1530.12,0,2,0,0.00877468,1,2.72676e-29,4.47095e-30,8.42215e-30,1.46163e-29,1.92728e-29,1,7.24445e-29
20913,0,12,1385.92,14,1530.12,0,2,0,0.00877029,1,4.40192e-28,7.21763e-29,1.35962e-28,2.35957e-28,3.11129e-28,1,1.1695e-27
20914,0,12,1385.92,14,1530.12,0,2,0,0.0087659,1,6.72167e-27,1.10212e-27,2.07612e-27,3.60303e-27,4.75089e-27,1,1.78581e-26
20915,0,12,1385.92,14,1530.12,0,2,0,0.00876152,1,9.71931e-26,1.59363e-26,3.00201e-26,5.20986e-26,6.86963e-26,1,2.58222e-25
20916,0,12,1385.92,14,1530.12,0,2,0,0.00875714,1,1.33227e-24,2.18446e-25,4.11497e-25,7.14136e-25,9.41647e-25,1,3.53955e-24
20917,0,12,1385.92,14,1530.12,0,2,0,0.00875276,1,1.73303e-23,2.84158e-24,5.35282e-24,9.2896e-24,1.22491e-23,1,4.60431e-23
20918,0,12,1385.92,14,1530.12,0,2,0,0.00874838,1,2.1416e-22,3.51149e-23,6.61477e-23,1.14796e-22,1.51369e-22,1,5.68979e-22
20919,0,12,1385.92,14,1530.12,0,2,9,0.00874401,1,2.5167e-21,4.12653e-22,7.77334e-22,1.34903e-21,1.77881e-21,1,6.68635e-21
20920,0,12,1385.92,14,1530.12,0,2,0,0.00873964,1,3.47434e-24,5.69673e-25,1.07312e-24,1.86235e-24,2.45567e-24,1,9.2306e-24
20921,0,12,1385.92,14,1530.12,0,2,0,0.00873527,1,4.43367e-23,7.26969e-24,1.36943e-23,2.37658e-23,3.13372e-23,1,1.17793e-22
20922,0,12,1385.92,14,1530.12,0,2,9,0.0087309,1,5.37695e-22,8.81635e-23,1.66078e-22,2.88221e-22,3.80043e-22,1,1.42854e-21
20923,0,12,1385.92,14,1530.12,0,2,0,0.00872654,1,7.65566e-25,1.25527e-25,2.36461e-25,4.10367e-25,5.41102e-25,1,2.03395e-24
20924,0,12,1385.92,14,1530.12,0,2,0,0.00872217,1,1.00696e-23,1.65106e-24,3.11019e-24,5.39759e-24,7.11717e-24,1,2.67527e-23
20925,0,12,1385.92,14,1530.12,0,2,0,0.00871781,1,1.25794e-22,2.06258e-23,3.88539e-23,6.74291e-23,8.89108e-23,1,3.34207e-22
20926,0,12,1385.92,14,1530.12,0,2,0,0.00871345,1,1.49408e-21,2.44978e-22,4.61477e-22,8.0087e-22,1.05601e-21,1,3.96945e-21
20927,0,12,1385.92,14,1530.12,0,2,0,0.0087091,1,1.68886e-20,2.76915e-21,5.21639e-21,9.05279e-21,1.19368e-20,1,4.48694e-20
20928,0,12,1385.92,14,1530.12,0,2,0,0.00870474,1,1.81865e-19,2.98197e-20,5.61728e-20,9.74852e-20,1.28542e-19,1,4.83177e-19
20929,0,12,1385.92,14,1530.12,0,2,0,0.00870039,1,1.86751e-18,3.06208e-19,5.76819e-19,1.00104e-18,1.31995e-18,1,4.96157e-18
20930,0,12,1385.92,14,1530.12,0,2,0,0.00869604,1,1.8304e-17,3.00123e-18,5.65356e-18,9.81146e-18,1.29372e-17,1,4.86297e-17
20931,0,12,1385.92,14,1530.12,0,2,0,0.00869169,1,1.71397e-16,2.81032e-17,5.29394e-17,9.18736e-17,1.21143e-16,1,4.55364e-16
20932,0,12,1385.92,14,1530.12,0,2,0,0.00868734,1,1.53473e-15,2.51642e-16,4.74031e-16,8.22656e-16,1.08474e-15,1,4.07743e-15
20933,0,12,1385.92,14,1530.12,0,2,0,0.008683,1,1.31528e-14,2.15661e-15,4.06251e-15,7.05027e-15,9.29636e-15,1,3.49441e-14
20934,0,12,1385.92,14,1530.12,0,2,0,0.00867866,1,1.07981e-13,1.77051e-14,3.3352e-14,5.78806e-14,7.63203e-14,1,2.8688e-13
20935,0,12,1385.92,14,1530.12,0,2,0,0.00867432,1,8.49937e-13,1.3936e-13,2.6252e-13,4.5559e-13,6.00733e-13,1,2.25809e-12
20936,0,12,1385.92,14,1530.12,0,2,0,0.00866998,1,6.41958e-12,1.05259e-12,1.98282e-12,3.44108e-12,4.53734e-12,1,1.70554e-11
20937,0,12,1385.92,14,1530.12,0,2,0,0.00866565,1,4.65655e-11,7.63515e-12,1.43827e-11,2.49604e-11,3.29124e-11,1,1.23714e-10
20938,0,12,1385.92,14,1530.12,0,2,0,0.00866131,1,3.24647e-10,5.32309e-11,1.00274e-10,1.7402e-10,2.29459e-10,1,8.62514e-10
20939,0,12,1385.92,14,1530.12,0,2,0,0.00865698,1,2.17716e-09,3.5698e-10,6.72461e-10,1.16702e-09,1.53881e-09,1,5.78423e-09
20940,0,12,1385.92,14,1530.12,0,2,9,0.00865266,1,1.40553e-08,2.30459e-09,4.34127e-09,7.53404e-09,9.93425e-09,1,3.73418e-08
20941,0,12,1385.92,14,1530.12,0,2,0,0.00864833,1,1.0788e-11,1.76887e-12,3.3321e-12,5.78267e-12,7.62493e-12,1,2.86613e-11
20942,0,12,1385.92,14,1530.12,0,2,0,0.008644,1,7.74446e-11,1.26983e-11,2.39203e-11,4.15124e-11,5.47375e-11,1,2.05753e-10
20943,0,12,1385.92,14,1530.12,0,2,0,0.00863968,1,5.34465e-10,8.76339e-11,1.6508e-10,2.86488e-10,3.77757e-10,1,1.41995e-09
20944,0,12,1385.92,14,1530.12,0,2,0,0.00863536,1,3.5487e-09,5.81864e-10,1.09609e-09,1.9022e-09,2.5082e-09,1,9.42807e-09
20945,0,12,1385.92,14,1530.12,0,2,9,0.00863105,1,2.26869e-08,3.71987e-09,7.00731e-09,1.21608e-08,1.6035e-08,1,6.02739e-08
20946,0,12,1385.92,14,1530.12,0,2,0,0.00862673,1,1.72472e-11,2.82794e-12,5.32713e-12,9.24493e-12,1.21902e-11,1,4.58217e-11
20947,0,12,1385.92,14,1530.12,0,2,0,0.00862242,1,1.22657e-10,2.01115e-11,3.7885e-11,6.57472e-11,8.6693e-11,1,3.2587e-10
20948,0,12,1385.92,14,1530.12,0,2,9,0.00861811,1,8.38736e-10,1.37524e-10,2.59061e-10,4.49584e-10,5.92814e-10,1,2.22833e-09
20949,0,12,1385.92,14,1516.72,0,2,13,0.0086138,1,6.81099e-13,1.11677e-13,2.10371e-13,3.65087e-13,4.81397e-13,1,1.80952e-12
20950,0,12,1385.92,14,1506.67,0,2,13,0.00860949,1,1.16795e-17,1.91504e-18,3.60746e-18,6.26054e-18,8.25503e-18,1,3.10298e-17
20951,0,12,1385.92,14,1506.67,0,2,0,0.00860518,1,2.49435e-22,4.08987e-23,7.7043e-23,1.33703e-22,1.76299e-22,1,6.6269e-22
20952,0,12,1385.92,14,1506.67,0,2,0,0.00860088,1,2.92231e-21,4.79158e-22,9.02613e-22,1.56643e-21,2.06547e-21,1,7.76388e-21
20953,0,12,1385.92,14,1495.23,0,2,13,0.00859658,1,3.25926e-20,5.34407e-21,1.00669e-20,1.74705e-20,2.30363e-20,1,8.65909e-20
20954,0,12,1385.92,14,1495.23,0,2,9,0.00859228,1,7.82954e-25,1.28378e-25,2.41831e-25,4.19684e-25,5.53387e-25,1,2.08013e-24
20955,0,12,1385.92,14,1495.23,0,2,0,0.00858799,1,1.27034e-27,2.08292e-28,3.9237e-28,6.80933e-28,8.97867e-28,1,3.37499e-27
20956,0,12,1385.92,14,1491.83,0,2,13,0.00858369,1,1.8991e-26,3.11388e-27,5.86577e-27,1.01797e-26,1.34227e-26,1,5.04547e-26
20957,0,12,1385.92,14,1489.72,0,2,13,0.0085794,1,6.07936e-31,9.96806e-32,1.87773e-31,3.25869e-31,4.29685e-31,1,1.61514e-30
20958,0,12,1385.92,14,1489.72,0,2,0,0.00857511,1,2.39365e-35,3.92476e-36,7.39326e-36,1.28305e-35,1.69181e-35,1,6.35935e-35
20959,0,12,1385.92,14,1489.72,0,2,0,0.00857082,1,5.10725e-34,8.37413e-35,1.57748e-34,2.73761e-34,3.60977e-34,1,1.35687e-33
20960,0,12,1385.92,14,1489.72,0,2,0,0.00856654,1,1.02502e-32,1.68068e-33,3.16597e-33,5.49435e-33,7.24475e-33,1,2.72323e-32
20961,0,12,1385.92,14,1489.72,0,2,0,0.00856226,1,1.93742e-31,3.17671e-32,5.98412e-32,1.03851e-31,1.36936e-31,1,5.14727e-31
20962,0,12,1385.92,14,1489.31,0,2,13,0.00855797,1,3.45293e-30,5.66162e-31,1.06651e-30,1.85086e-30,2.44051e-30,1,9.17361e-30
20963,0,12,1385.92,14,1489.31,0,2,0,0.0085537,1,1.31312e-34,2.15306e-35,4.05583e-35,7.03864e-35,9.28102e-35,1,3.48864e-34
20964,0,12,1385.92,14,1489.14,0,2,13,0.00854942,1,2.70798e-33,4.44016e-34,8.36415e-34,1.45154e-33,1.91398e-33,1,7.19446e-33
20965,0,12,1385.92,14,1489.14,0,2,0,0.00854514,1,1.18815e-37,1.94816e-38,3.66985e-38,6.36879e-38,8.39777e-38,1,3.15664e-37
20966,0,12,1385.92,14,1489.14,0,2,0,0.00854087,1,2.81892e-36,4.62206e-37,8.70681e-37,1.51101e-36,1.99239e-36,1,7.48919e-36
20967,0,12,1385.92,14,1482.89,0,2,13,0.0085366,1,6.27754e-35,1.0293e-35,1.93894e-35,3.36491e-35,4.43691e-35,1,1.66779e-34
20968,0,12,1385.92,14,1482.89,0,2,9,0.00853233,1,2.9697e-39,4.86929e-40,9.17253e-40,1.59183e-39,2.09896e-39,1,7.88978e-39
20969,0,12,1385.92,14,1482.89,0,2,9,0.00852807,1,9.36087e-42,1.53486e-42,2.8913e-42,5.01766e-42,6.61619e-42,1,2.48696e-41
20970,0,12,1385.92,14,1482.89,0,2,0,0.0085238,1,3.31091e-44,5.42876e-45,1.02264e-44,1.77473e-44,2.34013e-44,1,8.79629e-44
20971,0,12,1385.92,14,1482.89,0,2,0,0.00851954,1,1.06232e-42,1.74185e-43,3.2812e-43,5.69431e-43,7.50841e-43,1,2.82233e-42
20972,0,12,1385.92,14,1482.89,0,2,9,0.00851528,1,3.18009e-41,5.21426e-42,9.82235e-42,1.7046e-41,2.24766e-41,1,8.44873e-41
20973,0,12,1385.92,14,1482.89,0,2,9,0.00851102,1,1.09761e-43,1.7997e-44,3.39019e-44,5.88346e-44,7.75782e-44,1,2.91608e-43
20974,0,12,1385.92,14,1482.89,0,2,0,0.00850677,1,4.24323e-46,6.95745e-47,1.31061e-46,2.27447e-46,2.99908e-46,1,1.12732e-45
20975,0,12,1385.92,14,1482.89,0,2,9,0.00850251,1,1.48543e-44,2.43559e-45,4.58804e-45,7.96224e-45,1.04989e-44,1,3.94641e-44
20976,0,12,1385.92,14,1482.89,0,2,0,0.00849826,1,5.97684e-47,9.79996e-48,1.84607e-47,3.20373e-47,4.22438e-47,1,1.5879e-46
20977,0,12,1385.92,14,1482.89,0,2,9,0.00849401,1,2.17596e-45,3.56782e-46,6.72088e-46,1.16636e-45,1.53795e-45,1,5.78098e-45
20978,0,12,1385.92,14,1482.89,0,2,0,0.00848977,1,9.09818e-48,1.49179e-48,2.81016e-48,4.87684e-48,6.43051e-48,1,2.41716e-47
20979,0,12,1385.92,14,1482.89,0,2,9,0.00848552,1,3.43941e-46,5.63945e-47,1.06233e-46,1.8436e-46,2.43094e-46,1,9.13766e-46
20980,0,12,1385.92,14,1482.89,0,2,0,0.00848128,1,1.49215e-48,2.44661e-49,4.6088e-49,7.99825e-49,1.05464e-48,1,3.96427e-48
20981,0,12,1385.92,14,1482.89,0,2,0,0.00847704,1,5.84848e-47,9.5895e-48,1.80642e-47,3.13492e-47,4.13365e-47,1,1.5538e-46
20982,0,12,1385.92,14,1482.89,0,2,0,0.0084728,1,2.13015e-45,3.49271e-46,6.5794e-46,1.14181e-45,1.50557e-45,1,5.65928e-45
20983,0,12,1385.92,14,1482.89,0,2,0,0.00846856,1,7.22021e-44,1.18387e-44,2.23011e-44,3.8702e-44,5.10318e-44,1,1.91823e-43
20984,0,12,1385.92,14,1482.89,0,2,0,0.00846433,1,2.2808e-42,3.73973e-43,7.04471e-43,1.22256e-42,1.61205e-42,1,6.05952e-42
20985,0,12,1385.92,14,1482.89,0,2,0,0.0084601,1,6.72408e-41,1.10252e-41,2.07687e-41,3.60426e-41,4.75252e-41,1,1.78642e-40
20986,0,12,1385.92,14,1482.89,0,2,0,0.00845587,1,1.85263e-39,3.03767e-40,5.72222e-40,9.93052e-40,1.30942e-39,1,4.92198e-39
20987,0,12,1385.92,14,1482.89,0,2,0,0.00845164,1,4.77684e-38,7.83238e-39,1.47542e-38,2.5605e-38,3.37622e-38,1,1.26909e-37
20988,0,12,1385.92,14,1482.89,0,2,0,0.00844741,1,1.15416e-36,1.89242e-37,3.56485e-37,6.18656e-37,8.15748e-37,1,3.06631e-36
20989,0,12,1385.92,14,1482.89,0,2,9,0.00844319,1,2.61655e-35,4.29024e-36,8.08173e-36,1.40253e-35,1.84935e-35,1,6.95151e-35
20990,0,12,1385.92,14,1482.89,0,2,0,0.00843897,1,6.87751e-38,1.12768e-38,2.12426e-38,3.6865e-38,4.86096e-38,1,1.82718e-37
20991,0,12,1385.92,14,1482.89,0,2,0,0.00843475,1,1.64965e-36,2.70485e-37,5.09527e-37,8.84248e-37,1.16595e-36,1,4.3827e-36
20992,0,12,1385.92,14,1482.89,0,2,9,0.00843053,1,3.71322e-35,6.08841e-36,1.1469e-35,1.99037e-35,2.62447e-35,1,9.8651e-35
20993,0,12,1385.92,14,1482.89,0,2,0,0.00842632,1,9.692e-38,1.58916e-38,2.99357e-38,5.19513e-38,6.85021e-38,1,2.57492e-37
20994,0,12,1385.92,14,1482.89,0,2,0,0.0084221,1,2.30884e-36,3.7857e-37,7.13131e-37,1.23759e-36,1.63186e-36,1,6.134e-36
20995,0,12,1385.92,14,1482.89,0,2,0,0.00841789,1,5.16218e-35,8.4642e-36,1.59444e-35,2.76705e-35,3.64858e-35,1,1.37146e-34
20996,0,12,1385.92,14,1482.89,0,2,0,0.00841368,1,1.08464e-33,1.77843e-34,3.35012e-34,5.8139e-34,7.6661e-34,1,2.88161e-33
20997,0,12,1385.92,14,1482.89,0,2,0,0.00840948,1,2.14431e-32,3.51593e-33,6.62312e-33,1.1494e-32,1.51557e-32,1,5.69688e-32
20998,0,12,1385.92,14,1482.89,0,2,0,0.00840527,1,3.99364e-31,6.5482e-32,1.23352e-31,2.14068e-31,2.82266e-31,1,1.06101e-30
20999,0,12,1385.92,14,1482.89,0,2,9,0.00840107,1,7.01535e-30,1.15028e-30,2.16683e-30,3.76039e-30,4.95838e-30,1,1.8638e-29
21000,0,12,1385.92,14,1482.89,0,2,0,0.00839687,1,1.4361e-32,2.35472e-33,4.4357e-33,7.69784e-33,1.01502e-32,1,3.81537e-32
21001,0,12,1385.92,14,1482.89,0,2,0,0.00839267,1,2.69619e-31,4.42082e-32,8.32773e-32,1.44522e-31,1.90564e-31,1,7.1631e-31
21002,0,12,1385.92,14,1482.89,0,2,9,0.00838847,1,4.77357e-30,7.82702e-31,1.47441e-30,2.55874e-30,3.37391e-30,1,1.26822e-29
21003,0,12,1385.92,14,1482.89,0,2,0,0.00838428,1,9.84746e-33,1.61464e-33,3.04159e-33,5.27846e-33,6.96008e-33,1,2.61622e-32
21004,0,12,1385.92,14,1482.89,0,2,9,0.00838009,1,1.8628e-31,3.05435e-32,5.75363e-32,9.98501e-32,1.3166e-31,1,4.94898e-31
21005,0,12,1385.92,14,1482.89,0,2,0,0.0083759,1,4.10034e-34,6.72315e-35,1.26647e-34,2.19787e-34,2.89808e-34,1,1.08936e-33
21006,0,12,1385.92,14,1482.89,0,2,0,0.00837171,1,8.26554e-33,1.35527e-33,2.55298e-33,4.43051e-33,5.842e-33,1,2.19595e-32
21007,0,12,1385.92,14,1482.89,0,2,9,0.00836752,1,1.56904e-31,2.57269e-32,4.8463e-32,8.4104e-32,1.10898e-31,1,4.16854e-31
21008,0,12,1385.92,14,1482.89,0,2,9,0.00836334,1,3.4656e-34,5.6824e-35,1.07042e-34,1.85764e-34,2.44945e-34,1,9.20723e-34
21009,0,12,1385.92,14,1482.89,0,2,0,0.00835916,1,8.65049e-37,1.41838e-37,2.67188e-37,4.63686e-37,6.11407e-37,1,2.29822e-36
21010,0,12,1385.92,14,1482.89,0,2,0,0.00835498,1,1.97246e-35,3.23416e-36,6.09234e-36,1.05728e-35,1.39411e-35,1,5.24033e-35
21011,0,12,1385.92,14,1482.89,0,2,0,0.0083508,1,4.22489e-34,6.92737e-35,1.30494e-34,2.26464e-34,2.98611e-34,1,1.12245e-33
21012,0,12,1385.92,14,1482.89,0,2,9,0.00834662,1,8.51152e-33,1.3956e-33,2.62896e-33,4.56236e-33,6.01585e-33,1,2.2613e-32
21013,0,12,1385.92,14,1482.89,0,2,9,0.00834245,1,1.99281e-35,3.26752e-36,6.15518e-36,1.06819e-35,1.40849e-35,1,5.29438e-35
21014,0,12,1385.92,14,1482.89,0,2,0,0.00833828,1,5.26663e-38,8.63547e-39,1.62671e-38,2.82303e-38,3.7224e-38,1,1.39921e-37
21015,0,12,1385.92,14,1482.89,0,2,9,0.00833411,1,1.27002e-36,2.0824e-37,3.92271e-37,6.80758e-37,8.97636e-37,1,3.37412e-36
21016,0,12,1385.92,14,1482.89,0,2,0,0.00832994,1,3.54643e-39,5.81493e-40,1.09539e-39,1.90097e-39,2.50658e-39,1,9.42197e-39
21017,0,12,1385.92,14,1482.89,0,2,0,0.00832578,1,9.02618e-38,1.47998e-38,2.78792e-38,4.83823e-38,6.3796e-38,1,2.39803e-37
21018,1,12,1385.92,14,1482.89,0,2,9,0.00832162,1,2.15329e-36,3.53065e-37,6.65086e-37,1.15421e-36,1.52192e-36,1,5.72074e-36
21019,1,12,1385.92,14,1482.89,0,2,0,0.00831746,1,1.4769e-23,2.60283e-23,3.72919e-23,3.17159e-23,1.32398e-23,1,8.7249e-24
21020,1,12,1385.92,14,1482.89,0,2,0,0.0083133,1,8.98956e-23,1.58429e-22,2.26988e-22,1.93034e-22,8.0582e-23,1,5.31028e-23
21021,1,12,1385.92,14,1482.89,0,2,0,0.00830914,1,5.27763e-22,9.30111e-22,1.33261e-21,1.13319e-21,4.7305e-22,1,3.11736e-22
21022,1,12,1385.92,14,1482.89,0,2,0,0.00830499,1,2.99065e-21,5.27062e-21,7.55144e-21,6.42096e-21,2.68042e-21,1,1.76637e-21
21023,1,12,1385.92,14,1482.89,0,2,0,0.00830083,1,1.63691e-20,2.88484e-20,4.13323e-20,3.51423e-20,1.46701e-20,1,9.66747e-21
21024,1,12,1385.92,14,1482.89,0,2,9,0.00829668,1,8.66005e-20,1.52622e-19,2.18668e-19,1.85907e-19,7.76067e-20,1,5.11421e-20
21025,1,12,1385.92,14,1482.89,0,2,0,0.00829253,1,5.46884e-23,9.63809e-23,1.38089e-22,1.17393e-22,4.90055e-23,1,3.22942e-23
21026,1,12,1385.92,14,1482.89,0,2,0,0.00828839,1,3.24275e-22,5.7149e-22,8.18799e-22,6.96034e-22,2.90559e-22,1,1.91476e-22
21027,1,12,1385.92,14,1482.89,0,2,9,0.00828424,1,1.85554e-21,3.27014e-21,4.68527e-21,3.98254e-21,1.66251e-21,1,1.09558e-21
21028,1,12,1385.92,14,1482.89,0,2,0,0.0082801,1,1.26539e-24,2.23009e-24,3.19514e-24,2.71574e-24,1.13369e-24,1,7.47088e-25
21029,1,12,1385.92,14,1482.89,0,2,0,0.00827596,1,8.09015e-24,1.42578e-23,2.04278e-23,1.73617e-23,7.24765e-24,1,4.77613e-24
21030,1,12,1385.92,14,1482.89,0,2,9,0.00827182,1,4.98394e-23,8.78352e-23,1.25845e-22,1.06951e-22,4.46465e-23,1,2.94216e-23
21031,1,12,1385.92,14,1482.89,0,2,0,0.00826769,1,3.65382e-26,6.43935e-26,9.22595e-26,7.84028e-26,3.27292e-26,1,2.15682e-26
21032,1,12,1385.92,14,1482.89,0,2,9,0.00826355,1,2.50765e-25,4.4194e-25,6.33186e-25,5.38056e-25,2.24611e-25,1,1.48017e-25
21033,1,12,1385.92,14,1482.89,0,2,9,0.00825942,1,2.04365e-28,3.60166e-28,5.16026e-28,4.38473e-28,1.8304e-28,1,1.20622e-28
21034,1,12,1385.92,14,1482.89,0,2,0,0.00825529,1,1.9201e-31,3.38392e-31,4.84829e-31,4.11941e-31,1.71965e-31,1,1.13323e-31
21035,1,12,1385.92,14,1482.89,0,2,0,0.00825116,1,1.68048e-30,2.96161e-30,4.24324e-30,3.60513e-30,1.50496e-30,1,9.91754e-31
21036,1,12,1385.92,14,1482.89,0,2,0,0.00824704,1,1.40831e-29,2.48196e-29,3.55602e-29,3.0211e-29,1.26115e-29,1,8.31089e-30
21037,1,12,1385.92,14,1482.89,0,2,0,0.00824292,1,1.1311e-28,1.99341e-28,2.85605e-28,2.42629e-28,1.01285e-28,1,6.67462e-29
21038,1,12,1385.92,14,1482.89,0,2,0,0.00823879,1,8.71378e-28,1.53569e-27,2.20024e-27,1.86908e-27,7.80244e-28,1,5.14174e-28
21039,1,12,1385.92,14,1482.89,0,2,9,0.00823467,1,6.44433e-27,1.13573e-26,1.6272e-26,1.38222e-26,5.77006e-27,1,3.80241e-27
21040,1,12,1385.92,14,1482.89,0,2,0,0.00823056,1,5.65092e-30,9.95898e-30,1.42687e-29,1.21198e-29,5.05942e-30,1,3.33411e-30
21041,1,12,1385.92,14,1482.89,0,2,0,0.00822644,1,4.62224e-29,8.14607e-29,1.16712e-28,9.91309e-29,4.13821e-29,1,2.72704e-29
21042,1,12,1385.92,14,1482.89,0,2,0,0.00822233,1,3.62519e-28,6.38891e-28,9.15367e-28,7.7744e-28,3.24542e-28,1,2.1387e-28
21043,1,12,1385.92,14,1482.89,0,2,0,0.00821822,1,2.72847e-27,4.80856e-27,6.88944e-27,5.85108e-27,2.44253e-27,1,1.6096e-27
21044,1,12,1385.92,14,1482.89,0,2,0,0.00821411,1,1.97232e-26,3.47594e-26,4.98013e-26,4.22934e-26,1.76554e-26,1,1.16347e-26
21045,1,12,1385.92,14,1482.89,0,2,9,0.00821,1,1.37042e-25,2.41517e-25,3.46032e-25,2.93853e-25,1.22669e-25,1,8.08375e-26
21046,1,12,1385.92,14,1482.89,0,2,9,0.0082059,1,1.13042e-28,1.99222e-28,2.85433e-28,2.42381e-28,1.01182e-28,1,6.66779e-29
21047,1,12,1385.92,14,1482.89,0,2,0,0.00820179,1,1.07473e-31,1.89407e-31,2.71372e-31,2.30431e-31,9.61933e-32,1,6.33905e-32
21048,1,12,1385.92,14,1482.89,0,2,0,0.00819769,1,9.51591e-31,1.67705e-30,2.40278e-30,2.0402e-30,8.51679e-31,1,5.61249e-31
21049,1,12,1385.92,14,1482.89,0,2,9,0.00819359,1,8.06597e-30,1.42152e-29,2.03667e-29,1.72926e-29,7.21879e-30,1,4.75712e-30
21050,1,12,1385.92,14,1482.89,0,2,0,0.0081895,1,8.08442e-33,1.42477e-32,2.04133e-32,1.73315e-32,7.23501e-33,1,4.76781e-33
21051,1,12,1385.92,14,1482.89,0,2,0,0.0081854,1,7.53826e-32,1.32852e-31,1.90342e-31,1.616e-31,6.74598e-32,1,4.44554e-32
21052,1,12,1385.92,14,1482.89,0,2,9,0.00818131,1,6.72204e-31,1.18467e-30,1.69733e-30,1.44097e-30,6.01531e-31,1,3.96403e-31
21053,1,12,1385.92,14,1482.89,0,2,0,0.00817722,1,7.0807e-34,1.24788e-33,1.78789e-33,1.51779e-33,6.33602e-34,1,4.17538e-34
21054,1,12,1385.92,14,1482.89,0,2,9,0.00817313,1,6.93187e-33,1.22165e-32,1.75031e-32,1.48584e-32,6.20261e-33,1,4.08747e-33
21055,1,12,1385.92,14,1482.89,0,2,9,0.00816904,1,8.00126e-36,1.41011e-35,2.02033e-35,1.715e-35,7.15924e-36,1,4.71788e-36
21056,1,12,1385.92,14,1482.89,0,2,0,0.00816496,1,1.05735e-38,1.86344e-38,2.66984e-38,2.26626e-38,9.46049e-39,1,6.23438e-39
21057,0,12,1385.92,13,1624.77,0,2,13,0.00816088,1,1.29274e-37,2.27828e-37,3.26419e-37,2.77068e-37,1.15662e-37,1,7.622e-38
21058,0,12,1385.92,13,1608.84,0,2,13,0.0081568,1,1.08925e-36,1.78599e-37,3.36437e-37,5.84032e-37,7.70095e-37,1,2.89471e-36
21059,0,12,1385.92,13,1608.84,0,2,0,0.00815272,1,5.5881e-41,9.16257e-42,1.726e-41,2.9962e-41,3.95074e-41,1,1.48504e-40
21060,0,12,1385.92,13,1608.84,0,2,0,0.00814864,1,1.54535e-39,2.53384e-40,4.77313e-40,8.28575e-40,1.09254e-39,1,4.10676e-39
21061,0,12,1385.92,13,1608.84,0,2,0,0.00814457,1,3.99903e-38,6.55703e-39,1.23518e-38,2.14416e-38,2.82725e-38,1,1.06273e-37
21062,0,12,1385.92,13,1608.84,0,2,0,0.0081405,1,9.69669e-37,1.58992e-37,2.99502e-37,5.19904e-37,6.85536e-37,1,2.57686e-36
21063,0,12,1385.92,13,1608.84,0,2,0,0.00813642,1,2.20597e-35,3.61703e-36,6.81357e-36,1.18276e-35,1.55956e-35,1,5.86224e-35
21064,0,12,1385.92,13,1608.84,0,2,0,0.00813236,1,4.71449e-34,7.73014e-35,1.45617e-34,2.52772e-34,3.33301e-34,1,1.25285e-33
21065,0,12,1385.92,13,1608.84,0,2,0,0.00812829,1,9.47707e-33,1.55391e-33,2.92718e-33,5.08121e-33,6.69999e-33,1,2.51846e-32
21066,0,12,1385.92,13,1608.84,0,2,0,0.00812423,1,1.79411e-31,2.94172e-32,5.54146e-32,9.6192e-32,1.26837e-31,1,4.76767e-31
21067,0,12,1385.92,13,1608.84,0,2,9,0.00812016,1,3.20243e-30,5.25088e-31,9.89135e-31,1.71699e-30,2.26399e-30,1,8.51011e-30
21068,0,12,1385.92,13,1608.84,0,2,0,0.0081161,1,6.65928e-33,1.09189e-33,2.05685e-33,3.57037e-33,4.70783e-33,1,1.76963e-32
21069,0,12,1385.92,13,1608.84,0,2,0,0.00811205,1,1.2696e-31,2.08171e-32,3.92142e-32,6.80693e-32,8.97549e-32,1,3.37379e-31
21070,0,12,1385.92,13,1608.84,0,2,0,0.00810799,1,2.28193e-30,3.74157e-31,7.04819e-31,1.22344e-30,1.61321e-30,1,6.06389e-30
21071,0,12,1385.92,13,1608.84,0,2,0,0.00810394,1,3.87118e-29,6.34741e-30,1.19569e-29,2.0755e-29,2.73672e-29,1,1.02871e-28
21072,0,12,1385.92,13,1608.84,0,2,0,0.00809988,1,6.20575e-28,1.01753e-28,1.91677e-28,3.32715e-28,4.38712e-28,1,1.64907e-27
21073,0,12,1385.92,13,1608.84,0,2,0,0.00809583,1,9.41123e-27,1.54312e-27,2.90685e-27,5.04571e-27,6.65319e-27,1,2.50086e-26
21074,0,12,1385.92,13,1608.84,0,2,0,0.00809179,1,1.3517e-25,2.21633e-26,4.17501e-26,7.24696e-26,9.55571e-26,1,3.59189e-25
21075,0,12,1385.92,13,1608.84,0,2,0,0.00808774,1,1.84065e-24,3.01804e-25,5.68523e-25,9.86834e-25,1.30122e-24,1,4.89116e-24
21076,0,12,1385.92,13,1608.84,0,2,0,0.0080837,1,2.37892e-23,3.90062e-24,7.34779e-24,1.27541e-23,1.68174e-23,1,6.32148e-23
21077,0,12,1385.92,13,1608.84,0,2,0,0.00807965,1,2.9212e-22,4.78976e-23,9.02271e-23,1.56614e-22,2.06508e-22,1,7.76242e-22
21078,0,12,1385.92,13,1608.84,0,2,0,0.00807561,1,3.41159e-21,5.59384e-22,1.05374e-21,1.82905e-21,2.41175e-21,1,9.06551e-21
21079,0,12,1385.92,13,1599.29,0,2,13,0.00807158,1,3.7932e-20,6.21955e-21,1.17161e-20,2.03363e-20,2.68151e-20,1,1.00795e-19
21080,0,12,1385.92,13,1599.29,0,2,0,0.00806754,1,9.0846e-25,1.48956e-25,2.80596e-25,4.87045e-25,6.42209e-25,1,2.414e-24
21081,0,12,1385.92,13,1592.14,0,2,13,0.00806351,1,1.19082e-23,1.95254e-24,3.6781e-24,6.38425e-24,8.41815e-24,1,3.1643e-23
21082,0,12,1385.92,13,1586.85,0,2,13,0.00805948,1,3.35128e-28,5.49494e-29,1.03511e-28,1.79668e-28,2.36907e-28,1,8.90509e-28
21083,0,12,1385.92,13,1586.85,0,2,0,0.00805545,1,1.16302e-32,1.90695e-33,3.59221e-33,6.23512e-33,8.22151e-33,1,3.09038e-32
21084,0,12,1385.92,13,1586.85,0,2,0,0.00805142,1,2.19271e-31,3.5953e-32,6.77264e-32,1.17555e-31,1.55005e-31,1,5.82649e-31
21085,0,12,1385.92,13,1586.85,0,2,0,0.00804739,1,3.89826e-30,6.3918e-31,1.20406e-30,2.0899e-30,2.75571e-30,1,1.03584e-29
21086,0,12,1385.92,13,1586.85,0,2,0,0.00804337,1,6.54276e-29,1.07279e-29,2.02086e-29,3.50764e-29,4.62511e-29,1,1.73853e-28
21087,0,12,1385.92,13,1586.85,0,2,9,0.00803935,1,1.0379e-27,1.70179e-28,3.20575e-28,5.56425e-28,7.33692e-28,1,2.75787e-27
21088,0,12,1385.92,13,1586.85,0,2,0,0.00803533,1,1.9226e-30,3.1524e-31,5.93833e-31,1.03072e-30,1.35908e-30,1,5.10866e-30
21089,0,12,1385.92,13,1586.85,0,2,9,0.00803131,1,3.27279e-29,5.36625e-30,1.01087e-29,1.75456e-29,2.31353e-29,1,8.69633e-29
21090,0,12,1385.92,13,1586.85,0,2,0,0.00802729,1,6.49647e-32,1.0652e-32,2.00657e-32,3.48278e-32,4.59233e-32,1,1.72621e-31
21091,0,12,1385.92,13,1582.34,0,2,13,0.00802328,1,1.1834e-30,1.94037e-31,3.65517e-31,6.34423e-31,8.36539e-31,1,3.14447e-30
21092,0,12,1385.92,13,1582.34,0,2,0,0.00801927,1,4.59779e-35,7.53879e-36,1.42012e-35,2.46488e-35,3.25014e-35,1,1.22169e-34
21093,0,12,1385.92,13,1582.34,0,2,0,0.00801526,1,9.68291e-34,1.58766e-34,2.99076e-34,5.19099e-34,6.84475e-34,1,2.57287e-33
21094,0,12,1385.92,13,1582.34,0,2,0,0.00801125,1,1.91864e-32,3.14591e-33,5.92611e-33,1.02858e-32,1.35626e-32,1,5.09806e-32
21095,0,12,1385.92,13,1582.34,0,2,0,0.00800725,1,3.58131e-31,5.87212e-32,1.10616e-31,1.91992e-31,2.53158e-31,1,9.51594e-31
21096,0,12,1385.92,13,1582.34,0,2,9,0.00800324,1,6.30477e-30,1.03377e-30,1.94735e-30,3.37995e-30,4.45674e-30,1,1.67524e-29
21097,0,12,1385.92,13,1582.34,0,2,0,0.00799924,1,1.2934e-32,2.12073e-33,3.99493e-33,6.93383e-33,9.14282e-33,1,3.43669e-32
21098,0,12,1385.92,13,1582.34,0,2,0,0.00799524,1,2.43336e-31,3.98988e-32,7.51593e-32,1.3045e-31,1.72009e-31,1,6.46566e-31
21099,0,12,1385.92,13,1582.34,0,2,0,0.00799124,1,4.31708e-30,7.07853e-31,1.33342e-30,2.31434e-30,3.05165e-30,1,1.14708e-29
21100,0,12,1385.92,13,1582.34,0,2,0,0.00798725,1,7.23093e-29,1.18562e-29,2.23342e-29,3.87642e-29,5.11138e-29,1,1.92131e-28
21101,0,12,1385.92,13,1582.34,0,2,0,0.00798325,1,1.14477e-27,1.87703e-28,3.53586e-28,6.13697e-28,8.09209e-28,1,3.04173e-27
21102,0,12,1385.92,13,1582.34,0,2,0,0.00797926,1,1.71495e-26,2.81193e-27,5.29698e-27,9.19361e-27,1.21225e-26,1,4.55673e-26
21103,0,12,1385.92,13,1582.34,0,2,0,0.00797527,1,2.43374e-25,3.9905e-26,7.51711e-26,1.30469e-25,1.72034e-25,1,6.46659e-25
21104,0,12,1385.92,13,1582.34,0,2,0,0.00797129,1,3.27535e-24,5.37045e-25,1.01166e-24,1.75586e-24,2.31524e-24,1,8.70276e-24
21105,0,12,1385.92,13,1582.34,0,2,9,0.0079673,1,4.18466e-23,6.86141e-24,1.29252e-23,2.24332e-23,2.958e-23,1,1.11188e-22
21106,0,12,1385.92,13,1549.76,0,2,13,0.00796332,1,6.27025e-26,1.02811e-26,1.93669e-26,3.36136e-26,4.43222e-26,1,1.66603e-25
21107,0,12,1385.92,13,1549.76,0,2,9,0.00795933,1,1.95983e-30,3.21345e-31,6.05333e-31,1.05062e-30,1.38533e-30,1,5.20733e-30
21108,0,12,1385.92,13,1549.76,0,2,9,0.00795535,1,4.11559e-33,6.74815e-34,1.27118e-33,2.20628e-33,2.90916e-33,1,1.09352e-32
21109,0,12,1385.92,13,1549.76,0,2,9,0.00795138,1,9.77689e-36,1.60307e-36,3.01979e-36,5.24117e-36,6.91091e-36,1,2.59774e-35
21110,0,12,1385.92,13,1549.76,0,2,0,0.0079474,1,2.62092e-38,4.29741e-39,8.09525e-39,1.40501e-38,1.85263e-38,1,6.96383e-38
21111,0,12,1385.92,13,1549.76,0,2,9,0.00794343,1,6.40904e-37,1.05086e-37,1.97956e-37,3.43573e-37,4.53029e-37,1,1.70289e-36
21112,0,12,1385.92,13,1549.76,0,2,0,0.00793946,1,1.81432e-39,2.97487e-40,5.60391e-40,9.72612e-40,1.28247e-39,1,4.82067e-39
21113,0,12,1385.92,13,1548.13,0,2,13,0.00793549,1,4.68003e-38,7.67364e-39,1.44552e-38,2.50884e-38,3.30811e-38,1,1.24348e-37
21114,0,12,1385.92,13,1548.13,0,2,0,0.00793152,1,2.55696e-42,4.19253e-43,7.89768e-43,1.37071e-42,1.8074e-42,1,6.79381e-42
21115,0,12,1385.92,13,1548.13,0,2,9,0.00792755,1,7.52102e-41,1.23319e-41,2.32302e-41,4.0318e-41,5.31626e-41,1,1.99833e-40
21116,0,12,1385.92,13,1548.13,0,2,0,0.00792359,1,2.55158e-43,4.18371e-44,7.88107e-44,1.36782e-43,1.80359e-43,1,6.7795e-43
21117,0,12,1385.92,13,1548.13,0,2,0,0.00791963,1,7.85924e-42,1.28865e-42,2.42749e-42,4.21309e-42,5.55531e-42,1,2.08818e-41
21118,0,12,1385.92,13,1548.13,0,2,0,0.00791567,1,2.26038e-40,3.70624e-41,6.98163e-41,1.21172e-40,1.59775e-40,1,6.00576e-40
21119,0,12,1385.92,13,1548.13,0,2,0,0.00791171,1,6.07862e-39,9.96686e-40,1.87751e-39,3.25855e-39,4.29666e-39,1,1.61507e-38
21120,0,12,1385.92,13,1548.13,0,2,0,0.00790775,1,1.53051e-37,2.50952e-38,4.7273e-38,8.20456e-38,1.08184e-37,1,4.06652e-37
21121,0,12,1385.92,13,1548.13,0,2,9,0.0079038,1,3.61284e-36,5.92381e-37,1.1159e-36,1.93671e-36,2.55372e-36,1,9.59916e-36
21122,0,12,1385.92,13,1548.13,0,2,9,0.00789985,1,9.87982e-39,1.61995e-39,3.05158e-39,5.29621e-39,6.98349e-39,1,2.62502e-38
21123,0,12,1385.92,13,1548.13,0,2,9,0.0078959,1,3.04027e-41,4.98499e-42,9.39048e-42,1.62977e-41,2.14899e-41,1,8.07784e-41
21124,0,12,1385.92,13,1548.13,0,2,9,0.00789195,1,1.05029e-43,1.72212e-44,3.24405e-44,5.63023e-44,7.42392e-44,1,2.79058e-43
21125,0,12,1385.92,13,1545.69,0,2,13,0.007888,1,4.06389e-46,6.66339e-47,1.25522e-46,2.1785e-46,2.87253e-46,1,1.07975e-45
21126,0,12,1385.92,13,1545.69,0,2,9,0.00788406,1,3.21842e-50,5.27711e-51,9.94075e-51,1.72527e-50,2.27491e-50,1,8.55115e-50
21127,0,12,1385.92,13,1545.69,0,2,0,0.00788012,1,1.68092e-52,2.75614e-53,5.19187e-53,9.01075e-53,1.18814e-52,1,4.4661e-52
21128,0,12,1385.92,13,1545.69,0,2,0,0.00787618,1,7.90214e-51,1.29568e-51,2.44074e-51,4.23602e-51,5.58553e-51,1,2.09954e-50
21129,0,12,1385.92,13,1545.69,0,2,0,0.00787224,1,3.43952e-49,5.63963e-50,1.06237e-49,1.84378e-49,2.43118e-49,1,9.13855e-49
21130,0,12,1385.92,13,1545.69,0,2,9,0.0078683,1,1.38828e-47,2.2763e-48,4.28797e-48,7.44196e-48,9.81283e-48,1,3.68854e-47
21131,0,12,1385.92,13,1545.69,0,2,0,0.00786437,1,6.4222e-50,1.05302e-50,1.98363e-50,3.44267e-50,4.53944e-50,1,1.70633e-49
21132,0,12,1385.92,13,1545.69,0,2,0,0.00786044,1,2.68064e-48,4.39533e-49,8.2797e-49,1.43697e-48,1.89477e-48,1,7.12223e-48
21133,0,12,1385.92,13,1545.69,0,2,0,0.00785651,1,1.03844e-46,1.70269e-47,3.20743e-47,5.56661e-47,7.34004e-47,1,2.75904e-46
21134,0,12,1385.92,13,1545.34,0,2,13,0.00785258,1,3.73905e-45,6.13077e-46,1.15488e-45,2.00434e-45,2.64288e-45,1,9.93433e-45
21135,0,12,1385.92,13,1544.39,0,2,13,0.00784865,1,2.83261e-49,4.6445e-50,8.74908e-50,1.51843e-49,2.00217e-49,1,7.52597e-49
21136,0,12,1385.92,13,1544.39,0,2,0,0.00784473,1,2.59431e-53,4.25378e-54,8.01306e-54,1.39069e-53,1.83374e-53,1,6.89283e-53
21137,0,12,1385.92,13,1544.39,0,2,0,0.00784081,1,1.26605e-51,2.07588e-52,3.91044e-52,6.78668e-52,8.94879e-52,1,3.36376e-51
21138,0,12,1385.92,13,1544.39,0,2,0,0.00783689,1,5.71622e-50,9.37263e-51,1.76557e-50,3.06419e-50,4.04038e-50,1,1.51874e-49
21139,0,12,1385.92,13,1544.39,0,2,0,0.00783297,1,2.39152e-48,3.92128e-49,7.3867e-49,1.28198e-48,1.69039e-48,1,6.35402e-48
21140,0,12,1385.92,13,1544.39,0,2,0,0.00782905,1,9.28558e-47,1.52252e-47,2.86804e-47,4.97754e-47,6.56329e-47,1,2.46707e-46
21141,0,12,1385.92,13,1544.39,0,2,0,0.00782514,1,3.35089e-45,5.49431e-46,1.03499e-45,1.79625e-45,2.3685e-45,1,8.90294e-45
21142,0,12,1385.92,13,1544.39,0,2,0,0.00782122,1,1.12555e-43,1.84552e-44,3.47649e-44,6.03351e-44,7.95568e-44,1,2.99046e-43
21143,0,12,1385.92,13,1544.39,0,2,9,0.00781731,1,3.52408e-42,5.77828e-43,1.08848e-42,1.88908e-42,2.49091e-42,1,9.36306e-42
21144,0,12,1385.92,13,1544.39,0,2,9,0.0078134,1,1.27105e-44,2.08409e-45,3.9259e-45,6.81344e-45,8.98408e-45,1,3.37702e-44
21145,0,12,1385.92,13,1544.39,0,2,0,0.0078095,1,5.13023e-47,8.41182e-48,1.58458e-47,2.75005e-47,3.62617e-47,1,1.36304e-46
21146,0,12,1385.92,13,1544.39,0,2,0,0.00780559,1,1.87345e-45,3.07182e-46,5.78653e-46,1.00426e-45,1.3242e-45,1,4.97752e-45
21147,0,12,1385.92,13,1544.39,0,2,0,0.00780169,1,6.36645e-44,1.04388e-44,1.96641e-44,3.41271e-44,4.49994e-44,1,1.69148e-43
21148,0,12,1385.92,13,1544.39,0,2,0,0.00779779,1,2.01617e-42,3.30583e-43,6.22735e-43,1.08076e-42,1.42507e-42,1,5.3567e-42
21149,0,12,1385.92,13,1536.32,0,2,13,0.00779389,1,5.95861e-41,9.77007e-42,1.84044e-41,3.19409e-41,4.21166e-41,1,1.58312e-40
21150,0,12,1385.92,13,1536.32,0,2,0,0.00778999,1,3.71982e-45,6.09922e-46,1.14894e-45,1.99399e-45,2.62924e-45,1,9.88304e-45
21151,0,12,1385.92,13,1536.32,0,2,0,0.0077861,1,1.24686e-43,2.04443e-44,3.85119e-44,6.68375e-44,8.81307e-44,1,3.31274e-43
21152,0,12,1385.92,13,1536.32,0,2,0,0.00778221,1,3.89593e-42,6.38798e-43,1.20334e-42,2.08839e-42,2.75371e-42,1,1.03509e-41
21153,0,12,1385.92,13,1536.32,0,2,0,0.00777831,1,1.13633e-40,1.8632e-41,3.5098e-41,6.09125e-41,8.03181e-41,1,3.01908e-40
21154,0,12,1385.92,13,1536.32,0,2,9,0.00777443,1,3.09816e-39,5.07992e-40,9.5693e-40,1.66075e-39,2.18983e-39,1,8.23136e-39
21155,0,12,1385.92,13,1536.32,0,2,0,0.00777054,1,9.75753e-42,1.5999e-42,3.01381e-42,5.23045e-42,6.89678e-42,1,2.59243e-41
21156,0,12,1385.92,13,1536.32,0,2,0,0.00776665,1,2.79422e-40,4.58156e-41,8.63052e-41,1.49782e-40,1.975e-40,1,7.42382e-40
21157,0,12,1385.92,13,1536.32,0,2,0,0.00776277,1,7.48245e-39,1.22686e-39,2.31111e-39,4.0109e-39,5.28871e-39,1,1.98797e-38
21158,0,12,1385.92,13,1536.32,0,2,0,0.00775889,1,1.87616e-37,3.07626e-38,5.79491e-38,1.0057e-37,1.3261e-37,1,4.98467e-37
21159,0,12,1385.92,13,1536.32,0,2,9,0.00775501,1,4.41076e-36,7.23213e-37,1.36235e-36,2.36435e-36,3.11759e-36,1,1.17187e-35
21160,0,12,1385.92,13,1536.32,0,2,0,0.00775113,1,1.20138e-38,1.96985e-39,3.71071e-39,6.43989e-39,8.49152e-39,1,3.19187e-38
21161,0,12,1385.92,13,1536.32,0,2,0,0.00774726,1,2.98397e-37,4.89269e-38,9.21661e-38,1.59953e-37,2.10911e-37,1,7.92793e-37
21162,0,12,1385.92,13,1536.32,0,2,9,0.00774338,1,6.95035e-36,1.13962e-36,2.14676e-36,3.72567e-36,4.9126e-36,1,1.84659e-35
21163,0,12,1385.92,13,1536.32,0,2,0,0.00773951,1,1.87596e-38,3.07594e-39,5.79429e-39,1.00559e-38,1.32595e-38,1,4.98412e-38
21164,0,12,1385.92,13,1536.32,0,2,0,0.00773564,1,4.61815e-37,7.57218e-38,1.42641e-37,2.47551e-37,3.26416e-37,1,1.22696e-36
21165,0,12,1385.92,13,1536.32,0,2,9,0.00773177,1,1.06632e-35,1.74839e-36,3.29354e-36,5.71587e-36,7.53685e-36,1,2.83302e-35
21166,0,12,1385.92,13,1536.32,0,2,0,0.00772791,1,2.85356e-38,4.67885e-39,8.81378e-39,1.52961e-38,2.01692e-38,1,7.58141e-38
21167,0,12,1385.92,13,1536.32,0,2,0,0.00772404,1,6.96605e-37,1.14219e-37,2.15161e-37,3.73407e-37,4.92367e-37,1,1.85076e-36
21168,0,12,1385.92,13,1535.85,0,2,13,0.00772018,1,1.59527e-35,2.6157e-36,4.92732e-36,8.55126e-36,1.12755e-35,1,4.23836e-35
21169,0,12,1385.92,13,1535.85,0,2,0,0.00771632,1,7.75636e-40,1.27178e-40,2.39571e-40,4.1577e-40,5.48226e-40,1,2.06073e-39
21170,0,12,1385.92,13,1535.85,0,2,9,0.00771246,1,2.03504e-38,3.33676e-39,6.28563e-39,1.09086e-38,1.43838e-38,1,5.40673e-38
21171,0,12,1385.92,13,1535.85,0,2,0,0.00770861,1,6.17247e-41,1.01207e-41,1.90649e-41,3.30867e-41,4.36275e-41,1,1.63991e-40
21172,0,12,1385.92,13,1535.85,0,2,0,0.00770475,1,1.70356e-39,2.79325e-40,5.26179e-40,9.1317e-40,1.20409e-39,1,4.52605e-39
21173,0,12,1385.92,13,1535.85,0,2,9,0.0077009,1,4.39985e-38,7.21425e-39,1.35898e-38,2.35848e-38,3.10985e-38,1,1.16896e-37
21174,0,12,1385.92,13,1535.85,0,2,0,0.00769705,1,1.3141e-40,2.15467e-41,4.05885e-41,7.04402e-41,9.28812e-41,1,3.49131e-40
21175,0,12,1385.92,13,1535.85,0,2,0,0.0076932,1,3.57242e-39,5.85754e-40,1.10341e-39,1.91494e-39,2.52501e-39,1,9.49125e-39
21176,0,12,1385.92,13,1535.85,0,2,0,0.00768935,1,9.09099e-38,1.49061e-38,2.80794e-38,4.87309e-38,6.42557e-38,1,2.4153e-37
21177,0,12,1385.92,13,1535.85,0,2,0,0.00768551,1,2.16844e-36,3.55549e-37,6.69766e-37,1.16236e-36,1.53266e-36,1,5.76113e-36
21178,0,12,1385.92,13,1535.85,0,2,0,0.00768167,1,4.85436e-35,7.95948e-36,1.49937e-35,2.6021e-35,3.43109e-35,1,1.28971e-34
21179,0,12,1385.92,13,1535.85,0,2,0,0.00767783,1,1.02122e-33,1.67444e-34,3.15423e-34,5.47406e-34,7.218e-34,1,2.71317e-33
21180,0,12,1385.92,13,1535.85,0,2,9,0.00767399,1,2.02136e-32,3.31433e-33,6.24337e-33,1.08352e-32,1.4287e-32,1,5.37035e-32
21181,0,12,1385.92,13,1535.85,0,2,0,0.00767015,1,4.65144e-35,7.62677e-36,1.43669e-35,2.49333e-35,3.28766e-35,1,1.2358e-34
21182,0,12,1385.92,13,1535.85,0,2,0,0.00766631,1,9.79363e-34,1.60582e-34,3.02496e-34,5.24971e-34,6.92218e-34,1,2.60198e-33
21183,0,12,1385.92,13,1535.85,0,2,0,0.00766248,1,1.94014e-32,3.18116e-33,5.99251e-33,1.03998e-32,1.3713e-32,1,5.15457e-32
21184,0,12,1385.92,13,1535.85,0,2,0,0.00765865,1,3.62063e-31,5.93659e-32,1.1183e-31,1.94078e-31,2.55907e-31,1,9.61929e-31
21185,0,12,1385.92,13,1535.85,0,2,0,0.00765482,1,6.3726e-30,1.04489e-30,1.96831e-30,3.41592e-30,4.50417e-30,1,1.69307e-29
21186,0,12,1385.92,13,1535.85,0,2,0,0.00765099,1,1.0591e-28,1.73656e-29,3.27125e-29,5.67713e-29,7.48576e-29,1,2.81382e-28
21187,0,12,1385.92,13,1535.85,0,2,9,0.00764717,1,1.66398e-27,2.72835e-28,5.13953e-28,8.91945e-28,1.1761e-27,1,4.42085e-27
21188,0,12,1385.92,13,1535.85,0,2,0,0.00764334,1,3.05339e-30,5.00651e-31,9.431e-31,1.63671e-30,2.15814e-30,1,8.11223e-30
21189,0,12,1385.92,13,1535.85,0,2,0,0.00763952,1,5.14985e-29,8.44398e-30,1.59063e-29,2.76048e-29,3.63992e-29,1,1.36821e-28
21190,0,12,1385.92,13,1535.85,0,2,0,0.0076357,1,8.20855e-28,1.34592e-28,2.53538e-28,4.40004e-28,5.80181e-28,1,2.18084e-27
21191,0,12,1385.92,13,1535.85,0,2,0,0.00763189,1,1.23791e-26,2.02975e-27,3.82353e-27,6.63558e-27,8.74956e-27,1,3.28887e-26
21192,0,12,1385.92,13,1531.08,0,2,13,0.00762807,1,1.76825e-25,2.89932e-26,5.46159e-26,9.47835e-26,1.2498e-25,1,4.69786e-25
21193,0,12,1385.92,13,1531.08,0,2,0,0.00762426,1,5.41342e-30,8.87615e-31,1.67204e-30,2.90176e-30,3.82621e-30,1,1.43823e-29
21194,0,12,1385.92,13,1531.08,0,2,0,0.00762044,1,9.02631e-29,1.48001e-29,2.78796e-29,4.83838e-29,6.3798e-29,1,2.3981e-28
21195,0,12,1385.92,13,1531.08,0,2,0,0.00761663,1,1.42268e-27,2.33271e-28,4.39424e-28,7.62601e-28,1.00555e-27,1,3.77977e-27
21196,0,12,1385.92,13,1531.08,0,2,9,0.00761282,1,2.12204e-26,3.47942e-27,6.55436e-27,1.13748e-26,1.49986e-26,1,5.63781e-26
21197,0,12,1385.92,13,1531.08,0,2,9,0.00760902,1,3.70064e-29,6.06777e-30,1.14302e-29,1.98365e-29,2.61561e-29,1,9.8318e-29
21198,0,12,1385.92,13,1531.08,0,2,9,0.00760521,1,7.32771e-32,1.20149e-32,2.26331e-32,3.92787e-32,5.17922e-32,1,1.94682e-31
21199,0,12,1385.92,13,1531.08,0,2,0,0.00760141,1,1.64334e-34,2.69451e-35,5.07578e-35,8.80877e-35,1.16151e-34,1,4.36599e-34
21200,0,12,1385.92,13,1531.08,0,2,9,0.00759761,1,3.37381e-33,5.53188e-34,1.04207e-33,1.80846e-33,2.3846e-33,1,8.96347e-33
21201,0,12,1385.92,13,1531.08,0,2,0,0.00759381,1,8.04665e-36,1.31937e-36,2.48537e-36,4.31324e-36,5.68736e-36,1,2.13782e-35
21202,0,12,1385.92,13,1531.08,0,2,0,0.00759001,1,1.75473e-34,2.87716e-35,5.41985e-35,9.40588e-35,1.24024e-34,1,4.66194e-34
21203,0,12,1385.92,13,1531.08,0,2,0,0.00758622,1,3.59778e-33,5.89912e-34,1.11125e-33,1.92851e-33,2.5429e-33,1,9.55852e-33
21204,0,12,1385.92,13,1531.08,0,2,9,0.00758243,1,6.9442e-32,1.13861e-32,2.14486e-32,3.72229e-32,4.90814e-32,1,1.84492e-31
21205,0,12,1385.92,13,1531.08,0,2,0,0.00757864,1,1.559e-34,2.55623e-35,4.8153e-35,8.3567e-35,1.1019e-34,1,4.14193e-34
21206,0,12,1385.92,13,1531.08,0,2,0,0.00757485,1,3.20404e-33,5.25353e-34,9.89633e-34,1.71746e-33,2.26461e-33,1,8.51243e-33
21207,0,12,1385.92,13,1531.08,0,2,0,0.00757106,1,6.19858e-32,1.01635e-32,1.91456e-32,3.32261e-32,4.38114e-32,1,1.64682e-31
21208,0,12,1385.92,13,1531.08,0,2,0,0.00756727,1,1.1302e-30,1.85314e-31,3.49084e-31,6.05817e-31,7.9882e-31,1,3.00268e-30
21209,0,12,1385.92,13,1531.08,0,2,9,0.00756349,1,1.94446e-29,3.18825e-30,6.00586e-30,1.04228e-29,1.37434e-29,1,5.166e-29
21210,0,12,1385.92,13,1531.08,0,2,0,0.00755971,1,3.90014e-32,6.3949e-33,1.20464e-32,2.09059e-32,2.75661e-32,1,1.03618e-31
21211,0,12,1385.92,13,1531.08,0,2,0,0.00755593,1,7.1774e-31,1.17685e-31,2.21688e-31,3.84728e-31,5.07296e-31,1,1.90687e-30
21212,0,12,1385.92,13,1531.08,0,2,0,0.00755215,1,1.24611e-29,2.04319e-30,3.84886e-30,6.67948e-30,8.80744e-30,1,3.31063e-29
21213,0,12,1385.92,13,1531.08,0,2,0,0.00754837,1,2.0434e-28,3.35047e-29,6.31144e-29,1.09532e-28,1.44426e-28,1,5.42884e-28
21214,0,12,1385.92,13,1531.08,0,2,0,0.0075446,1,3.1685e-27,5.19525e-28,9.78655e-28,1.6984e-27,2.23948e-27,1,8.41798e-27
21215,0,12,1385.92,13,1531.08,0,2,9,0.00754083,1,4.65098e-26,7.62601e-27,1.43655e-26,2.49305e-26,3.28729e-26,1,1.23566e-25
21216,0,12,1385.92,13,1531.08,0,2,0,0.00753706,1,7.98456e-29,1.30919e-29,2.46619e-29,4.27994e-29,5.64345e-29,1,2.12131e-28
21217,0,12,1385.92,13,1531.08,0,2,0,0.00753329,1,1.26158e-27,2.06855e-28,3.89664e-28,6.76239e-28,8.91677e-28,1,3.35172e-27
21218,0,12,1385.92,13,1531.08,0,2,0,0.00752952,1,1.88627e-26,3.09283e-27,5.82612e-27,1.01109e-26,1.33321e-26,1,5.01138e-26
21219,0,12,1385.92,13,1531.08,0,2,9,0.00752576,1,2.67177e-25,4.38079e-26,8.25231e-26,1.43214e-25,1.88839e-25,1,7.09828e-25
21220,0,12,1385.92,13,1531.08,0,2,0,0.00752199,1,4.42916e-28,7.2623e-29,1.36803e-28,2.37414e-28,3.1305e-28,1,1.17672e-27
21221,0,12,1385.92,13,1531.08,0,2,9,0.00751823,1,6.76243e-27,1.10881e-27,2.08871e-27,3.62484e-27,4.77965e-27,1,1.79662e-26
21222,0,12,1385.92,13,1531.08,0,2,0,0.00751447,1,1.20659e-29,1.97839e-30,3.72678e-30,6.46761e-30,8.52808e-30,1,3.20562e-29
21223,0,12,1385.92,13,1531.08,0,2,0,0.00751072,1,1.97986e-28,3.24629e-29,6.1152e-29,1.06126e-28,1.39936e-28,1,5.26003e-28
21224,0,12,1385.92,13,1531.08,0,2,0,0.00750696,1,3.07192e-27,5.0369e-28,9.48825e-28,1.64663e-27,2.17122e-27,1,8.16138e-27
21225,0,12,1385.92,13,1531.08,0,2,0,0.00750321,1,4.51201e-26,7.39814e-27,1.39363e-26,2.41855e-26,3.18906e-26,1,1.19874e-25
21226,0,12,1385.92,13,1531.08,0,2,9,0.00749946,1,6.28045e-25,1.02978e-25,1.93984e-25,3.36648e-25,4.43898e-25,1,1.66857e-24
21227,0,12,1385.92,13,1530.91,0,2,13,0.00749571,1,1.0235e-27,1.67819e-28,3.16129e-28,5.48623e-28,7.23404e-28,1,2.7192e-27
21228,0,12,1385.92,13,1530.91,0,2,9,0.00749196,1,3.47349e-32,5.69533e-33,1.07286e-32,1.86188e-32,2.45504e-32,1,9.22825e-32
21229,0,12,1385.92,13,1530.91,0,2,0,0.00748821,1,7.90694e-35,1.29647e-35,2.44222e-35,4.23832e-35,5.58857e-35,1,2.10069e-34
21230,0,12,1385.92,13,1530.91,0,2,0,0.00748447,1,1.64724e-33,2.7009e-34,5.08783e-34,8.82961e-34,1.16426e-33,1,4.37632e-33
21231,0,12,1385.92,13,1530.91,0,2,0,0.00748073,1,3.22945e-32,5.29519e-33,9.97482e-33,1.73107e-32,2.28256e-32,1,8.57989e-32
21232,0,12,1385.92,13,1530.91,0,2,0,0.00747699,1,5.9656e-31,9.78154e-32,1.8426e-31,3.19771e-31,4.21645e-31,1,1.58492e-30
21233,0,12,1385.92,13,1530.91,0,2,0,0.00747325,1,1.03956e-29,1.70452e-30,3.21089e-30,5.5723e-30,7.34753e-30,1,2.76186e-29
21234,0,12,1385.92,13,1530.91,0,2,0,0.00746951,1,1.71088e-28,2.80526e-29,5.28441e-29,9.17076e-29,1.20924e-28,1,4.54541e-28
21235,0,12,1385.92,13,1530.91,0,2,0,0.00746578,1,2.66234e-27,4.36533e-28,8.22318e-28,1.42708e-27,1.88172e-27,1,7.07321e-27
21236,0,12,1385.92,13,1530.91,0,2,0,0.00746204,1,3.92163e-26,6.43012e-27,1.21127e-26,2.10209e-26,2.77178e-26,1,1.04188e-25
21237,0,12,1385.92,13,1530.91,0,2,0,0.00745831,1,5.474e-25,8.97548e-26,1.69076e-25,2.9342e-25,3.86898e-25,1,1.45431e-24
21238,0,12,1385.92,13,1530.91,0,2,0,0.00745458,1,7.24848e-24,1.1885e-24,2.23884e-24,3.88536e-24,5.12317e-24,1,1.92575e-23
21239,0,12,1385.92,13,1530.91,0,2,0,0.00745086,1,9.11486e-23,1.49452e-23,2.81531e-23,4.88579e-23,6.44231e-23,1,2.4216e-22
21240,0,12,1385.92,13,1530.91,0,2,0,0.00744713,1,1.08959e-21,1.78655e-22,3.36542e-22,5.84046e-22,7.70113e-22,1,2.89478e-21
21241,0,12,1385.92,13,1530.91,0,2,0,0.00744341,1,1.23944e-20,2.03226e-21,3.82826e-21,6.6437e-21,8.76026e-21,1,3.29289e-20
21242,0,12,1385.92,13,1530.91,0,2,0,0.00743968,1,1.34298e-19,2.20202e-20,4.14806e-20,7.19869e-20,9.49206e-20,1,3.56797e-19
21243,0,12,1385.92,13,1530.91,0,2,0,0.00743597,1,1.38744e-18,2.27493e-19,4.2854e-19,7.43704e-19,9.80634e-19,1,3.6861e-18
21244,0,12,1385.92,13,1530.91,0,2,0,0.00743225,1,1.36798e-17,2.24301e-18,4.22528e-18,7.33269e-18,9.66876e-18,1,3.63439e-17
21245,0,12,1385.92,13,1530.91,0,2,0,0.00742853,1,1.28844e-16,2.11261e-17,3.97962e-17,6.90637e-17,9.10661e-17,1,3.42308e-16
21246,0,12,1385.92,13,1530.91,0,2,0,0.00742482,1,1.16031e-15,1.9025e-16,3.58384e-16,6.21951e-16,8.20094e-16,1,3.08265e-15
21247,0,12,1385.92,13,1530.91,0,2,9,0.0074211,1,9.99974e-15,1.63961e-15,3.08862e-15,5.3601e-15,7.06773e-15,1,2.65669e-14
21248,0,12,1385.92,13,1530.91,0,2,9,0.00741739,1,1.0187e-17,1.67032e-18,3.14646e-18,5.46048e-18,7.20009e-18,1,2.70644e-17
21249,0,12,1385.92,13,1530.91,0,2,0,0.00741369,1,1.19109e-20,1.95297e-21,3.67891e-21,6.3845e-21,8.41849e-21,1,3.16443e-20
21250,0,12,1385.92,13,1530.91,0,2,0,0.00740998,1,1.29161e-19,2.1178e-20,3.98941e-20,6.92335e-20,9.129e-20,1,3.4315e-19
21251,0,12,1385.92,13,1530.91,0,2,0,0.00740627,1,1.33542e-18,2.18963e-19,4.12471e-19,7.15816e-19,9.43862e-19,1,3.54788e-18
21252,0,12,1385.92,13,1530.91,0,2,9,0.00740257,1,1.31769e-17,2.16056e-18,4.06995e-18,7.06313e-18,9.31331e-18,1,3.50078e-17
21253,0,12,1385.92,13,1530.91,0,2,9,0.00739887,1,1.53276e-20,2.5132e-21,4.73424e-21,8.21596e-21,1.08334e-20,1,4.07217e-20
21254,0,12,1385.92,13,1530.91,0,2,0,0.00739517,1,2.0409e-23,3.34638e-24,6.30375e-24,1.09397e-23,1.44249e-23,1,5.42218e-23
21255,0,12,1385.92,13,1530.91,0,2,0,0.00739147,1,2.51382e-22,4.1218e-23,7.76444e-23,1.34747e-22,1.77674e-22,1,6.6786e-22
21256,0,12,1385.92,13,1530.91,0,2,0,0.00738778,1,2.94466e-21,4.82823e-22,9.09518e-22,1.57841e-21,2.08126e-21,1,7.82324e-21
21257,0,12,1385.92,13,1530.91,0,2,9,0.00738408,1,3.28369e-20,5.38413e-21,1.01424e-20,1.76014e-20,2.32088e-20,1,8.72396e-20
21258,0,12,1385.92,13,1530.91,0,2,0,0.00738039,1,4.30619e-23,7.06067e-24,1.33005e-23,2.30822e-23,3.04357e-23,1,1.14405e-22
21259,0,12,1385.92,13,1530.91,0,2,0,0.0073767,1,5.22539e-22,8.56785e-23,1.61397e-22,2.80093e-22,3.69326e-22,1,1.38826e-21
21260,0,12,1385.92,13,1530.91,0,2,0,0.00737301,1,6.03205e-21,9.89048e-22,1.86312e-21,3.23332e-21,4.26339e-21,1,1.60257e-20
21261,0,12,1385.92,13,1530.91,0,2,0,0.00736933,1,6.63076e-20,1.08722e-20,2.04804e-20,3.55424e-20,4.68656e-20,1,1.76163e-19
21262,0,12,1385.92,13,1530.91,0,2,0,0.00736564,1,6.94768e-19,1.13918e-19,2.14593e-19,3.72412e-19,4.91055e-19,1,1.84583e-18
21263,0,12,1385.92,13,1530.91,0,2,0,0.00736196,1,6.94562e-18,1.13884e-18,2.1453e-18,3.72301e-18,4.9091e-18,1,1.84528e-17
21264,0,12,1385.92,13,1530.91,0,2,0,0.00735828,1,6.63109e-17,1.08727e-17,2.04815e-17,3.55442e-17,4.68679e-17,1,1.76172e-16
21265,0,12,1385.92,13,1530.91,0,2,0,0.0073546,1,6.05147e-16,9.92234e-17,1.86912e-16,3.24373e-16,4.27712e-16,1,1.60773e-15
21266,0,12,1385.92,13,1530.91,0,2,0,0.00735092,1,5.28362e-15,8.66333e-16,1.63195e-15,2.83214e-15,3.73441e-15,1,1.40373e-14
21267,0,12,1385.92,13,1530.91,0,2,0,0.00734724,1,4.41755e-14,7.24326e-15,1.36445e-14,2.36791e-14,3.12228e-14,1,1.17363e-13
21268,0,12,1385.92,13,1530.91,0,2,0,0.00734357,1,3.53985e-13,5.80415e-14,1.09336e-13,1.89744e-13,2.50193e-13,1,9.40451e-13
21269,0,12,1385.92,13,1530.91,0,2,0,0.0073399,1,2.72091e-12,4.46135e-13,8.40407e-13,1.45847e-12,1.92311e-12,1,7.22877e-12
21270,0,12,1385.92,13,1530.91,0,2,0,0.00733623,1,2.00783e-11,3.29215e-12,6.2016e-12,1.07624e-11,1.41911e-11,1,5.33431e-11
21271,0,12,1385.92,13,1530.91,0,2,0,0.00733256,1,1.42358e-10,2.33418e-11,4.397e-11,7.63069e-11,1.00617e-10,1,3.78209e-10
21272,0,12,1385.92,13,1530.91,0,2,0,0.00732889,1,9.70557e-10,1.59138e-10,2.99776e-10,5.2024e-10,6.8598e-10,1,2.57853e-09
21273,0,12,1385.92,13,1530.91,0,2,0,0.00732523,1,6.36779e-09,1.0441e-09,1.96682e-09,3.41328e-09,4.50069e-09,1,1.69176e-08
21274,0,12,1385.92,13,1530.91,0,2,9,0.00732157,1,4.02362e-08,6.59735e-09,1.24278e-08,2.15675e-08,2.84385e-08,1,1.06897e-07
21275,0,12,1385.92,13,1530.91,0,2,0,0.00731791,1,3.024e-11,4.95832e-12,9.34024e-12,1.62093e-11,2.13733e-11,1,8.03401e-11
21276,0,12,1385.92,13,1530.91,0,2,0,0.00731425,1,2.12656e-10,3.48683e-11,6.56832e-11,1.13989e-10,1.50303e-10,1,5.64974e-10
21277,0,12,1385.92,13,1530.91,0,2,9,0.00731059,1,1.43824e-09,2.35823e-10,4.44231e-10,7.70931e-10,1.01654e-09,1,3.82105e-09
21278,1,12,1385.92,13,1530.91,0,2,9,0.00730694,1,1.1554e-12,1.89446e-13,3.5687e-13,6.19322e-13,8.16627e-13,1,3.06962e-12
21279,1,12,1385.92,13,1530.91,0,2,0,0.00730328,1,2.34179e-43,4.12708e-43,5.91305e-43,5.01832e-43,2.09489e-43,1,1.38052e-43
21280,1,12,1385.92,13,1530.91,0,2,0,0.00729963,1,3.54758e-42,6.25213e-42,8.9577e-42,7.60203e-42,3.17346e-42,1,2.09128e-42
21281,1,12,1385.92,13,1530.91,0,2,9,0.00729598,1,5.08989e-41,8.97025e-41,1.28521e-40,1.09067e-40,4.55299e-41,1,3.00038e-41
21282,1,12,1385.92,13,1530.91,0,2,0,0.00729233,1,8.54476e-44,1.5059e-43,2.15757e-43,1.83093e-43,7.64319e-44,1,5.03679e-44
21283,1,12,1385.92,13,1530.91,0,2,0,0.00728869,1,1.32081e-42,2.32775e-42,3.33507e-42,2.83009e-42,1.18142e-42,1,7.78543e-43
21284,0,12,1385.92,13,1528.76,0,2,13,0.00728504,1,1.93286e-41,3.4064e-41,4.8805e-41,4.14139e-41,1.72882e-41,1,1.13928e-41
21285,0,12,1385.92,13,1528.76,0,2,0,0.0072814,1,6.45374e-17,1.05819e-17,1.99337e-17,3.45978e-17,4.562e-17,1,1.71481e-16
21286,0,12,1385.92,13,1528.76,0,2,0,0.00727776,1,5.89282e-16,9.66221e-17,1.82012e-16,3.15907e-16,4.16549e-16,1,1.56577e-15
21287,0,12,1385.92,13,1528.76,0,2,0,0.00727412,1,5.14784e-15,8.44069e-16,1.59001e-15,2.75968e-15,3.63887e-15,1,1.36781e-14
21288,0,12,1385.92,13,1528.76,0,2,0,0.00727048,1,4.30626e-14,7.06079e-15,1.33008e-14,2.30852e-14,3.04397e-14,1,1.1442e-13
21289,0,12,1385.92,13,1528.76,0,2,0,0.00726685,1,3.45244e-13,5.66082e-14,1.06636e-13,1.8508e-13,2.44043e-13,1,9.17331e-13
21290,0,12,1385.92,13,1528.76,0,2,0,0.00726321,1,2.65504e-12,4.35336e-13,8.20064e-13,1.42332e-12,1.87677e-12,1,7.05457e-12
21291,0,12,1385.92,13,1528.76,0,2,0,0.00725958,1,1.96019e-11,3.21404e-12,6.05444e-12,1.05082e-11,1.38559e-11,1,5.2083e-11
21292,0,12,1385.92,13,1528.76,0,2,0,0.00725595,1,1.39047e-10,2.27989e-11,4.29473e-11,7.454e-11,9.82871e-11,1,3.69451e-10
21293,0,12,1385.92,13,1528.76,0,2,0,0.00725233,1,9.48429e-10,1.5551e-10,2.92942e-10,5.08433e-10,6.7041e-10,1,2.52e-09
21294,0,12,1385.92,13,1528.76,0,2,0,0.0072487,1,6.22548e-09,1.02076e-09,1.92287e-09,3.33734e-09,4.40055e-09,1,1.65412e-08
21295,0,12,1385.92,13,1528.76,0,2,9,0.00724507,1,3.93548e-08,6.45283e-09,1.21555e-08,2.10971e-08,2.78183e-08,1,1.04566e-07
21296,0,12,1385.92,13,1528.76,0,2,0,0.00724145,1,2.95907e-11,4.85186e-12,9.13968e-12,1.58628e-11,2.09164e-11,1,7.86227e-11
21297,0,12,1385.92,13,1528.76,0,2,0,0.00723783,1,2.0818e-10,3.41344e-11,6.43007e-11,1.116e-10,1.47154e-10,1,5.53136e-10
21298,0,12,1385.92,13,1528.76,0,2,0,0.00723421,1,1.40857e-09,2.30957e-10,4.35066e-10,7.55097e-10,9.95657e-10,1,3.74257e-09
21299,0,12,1385.92,13,1528.76,0,2,0,0.0072306,1,9.173e-09,1.50406e-09,2.83327e-09,4.91739e-09,6.48398e-09,1,2.43726e-08
21300,0,12,1385.92,13,1528.76,0,2,0,0.00722698,1,5.75399e-08,9.43456e-09,1.77724e-08,3.08455e-08,4.06723e-08,1,1.52883e-07
21301,0,12,1385.92,13,1528.76,0,2,0,0.00722337,0.999999,3.47918e-07,5.70467e-08,1.07462e-07,1.86508e-07,2.45927e-07,0.999999,9.24413e-07
21302,0,12,1385.92,13,1528.76,0,2,0,0.00721975,0.999997,2.02934e-06,3.32742e-07,6.26803e-07,1.08786e-06,1.43443e-06,0.999992,5.39189e-06
21303,0,12,1385.92,13,1528.76,0,2,0,0.00721614,0.999983,1.14264e-05,1.87354e-06,3.52928e-06,6.12516e-06,8.07652e-06,0.999955,3.03588e-05
21304,0,12,1385.92,13,1528.76,0,2,9,0.00721254,0.999908,6.21479e-05,1.01901e-05,1.91956e-05,3.33104e-05,4.39225e-05,0.999758,0.0001651
21305,0,12,1385.92,13,1528.76,0,2,0,0.00720893,1,4.03325e-08,6.61314e-09,1.24575e-08,2.16209e-08,2.85089e-08,1,1.07162e-07
21306,0,12,1385.92,13,1528.76,0,2,0,0.00720533,1,2.45612e-07,4.02719e-08,7.58622e-08,1.31664e-07,1.7361e-07,0.999999,6.52581e-07
21307,0,12,1385.92,13,1528.76,0,2,0,0.00720172,0.999998,1.44262e-06,2.3654e-07,4.45582e-07,7.73334e-07,1.0197e-06,0.999994,3.83296e-06
21308,0,12,1385.92,13,1528.76,0,2,0,0.00719812,0.999988,8.17847e-06,1.34099e-06,2.52609e-06,4.38409e-06,5.78078e-06,0.999968,2.17294e-05
21309,0,12,1385.92,13,1528.76,0,2,9,0.00719452,0.999934,4.4782e-05,7.3427e-06,1.38318e-05,2.40033e-05,3.16503e-05,0.999825,0.00011897
21310,0,12,1385.92,13,1528.76,0,2,0,0.00719093,1,2.92528e-08,4.79645e-09,9.03531e-09,1.56813e-08,2.0677e-08,1,7.77229e-08
21311,0,12,1385.92,13,1528.76,0,2,0,0.00718733,1,1.79288e-07,2.93971e-08,5.53767e-08,9.61092e-08,1.26728e-07,0.999999,4.76357e-07
21312,0,12,1385.92,13,1528.76,0,2,9,0.00718374,0.999998,1.05971e-06,1.73756e-07,3.27313e-07,5.68067e-07,7.49043e-07,0.999996,2.81558e-06
21313,0,12,1385.92,13,1528.76,0,2,9,0.00718015,1,7.46006e-10,1.22319e-10,2.30419e-10,3.99903e-10,5.27305e-10,1,1.98209e-09
21314,0,12,1385.92,13,1528.76,0,2,0,0.00717656,1,6.07218e-13,9.9563e-14,1.87552e-13,3.25505e-13,4.29204e-13,1,1.61334e-12
21315,0,12,1385.92,13,1528.76,0,2,0,0.00717297,1,4.61728e-12,7.57075e-13,1.42614e-12,2.47513e-12,3.26366e-12,1,1.22678e-11
21316,0,12,1385.92,13,1528.76,0,2,9,0.00716938,1,3.37137e-11,5.52789e-12,1.04132e-11,1.80725e-11,2.383e-11,1,8.95746e-11
21317,0,12,1385.92,13,1528.76,0,2,0,0.0071658,1,2.91949e-14,4.78697e-15,9.01745e-15,1.56501e-14,2.0636e-14,1,7.75685e-14
21318,0,12,1385.92,13,1528.76,0,2,9,0.00716221,1,2.3589e-13,3.86779e-14,7.28594e-14,1.2645e-13,1.66735e-13,1,6.26739e-13
21319,0,12,1385.92,13,1528.76,0,2,0,0.00715863,1,2.25586e-16,3.69884e-17,6.96769e-17,1.20927e-16,1.59452e-16,1,5.99363e-16
21320,0,12,1385.92,13,1528.76,0,2,0,0.00715505,1,2.00888e-15,3.29388e-16,6.20484e-16,1.07687e-15,1.41994e-15,1,5.33741e-15
21321,0,12,1385.92,13,1528.76,0,2,0,0.00715147,1,1.71239e-14,2.80774e-15,5.28907e-15,9.17934e-15,1.21037e-14,1,4.54966e-14
21322,0,12,1385.92,13,1528.76,0,2,0,0.0071479,1,1.39843e-13,2.29294e-14,4.31932e-14,7.4963e-14,9.88448e-14,1,3.71548e-13
21323,0,12,1385.92,13,1513.77,0,2,13,0.00714433,1,1.09505e-12,1.79551e-13,3.38229e-13,5.87005e-13,7.74014e-13,1,2.90944e-12
21324,0,12,1385.92,13,1513.77,0,2,0,0.00714075,1,1.86005e-17,3.04985e-18,5.74515e-18,9.97084e-18,1.31474e-17,1,4.94196e-17
21325,0,12,1385.92,13,1513.77,0,2,0,0.00713718,1,1.74118e-16,2.85493e-17,5.37798e-17,9.33359e-17,1.23071e-16,1,4.62612e-16
21326,0,12,1385.92,13,1513.77,0,2,9,0.00713361,1,1.5586e-15,2.55556e-16,4.81404e-16,8.35487e-16,1.10166e-15,1,4.14102e-15
21327,0,12,1385.92,13,1513.77,0,2,0,0.00713005,1,1.64792e-18,2.70203e-19,5.08994e-19,8.83369e-19,1.16479e-18,1,4.37834e-18
21328,0,12,1385.92,13,1513.77,0,2,9,0.00712648,1,1.61922e-17,2.65497e-18,5.00129e-18,8.67982e-18,1.14451e-17,1,4.30208e-17
21329,0,12,1385.92,13,1513.77,0,2,0,0.00712292,1,1.87576e-20,3.0756e-21,5.79367e-21,1.0055e-20,1.32583e-20,1,4.98367e-20
21330,0,12,1385.92,13,1513.77,0,2,0,0.00711936,1,2.01568e-19,3.30503e-20,6.22584e-20,1.0805e-19,1.42473e-19,1,5.35542e-19
21331,0,12,1385.92,13,1513.77,0,2,0,0.0071158,1,2.06558e-18,3.38684e-19,6.37995e-19,1.10725e-18,1.46e-18,1,5.48798e-18
21332,0,12,1385.92,13,1513.77,0,2,9,0.00711224,1,2.02045e-17,3.31285e-18,6.24058e-18,1.08306e-17,1.4281e-17,1,5.36808e-17
21333,0,12,1385.92,13,1513.77,0,2,0,0.00710868,1,2.33022e-20,3.82076e-21,7.19736e-21,1.24911e-20,1.64705e-20,1,6.19109e-20
21334,0,12,1385.92,13,1513.77,0,2,0,0.00710513,1,2.4932e-19,4.08799e-20,7.70076e-20,1.33647e-19,1.76224e-19,1,6.6241e-19
21335,0,12,1385.92,13,1513.77,0,2,9,0.00710158,1,2.54408e-18,4.17141e-19,7.85789e-19,1.36374e-18,1.7982e-18,1,6.75926e-18
21336,0,12,1385.92,13,1513.77,0,2,0,0.00709803,1,3.05828e-21,5.01453e-22,9.44611e-22,1.63937e-21,2.16165e-21,1,8.12542e-21
21337,0,12,1385.92,13,1513.77,0,2,0,0.00709448,1,3.40781e-20,5.58764e-21,1.05257e-20,1.82674e-20,2.4087e-20,1,9.05407e-20
21338,0,12,1385.92,13,1513.77,0,2,0,0.00709093,1,3.61854e-19,5.93317e-20,1.11766e-19,1.9397e-19,2.55765e-19,1,9.61395e-19
21339,0,12,1385.92,13,1513.42,0,2,13,0.00708738,1,3.66498e-18,6.0093e-19,1.132e-18,1.96459e-18,2.59047e-18,1,9.7373e-18
21340,0,12,1385.92,13,1513.42,0,2,0,0.00708384,1,8.01068e-23,1.31348e-23,2.47426e-23,4.29407e-23,5.66208e-23,1,2.12832e-22
21341,0,12,1385.92,13,1513.42,0,2,0,0.0070803,1,9.60072e-22,1.57419e-22,2.96538e-22,5.1464e-22,6.78594e-22,1,2.55077e-21
21342,0,12,1385.92,13,1513.42,0,2,9,0.00707676,1,1.09488e-20,1.79522e-21,3.38175e-21,5.86901e-21,7.73877e-21,1,2.90892e-20
21343,0,12,1385.92,13,1513.42,0,2,0,0.00707322,1,1.4677e-23,2.40652e-24,4.53328e-24,7.86746e-24,1.03739e-23,1,3.89944e-23
21344,0,12,1385.92,13,1513.42,0,2,9,0.00706968,1,1.81975e-22,2.98376e-23,5.62066e-23,9.7546e-23,1.28622e-22,1,4.83478e-22
21345,0,12,1385.92,13,1513.42,0,2,0,0.00706615,1,2.6477e-25,4.34132e-26,8.17796e-26,1.41927e-25,1.87143e-25,1,7.03451e-25
21346,0,12,1385.92,13,1513.42,0,2,0,0.00706262,1,3.55729e-24,5.83273e-25,1.09874e-24,1.90685e-24,2.51434e-24,1,9.45114e-24
21347,0,12,1385.92,13,1513.42,0,2,0,0.00705908,1,4.53738e-23,7.43974e-24,1.40146e-23,2.43222e-23,3.20708e-23,1,1.20551e-22
21348,0,12,1385.92,13,1513.42,0,2,0,0.00705555,1,5.50018e-22,9.0184e-23,1.69884e-22,2.94831e-22,3.88759e-22,1,1.46131e-21
21349,0,12,1385.92,13,1513.42,0,2,9,0.00705203,1,6.34274e-21,1.03999e-21,1.95908e-21,3.39996e-21,4.48312e-21,1,1.68516e-20
21350,0,12,1385.92,13,1513.42,0,2,0,0.0070485,1,8.59586e-24,1.40943e-24,2.655e-24,4.60771e-24,6.07565e-24,1,2.28377e-23
21351,0,12,1385.92,13,1513.42,0,2,9,0.00704498,1,1.07724e-22,1.7663e-23,3.32727e-23,5.77441e-23,7.61403e-23,1,2.86203e-22
21352,0,12,1385.92,13,1513.42,0,2,0,0.00704145,1,1.58388e-25,2.59702e-26,4.89214e-26,8.49021e-26,1.1195e-25,1,4.2081e-25
21353,0,12,1385.92,13,1513.42,0,2,9,0.00703793,1,2.14999e-24,3.52524e-25,6.64068e-25,1.15248e-24,1.51963e-24,1,5.71214e-24
21354,0,12,1385.92,13,1511.31,0,2,13,0.00703441,1,3.41857e-27,5.60529e-28,1.0559e-27,1.83248e-27,2.41628e-27,1,9.08255e-27
21355,0,12,1385.92,13,1511.31,0,2,0,0.0070309,1,1.13253e-31,1.85695e-32,3.49803e-32,6.07075e-32,8.00479e-32,1,3.00892e-31
21356,0,12,1385.92,13,1511.31,0,2,0,0.00702738,1,2.04021e-30,3.34524e-31,6.3016e-31,1.09363e-30,1.44204e-30,1,5.42047e-30
21357,0,12,1385.92,13,1511.31,0,2,0,0.00702387,1,3.46888e-29,5.68777e-30,1.07143e-29,1.85945e-29,2.45183e-29,1,9.21618e-29
21358,0,12,1385.92,13,1511.31,0,2,9,0.00702036,1,5.57306e-28,9.1379e-29,1.72135e-28,2.98736e-28,3.93908e-28,1,1.48066e-27
21359,0,12,1385.92,13,1511.31,0,2,0,0.00701685,1,1.04527e-30,1.71389e-31,3.22853e-31,5.60303e-31,7.38805e-31,1,2.77709e-30
21360,0,12,1385.92,13,1511.31,0,2,9,0.00701334,1,1.80116e-29,2.95329e-30,5.56325e-30,9.65486e-30,1.27307e-29,1,4.78535e-29
21361,0,12,1385.92,13,1511.31,0,2,9,0.00700983,1,3.61825e-32,5.93269e-33,1.11757e-32,1.93951e-32,2.5574e-32,1,9.61302e-32
21362,0,12,1385.92,13,1511.31,0,2,0,0.00700633,1,8.22975e-35,1.3494e-35,2.54193e-35,4.41143e-35,5.81684e-35,1,2.18649e-34
21363,0,12,1385.92,13,1511.31,0,2,0,0.00700282,1,1.71312e-33,2.80892e-34,5.29131e-34,9.1829e-34,1.21084e-33,1,4.55142e-33
21364,0,12,1385.92,13,1511.31,0,2,0,0.00699932,1,3.35598e-32,5.50265e-33,1.03656e-32,1.79892e-32,2.37202e-32,1,8.91619e-32
21365,0,12,1385.92,13,1511.31,0,2,0,0.00699582,1,6.19456e-31,1.0157e-31,1.91332e-31,3.3205e-31,4.37835e-31,1,1.64578e-30
21366,0,12,1385.92,13,1511.31,0,2,0,0.00699232,1,1.07864e-29,1.76861e-30,3.33161e-30,5.7819e-30,7.62391e-30,1,2.86575e-29
21367,0,12,1385.92,13,1511.31,0,2,0,0.00698883,1,1.7739e-28,2.90858e-29,5.47905e-29,9.50869e-29,1.2538e-28,1,4.7129e-28
21368,0,12,1385.92,13,1511.31,0,2,9,0.00698533,1,2.75841e-27,4.52284e-28,8.5199e-28,1.4786e-27,1.94965e-27,1,7.32854e-27
21369,0,12,1385.92,13,1511.31,0,2,0,0.00698184,1,5.01075e-30,8.21591e-31,1.54767e-30,2.68593e-30,3.54161e-30,1,1.33126e-29
21370,0,12,1385.92,13,1511.31,0,2,0,0.00697835,1,8.36782e-29,1.37204e-29,2.58457e-29,4.48543e-29,5.9144e-29,1,2.22316e-28
21371,0,12,1385.92,13,1511.31,0,2,0,0.00697486,1,1.32089e-27,2.16581e-28,4.07985e-28,7.08042e-28,9.33612e-28,1,3.50935e-27
21372,0,12,1385.92,13,1511.31,0,2,9,0.00697137,1,1.97314e-26,3.23528e-27,6.09446e-27,1.05767e-26,1.39462e-26,1,5.24224e-26
21373,0,12,1385.92,13,1511.31,0,2,9,0.00696789,1,3.44598e-29,5.65023e-30,1.06436e-29,1.84716e-29,2.43563e-29,1,9.15528e-29
21374,0,12,1385.92,13,1511.31,0,2,0,0.0069644,1,6.83321e-32,1.12041e-32,2.11057e-32,3.66282e-32,4.82972e-32,1,1.81544e-31
21375,0,12,1385.92,13,1511.31,0,2,9,0.00696092,1,1.24348e-30,2.03889e-31,3.84075e-31,6.66546e-31,8.78896e-31,1,3.30368e-30
21376,0,12,1385.92,13,1511.31,0,2,9,0.00695744,1,2.63515e-33,4.32074e-34,8.13919e-34,1.41252e-33,1.86252e-33,1,7.00104e-33
21377,0,12,1385.92,13,1511.31,0,2,9,0.00695396,1,6.31606e-36,1.03562e-36,1.95084e-36,3.38561e-36,4.4642e-36,1,1.67805e-35
21378,0,12,1385.92,13,1511.31,0,2,0,0.00695049,1,1.70803e-38,2.80058e-39,5.27559e-39,9.15556e-39,1.20724e-38,1,4.53787e-38
21379,0,12,1385.92,13,1511.31,0,2,0,0.00694701,1,4.21263e-37,6.90726e-38,1.30116e-37,2.2581e-37,2.97749e-37,1,1.11921e-36
21380,0,12,1385.92,13,1511.31,0,2,0,0.00694354,1,9.74473e-36,1.5978e-36,3.00986e-36,5.22347e-36,6.88758e-36,1,2.58897e-35
21381,0,12,1385.92,13,1511.31,0,2,0,0.00694006,1,2.11691e-34,3.47101e-35,6.53851e-35,1.13473e-34,1.49623e-34,1,5.62418e-34
21382,0,12,1385.92,13,1511.31,0,2,0,0.00693659,1,4.32411e-33,7.09005e-34,1.33559e-33,2.31785e-33,3.05628e-33,1,1.14882e-32
21383,0,12,1385.92,13,1511.31,0,2,0,0.00693313,1,8.31546e-32,1.36345e-32,2.5684e-32,4.45734e-32,5.87736e-32,1,2.20924e-31
21384,0,12,1385.92,13,1511.31,0,2,0,0.00692966,1,1.50729e-30,2.47144e-31,4.65557e-31,8.07952e-31,1.06535e-30,1,4.00454e-30
21385,0,12,1385.92,13,1511.31,0,2,0,0.0069262,1,2.57834e-29,4.2276e-30,7.96373e-30,1.38207e-29,1.82237e-29,1,6.8501e-29
21386,0,12,1385.92,13,1511.31,0,2,0,0.00692273,1,4.16698e-28,6.83242e-29,1.28706e-28,2.23363e-28,2.94522e-28,1,1.10708e-27
21387,0,12,1385.92,13,1511.31,0,2,0,0.00691927,1,6.36991e-27,1.04445e-27,1.96748e-27,3.41446e-27,4.50224e-27,1,1.69235e-26
21388,0,12,1385.92,13,1511.31,0,2,9,0.00691581,1,9.22059e-26,1.51186e-26,2.84797e-26,4.9425e-26,6.51709e-26,1,2.44971e-25
21389,0,12,1385.92,13,1511.31,0,2,0,0.00691235,1,1.56142e-28,2.5602e-29,4.82278e-29,8.36968e-29,1.10361e-28,1,4.14836e-28
21390,0,12,1385.92,13,1511.31,0,2,0,0.0069089,1,2.43421e-27,3.99127e-28,7.51856e-28,1.30481e-27,1.7205e-27,1,6.46717e-27
21391,0,12,1385.92,13,1511.31,0,2,0,0.00690544,1,3.59202e-26,5.88969e-27,1.10947e-26,1.92543e-26,2.53883e-26,1,9.54322e-26
21392,0,12,1385.92,13,1511.31,0,2,9,0.00690199,1,5.02274e-25,8.23556e-26,1.55137e-25,2.69233e-25,3.55006e-25,1,1.33443e-24
21393,0,12,1385.92,13,1511.31,0,2,0,0.00689854,1,8.22203e-28,1.34813e-28,2.53954e-28,4.40724e-28,5.81131e-28,1,2.18441e-27
21394,0,12,1385.92,13,1511.31,0,2,0,0.00689509,1,1.2399e-26,2.03301e-27,3.82969e-27,6.64623e-27,8.76359e-27,1,3.29414e-26
21395,0,12,1385.92,13,1511.31,0,2,0,0.00689164,1,1.77104e-25,2.90389e-26,5.47021e-26,9.49326e-26,1.25176e-25,1,4.70525e-25
21396,0,12,1385.92,13,1511.31,0,2,0,0.0068882,1,2.39867e-24,3.933e-25,7.40879e-25,1.28576e-24,1.69537e-24,1,6.37274e-24
21397,0,12,1385.92,13,1511.31,0,2,0,0.00688475,1,3.08375e-23,5.0563e-24,9.5248e-24,1.65298e-23,2.17959e-23,1,8.19284e-23
21398,0,12,1385.92,13,1510.78,0,2,13,0.00688131,1,3.76709e-22,6.17673e-23,1.16354e-22,2.01926e-22,2.66256e-22,1,1.00083e-21
21399,0,12,1385.92,13,1510.78,0,2,0,0.00687787,1,9.89386e-27,1.62225e-27,3.05592e-27,5.30338e-27,6.99294e-27,1,2.62857e-26
21400,0,12,1385.92,13,1510.78,0,2,0,0.00687443,1,1.4196e-25,2.32766e-26,4.38473e-26,7.60945e-26,1.00337e-25,1,3.77156e-25
21401,0,12,1385.92,13,1510.78,0,2,0,0.00687099,1,1.93122e-24,3.16653e-25,5.96495e-25,1.03518e-24,1.36497e-24,1,5.1308e-24
21402,0,12,1385.92,13,1510.78,0,2,0,0.00686756,1,2.49357e-23,4.0886e-24,7.70191e-24,1.33662e-23,1.76245e-23,1,6.62485e-23
21403,0,12,1385.92,13,1510.78,0,2,0,0.00686412,1,3.0591e-22,5.01587e-23,9.44865e-23,1.63976e-22,2.16216e-22,1,8.12733e-22
21404,0,12,1385.92,13,1509.39,0,2,13,0.00686069,1,3.56936e-21,5.85252e-22,1.10247e-21,1.91327e-21,2.5228e-21,1,9.48296e-21
21405,0,12,1385.92,13,1509.39,0,2,0,0.00685726,1,8.96226e-26,1.4695e-26,2.76818e-26,4.80401e-26,6.33448e-26,1,2.38107e-25
21406,0,12,1385.92,13,1509.39,0,2,0,0.00685383,1,1.23049e-24,2.01758e-25,3.80061e-25,6.59574e-25,8.69702e-25,1,3.26912e-24
21407,0,12,1385.92,13,1509.39,0,2,9,0.00685041,1,1.60319e-23,2.62867e-24,4.95176e-24,8.59349e-24,1.13312e-23,1,4.25929e-23
21408,0,12,1385.92,13,1509.39,0,2,9,0.00684698,1,2.44873e-26,4.01508e-27,7.56341e-27,1.31259e-26,1.73075e-26,1,6.50572e-26
21409,0,12,1385.92,13,1509.39,0,2,0,0.00684356,1,4.25814e-29,6.98189e-30,1.31521e-29,2.28248e-29,3.00963e-29,1,1.13129e-28
21410,0,12,1385.92,13,1509.39,0,2,0,0.00684014,1,6.81309e-28,1.11711e-28,2.10436e-28,3.65199e-28,4.81545e-28,1,1.81008e-27
21411,0,12,1385.92,13,1509.39,0,2,9,0.00683672,1,1.0313e-26,1.69098e-27,3.18538e-27,5.52803e-27,7.28916e-27,1,2.73992e-26
21412,0,12,1385.92,13,1509.39,0,2,0,0.0068333,1,1.82463e-29,2.99177e-30,5.63574e-30,9.78049e-30,1.28964e-29,1,4.84761e-29
21413,0,12,1385.92,13,1509.39,0,2,9,0.00682988,1,2.96934e-28,4.86869e-29,9.1714e-29,1.59164e-28,2.09871e-28,1,7.88883e-28
21414,0,12,1385.92,13,1509.39,0,2,0,0.00682647,1,5.6398e-31,9.24734e-32,1.74197e-31,3.02308e-31,3.98617e-31,1,1.49836e-30
21415,0,12,1385.92,13,1509.39,0,2,0,0.00682305,1,9.8389e-30,1.61324e-30,3.03894e-30,5.2739e-30,6.95407e-30,1,2.61396e-29
21416,0,12,1385.92,13,1509.39,0,2,9,0.00681964,1,1.62105e-28,2.65796e-29,5.00693e-29,8.68922e-29,1.14574e-28,1,4.30674e-28
21417,0,12,1385.92,13,1509.39,0,2,9,0.00681623,1,3.11643e-31,5.10987e-32,9.62572e-32,1.67048e-31,2.20267e-31,1,8.27961e-31
21418,0,12,1385.92,13,1509.39,0,2,9,0.00681282,1,6.78956e-34,1.11325e-34,2.09709e-34,3.63937e-34,4.79881e-34,1,1.80382e-33
21419,0,12,1385.92,13,1509.39,0,2,9,0.00680942,1,1.6721e-36,2.74167e-37,5.16462e-37,8.96288e-37,1.18183e-36,1,4.44237e-36
21420,0,12,1385.92,13,1509.39,0,2,0,0.00680601,1,4.6436e-39,7.61391e-40,1.43427e-39,2.48908e-39,3.28206e-39,1,1.23369e-38
21421,0,12,1385.92,13,1509.39,0,2,9,0.00680261,1,1.17551e-37,1.92743e-38,3.63079e-38,6.30101e-38,8.3084e-38,1,3.12304e-37
21422,0,12,1385.92,13,1509.39,0,2,9,0.00679921,1,3.44254e-40,5.64458e-41,1.0633e-40,1.84529e-40,2.43316e-40,1,9.146e-40
21423,0,12,1385.92,13,1509.39,0,2,9,0.00679581,1,1.13292e-42,1.8576e-43,3.49925e-43,6.07272e-43,8.00738e-43,1,3.00989e-42
21424,0,12,1385.92,13,1509.39,0,2,0,0.00679241,1,4.17996e-45,6.8537e-46,1.29107e-45,2.24056e-45,2.95436e-45,1,1.11052e-44
21425,0,12,1385.92,13,1509.39,0,2,0,0.00678901,1,1.39784e-43,2.29197e-44,4.31751e-44,7.49275e-44,9.87981e-44,1,3.71372e-43
21426,0,12,1385.92,13,1509.39,0,2,9,0.00678562,1,4.35768e-42,7.1451e-43,1.34596e-42,2.33582e-42,3.07998e-42,1,1.15773e-41
21427,0,12,1385.92,13,1509.39,0,2,9,0.00678223,1,1.56505e-44,2.56614e-45,4.83397e-45,8.38905e-45,1.10616e-44,1,4.15796e-44
21428,0,12,1385.92,13,1509.39,0,2,9,0.00677883,1,6.29065e-47,1.03145e-47,1.94299e-47,3.37194e-47,4.44618e-47,1,1.67127e-46
21429,0,12,1385.92,13,1509.39,0,2,0,0.00677545,1,2.82344e-49,4.62948e-50,8.72077e-50,1.51343e-49,1.99559e-49,1,7.5012e-49
21430,0,12,1385.92,13,1509.39,0,2,0,0.00677206,1,1.14412e-47,1.87596e-48,3.53384e-48,6.13275e-48,8.08654e-48,1,3.03965e-47
21431,0,12,1385.92,13,1509.39,0,2,9,0.00676867,1,4.30536e-46,7.05932e-47,1.3298e-46,2.30778e-46,3.04299e-46,1,1.14383e-45
21432,0,12,1385.92,13,1509.39,0,2,9,0.00676529,1,1.85946e-48,3.04888e-49,5.74332e-49,9.96716e-49,1.31425e-48,1,4.94014e-48
21433,0,12,1385.92,13,1509.39,0,2,0,0.0067619,1,8.95482e-51,1.46828e-51,2.76588e-51,4.8e-51,6.32919e-51,1,2.37908e-50
21434,0,12,1385.92,13,1509.39,0,2,0,0.00675852,1,3.88798e-49,6.37495e-50,1.20088e-49,2.08405e-49,2.74799e-49,1,1.03294e-48
21435,0,12,1385.92,13,1509.39,0,2,0,0.00675514,1,1.56544e-47,2.56679e-48,4.83519e-48,8.39115e-48,1.10644e-47,1,4.159e-47
21436,0,12,1385.92,13,1509.39,0,2,9,0.00675177,1,5.854e-46,9.59855e-47,1.80813e-46,3.13788e-46,4.13755e-46,1,1.55526e-45
21437,0,12,1385.92,13,1509.39,0,2,0,0.00674839,1,2.51282e-48,4.12016e-49,7.76135e-49,1.34693e-48,1.77604e-48,1,6.67594e-48
21438,0,12,1385.92,13,1509.39,0,2,9,0.00674502,1,9.74688e-47,1.59815e-47,3.01052e-47,5.22456e-47,6.88901e-47,1,2.58951e-46
21439,0,12,1385.92,13,1509.39,0,2,0,0.00674164,1,4.33657e-49,7.11048e-50,1.33944e-49,2.3245e-49,3.06505e-49,1,1.15212e-48
21440,0,12,1385.92,13,1509.39,0,2,9,0.00673827,1,1.74225e-47,2.8567e-48,5.3813e-48,9.33888e-48,1.23141e-47,1,4.62874e-47
21441,0,12,1385.92,13,1509.39,0,2,0,0.0067349,1,8.02318e-50,1.31553e-50,2.47812e-50,4.30061e-50,5.67071e-50,1,2.13156e-49
21442,0,12,1385.92,13,1509.39,0,2,0,0.00673154,1,3.33401e-48,5.46664e-49,1.02978e-48,1.78711e-48,2.35645e-48,1,8.85766e-48
21443,0,12,1385.92,13,1509.39,0,2,0,0.00672817,1,1.28593e-46,2.10848e-47,3.97184e-47,6.89286e-47,9.08881e-47,1,3.41639e-46
21444,0,12,1385.92,13,1509.39,0,2,0,0.00672481,1,4.61041e-45,7.55949e-46,1.42402e-45,2.47129e-45,3.2586e-45,1,1.22487e-44
21445,0,12,1385.92,13,1509.39,0,2,0,0.00672144,1,1.53877e-43,2.52305e-44,4.75279e-44,8.24815e-44,1.08759e-43,1,4.08812e-43
21446,0,12,1385.92,13,1509.39,0,2,0,0.00671808,1,4.78782e-42,7.85037e-43,1.47881e-42,2.56638e-42,3.38398e-42,1,1.272e-41
21447,0,12,1385.92,13,1509.39,0,2,9,0.00671472,1,1.39073e-40,2.28032e-41,4.29555e-41,7.45463e-41,9.82954e-41,1,3.69482e-40
21448,0,12,1385.92,13,1509.39,0,2,9,0.00671137,1,4.66053e-43,7.64167e-44,1.4395e-43,2.49815e-43,3.29402e-43,1,1.23819e-42
21449,0,12,1385.92,13,1509.39,0,2,0,0.00670801,1,1.75035e-45,2.86997e-46,5.4063e-46,9.38226e-46,1.23713e-45,1,4.65024e-45
21450,0,12,1385.92,13,1509.39,0,2,0,0.00670466,1,5.95621e-44,9.76613e-45,1.83969e-44,3.19266e-44,4.20979e-44,1,1.58242e-43
21451,0,12,1385.92,13,1509.39,0,2,9,0.00670131,1,1.88877e-42,3.09693e-43,5.83384e-43,1.01242e-42,1.33496e-42,1,5.01798e-42
21452,0,12,1385.92,13,1509.39,0,2,9,0.00669795,1,6.89783e-45,1.13101e-45,2.13053e-45,3.69739e-45,4.87531e-45,1,1.83258e-44
21453,0,12,1385.92,13,1509.39,0,2,9,0.00669461,1,2.81835e-47,4.62113e-48,8.70506e-48,1.5107e-47,1.99198e-47,1,7.48767e-47
21454,0,12,1385.92,13,1509.39,0,2,9,0.00669126,1,1.28544e-49,2.10769e-50,3.97036e-50,6.89027e-50,9.08539e-50,1,3.41511e-49
21455,1,12,1385.92,13,1509.39,0,2,9,0.00668791,1,6.53025e-52,1.07074e-52,2.017e-52,3.50036e-52,4.61551e-52,1,1.73492e-51
21456,1,12,1385.92,13,1509.39,0,2,0,0.00668457,1,3.22539e-45,5.68431e-45,8.14416e-45,6.90989e-45,2.88453e-45,1,1.90088e-45
21457,1,12,1385.92,13,1509.39,0,2,0,0.00668123,1,5.32336e-44,9.3817e-44,1.34416e-43,1.14042e-43,4.76067e-44,1,3.13724e-44
21458,1,12,1385.92,13,1509.39,0,2,0,0.00667789,1,8.30687e-43,1.46397e-42,2.0975e-42,1.77953e-42,7.42863e-43,1,4.8954e-43
21459,1,12,1385.92,13,1509.39,0,2,9,0.00667455,1,1.22694e-41,2.16232e-41,3.09805e-41,2.62834e-41,1.0972e-41,1,7.23043e-42
21460,1,12,1385.92,13,1509.39,0,2,0,0.00667121,1,2.1192e-44,3.73481e-44,5.35103e-44,4.53962e-44,1.89506e-44,1,1.24883e-44
21461,1,12,1385.92,13,1509.39,0,2,9,0.00666787,1,3.36841e-43,5.93636e-43,8.50529e-43,7.21541e-43,3.01207e-43,1,1.98493e-43
21462,1,12,1385.92,13,1509.39,0,2,0,0.00666454,1,6.25175e-46,1.10179e-45,1.57858e-45,1.33915e-45,5.59025e-46,1,3.68392e-46
21463,1,12,1385.92,13,1509.39,0,2,0,0.00666121,1,1.06624e-44,1.87911e-44,2.69229e-44,2.28388e-44,9.53404e-45,1,6.28285e-45
21464,1,12,1385.92,13,1509.39,0,2,0,0.00665788,1,1.7182e-43,3.0281e-43,4.3385e-43,3.68029e-43,1.53633e-43,1,1.01243e-43
21465,1,12,1385.92,13,1509.39,0,2,0,0.00665455,1,2.61908e-42,4.61578e-42,6.61322e-42,5.60979e-42,2.3418e-42,1,1.54323e-42
21466,1,12,1385.92,13,1509.39,0,2,0,0.00665122,1,3.78061e-41,6.66281e-41,9.54609e-41,8.09748e-41,3.38029e-41,1,2.22758e-41
21467,1,12,1385.92,13,1509.39,0,2,0,0.0066479,1,5.17351e-40,9.11762e-40,1.30632e-39,1.10806e-39,4.62561e-40,1,3.04823e-40
21468,1,12,1385.92,13,1509.39,0,2,0,0.00664457,1,6.7187e-39,1.18408e-38,1.69648e-38,1.43898e-38,6.00703e-39,1,3.95857e-39
21469,1,12,1385.92,13,1509.39,0,2,0,0.00664125,1,8.28925e-38,1.46087e-37,2.09305e-37,1.77532e-37,7.41106e-38,1,4.88382e-38
21470,1,12,1385.92,13,1509.39,0,2,0,0.00663793,1,9.72568e-37,1.71402e-36,2.45575e-36,2.08292e-36,8.69515e-37,1,5.73002e-37
21471,1,12,1385.92,13,1509.39,0,2,0,0.00663461,1,1.08627e-35,1.9144e-35,2.74285e-35,2.32639e-35,9.71149e-36,1,6.39978e-36
21472,1,12,1385.92,13,1509.39,0,2,0,0.00663129,1,1.1561e-34,2.03746e-34,2.91916e-34,2.47589e-34,1.03356e-34,1,6.81104e-35
21473,1,12,1385.92,13,1509.39,0,2,0,0.00662798,1,1.17357e-33,2.06826e-33,2.96329e-33,2.51326e-33,1.04916e-33,1,6.91387e-34
21474,1,12,1385.92,13,1509.39,0,2,0,0.00662466,1,1.13735e-32,2.00443e-32,2.87183e-32,2.43565e-32,1.01676e-32,1,6.70037e-33
21475,1,12,1385.92,13,1509.39,0,2,9,0.00662135,1,1.0533e-31,1.8563e-31,2.6596e-31,2.25562e-31,9.41606e-32,1,6.2051e-32
21476,1,12,1385.92,13,1509.39,0,2,0,0.00661804,1,1.1514e-34,2.02919e-34,2.90731e-34,2.46565e-34,1.02929e-34,1,6.78289e-35
21477,1,12,1385.92,13,1509.39,0,2,9,0.00661473,1,1.1689e-33,2.06003e-33,2.95149e-33,2.50308e-33,1.04491e-33,1,6.88587e-34
21478,1,12,1385.92,13,1509.39,0,2,0,0.00661142,1,1.39813e-36,2.46401e-36,3.5303e-36,2.9939e-36,1.2498e-36,1,8.23609e-37
21479,1,12,1385.92,13,1509.39,0,2,0,0.00660812,1,1.55028e-35,2.73217e-35,3.91449e-35,3.31967e-35,1.38579e-35,1,9.13226e-36
21480,1,12,1385.92,13,1509.39,0,2,0,0.00660481,1,1.63824e-34,2.88718e-34,4.13659e-34,3.50797e-34,1.4644e-34,1,9.65025e-35
21481,1,12,1385.92,13,1509.39,0,2,0,0.00660151,1,1.65145e-33,2.91046e-33,4.16995e-33,3.5362e-33,1.47618e-33,1,9.72791e-34
21482,1,12,1385.92,13,1509.39,0,2,9,0.00659821,1,1.58959e-32,2.80143e-32,4.01374e-32,3.40367e-32,1.42086e-32,1,9.36334e-33
21483,1,12,1385.92,13,1509.39,0,2,9,0.00659491,1,1.80461e-35,3.18038e-35,4.55668e-35,3.86403e-35,1.61304e-35,1,1.06298e-35
21484,1,12,1385.92,13,1509.39,0,2,0,0.00659161,1,2.34629e-38,4.13501e-38,5.92442e-38,5.02379e-38,2.09718e-38,1,1.38202e-38
21485,1,12,1385.92,13,1509.39,0,2,9,0.00658832,1,2.82325e-37,4.97559e-37,7.12875e-37,6.04496e-37,2.52346e-37,1,1.66294e-37
21486,1,12,1385.92,13,1509.39,0,2,0,0.00658502,1,3.98896e-40,7.02999e-40,1.00722e-39,8.54077e-40,3.56534e-40,1,2.34953e-40
21487,1,12,1385.92,13,1509.39,0,2,9,0.00658173,1,5.20736e-39,9.17726e-39,1.31487e-38,1.11493e-38,4.65429e-39,1,3.06713e-39
21488,1,12,1385.92,13,1509.39,0,2,0,0.00657844,1,7.96912e-42,1.40445e-41,2.01222e-41,1.70622e-41,7.12262e-42,1,4.69374e-42
21489,1,12,1385.92,13,1509.39,0,2,9,0.00657515,1,1.12501e-40,1.98268e-40,2.84068e-40,2.40867e-40,1.0055e-40,1,6.62614e-41
21490,1,12,1385.92,13,1509.39,0,2,0,0.00657186,1,1.85891e-43,3.27609e-43,4.69379e-43,3.97992e-43,1.66141e-43,1,1.09486e-43
21491,1,12,1385.92,13,1509.39,0,2,9,0.00656858,1,2.82911e-42,4.98592e-42,7.14355e-42,6.05701e-42,2.5285e-42,1,1.66626e-42
21492,1,12,1385.92,13,1509.39,0,2,0,0.00656529,1,5.03201e-45,8.86824e-45,1.27059e-44,1.07732e-44,4.49727e-45,1,2.96366e-45
21493,1,12,1385.92,13,1509.39,0,2,0,0.00656201,1,8.23156e-44,1.4507e-43,2.07848e-43,1.7623e-43,7.35672e-44,1,4.84801e-44
21494,1,12,1385.92,13,1509.39,0,2,0,0.00655873,1,1.27335e-42,2.24411e-42,3.21523e-42,2.7261e-42,1.13801e-42,1,7.49936e-43
21495,1,12,1385.92,13,1509.39,0,2,0,0.00655545,1,1.86477e-41,3.2864e-41,4.70857e-41,3.9922e-41,1.66654e-41,1,1.09824e-41
21496,1,12,1385.92,13,1509.39,0,2,0,0.00655217,1,2.58814e-40,4.56124e-40,6.5351e-40,5.54077e-40,2.31299e-40,1,1.52424e-40
21497,1,12,1385.92,13,1509.39,0,2,0,0.0065489,1,3.40803e-39,6.00619e-39,8.60533e-39,7.29594e-39,3.04568e-39,1,2.00708e-39
21498,1,12,1385.92,13,1509.39,0,2,9,0.00654562,1,4.26215e-38,7.51146e-38,1.0762e-37,9.12434e-38,3.80895e-38,1,2.51006e-38
21499,1,12,1385.92,13,1509.39,0,2,0,0.00654235,1,6.25405e-41,1.10219e-40,1.57916e-40,1.33884e-40,5.58899e-41,1,3.68309e-41
21500,1,12,1385.92,13,1509.39,0,2,0,0.00653908,1,8.47254e-40,1.49317e-39,2.13933e-39,1.81375e-39,7.57148e-40,1,4.98954e-40
21501,1,12,1385.92,13,1509.39,0,2,0,0.00653581,1,1.0895e-38,1.9201e-38,2.75102e-38,2.33232e-38,9.73624e-39,1,6.41609e-39
21502,1,12,1385.92,13,1509.39,0,2,0,0.00653254,1,1.33125e-37,2.34615e-37,3.36143e-37,2.8498e-37,1.18965e-37,1,7.83966e-38
21503,1,12,1385.92,13,1509.39,0,2,0,0.00652927,1,1.54721e-36,2.72675e-36,3.90674e-36,3.31207e-36,1.38262e-36,1,9.11136e-37
21504,1,12,1385.92,13,1509.39,0,2,0,0.00652601,1,1.71212e-35,3.01738e-35,4.32313e-35,3.66505e-35,1.52997e-35,1,1.00824e-35
21505,1,12,1385.92,13,1509.39,0,2,0,0.00652275,1,1.80567e-34,3.18225e-34,4.55935e-34,3.86528e-34,1.61356e-34,1,1.06332e-34
21506,1,12,1385.92,13,1509.39,0,2,0,0.00651949,1,1.81669e-33,3.20168e-33,4.58718e-33,3.88883e-33,1.62339e-33,1,1.0698e-33
21507,1,12,1385.92,13,1509.39,0,2,0,0.00651623,1,1.74531e-32,3.07586e-32,4.40693e-32,3.73598e-32,1.55958e-32,1,1.02775e-32
21508,1,12,1385.92,13,1509.39,0,2,9,0.00651297,1,1.60254e-31,2.82426e-31,4.04645e-31,3.43035e-31,1.432e-31,1,9.43674e-32
21509,1,12,1385.92,13,1509.39,0,2,0,0.00650971,1,1.73715e-34,3.0615e-34,4.38634e-34,3.71847e-34,1.55227e-34,1,1.02293e-34
21510,1,12,1385.92,13,1509.39,0,2,0,0.00650646,1,1.74911e-33,3.08257e-33,4.41653e-33,3.74403e-33,1.56294e-33,1,1.02996e-33
21511,1,12,1385.92,13,1509.39,0,2,0,0.0065032,1,1.68165e-32,2.96368e-32,4.2462e-32,3.5996e-32,1.50265e-32,1,9.90233e-33
21512,1,12,1385.92,14,1529.28,0,2,9,0.00649995,1,1.54524e-31,2.72328e-31,3.90177e-31,3.30759e-31,1.38075e-31,1,9.09902e-32
21513,1,12,1385.92,14,1529.28,0,2,0,0.0064967,1,1.67626e-34,2.95419e-34,4.23259e-34,3.588e-34,1.49781e-34,1,9.87043e-35
21514,1,12,1385.92,14,1529.28,0,2,0,0.00649345,1,1.689e-33,2.97664e-33,4.26476e-33,3.61525e-33,1.50918e-33,1,9.94537e-34
21515,1,12,1385.92,14,1529.28,0,2,9,0.00649021,1,1.625e-32,2.86384e-32,4.10315e-32,3.47822e-32,1.45198e-32,1,9.56843e-33
21516,1,12,1385.92,14,1529.28,0,2,9,0.00648696,1,1.844e-35,3.2498e-35,4.65614e-35,3.94695e-35,1.64765e-35,1,1.08579e-35
21517,1,12,1385.92,14,1529.28,0,2,0,0.00648372,1,2.39647e-38,4.22345e-38,6.05112e-38,5.12942e-38,2.14127e-38,1,1.41108e-38
21518,1,12,1385.92,14,1529.28,0,2,0,0.00648048,1,2.88241e-37,5.07985e-37,7.27813e-37,6.16949e-37,2.57545e-37,1,1.6972e-37
21519,1,12,1385.92,14,1529.28,0,2,0,0.00647724,1,3.29865e-36,5.81342e-36,8.32914e-36,7.06036e-36,2.94734e-36,1,1.94227e-36
21520,1,12,1385.92,14,1529.28,0,2,0,0.006474,1,3.59538e-35,6.33636e-35,9.07839e-35,7.69542e-35,3.21245e-35,1,2.11697e-35
21521,0,12,1385.92,14,1520.52,0,2,13,0.00647076,1,3.73598e-34,6.58416e-34,9.43342e-34,7.99631e-34,3.33806e-34,1,2.19975e-34
21522,0,12,1385.92,14,1520.52,0,2,9,0.00646752,1,2.17726e-52,3.56996e-53,6.72492e-53,1.16718e-52,1.53902e-52,1,5.78503e-52
21523,0,12,1385.92,14,1519.54,0,2,13,0.00646429,1,1.25664e-54,2.06046e-55,3.88138e-55,6.73654e-55,8.88268e-55,1,3.33891e-54
21524,0,12,1385.92,14,1510.89,0,2,13,0.00646106,1,1.47267e-58,2.41468e-59,4.54864e-59,7.89462e-59,1.04097e-58,1,3.9129e-58
21525,0,12,1385.92,14,1505.84,0,2,13,0.00645783,1,2.06835e-62,3.39138e-63,6.38851e-63,1.10879e-62,1.46203e-62,1,5.49561e-62
21526,0,12,1385.92,14,1477.73,0,2,13,0.0064546,1,3.46889e-66,5.68779e-67,1.07144e-66,1.85958e-66,2.45201e-66,1,9.21684e-66
21527,0,12,1385.92,14,1477.73,0,2,0,0.00645137,1,6.92256e-70,1.13506e-70,2.13817e-70,3.71099e-70,4.89324e-70,1,1.83932e-69
21528,0,12,1385.92,14,1477.73,0,2,0,0.00644815,1,7.24718e-68,1.18829e-68,2.23844e-68,3.885e-68,5.12269e-68,1,1.92557e-67
21529,0,12,1385.92,14,1477.73,0,2,0,0.00644492,1,6.91311e-66,1.13351e-66,2.13526e-66,3.70591e-66,4.88655e-66,1,1.8368e-65
21530,0,12,1385.92,13,1538.96,0,2,13,0.0064417,1,6.01989e-64,9.87054e-65,1.85936e-64,3.22707e-64,4.25516e-64,1,1.59947e-63
21531,0,12,1385.92,13,1538.96,0,2,0,0.00643848,1,1.08362e-67,1.77676e-68,3.34697e-68,5.80892e-68,7.65954e-68,1,2.87914e-67
21532,0,12,1385.92,13,1538.96,0,2,0,0.00643526,1,1.02538e-65,1.68128e-66,3.16711e-66,5.49674e-66,7.24791e-66,1,2.72441e-65
21533,0,12,1385.92,13,1538.96,0,2,0,0.00643204,1,8.85884e-64,1.45255e-64,2.73623e-64,4.74892e-64,6.26184e-64,1,2.35376e-63
21534,0,12,1385.92,13,1538.96,0,2,9,0.00642883,1,7.00063e-62,1.14786e-62,2.16229e-62,3.75279e-62,4.94836e-62,1,1.86004e-61
21535,0,12,1385.92,13,1537.71,0,2,13,0.00642561,1,6.25593e-64,1.02576e-64,1.93227e-64,3.35358e-64,4.42197e-64,1,1.66217e-63
21536,0,12,1385.92,13,1537.71,0,2,0,0.0064224,1,1.12524e-67,1.84501e-68,3.47554e-68,6.03201e-68,7.95369e-68,1,2.98971e-67
21537,0,12,1385.92,13,1537.71,0,2,0,0.00641919,1,1.06397e-65,1.74454e-66,3.28628e-66,5.70354e-66,7.52058e-66,1,2.82691e-65
21538,0,12,1385.92,13,1537.71,0,2,0,0.00641598,1,9.1854e-64,1.50609e-64,2.8371e-64,4.92394e-64,6.49262e-64,1,2.44051e-63
21539,0,12,1385.92,13,1537.71,0,2,0,0.00641277,1,7.25344e-62,1.18932e-62,2.24037e-62,3.88829e-62,5.12702e-62,1,1.9272e-61
21540,0,12,1385.92,13,1537.71,0,2,0,0.00640956,1,5.24857e-60,8.60586e-61,1.62113e-60,2.81355e-60,3.7099e-60,1,1.39451e-59
21541,0,12,1385.92,13,1510.26,0,2,13,0.00640636,1,3.48617e-58,5.71612e-59,1.07677e-58,1.86879e-58,2.46416e-58,1,9.26251e-58
21542,0,12,1385.92,13,1510.26,0,2,9,0.00640316,1,4.81262e-62,7.89104e-63,1.48647e-62,2.57984e-62,3.40173e-62,1,1.27868e-61
21543,0,12,1385.92,13,1510.26,0,2,0,0.00639995,1,4.33302e-64,7.10467e-65,1.33834e-64,2.32275e-64,3.06274e-64,1,1.15125e-63
21544,0,12,1385.92,13,1510.26,0,2,0,0.00639675,1,3.47347e-62,5.69529e-63,1.07285e-62,1.86198e-62,2.45517e-62,1,9.22872e-62
21545,0,12,1385.92,13,1510.26,0,2,0,0.00639356,1,2.55068e-60,4.18224e-61,7.87829e-61,1.36731e-60,1.80291e-60,1,6.77694e-60
21546,0,12,1385.92,13,1510.26,0,2,9,0.00639036,1,1.71882e-58,2.81828e-59,5.30893e-59,9.21383e-59,1.21492e-58,1,4.56676e-58
21547,0,12,1385.92,13,1510.26,0,2,0,0.00638716,1,1.31396e-60,2.15445e-61,4.05845e-61,7.04357e-61,9.28752e-61,1,3.49108e-60
21548,0,12,1385.92,13,1510.26,0,2,9,0.00638397,1,8.97264e-59,1.4712e-59,2.77138e-59,4.80982e-59,6.34214e-59,1,2.38394e-58
21549,0,12,1385.92,13,1510.26,0,2,0,0.00638078,1,6.94895e-61,1.13939e-61,2.14632e-61,3.72501e-61,4.91173e-61,1,1.84627e-60
21550,0,12,1385.92,13,1510.26,0,2,0,0.00637759,1,4.80606e-59,7.88028e-60,1.48445e-59,2.5763e-59,3.39706e-59,1,1.27692e-58
21551,0,12,1385.92,13,1510.26,0,2,9,0.0063744,1,3.05394e-57,5.00742e-58,9.43272e-58,1.63707e-57,2.15861e-57,1,8.11401e-57
21552,0,12,1385.92,13,1510.26,0,2,0,0.00637121,1,2.20405e-59,3.61388e-60,6.80765e-60,1.18148e-59,1.55788e-59,1,5.85592e-59
21553,0,12,1385.92,13,1510.26,0,2,0,0.00636803,1,1.42254e-57,2.33248e-58,4.39381e-58,7.62554e-58,1.00549e-57,1,3.77953e-57
21554,0,12,1385.92,13,1510.26,0,2,9,0.00636484,1,8.44718e-56,1.38505e-56,2.60908e-56,4.52811e-56,5.97068e-56,1,2.24432e-55
21555,0,12,1385.92,13,1510.26,0,2,0,0.00636166,1,5.70473e-58,9.35379e-59,1.76202e-58,3.05802e-58,4.03224e-58,1,1.51568e-57
21556,0,12,1385.92,13,1510.26,0,2,0,0.00635848,1,3.44999e-56,5.6568e-57,1.0656e-56,1.84936e-56,2.43854e-56,1,9.16622e-56
21557,0,12,1385.92,13,1510.26,0,2,0,0.0063553,1,1.92207e-54,3.15154e-55,5.93671e-55,1.03032e-54,1.35857e-54,1,5.10671e-54
21558,0,12,1385.92,13,1510.26,0,2,0,0.00635212,1,9.88103e-53,1.62015e-53,3.05196e-53,5.2967e-53,6.98414e-53,1,2.62527e-52
21559,0,12,1385.92,13,1510.26,0,2,0,0.00634895,1,4.69477e-51,7.69781e-52,1.45007e-51,2.51662e-51,3.31837e-51,1,1.24734e-50
21560,0,12,1385.92,13,1510.26,0,2,0,0.00634577,1,2.06486e-49,3.38566e-50,6.37773e-50,1.10686e-49,1.45948e-49,1,5.48605e-49
21561,0,12,1385.92,13,1510.26,0,2,0,0.0063426,1,8.41977e-48,1.38055e-48,2.60062e-48,4.51338e-48,5.95127e-48,1,2.23702e-47
21562,0,12,1385.92,13,1510.26,0,2,0,0.00633943,1,3.18788e-46,5.22703e-47,9.84641e-47,1.70885e-46,2.25326e-46,1,8.46976e-46
21563,0,12,1385.92,13,1510.26,0,2,0,0.00633626,1,1.12238e-44,1.84032e-45,3.4667e-45,6.01646e-45,7.9332e-45,1,2.98201e-44
21564,0,12,1385.92,13,1507.69,0,2,13,0.00633309,1,3.67998e-43,6.0339e-44,1.13664e-43,1.97263e-43,2.60108e-43,1,9.77718e-43
21565,0,12,1385.92,13,1507.69,0,2,0,0.00632992,1,2.54336e-47,4.17024e-48,7.85568e-48,1.36335e-47,1.79769e-47,1,6.75734e-47
21566,0,12,1385.92,13,1507.69,0,2,0,0.00632676,1,9.41906e-46,1.5444e-46,2.90927e-46,5.04903e-46,6.65756e-46,1,2.50251e-45
21567,0,12,1385.92,13,1507.69,0,2,0,0.00632359,1,3.24515e-44,5.32094e-45,1.00233e-44,1.73954e-44,2.29373e-44,1,8.6219e-44
21568,0,12,1385.92,13,1507.69,0,2,0,0.00632043,1,1.04164e-42,1.70794e-43,3.21732e-43,5.58365e-43,7.3625e-43,1,2.76749e-42
21569,0,12,1385.92,13,1507.69,0,2,0,0.00631727,1,3.11941e-41,5.11476e-42,9.63492e-42,1.67213e-41,2.20485e-41,1,8.28779e-41
21570,0,12,1385.92,13,1507.69,0,2,0,0.00631411,1,8.72768e-40,1.43104e-40,2.69572e-40,4.6784e-40,6.16885e-40,1,2.31881e-39
21571,0,12,1385.92,13,1507.69,0,2,0,0.00631096,1,2.28449e-38,3.74577e-39,7.0561e-39,1.22458e-38,1.61471e-38,1,6.06952e-38
21572,0,12,1385.92,13,1507.69,0,2,9,0.0063078,1,5.60171e-37,9.18488e-38,1.7302e-37,3.00275e-37,3.95937e-37,1,1.48829e-36
21573,0,12,1385.92,13,1507.69,0,2,9,0.00630465,1,1.59005e-39,2.60714e-40,4.91121e-40,8.52334e-40,1.12387e-39,1,4.22452e-39
21574,0,12,1385.92,13,1507.69,0,2,0,0.0063015,1,5.07506e-42,8.32136e-43,1.56754e-42,2.72044e-42,3.58712e-42,1,1.34836e-41
21575,0,12,1385.92,13,1507.69,0,2,0,0.00629834,1,1.47245e-40,2.41431e-41,4.54796e-41,7.89292e-41,1.04075e-40,1,3.91206e-40
21576,0,12,1385.92,13,1507.69,0,2,9,0.0062952,1,3.99381e-39,6.54848e-40,1.23357e-39,2.14084e-39,2.82287e-39,1,1.06109e-38
21577,0,12,1385.92,13,1507.69,0,2,9,0.00629205,1,1.25146e-41,2.05197e-42,3.86539e-42,6.70832e-42,8.84547e-42,1,3.32492e-41
21578,0,12,1385.92,13,1507.69,0,2,0,0.0062889,1,4.40075e-44,7.21572e-45,1.35926e-44,2.35897e-44,3.1105e-44,1,1.1692e-43
21579,0,12,1385.92,13,1507.69,0,2,9,0.00628576,1,1.40399e-42,2.30206e-43,4.33651e-43,7.52593e-43,9.92355e-43,1,3.73016e-42
21580,0,12,1385.92,13,1507.69,0,2,0,0.00628261,1,5.15792e-45,8.45721e-46,1.59313e-45,2.76484e-45,3.64567e-45,1,1.37037e-44
21581,0,12,1385.92,13,1507.69,0,2,0,0.00627947,1,1.71764e-43,2.81634e-44,5.30529e-44,9.20721e-44,1.21405e-43,1,4.56348e-43
21582,0,12,1385.92,13,1507.69,0,2,0,0.00627633,1,5.33264e-42,8.7437e-43,1.64709e-42,2.85849e-42,3.76916e-42,1,1.41679e-41
21583,0,12,1385.92,13,1507.69,0,2,0,0.0062732,1,1.54565e-40,2.53434e-41,4.77405e-41,8.28526e-41,1.09248e-40,1,4.10652e-40
21584,0,12,1385.92,13,1507.69,0,2,9,0.00627006,1,4.18829e-39,6.86736e-40,1.29364e-39,2.24508e-39,2.96032e-39,1,1.11275e-38
21585,0,12,1385.92,13,1507.69,0,2,0,0.00626692,1,1.31115e-41,2.14984e-42,4.04977e-42,7.02826e-42,9.26734e-42,1,3.4835e-41
21586,0,12,1385.92,13,1507.69,0,2,9,0.00626379,1,3.73258e-40,6.12014e-41,1.15288e-40,2.0008e-40,2.63821e-40,1,9.91677e-40
21587,0,12,1385.92,13,1507.69,0,2,0,0.00626066,1,1.22638e-42,2.01085e-43,3.78793e-43,6.57385e-43,8.66816e-43,1,3.25827e-42
21588,0,12,1385.92,13,1507.69,0,2,0,0.00625753,1,3.66068e-41,6.00226e-42,1.13067e-41,1.96225e-41,2.58739e-41,1,9.72574e-41
21589,0,12,1385.92,13,1507.69,0,2,9,0.0062544,1,1.02094e-39,1.67398e-40,3.15337e-40,5.47257e-40,7.21604e-40,1,2.71243e-39
21590,0,12,1385.92,13,1507.69,0,2,9,0.00625127,1,3.28758e-42,5.3905e-43,1.01543e-42,1.76226e-42,2.32368e-42,1,8.73447e-42
21591,0,12,1385.92,13,1507.69,0,2,0,0.00624815,1,1.1874e-44,1.94692e-45,3.66752e-45,6.36486e-45,8.39259e-45,1,3.15469e-44
21592,0,12,1385.92,13,1507.69,0,2,0,0.00624502,1,3.88877e-43,6.37624e-44,1.20112e-43,2.08451e-43,2.7486e-43,1,1.03317e-42
21593,0,12,1385.92,13,1507.69,0,2,0,0.0062419,1,1.18775e-41,1.9475e-42,3.6686e-42,6.36672e-42,8.39505e-42,1,3.15561e-41
21594,0,12,1385.92,13,1507.69,0,2,9,0.00623878,1,3.38795e-40,5.55508e-41,1.04644e-40,1.81606e-40,2.39462e-40,1,9.00113e-40
21595,0,12,1385.92,13,1507.69,0,2,0,0.00623566,1,1.11531e-42,1.82873e-43,3.44487e-43,5.97844e-43,7.88306e-43,1,2.96316e-42
21596,0,12,1385.92,13,1507.69,0,2,9,0.00623254,1,3.33546e-41,5.46901e-42,1.03023e-41,1.78792e-41,2.35752e-41,1,8.86167e-41
21597,0,12,1385.92,13,1507.69,0,2,0,0.00622943,1,1.15014e-43,1.88583e-44,3.55244e-44,6.16513e-44,8.12923e-44,1,3.05569e-43
21598,0,12,1385.92,13,1507.69,0,2,9,0.00622631,1,3.59951e-42,5.90196e-43,1.11178e-42,1.92946e-42,2.54415e-42,1,9.56318e-42
21599,0,12,1385.92,13,1507.69,0,2,0,0.0062232,1,1.29771e-44,2.12779e-45,4.00823e-45,6.95612e-45,9.17222e-45,1,3.44774e-44
21600,0,12,1385.92,13,1507.69,0,2,0,0.00622009,1,4.24249e-43,6.95622e-44,1.31038e-43,2.27411e-43,2.9986e-43,1,1.12714e-42
21601,0,12,1385.92,13,1507.69,0,2,9,0.00621698,1,1.29353e-41,2.12094e-42,3.99533e-42,6.93373e-42,9.14269e-42,1,3.43664e-41
21602,0,12,1385.92,13,1507.69,0,2,0,0.00621387,1,4.54567e-44,7.45334e-45,1.40402e-44,2.43663e-44,3.21289e-44,1,1.20769e-43
21603,0,12,1385.92,13,1507.69,0,2,0,0.00621076,1,1.44929e-42,2.37633e-43,4.47642e-43,7.76863e-43,1.02436e-42,1,3.85046e-42
21604,0,12,1385.92,13,1507.69,0,2,0,0.00620766,1,4.31161e-41,7.06955e-42,1.33173e-41,2.31116e-41,3.04745e-41,1,1.1455e-40
21605,0,12,1385.92,13,1507.69,0,2,0,0.00620455,1,1.19854e-39,1.9652e-40,3.70195e-40,6.42457e-40,8.47133e-40,1,3.18428e-39
21606,0,12,1385.92,13,1507.69,0,2,0,0.00620145,1,3.11738e-38,5.11143e-39,9.62865e-39,1.67101e-38,2.20336e-38,1,8.28222e-38
21607,0,12,1385.92,13,1507.69,0,2,0,0.00619835,1,7.59664e-37,1.24559e-37,2.34638e-37,4.07203e-37,5.3693e-37,1,2.01827e-36
21608,0,12,1385.92,13,1507.52,0,2,13,0.00619525,1,1.73667e-35,2.84754e-36,5.36405e-36,9.30907e-36,1.22748e-35,1,4.61396e-35
21609,0,12,1385.92,13,1507.52,0,2,0,0.00619215,1,8.42951e-40,1.38215e-40,2.60362e-40,4.51847e-40,5.95797e-40,1,2.23954e-39
21610,0,12,1385.92,13,1507.52,0,2,9,0.00618906,1,2.20797e-38,3.62032e-39,6.81978e-39,1.18354e-38,1.5606e-38,1,5.86612e-38
21611,0,12,1385.92,13,1507.52,0,2,0,0.00618596,1,6.68608e-41,1.09629e-41,2.06513e-41,3.58394e-41,4.72572e-41,1,1.77635e-40
21612,0,12,1385.92,13,1507.52,0,2,0,0.00618287,1,1.84237e-39,3.02085e-40,5.69053e-40,9.87564e-40,1.30218e-39,1,4.89477e-39
21613,0,12,1385.92,13,1507.52,0,2,0,0.00617978,1,4.75091e-38,7.78986e-39,1.46741e-38,2.54663e-38,3.35794e-38,1,1.26221e-37
21614,0,12,1385.92,13,1507.52,0,2,9,0.00617669,1,1.14802e-36,1.88236e-37,3.54589e-37,6.15372e-37,8.11418e-37,1,3.05004e-36
21615,0,12,1385.92,13,1507.52,0,2,0,0.0061736,1,3.21224e-39,5.26697e-40,9.92165e-40,1.72185e-39,2.2704e-39,1,8.53422e-39
21616,0,12,1385.92,13,1507.52,0,2,0,0.00617051,1,8.1918e-38,1.34317e-38,2.5302e-38,4.39104e-38,5.78995e-38,1,2.17638e-37
21617,0,12,1385.92,13,1507.52,0,2,0,0.00616743,1,1.95803e-36,3.2105e-37,6.04778e-37,1.04956e-36,1.38393e-36,1,5.20206e-36
21618,0,12,1385.92,13,1507.52,0,2,0,0.00616434,1,4.39229e-35,7.20185e-36,1.35665e-35,2.3544e-35,3.10446e-35,1,1.16694e-34
21619,0,12,1385.92,13,1507.52,0,2,0,0.00616126,1,9.25861e-34,1.51809e-34,2.85971e-34,4.96288e-34,6.54396e-34,1,2.45981e-33
21620,0,12,1385.92,13,1507.52,0,2,0,0.00615818,1,1.83621e-32,3.01076e-33,5.67151e-33,9.84261e-33,1.29783e-32,1,4.87841e-32
21621,0,12,1385.92,13,1507.52,0,2,0,0.0061551,1,3.43046e-31,5.62477e-32,1.05957e-31,1.83882e-31,2.42464e-31,1,9.11396e-31
21622,0,12,1385.92,13,1507.52,0,2,9,0.00615202,1,6.0444e-30,9.91074e-31,1.86693e-30,3.23997e-30,4.27216e-30,1,1.60586e-29
21623,0,12,1385.92,13,1507.52,0,2,0,0.00614895,1,1.24103e-32,2.03487e-33,3.83318e-33,6.65229e-33,8.77158e-33,1,3.29715e-32
21624,0,12,1385.92,13,1507.52,0,2,9,0.00614587,1,2.33677e-31,3.8315e-32,7.21759e-32,1.25257e-31,1.65162e-31,1,6.20827e-31
21625,0,12,1385.92,13,1507.52,0,2,0,0.0061428,1,5.12037e-34,8.39564e-35,1.58153e-34,2.74466e-34,3.61906e-34,1,1.36037e-33
21626,0,12,1385.92,13,1507.52,0,2,0,0.00613973,1,1.0276e-32,1.68491e-33,3.17394e-33,5.5082e-33,7.26302e-33,1,2.73009e-32
21627,0,12,1385.92,13,1507.52,0,2,0,0.00613666,1,1.9422e-31,3.18455e-32,5.99889e-32,1.04107e-31,1.37274e-31,1,5.15999e-31
21628,0,12,1385.92,13,1507.52,0,2,0,0.00613359,1,3.46128e-30,5.67531e-31,1.06909e-30,1.85534e-30,2.44642e-30,1,9.19583e-30
21629,0,12,1385.92,13,1507.52,0,2,0,0.00613052,1,5.82317e-29,9.54801e-30,1.79861e-29,3.12138e-29,4.11579e-29,1,1.54708e-28
21630,0,12,1385.92,13,1507.52,0,2,0,0.00612746,1,9.25901e-28,1.51816e-28,2.85983e-28,4.96308e-28,6.54422e-28,1,2.45991e-27
21631,0,12,1385.92,13,1507.52,0,2,0,0.00612439,1,1.39297e-26,2.28399e-27,4.30246e-27,7.46668e-27,9.84543e-27,1,3.7008e-26
21632,0,12,1385.92,13,1507.52,0,2,0,0.00612133,1,1.98504e-25,3.25479e-26,6.13121e-26,1.06404e-25,1.40302e-25,1,5.27381e-25
21633,0,12,1385.92,13,1507.52,0,2,9,0.00611827,1,2.6824e-24,4.39821e-25,8.28512e-25,1.43784e-24,1.8959e-24,1,7.12651e-24
21634,0,12,1385.92,13,1507.52,0,2,0,0.00611521,1,4.24629e-27,6.96246e-28,1.31155e-27,2.27613e-27,3.00126e-27,1,1.12814e-26
21635,0,12,1385.92,13,1507.52,0,2,0,0.00611215,1,6.19666e-26,1.01604e-26,1.91396e-26,3.32157e-26,4.37977e-26,1,1.64631e-25
21636,0,12,1385.92,13,1503.43,0,2,13,0.0061091,1,8.57082e-25,1.40532e-25,2.64727e-25,4.59418e-25,6.05781e-25,1,2.27707e-24
21637,0,12,1385.92,13,1503.43,0,2,0,0.00610604,1,2.54239e-29,4.16864e-30,7.85268e-30,1.36279e-29,1.79694e-29,1,6.75453e-29
21638,0,12,1385.92,13,1503.43,0,2,0,0.00610299,1,4.11003e-28,6.73904e-29,1.26947e-28,2.20308e-28,2.90494e-28,1,1.09194e-27
21639,0,12,1385.92,13,1503.43,0,2,0,0.00609994,1,6.28458e-27,1.03045e-27,1.94112e-27,3.36869e-27,4.4419e-27,1,1.66966e-26
21640,0,12,1385.92,13,1503.43,0,2,0,0.00609689,1,9.09952e-26,1.49201e-26,2.81057e-26,4.87757e-26,6.43148e-26,1,2.41753e-25
21641,0,12,1385.92,13,1503.43,0,2,0,0.00609384,1,1.24895e-24,2.04785e-25,3.85764e-25,6.6947e-25,8.82752e-25,1,3.31817e-24
21642,0,12,1385.92,13,1503.43,0,2,0,0.00609079,1,1.62676e-23,2.66732e-24,5.02457e-24,8.71984e-24,1.14978e-23,1,4.32191e-23
21643,0,12,1385.92,13,1503.43,0,2,0,0.00608775,1,2.01282e-22,3.30033e-23,6.217e-23,1.07892e-22,1.42265e-22,1,5.34758e-22
21644,0,12,1385.92,13,1503.43,0,2,0,0.0060847,1,2.3683e-21,3.88319e-22,7.31497e-22,1.26947e-21,1.6739e-21,1,6.29201e-21
21645,0,12,1385.92,13,1503.43,0,2,0,0.00608166,1,2.6525e-20,4.34919e-21,8.19279e-21,1.42181e-20,1.87477e-20,1,7.04707e-20
21646,0,12,1385.92,13,1503.43,0,2,0,0.00607862,1,2.83068e-19,4.64134e-20,8.74312e-20,1.51731e-19,2.0007e-19,1,7.52044e-19
21647,0,12,1385.92,13,1503.43,0,2,0,0.00607558,1,2.88111e-18,4.72404e-19,8.89891e-19,1.54435e-18,2.03635e-18,1,7.65443e-18
21648,0,12,1385.92,13,1503.43,0,2,0,0.00607254,1,2.79948e-17,4.59018e-18,8.64676e-18,1.50059e-17,1.97865e-17,1,7.43755e-17
21649,0,12,1385.92,13,1503.43,0,2,0,0.00606951,1,2.59922e-16,4.26183e-17,8.02823e-17,1.39325e-16,1.83711e-16,1,6.90552e-16
21650,0,12,1385.92,13,1503.43,0,2,0,0.00606647,1,2.3081e-15,3.78449e-16,7.12904e-16,1.2372e-15,1.63135e-15,1,6.13207e-15
21651,0,12,1385.92,13,1503.43,0,2,0,0.00606344,1,1.96199e-14,3.217e-15,6.06001e-15,1.05168e-14,1.38672e-14,1,5.21255e-14
21652,0,12,1385.92,13,1503.4,0,2,13,0.00606041,1,1.59791e-13,2.62002e-14,4.93546e-14,8.56517e-14,1.12939e-13,1,4.24526e-13
21653,0,12,1385.92,13,1503.4,0,2,0,0.00605738,1,2.82072e-18,4.62501e-19,8.71237e-19,1.51198e-18,1.99366e-18,1,7.49398e-18
21654,0,12,1385.92,13,1503.4,0,2,0,0.00605435,1,2.74196e-17,4.49587e-18,8.4691e-18,1.46976e-17,1.93799e-17,1,7.28472e-17
21655,0,12,1385.92,13,1503.4,0,2,0,0.00605132,1,2.54688e-16,4.176e-17,7.86654e-17,1.36519e-16,1.80011e-16,1,6.76643e-16
21656,0,12,1385.92,13,1503.4,0,2,9,0.0060483,1,2.26254e-15,3.70978e-16,6.9883e-16,1.21277e-15,1.59914e-15,1,6.01101e-15
21657,0,12,1385.92,13,1503.4,0,2,9,0.00604527,1,2.37444e-18,3.89327e-19,7.33394e-19,1.27276e-18,1.67823e-18,1,6.30831e-18
21658,0,12,1385.92,13,1503.4,0,2,0,0.00604225,1,2.8583e-21,4.68663e-22,8.82843e-22,1.53212e-21,2.02022e-21,1,7.5938e-21
21659,0,12,1385.92,13,1503.4,0,2,0,0.00603923,1,3.18929e-20,5.22933e-21,9.85075e-21,1.70953e-20,2.25416e-20,1,8.47316e-20
21660,0,12,1385.92,13,1503.4,0,2,0,0.00603621,1,3.391e-19,5.56007e-20,1.04738e-19,1.81766e-19,2.39673e-19,1,9.00905e-19
21661,0,12,1385.92,13,1503.4,0,2,0,0.00603319,1,3.43897e-18,5.63874e-19,1.0622e-18,1.84337e-18,2.43064e-18,1,9.13651e-18
21662,0,12,1385.92,13,1503.4,0,2,0,0.00603017,1,3.32972e-17,5.4596e-18,1.02845e-17,1.78481e-17,2.35342e-17,1,8.84626e-17
21663,0,12,1385.92,13,1503.4,0,2,0,0.00602716,1,3.08083e-16,5.05151e-17,9.51577e-17,1.6514e-16,2.1775e-16,1,8.18502e-16
21664,0,12,1385.92,13,1503.4,0,2,0,0.00602415,1,2.72648e-15,4.47049e-16,8.42129e-16,1.46146e-15,1.92705e-15,1,7.24359e-15
21665,0,12,1385.92,13,1503.4,0,2,0,0.00602113,1,2.30993e-14,3.78749e-15,7.13468e-15,1.23818e-14,1.63264e-14,1,6.13691e-14
21666,0,12,1385.92,13,1503.4,0,2,9,0.00601812,1,1.87514e-13,3.07459e-14,5.79176e-14,1.00512e-13,1.32533e-13,1,4.98179e-13
21667,0,12,1385.92,13,1503.4,0,2,0,0.00601511,1,1.80149e-16,2.95382e-17,5.56426e-17,9.6564e-17,1.27328e-16,1,4.78611e-16
21668,0,12,1385.92,13,1503.4,0,2,0,0.00601211,1,1.61149e-15,2.64228e-16,4.9774e-16,8.63794e-16,1.13898e-15,1,4.28132e-15
21669,0,12,1385.92,13,1503.4,0,2,0,0.0060091,1,1.37972e-14,2.26226e-15,4.26154e-15,7.39561e-15,9.75171e-15,1,3.66557e-14
21670,0,12,1385.92,13,1503.4,0,2,9,0.0060061,1,1.13162e-13,1.85547e-14,3.49525e-14,6.06577e-14,7.99821e-14,1,3.00645e-13
21671,0,12,1385.92,13,1503.4,0,2,0,0.00600309,1,1.09821e-16,1.80069e-17,3.39205e-17,5.88667e-17,7.76205e-17,1,2.91768e-16
21672,0,12,1385.92,13,1503.4,0,2,0,0.00600009,1,9.92156e-16,1.6268e-16,3.06448e-16,5.31819e-16,7.01246e-16,1,2.63591e-15
21673,0,12,1385.92,13,1503.4,0,2,9,0.00599709,1,8.57741e-15,1.4064e-15,2.64931e-15,4.59769e-15,6.06243e-15,1,2.27881e-14
21674,0,12,1385.92,13,1503.4,0,2,0,0.00599409,1,8.7649e-18,1.43714e-18,2.70722e-18,4.69819e-18,6.19494e-18,1,2.32862e-17
21675,0,12,1385.92,13,1503.4,0,2,0,0.0059911,1,8.32913e-17,1.36569e-17,2.57262e-17,4.46461e-17,5.88695e-17,1,2.21284e-16
21676,0,12,1385.92,13,1503.4,0,2,0,0.0059881,1,7.56651e-16,1.24065e-16,2.33707e-16,4.05582e-16,5.34794e-16,1,2.01023e-15
21677,0,12,1385.92,13,1503.4,0,2,0,0.00598511,1,6.57697e-15,1.0784e-15,2.03143e-15,3.52541e-15,4.64854e-15,1,1.74734e-14
21678,0,12,1385.92,13,1503.4,0,2,0,0.00598211,1,5.47486e-14,8.97689e-15,1.69102e-14,2.93465e-14,3.86958e-14,1,1.45453e-13
21679,0,12,1385.92,13,1503.02,0,2,13,0.00597912,1,4.36831e-13,7.16253e-14,1.34924e-13,2.34152e-13,3.08748e-13,1,1.16055e-12
21680,0,12,1385.92,13,1503.02,0,2,9,0.00597613,1,7.55766e-18,1.2392e-18,2.33434e-18,4.05108e-18,5.34168e-18,1,2.00788e-17
21681,0,12,1385.92,13,1503.02,0,2,0,0.00597315,1,8.88949e-21,1.45757e-21,2.7457e-21,4.76497e-21,6.283e-21,1,2.36172e-20
21682,0,12,1385.92,13,1503.02,0,2,0,0.00597016,1,9.69633e-20,1.58987e-20,2.99491e-20,5.19745e-20,6.85327e-20,1,2.57607e-19
21683,0,12,1385.92,13,1503.02,0,2,0,0.00596717,1,1.00828e-18,1.65324e-19,3.11429e-19,5.40463e-19,7.12645e-19,1,2.67876e-18
21684,0,12,1385.92,13,1503.02,0,2,0,0.00596419,1,1.00051e-17,1.64049e-18,3.09026e-18,5.36294e-18,7.07147e-18,1,2.65809e-17
21685,0,12,1385.92,13,1503.02,0,2,0,0.00596121,1,9.4825e-17,1.5548e-17,2.92886e-17,5.08284e-17,6.70214e-17,1,2.51926e-16
21686,0,12,1385.92,13,1503.02,0,2,0,0.00595823,1,8.59197e-16,1.40879e-16,2.6538e-16,4.60549e-16,6.07271e-16,1,2.28267e-15
21687,0,12,1385.92,13,1503.02,0,2,0,0.00595525,1,7.44935e-15,1.22144e-15,2.30088e-15,3.99302e-15,5.26513e-15,1,1.97911e-14
21688,0,12,1385.92,13,1496.84,0,2,13,0.00595227,1,6.18563e-14,1.01423e-14,1.91056e-14,3.31564e-14,4.37194e-14,1,1.64337e-13
21689,0,12,1385.92,13,1496.84,0,2,0,0.00594929,1,1.11285e-18,1.82469e-19,3.43726e-19,5.96512e-19,7.8655e-19,1,2.95656e-18
21690,0,12,1385.92,13,1496.84,0,2,0,0.00594632,1,1.10209e-17,1.80704e-18,3.40402e-18,5.90743e-18,7.78942e-18,1,2.92796e-17
21691,0,12,1385.92,13,1496.84,0,2,0,0.00594335,1,1.04251e-16,1.70935e-17,3.21999e-17,5.58807e-17,7.36833e-17,1,2.76968e-16
21692,0,12,1385.92,13,1496.84,0,2,0,0.00594037,1,9.42813e-16,1.54589e-16,2.91207e-16,5.05369e-16,6.6637e-16,1,2.50482e-15
21693,0,12,1385.92,13,1496.84,0,2,0,0.0059374,1,8.15915e-15,1.33782e-15,2.52012e-15,4.37348e-15,5.7668e-15,1,2.16768e-14
21694,0,12,1385.92,13,1496.84,0,2,0,0.00593444,1,6.7627e-14,1.10885e-14,2.0888e-14,3.62496e-14,4.7798e-14,1,1.79668e-13
21695,0,12,1385.92,13,1496.84,0,2,0,0.00593147,1,5.37311e-13,8.81005e-14,1.65959e-13,2.8801e-13,3.79765e-13,1,1.4275e-12
21696,0,12,1385.92,13,1496.84,0,2,0,0.0059285,1,4.09571e-12,6.71555e-13,1.26504e-12,2.19539e-12,2.8948e-12,1,1.08813e-11
21697,0,12,1385.92,13,1496.84,0,2,9,0.00592554,1,2.99771e-11,4.91522e-12,9.25905e-12,1.60684e-11,2.11875e-11,1,7.96417e-11
21698,0,12,1385.92,13,1496.84,0,2,9,0.00592258,1,2.60203e-14,4.26643e-15,8.03689e-15,1.39474e-14,1.83909e-14,1,6.91293e-14
21699,0,12,1385.92,13,1496.84,0,2,0,0.00591961,1,2.60054e-17,4.26399e-18,8.03229e-18,1.39395e-17,1.83803e-17,1,6.90898e-17
21700,0,12,1385.92,13,1496.84,0,2,9,0.00591665,1,2.41808e-16,3.96482e-17,7.46872e-17,1.29614e-16,1.70907e-16,1,6.42422e-16
21701,0,12,1385.92,13,1496.84,0,2,9,0.0059137,1,2.65374e-19,4.35122e-20,8.19661e-20,1.42246e-19,1.87563e-19,1,7.05031e-19
21702,0,12,1385.92,13,1496.84,0,2,0,0.00591074,1,3.33763e-22,5.47257e-23,1.0309e-22,1.78905e-22,2.359e-22,1,8.86725e-22
21703,0,12,1385.92,13,1496.84,0,2,9,0.00590778,1,3.88757e-21,6.37427e-22,1.20075e-21,2.08382e-21,2.74769e-21,1,1.03283e-20
21704,0,12,1385.92,13,1496.84,0,2,0,0.00590483,1,5.32037e-24,8.72358e-25,1.6433e-24,2.85184e-24,3.76038e-24,1,1.41349e-23
21705,0,12,1385.92,13,1496.84,0,2,0,0.00590188,1,6.7318e-23,1.10378e-23,2.07925e-23,3.60839e-23,4.75796e-23,1,1.78847e-22
21706,0,12,1385.92,13,1496.84,0,2,0,0.00589893,1,8.09611e-22,1.32748e-22,2.50065e-22,4.33969e-22,5.72224e-22,1,2.15093e-21
21707,0,12,1385.92,13,1496.84,0,2,0,0.00589598,1,9.26443e-21,1.51905e-21,2.86151e-21,4.96594e-21,6.548e-21,1,2.46132e-20
21708,0,12,1385.92,13,1496.84,0,2,0,0.00589303,1,1.0097e-19,1.65555e-20,3.11865e-20,5.41219e-20,7.13641e-20,1,2.6825e-19
21709,0,12,1385.92,13,1496.84,0,2,9,0.00589008,1,1.04909e-18,1.72015e-19,3.24034e-19,5.62337e-19,7.41488e-19,1,2.78718e-18
21710,0,12,1385.92,13,1496.84,0,2,9,0.00588714,1,1.28368e-21,2.10479e-22,3.9649e-22,6.88079e-22,9.07288e-22,1,3.4104e-21
21711,0,12,1385.92,13,1496.84,0,2,0,0.00588419,1,1.79616e-24,2.94508e-25,5.5478e-25,9.62779e-25,1.2695e-24,1,4.77193e-24
21712,0,12,1385.92,13,1496.84,0,2,9,0.00588125,1,2.32255e-23,3.80819e-24,7.17367e-24,1.24494e-23,1.64155e-23,1,6.17043e-23
21713,0,12,1385.92,13,1496.84,0,2,0,0.00587831,1,3.52131e-26,5.77373e-27,1.08763e-26,1.8875e-26,2.48882e-26,1,9.35521e-26
21714,0,12,1385.92,13,1496.84,0,2,0,0.00587537,1,4.92581e-25,8.07663e-26,1.52144e-25,2.64034e-25,3.4815e-25,1,1.30866e-24
21715,0,12,1385.92,13,1496.84,0,2,0,0.00587243,1,6.53636e-24,1.07174e-24,2.01889e-24,3.50363e-24,4.61982e-24,1,1.73654e-23
21716,0,12,1385.92,13,1496.84,0,2,0,0.0058695,1,8.2364e-23,1.35049e-23,2.54398e-23,4.41489e-23,5.82139e-23,1,2.1882e-22
21717,0,12,1385.92,13,1496.84,0,2,0,0.00586656,1,9.86576e-22,1.61765e-22,3.04724e-22,5.28826e-22,6.973e-22,1,2.62108e-21
21718,0,12,1385.92,13,1496.84,0,2,0,0.00586363,1,1.12449e-20,1.84378e-21,3.47322e-21,6.02751e-21,7.94777e-21,1,2.98748e-20
21719,0,12,1385.92,13,1496.84,0,2,0,0.0058607,1,1.2208e-19,2.00169e-20,3.77069e-20,6.54375e-20,8.62847e-20,1,3.24335e-19
21720,0,12,1385.92,13,1496.84,0,2,9,0.00585777,1,1.26363e-18,2.07192e-19,3.90297e-19,6.77332e-19,8.93118e-19,1,3.35714e-18
21721,0,12,1385.92,13,1496.84,0,2,0,0.00585484,1,1.54044e-21,2.52579e-22,4.75796e-22,8.25709e-22,1.08876e-21,1,4.09256e-21
21722,0,12,1385.92,13,1496.84,0,2,0,0.00585191,1,1.7402e-20,2.85333e-21,5.37497e-21,9.32786e-21,1.22995e-20,1,4.62327e-20
21723,0,12,1385.92,13,1496.84,0,2,0,0.00584899,1,1.87282e-19,3.07078e-20,5.78458e-20,1.00387e-19,1.32369e-19,1,4.9756e-19
21724,0,12,1385.92,13,1496.84,0,2,0,0.00584606,1,1.922e-18,3.15142e-19,5.93649e-19,1.03023e-18,1.35845e-18,1,5.10627e-18
21725,0,12,1385.92,13,1496.84,0,2,0,0.00584314,1,1.88272e-17,3.08702e-18,5.81518e-18,1.00918e-17,1.33069e-17,1,5.00192e-17
21726,0,12,1385.92,13,1496.84,0,2,0,0.00584022,1,1.76197e-16,2.88903e-17,5.44221e-17,9.44454e-17,1.24534e-16,1,4.68111e-16
21727,0,12,1385.92,13,1496.84,0,2,0,0.0058373,1,1.57684e-15,2.58547e-16,4.87038e-16,8.45218e-16,1.11449e-15,1,4.18925e-15
21728,0,12,1385.92,13,1496.84,0,2,0,0.00583438,1,1.35064e-14,2.21458e-15,4.17172e-15,7.23971e-15,9.54615e-15,1,3.5883e-14
21729,0,12,1385.92,13,1496.84,0,2,0,0.00583146,1,1.10825e-13,1.81714e-14,3.42304e-14,5.94044e-14,7.83295e-14,1,2.94433e-13
21730,0,12,1385.92,13,1496.84,0,2,0,0.00582855,1,8.71869e-13,1.42957e-13,2.69295e-13,4.67341e-13,6.16227e-13,1,2.31633e-12
21731,0,12,1385.92,13,1496.84,0,2,9,0.00582563,1,6.58189e-12,1.0792e-12,2.03295e-12,3.52803e-12,4.652e-12,1,1.74864e-11
21732,0,12,1385.92,13,1496.84,0,2,0,0.00582272,1,5.88899e-15,9.65592e-16,1.81893e-15,3.15662e-15,4.16227e-15,1,1.56455e-14
21733,0,12,1385.92,13,1496.84,0,2,0,0.00581981,1,4.91302e-14,8.05566e-15,1.51748e-14,2.63348e-14,3.47246e-14,1,1.30526e-13
21734,0,12,1385.92,13,1496.84,0,2,0,0.0058169,1,3.92852e-13,6.44143e-14,1.2134e-13,2.10577e-13,2.77663e-13,1,1.04371e-12
21735,0,12,1385.92,13,1496.84,0,2,0,0.00581399,1,3.01337e-12,4.94089e-13,9.3074e-13,1.61523e-12,2.12981e-12,1,8.00575e-12
21736,0,12,1385.92,13,1496.84,0,2,0,0.00581108,1,2.21911e-11,3.63858e-12,6.85418e-12,1.18949e-11,1.56844e-11,1,5.89561e-11
21737,0,12,1385.92,13,1496.84,0,2,0,0.00580818,1,1.57023e-10,2.57464e-11,4.84998e-11,8.41677e-11,1.10982e-10,1,4.1717e-10
21738,0,12,1385.92,13,1496.84,0,2,0,0.00580527,1,1.06845e-09,1.75188e-10,3.30011e-10,5.72709e-10,7.55164e-10,1,2.83858e-09
21739,1,12,1385.92,13,1496.84,0,2,0,0.00580237,1,6.99657e-09,1.1472e-09,2.16103e-09,3.75031e-09,4.94509e-09,1,1.85881e-08
21740,1,12,1385.92,13,1496.84,0,2,0,0.00579947,1,1.69205e-41,2.98202e-41,4.27247e-41,3.6215e-41,1.51179e-41,1,9.96257e-42
21741,1,12,1385.92,13,1496.84,0,2,0,0.00579657,1,2.353e-40,4.14684e-40,5.94136e-40,5.03608e-40,2.10231e-40,1,1.3854e-40
21742,1,12,1385.92,13,1496.84,0,2,0,0.00579367,1,3.10431e-39,5.47092e-39,7.83843e-39,6.64405e-39,2.77355e-39,1,1.82775e-39
21743,1,12,1385.92,13,1496.84,0,2,0,0.00579077,1,3.88956e-38,6.85483e-38,9.82121e-38,8.32466e-38,3.47512e-38,1,2.29007e-38
21744,1,12,1385.92,13,1496.84,0,2,0,0.00578788,1,4.63317e-37,8.16533e-37,1.16988e-36,9.9161e-37,4.13947e-37,1,2.72787e-37
21745,1,12,1385.92,13,1496.84,0,2,0,0.00578498,1,5.25214e-36,9.25618e-36,1.32617e-35,1.12408e-35,4.69246e-36,1,3.09229e-36
21746,1,12,1385.92,13,1496.84,0,2,0,0.00578209,1,5.67159e-35,9.99541e-35,1.43209e-34,1.21384e-34,5.06718e-35,1,3.33923e-35
21747,0,12,1385.92,13,1481.13,0,2,13,0.0057792,1,5.83991e-34,1.0292e-33,1.47459e-33,1.24986e-33,5.21753e-34,1,3.43831e-34
21748,0,12,1385.92,13,1481.13,0,2,0,0.00577631,1,1.86684e-09,3.06098e-10,5.76612e-10,1.00069e-09,1.3195e-09,1,4.95985e-09
21749,0,12,1385.92,13,1481.13,0,2,0,0.00577342,1,1.20891e-08,1.9822e-09,3.73396e-09,6.48017e-09,8.54463e-09,1,3.21184e-08
21750,0,12,1385.92,13,1481.13,0,2,0,0.00577054,1,7.54143e-08,1.23654e-08,2.32932e-08,4.04246e-08,5.33032e-08,1,2.00361e-07
21751,0,12,1385.92,13,1481.13,0,2,0,0.00576765,0.999999,4.53537e-07,7.43644e-08,1.40084e-07,2.43111e-07,3.20561e-07,0.999998,1.20496e-06
21752,0,12,1385.92,13,1481.13,0,2,0,0.00576477,0.999996,2.6314e-06,4.31459e-07,8.12761e-07,1.41051e-06,1.85987e-06,0.99999,6.99107e-06
21753,0,12,1385.92,13,1481.13,0,2,0,0.00576188,0.999978,1.47395e-05,2.41677e-06,4.5526e-06,7.90059e-06,1.04176e-05,0.999943,3.91586e-05
21754,0,12,1385.92,13,1481.13,0,2,0,0.005759,0.999883,7.9759e-05,1.30777e-05,2.46352e-05,4.27452e-05,5.6363e-05,0.999689,0.000211863
21755,0,12,1385.92,13,1444.78,0,2,13,0.00575612,0.999386,0.000417095,6.83893e-05,0.000128828,0.000223351,0.000294506,0.998375,0.00110702
21756,0,12,1385.92,13,1444.78,0,2,0,0.00575325,1,4.77498e-09,7.82933e-10,1.47485e-09,2.55954e-09,3.37497e-09,1,1.26862e-08
21757,0,12,1385.92,13,1444.78,0,2,0,0.00575037,1,3.03459e-08,4.97569e-09,9.37295e-09,1.62664e-08,2.14486e-08,1,8.06229e-08
21758,0,12,1385.92,13,1444.78,0,2,0,0.00574749,1,1.85851e-07,3.04732e-08,5.7404e-08,9.96223e-08,1.3136e-07,0.999999,4.93769e-07
21759,0,12,1385.92,13,1444.78,0,2,0,0.00574462,0.999998,1.09772e-06,1.79988e-07,3.39052e-07,5.88409e-07,7.75866e-07,0.999996,2.9164e-06
21760,0,12,1385.92,13,1444.78,0,2,9,0.00574175,0.999991,6.25727e-06,1.02598e-06,1.93268e-06,3.35404e-06,4.42258e-06,0.999976,1.6624e-05
21761,0,12,1385.92,13,1444.78,0,2,0,0.00573888,1,4.25127e-09,6.97062e-10,1.31309e-09,2.27881e-09,3.0048e-09,1,1.12947e-08
21762,0,12,1385.92,13,1444.78,0,2,0,0.00573601,1,2.70805e-08,4.44027e-09,8.36435e-09,1.4516e-08,1.91405e-08,1,7.19472e-08
21763,0,12,1385.92,13,1444.78,0,2,0,0.00573314,1,1.66231e-07,2.72561e-08,5.13437e-08,8.91047e-08,1.17492e-07,0.999999,4.4164e-07
21764,0,12,1385.92,13,1444.78,0,2,9,0.00573027,0.999999,9.8402e-07,1.61346e-07,3.03935e-07,5.27464e-07,6.95504e-07,0.999996,2.61433e-06
21765,0,12,1385.92,13,1444.78,0,2,0,0.00572741,1,6.93749e-10,1.13751e-10,2.14278e-10,3.71871e-10,4.90342e-10,1,1.84314e-09
21766,0,12,1385.92,13,1444.78,0,2,0,0.00572454,1,4.58233e-09,7.51344e-10,1.41534e-09,2.45627e-09,3.23879e-09,1,1.21743e-08
21767,0,12,1385.92,13,1441.36,0,2,13,0.00572168,1,2.91456e-08,4.77887e-09,9.0022e-09,1.56229e-08,2.06001e-08,1,7.74335e-08
21768,0,12,1385.92,13,1441.36,0,2,0,0.00571882,1,4.03795e-13,6.62085e-14,1.2472e-13,2.16446e-13,2.85402e-13,1,1.0728e-12
21769,0,12,1385.92,13,1441.36,0,2,9,0.00571596,1,3.0956e-12,5.07573e-13,9.5614e-13,1.65934e-12,2.18797e-12,1,8.22435e-12
21770,0,12,1385.92,13,1441.36,0,2,0,0.0057131,1,2.81182e-15,4.61042e-16,8.68489e-16,1.50722e-15,1.98739e-15,1,7.47041e-15
21771,0,12,1385.92,13,1439.76,0,2,13,0.00571025,1,2.38076e-14,3.90363e-15,7.35347e-15,1.27616e-14,1.68272e-14,1,6.32517e-14
21772,0,12,1385.92,13,1439.76,0,2,0,0.00570739,1,4.36578e-19,7.15837e-20,1.34846e-19,2.34018e-19,3.08572e-19,1,1.15989e-18
21773,0,12,1385.92,13,1439.76,0,2,0,0.00570454,1,4.40523e-18,7.22306e-19,1.36064e-18,2.36133e-18,3.11361e-18,1,1.17037e-17
21774,0,12,1385.92,13,1439.76,0,2,0,0.00570169,1,4.24421e-17,6.95905e-18,1.31091e-17,2.27502e-17,2.9998e-17,1,1.12759e-16
21775,0,12,1385.92,13,1439.76,0,2,9,0.00569884,1,3.90795e-16,6.40769e-17,1.20705e-16,2.09477e-16,2.76213e-16,1,1.03826e-15
21776,0,12,1385.92,13,1439.76,0,2,0,0.00569599,1,4.24783e-19,6.96499e-20,1.31203e-19,2.27696e-19,3.00236e-19,1,1.12856e-18
21777,0,12,1385.92,13,1439.76,0,2,0,0.00569314,1,4.28857e-18,7.03178e-19,1.32461e-18,2.29879e-18,3.03115e-18,1,1.13938e-17
21778,0,12,1385.92,13,1439.76,0,2,0,0.00569029,1,4.13403e-17,6.77839e-18,1.27688e-17,2.21596e-17,2.92192e-17,1,1.09832e-16
21779,0,12,1385.92,13,1439.76,0,2,0,0.00568745,1,3.8085e-16,6.24464e-17,1.17633e-16,2.04146e-16,2.69184e-16,1,1.01183e-15
21780,0,12,1385.92,13,1439.76,0,2,0,0.0056846,1,3.35619e-15,5.50301e-16,1.03663e-15,1.79901e-15,2.37215e-15,1,8.91666e-15
21781,0,12,1385.92,13,1439.76,0,2,0,0.00568176,1,2.83164e-14,4.64292e-15,8.7461e-15,1.51784e-14,2.00139e-14,1,7.52303e-14
21782,0,12,1385.92,13,1439.76,0,2,0,0.00567892,1,2.28931e-13,3.75369e-14,7.07101e-14,1.22714e-13,1.61808e-13,1,6.08219e-13
21783,0,12,1385.92,13,1439.76,0,2,0,0.00567608,1,1.77508e-12,2.91053e-13,5.48271e-13,9.51494e-13,1.25462e-12,1,4.716e-12
21784,0,12,1385.92,13,1439.76,0,2,0,0.00567324,1,1.32112e-11,2.16619e-12,4.08055e-12,7.08157e-12,9.33763e-12,1,3.50992e-11
21785,0,12,1385.92,13,1439.76,0,2,0,0.00567041,1,9.44565e-11,1.54876e-11,2.91748e-11,5.06312e-11,6.67614e-11,1,2.50949e-10
21786,0,12,1385.92,13,1439.76,0,2,0,0.00566757,1,6.49285e-10,1.0646e-10,2.00545e-10,3.48034e-10,4.58911e-10,1,1.725e-09
21787,0,12,1385.92,13,1439.76,0,2,9,0.00566474,1,4.29432e-09,7.04121e-10,1.32639e-09,2.30187e-09,3.03521e-09,1,1.1409e-08
21788,0,12,1385.92,13,1439.76,0,2,0,0.0056619,1,3.37516e-12,5.5341e-13,1.04249e-12,1.80917e-12,2.38555e-12,1,8.96702e-12
21789,0,12,1385.92,13,1439.76,0,2,0,0.00565907,1,2.47991e-11,4.0662e-12,7.65971e-12,1.3293e-11,1.75279e-11,1,6.58855e-11
21790,0,12,1385.92,13,1439.76,0,2,0,0.00565624,1,1.75088e-10,2.87084e-11,5.40793e-11,9.38516e-11,1.23751e-10,1,4.65167e-10
21791,0,12,1385.92,13,1439.76,0,2,0,0.00565342,1,1.18877e-09,1.94918e-10,3.67176e-10,6.37213e-10,8.40217e-10,1,3.15829e-09
21792,0,12,1385.92,13,1439.76,0,2,9,0.00565059,1,7.76791e-09,1.27367e-09,2.39928e-09,4.1638e-09,5.49032e-09,1,2.06375e-08
21793,0,12,1385.92,13,1439.76,0,2,0,0.00564776,1,6.03331e-12,9.89256e-13,1.86351e-12,3.23401e-12,4.26431e-12,1,1.60291e-11
21794,0,12,1385.92,13,1439.76,0,2,9,0.00564494,1,4.3818e-11,7.18465e-12,1.35341e-11,2.34876e-11,3.09703e-11,1,1.16414e-10
21795,0,12,1385.92,13,1439.76,0,2,0,0.00564212,1,3.77465e-14,6.18914e-15,1.16588e-14,2.02331e-14,2.6679e-14,1,1.00284e-13
21796,0,12,1385.92,13,1439.76,0,2,0,0.0056393,1,3.03422e-13,4.97508e-14,9.37181e-14,1.62642e-13,2.14457e-13,1,8.06122e-13
21797,0,12,1385.92,13,1439.76,0,2,0,0.00563648,1,2.33945e-12,3.8359e-13,7.22588e-13,1.25401e-12,1.65351e-12,1,6.21538e-12
21798,0,12,1385.92,13,1438.94,0,2,13,0.00563366,1,1.73157e-11,2.83918e-12,5.34831e-12,9.28166e-12,1.22386e-11,1,4.60038e-11
21799,0,12,1385.92,13,1438.94,0,2,0,0.00563084,1,2.78324e-16,4.56356e-17,8.59661e-17,1.49189e-16,1.96718e-16,1,7.39442e-16
21800,0,12,1385.92,13,1438.94,0,2,0,0.00562803,1,2.46813e-15,4.04688e-16,7.62332e-16,1.32298e-15,1.74446e-15,1,6.55724e-15
21801,0,12,1385.92,13,1438.94,0,2,9,0.00562521,1,2.09521e-14,3.43543e-15,6.4715e-15,1.12309e-14,1.48088e-14,1,5.56649e-14
21802,0,12,1385.92,13,1438.94,0,2,0,0.0056224,1,2.10311e-17,3.44837e-18,6.49588e-18,1.12732e-17,1.48646e-17,1,5.58746e-17
21803,0,12,1385.92,13,1438.94,0,2,0,0.00561959,1,1.96387e-16,3.22007e-17,6.0658e-17,1.05268e-16,1.38805e-16,1,5.21753e-16
21804,0,12,1385.92,13,1438.94,0,2,9,0.00561678,1,1.75371e-15,2.87548e-16,5.41669e-16,9.40033e-16,1.23951e-15,1,4.65919e-15
21805,0,12,1385.92,13,1438.94,0,2,0,0.00561397,1,1.84985e-18,3.03312e-19,5.71364e-19,9.91565e-19,1.30746e-18,1,4.91461e-18
21806,0,12,1385.92,13,1438.94,0,2,9,0.00561116,1,1.81343e-17,2.97341e-18,5.60116e-18,9.72045e-18,1.28172e-17,1,4.81786e-17
21807,0,12,1385.92,13,1438.94,0,2,0,0.00560836,1,2.09599e-20,3.4367e-21,6.47389e-21,1.1235e-20,1.48143e-20,1,5.56854e-20
21808,0,12,1385.92,13,1438.94,0,2,0,0.00560555,1,2.24734e-19,3.68487e-20,6.94137e-20,1.20463e-19,1.58841e-19,1,5.97065e-19
21809,0,12,1385.92,13,1438.94,0,2,0,0.00560275,1,2.29797e-18,3.76788e-19,7.09774e-19,1.23177e-18,1.62419e-18,1,6.10515e-18
21810,0,12,1385.92,13,1438.94,0,2,0,0.00559995,1,2.24298e-17,3.67771e-18,6.92789e-18,1.20229e-17,1.58532e-17,1,5.95905e-17
21811,0,12,1385.92,13,1438.94,0,2,0,0.00559715,1,2.09178e-16,3.4298e-17,6.46089e-17,1.12125e-16,1.47846e-16,1,5.55736e-16
21812,0,12,1385.92,13,1438.94,0,2,0,0.00559435,1,1.86558e-15,3.05891e-16,5.76222e-16,9.99997e-16,1.31858e-15,1,4.9564e-15
21813,0,12,1385.92,13,1438.94,0,2,0,0.00559155,1,1.5926e-14,2.61131e-15,4.91906e-15,8.5367e-15,1.12563e-14,1,4.23114e-14
21814,0,12,1385.92,13,1438.94,0,2,0,0.00558876,1,1.30248e-13,2.13562e-14,4.02298e-14,6.98162e-14,9.20583e-14,1,3.46038e-13
21815,0,12,1385.92,13,1438.5,0,2,13,0.00558596,1,1.02137e-12,1.6747e-13,3.15472e-13,5.4748e-13,7.21897e-13,1,2.71354e-12
21816,0,12,1385.92,13,1438.5,0,2,0,0.00558317,1,1.73732e-17,2.84861e-18,5.36607e-18,9.31246e-18,1.22792e-17,1,4.61564e-17
21817,0,12,1385.92,13,1438.5,0,2,0,0.00558038,1,1.62851e-16,2.6702e-17,5.02998e-17,8.7292e-17,1.15102e-16,1,4.32655e-16
21818,0,12,1385.92,13,1438.5,0,2,0,0.00557759,1,1.4597e-15,2.3934e-16,4.50857e-16,7.82432e-16,1.0317e-15,1,3.87806e-15
21819,0,12,1385.92,13,1438.5,0,2,9,0.0055748,1,1.25223e-14,2.05323e-15,3.86778e-15,6.71227e-15,8.85068e-15,1,3.32688e-14
21820,0,12,1385.92,13,1438.5,0,2,0,0.00557201,1,1.26996e-17,2.08229e-18,3.92252e-18,6.80727e-18,8.97595e-18,1,3.37397e-17
21821,0,12,1385.92,13,1438.5,0,2,0,0.00556923,1,1.1979e-16,1.96415e-17,3.69996e-17,6.42104e-17,8.46667e-17,1,3.18253e-16
21822,0,12,1385.92,13,1438.5,0,2,9,0.00556644,1,1.08034e-15,1.77139e-16,3.33685e-16,5.79088e-16,7.63575e-16,1,2.8702e-15
21823,0,12,1385.92,13,1438.5,0,2,0,0.00556366,1,1.15066e-18,1.88669e-19,3.55405e-19,6.16781e-19,8.13276e-19,1,3.05702e-18
21824,0,12,1385.92,13,1438.5,0,2,0,0.00556088,1,1.13877e-17,1.86719e-18,3.51732e-18,6.10408e-18,8.04873e-18,1,3.02543e-17
21825,0,12,1385.92,13,1438.5,0,2,0,0.0055581,1,1.0765e-16,1.7651e-17,3.325e-17,5.77031e-17,7.60863e-17,1,2.86001e-16
21826,0,12,1385.92,13,1438.5,0,2,0,0.00555532,1,9.72933e-16,1.59528e-16,3.0051e-16,5.21515e-16,6.8766e-16,1,2.58484e-15
21827,0,12,1385.92,13,1438.5,0,2,0,0.00555254,1,8.41452e-15,1.37969e-15,2.599e-15,4.51038e-15,5.9473e-15,1,2.23553e-14
21828,0,12,1385.92,13,1438.5,0,2,0,0.00554976,1,6.97006e-14,1.14285e-14,2.15285e-14,3.73612e-14,4.92637e-14,1,1.85177e-13
21829,0,12,1385.92,13,1438.5,0,2,0,0.00554699,1,5.53452e-13,9.07471e-14,1.70945e-13,2.96663e-13,3.91175e-13,1,1.47039e-12
21830,0,12,1385.92,13,1438.5,0,2,0,0.00554421,1,4.21625e-12,6.9132e-13,1.30227e-12,2.26001e-12,2.98e-12,1,1.12015e-11
21831,0,12,1385.92,13,1438.5,0,2,0,0.00554144,1,3.08415e-11,5.05695e-12,9.52603e-12,1.65318e-11,2.17985e-11,1,8.19383e-11
21832,0,12,1385.92,13,1438.5,0,2,0,0.00553867,1,2.16801e-10,3.55479e-11,6.69633e-11,1.1621e-10,1.53233e-10,1,5.75986e-10
21833,0,12,1385.92,13,1438.5,0,2,0,0.0055359,1,1.46571e-09,2.40326e-10,4.52714e-10,7.85654e-10,1.03595e-09,1,3.89402e-09
21834,0,12,1385.92,13,1438.5,0,2,9,0.00553313,1,9.5375e-09,1.56382e-09,2.94585e-09,5.11232e-09,6.74101e-09,1,2.53388e-08
21835,0,12,1385.92,13,1438.5,0,2,0,0.00553037,1,7.3774e-12,1.20964e-12,2.27866e-12,3.95446e-12,5.21428e-12,1,1.95999e-11
21836,0,12,1385.92,13,1438.5,0,2,9,0.0055276,1,5.33646e-11,8.74996e-12,1.64827e-11,2.86047e-11,3.77176e-11,1,1.41777e-10
21837,0,12,1385.92,13,1432.7,0,2,13,0.00552484,1,4.57895e-14,7.50791e-15,1.4143e-14,2.45442e-14,3.23636e-14,1,1.21651e-13
21838,0,12,1385.92,13,1432.7,0,2,0,0.00552208,1,8.28763e-19,1.35889e-19,2.5598e-19,4.44236e-19,5.85761e-19,1,2.20182e-18
21839,0,12,1385.92,13,1432.7,0,2,0,0.00551932,1,8.256e-18,1.3537e-18,2.55003e-18,4.4254e-18,5.83526e-18,1,2.19341e-17
21840,0,12,1385.92,13,1432.7,0,2,0,0.00551656,1,7.85493e-17,1.28794e-17,2.42615e-17,4.21042e-17,5.55178e-17,1,2.08686e-16
21841,0,12,1385.92,13,1432.7,0,2,0,0.0055138,1,7.1441e-16,1.17139e-16,2.2066e-16,3.8294e-16,5.04937e-16,1,1.89801e-15
21842,0,12,1385.92,13,1432.7,0,2,0,0.00551104,1,6.21694e-15,1.01936e-15,1.92023e-15,3.33242e-15,4.39407e-15,1,1.65168e-14
21843,0,12,1385.92,13,1432.7,0,2,0,0.00550829,1,5.18099e-14,8.49504e-15,1.60025e-14,2.77713e-14,3.66187e-14,1,1.37646e-13
21844,0,12,1385.92,13,1432.7,0,2,0,0.00550553,1,4.1384e-13,6.78555e-14,1.27823e-13,2.21828e-13,2.92498e-13,1,1.09947e-12
21845,0,12,1385.92,13,1432.7,0,2,0,0.00550278,1,3.17105e-12,5.19944e-13,9.79445e-13,1.69976e-12,2.24127e-12,1,8.4247e-12
21846,0,12,1385.92,13,1432.7,0,2,0,0.00550003,1,2.33285e-11,3.82508e-12,7.20549e-12,1.25046e-11,1.64884e-11,1,6.19781e-11
21847,0,12,1385.92,13,1432.7,0,2,0,0.00549728,1,1.64907e-10,2.7039e-11,5.09347e-11,8.83936e-11,1.16554e-10,1,4.38115e-10
21848,0,12,1385.92,13,1432.7,0,2,0,0.00549453,1,1.12099e-09,1.83804e-10,3.4624e-10,6.00875e-10,7.92302e-10,1,2.97818e-09
21849,0,12,1385.92,13,1432.7,0,2,0,0.00549178,1,7.33359e-09,1.20246e-09,2.26513e-09,3.93097e-09,5.18331e-09,1,1.94835e-08
21850,0,12,1385.92,13,1432.7,0,2,0,0.00548904,1,4.62081e-08,7.57655e-09,1.42723e-08,2.47686e-08,3.26594e-08,1,1.22763e-07
21851,0,12,1385.92,13,1432.7,0,2,0,0.00548629,1,2.80629e-07,4.60134e-08,8.66778e-08,1.50423e-07,1.98345e-07,0.999999,7.45559e-07
21852,0,12,1385.92,13,1432.7,0,2,0,0.00548355,0.999998,1.6439e-06,2.69544e-07,5.07753e-07,8.81165e-07,1.16189e-06,0.999994,4.36742e-06
21853,0,12,1385.92,13,1432.7,0,2,0,0.00548081,0.999986,9.29527e-06,1.5241e-06,2.87103e-06,4.98236e-06,6.56964e-06,0.999964,2.46946e-05
21854,0,12,1385.92,13,1432.7,0,2,0,0.00547807,0.999925,5.07666e-05,8.32398e-06,1.56803e-05,2.72087e-05,3.58768e-05,0.999802,0.000134857
21855,0,12,1385.92,13,1432.7,0,2,0,0.00547533,0.999605,0.000267938,4.39327e-05,8.27582e-05,0.000143527,0.000189253,0.998956,0.000711382
21856,0,12,1385.92,13,1432.7,0,2,0,0.00547259,0.997988,0.00136608,0.00022399,0.000421941,0.000729828,0.000962338,0.994691,0.00361733
21857,0,12,1385.92,13,1432.7,0,2,0,0.00546985,0.990133,0.00669922,0.00109844,0.00206919,0.00353349,0.00465919,0.974294,0.0175134
21858,0,12,1385.92,13,1432.7,0,2,0,0.00546712,0.954465,0.0309166,0.00506927,0.00954923,0.0154154,0.0203265,0.887853,0.0764053
21859,0,12,1385.92,13,1432.7,0,3,0,0.00546438,0.818764,0.123052,0.0201764,0.0380072,0.0507917,0.066973,0.630491,0.251745
21860,0,12,1385.92,13,1432.7,0,3,0,0.00546165,0.501004,0.338799,0.0555514,0.104645,0.062738,0.0827252,0.778784,0.0757532
21861,0,12,1385.92,13,1432.7,1,2,0,0.00545892,0.186961,0.552023,0.0905128,0.170503,0.0663543,0.0874936,0.823673,0.0224787
21862,0,12,1385.92,13,1432.7,0,2,0,0.00545619,0.324923,0.221452,0.157304,0.296321,0.184634,0.243455,0.509363,0.062548
21863,0,12,1385.92,13,1432.7,3,2,0,0.00545346,0.101958,0.294593,0.209259,0.394191,0.304026,0.400883,0.192097,0.102994
21864,0,12,1385.92,13,1432.7,1,2,0,0.00545074,0.14587,0.421471,0.299384,0.133275,0.355186,0.468342,0.0561465,0.120326
21865,0,12,1385.92,13,1432.7,3,0,0,0.00544801,0.214922,0.147608,0.441106,0.196365,0.36999,0.487862,0.0168069,0.125341
21866,0,12,1385.92,13,1432.7,0,3,0,0.00544529,0.25149,0.172723,0.51616,0.0596278,0.123063,0.679076,0.0233942,0.174467
21867,0,12,1385.92,13,1432.7,2,0,0,0.00544256,0.0795342,0.212402,0.634737,0.0733261,0.141129,0.778766,0.0268285,0.0532757
21868,0,12,1385.92,13,1432.7,3,1,0,0.00543984,0.153786,0.410698,0.293734,0.141782,0.0433441,0.867431,0.0298831,0.0593413
21869,0,12,1385.92,13,1432.7,1,0,0,0.00543712,0.171484,0.457962,0.327538,0.0430155,0.129698,0.603316,0.0894188,0.177566
21870,0,12,1385.92,13,1432.7,1,1,0,0.0054344,0.262181,0.171282,0.50077,0.0657661,0.0399308,0.665546,0.0986419,0.195882
21871,0,12,1385.92,13,1432.7,2,3,0,0.00543169,0.299404,0.0536264,0.571867,0.0751032,0.0808753,0.322601,0.199788,0.396736
21872,0,12,1385.92,13,1432.7,0,2,0,0.00542897,0.526222,0.0942519,0.247527,0.131999,0.115443,0.460489,0.285182,0.138886
21873,0,12,1385.92,13,1432.7,1,1,0,0.00542626,0.216974,0.155773,0.409095,0.218158,0.14641,0.58401,0.0934402,0.176141
21874,0,12,1385.92,13,1432.7,2,0,0,0.00542354,0.244428,0.0489505,0.460859,0.245762,0.261534,0.256909,0.166914,0.314643
21875,0,12,1385.92,13,1432.7,0,0,0,0.00542083,0.372682,0.0746351,0.177968,0.374715,0.0834093,0.318878,0.207175,0.390538
21876,0,12,1385.92,13,1425.47,3,1,13,0.00541812,0.132286,0.103236,0.246168,0.51831,0.0260865,0.33882,0.220132,0.414962
21877,0,12,1385.92,13,1425.47,3,1,9,0.00541541,2.24927e-06,1.75534e-06,4.18563e-06,0.999992,6.76076e-07,0.999983,5.70508e-06,1.07544e-05
21878,0,12,1385.92,13,1425.47,3,1,0,0.00541271,1.36597e-09,1.06601e-09,2.54192e-09,1,4.15823e-10,1,3.50893e-09,6.61456e-09
21879,0,12,1385.92,13,1425.47,3,1,0,0.00541,7.79511e-09,6.08333e-09,1.45058e-08,1,2.40263e-09,1,2.02746e-08,3.8219e-08
21880,0,12,1385.92,13,1425.47,3,1,0,0.00540729,4.2961e-08,3.35269e-08,7.99454e-08,1,1.34039e-08,1,1.13109e-07,2.13217e-07
21881,0,12,1385.92,13,1425.47,3,1,0,0.00540459,2.28824e-07,1.78575e-07,4.25815e-07,0.999999,7.22505e-08,0.999998,6.09687e-07,1.1493e-06
21882,0,12,1385.92,13,1425.47,3,1,0,0.00540189,1.17869e-06,9.19851e-07,2.1934e-06,0.999996,3.76545e-07,0.99999,3.17748e-06,5.98975e-06
21883,0,12,1385.92,13,1425.47,3,1,0,0.00539919,5.8756e-06,4.58533e-06,1.09338e-05,0.999979,1.89863e-06,0.999952,1.60216e-05,3.02018e-05
21884,0,12,1385.92,13,1425.47,3,1,9,0.00539649,2.83611e-05,2.21331e-05,5.27768e-05,0.999897,9.26715e-06,0.999765,7.8201e-05,0.000147414
21885,0,12,1385.92,13,1425.47,3,1,0,0.00539379,1.63739e-08,1.27782e-08,3.04699e-08,1,5.4102e-09,1,4.56541e-08,8.60608e-08
21886,0,12,1385.92,13,1425.47,3,1,0,0.00539109,8.89113e-08,6.93867e-08,1.65454e-07,1,2.96965e-08,0.999999,2.50594e-07,4.72386e-07
21887,0,12,1385.92,13,1425.47,3,1,0,0.0053884,4.6673e-07,3.64238e-07,8.6853e-07,0.999998,1.57545e-07,0.999996,1.32945e-06,2.5061e-06
21888,0,12,1385.92,13,1425.47,3,1,9,0.0053857,2.37012e-06,1.84965e-06,4.41052e-06,0.999991,8.08364e-07,0.99998,6.8214e-06,1.28588e-05
21889,0,12,1385.92,13,1424.34,3,1,13,0.00538301,1.43786e-09,1.12211e-09,2.67569e-09,1,4.95416e-10,1,4.18057e-09,7.88065e-09
21890,0,12,1385.92,13,1424.34,3,1,0,0.00538032,1.85278e-14,1.44591e-14,3.4478e-14,1,6.44761e-15,1,5.44082e-14,1.02563e-13
21891,0,12,1385.92,13,1424.34,3,1,0,0.00537763,1.32299e-13,1.03246e-13,2.46192e-13,1,4.64908e-14,1,3.92313e-13,7.39535e-13
21892,0,12,1385.92,13,1424.34,3,1,0,0.00537494,9.08266e-13,7.08813e-13,1.69018e-12,1,3.22237e-13,1,2.71921e-12,5.12587e-12
21893,0,12,1385.92,13,1424.34,3,1,9,0.00537225,5.99981e-12,4.68227e-12,1.11649e-11,1,2.14867e-12,1,1.81316e-11,3.41791e-11
21894,0,12,1385.92,13,1424.34,3,1,9,0.00536957,4.70991e-15,3.67563e-15,8.7646e-15,1,1.70228e-15,1,1.43647e-14,2.70784e-14
21895,0,12,1385.92,13,1424.34,3,1,9,0.00536688,4.26571e-18,3.32897e-18,7.93798e-18,1,1.55567e-18,1,1.31275e-17,2.47462e-17
21896,0,12,1385.92,13,1424.34,3,1,0,0.0053642,4.44457e-21,3.46855e-21,8.27082e-21,1,1.63525e-21,1,1.37991e-20,2.60122e-20
21897,0,12,1385.92,13,1424.34,3,1,0,0.00536152,4.30488e-20,3.35955e-20,8.01089e-20,1,1.5976e-20,1,1.34814e-19,2.54133e-19
21898,0,12,1385.92,13,1424.34,3,1,0,0.00535883,3.98447e-19,3.1095e-19,7.41464e-19,1,1.49127e-19,1,1.25841e-18,2.37218e-18
21899,0,12,1385.92,13,1424.34,3,1,0,0.00535615,3.52738e-18,2.75278e-18,6.56404e-18,1,1.33119e-18,1,1.12333e-17,2.11755e-17
21900,0,12,1385.92,13,1424.34,3,1,0,0.00535348,2.98945e-17,2.33298e-17,5.56302e-17,1,1.1374e-17,1,9.59797e-17,1.80928e-16
21901,0,12,1385.92,13,1424.34,3,1,0,0.0053508,2.42755e-16,1.89447e-16,4.51739e-16,1,9.31003e-17,1,7.85629e-16,1.48096e-15
21902,0,12,1385.92,13,1424.34,3,1,0,0.00534812,1.8904e-15,1.47528e-15,3.51782e-15,1,7.30682e-16,1,6.16588e-15,1.16231e-14
21903,0,12,1385.92,13,1424.34,3,1,0,0.00534545,1.4129e-14,1.10263e-14,2.62924e-14,1,5.50314e-15,1,4.64383e-14,8.75392e-14
21904,0,12,1385.92,13,1424.34,3,1,0,0.00534278,1.01437e-13,7.91621e-14,1.88763e-13,1,3.98066e-14,1,3.35908e-13,6.33208e-13
21905,0,12,1385.92,13,1424.34,3,1,9,0.00534011,7.00104e-13,5.46364e-13,1.30281e-12,1,2.76765e-13,1,2.33549e-12,4.40255e-12
21906,0,12,1385.92,13,1424.34,3,1,0,0.00533744,5.73717e-16,4.47731e-16,1.06762e-15,1,2.28442e-16,1,1.92771e-15,3.63386e-15
21907,0,12,1385.92,13,1424.34,3,1,9,0.00533477,4.3915e-15,3.42714e-15,8.17206e-15,1,1.76099e-15,1,1.48601e-14,2.80123e-14
21908,0,12,1385.92,13,1424.34,3,1,0,0.0053321,3.98289e-18,3.10826e-18,7.4117e-18,1,1.60823e-18,1,1.35711e-17,2.55823e-17
21909,0,12,1385.92,13,1424.34,3,1,0,0.00532943,3.36731e-17,2.62786e-17,6.26617e-17,1,1.36892e-17,1,1.15516e-16,2.17755e-16
21910,0,12,1385.92,13,1424.34,3,1,0,0.00532677,2.72789e-16,2.12885e-16,5.07628e-16,1,1.11636e-16,1,9.42046e-16,1.77582e-15
21911,0,12,1385.92,13,1424.34,3,1,0,0.00532411,2.11933e-15,1.65393e-15,3.94382e-15,1,8.72984e-16,1,7.36669e-15,1.38867e-14
21912,0,12,1385.92,13,1424.34,3,1,0,0.00532144,1.58039e-14,1.23334e-14,2.94091e-14,1,6.55152e-15,1,5.52852e-14,1.04216e-13
21913,0,12,1385.92,13,1423.72,3,1,13,0.00531878,1.13208e-13,8.83478e-14,2.10667e-13,1,4.7225e-14,1,3.98509e-13,7.51215e-13
21914,0,12,1385.92,13,1423.72,3,1,9,0.00531612,1.76222e-18,1.37524e-18,3.27928e-18,1,7.39634e-19,1,6.24141e-18,1.17655e-17
21915,0,12,1385.92,13,1423.72,3,1,0,0.00531347,1.86886e-21,1.45846e-21,3.47773e-21,1,7.89119e-22,1,6.65899e-21,1.25526e-20
21916,0,12,1385.92,13,1423.72,3,1,0,0.00531081,1.84176e-20,1.43732e-20,3.42731e-20,1,7.82269e-21,1,6.60119e-20,1.24437e-19
21917,0,12,1385.92,13,1423.72,3,1,0,0.00530815,1.73388e-19,1.35312e-19,3.22654e-19,1,7.40705e-20,1,6.25045e-19,1.17825e-18
21918,0,12,1385.92,13,1422.98,3,1,13,0.0053055,1.56072e-18,1.21799e-18,2.90432e-18,1,6.70515e-19,1,5.65816e-18,1.0666e-17
21919,0,12,1385.92,13,1422.98,3,1,0,0.00530285,3.03893e-23,2.37159e-23,5.65508e-23,1,1.31283e-23,1,1.10783e-22,2.08834e-22
21920,0,12,1385.92,13,1422.98,3,1,0,0.0053002,3.25203e-22,2.53789e-22,6.05164e-22,1,1.41254e-22,1,1.19197e-21,2.24695e-21
21921,0,12,1385.92,13,1422.98,3,1,0,0.00529755,3.31894e-21,2.59011e-21,6.17617e-21,1,1.4493e-21,1,1.22299e-20,2.30542e-20
21922,0,12,1385.92,13,1422.98,3,1,0,0.0052949,3.23347e-20,2.52341e-20,6.01711e-20,1,1.41935e-20,1,1.19772e-19,2.25778e-19
21923,0,12,1385.92,13,1422.98,3,1,0,0.00529225,3.00998e-19,2.349e-19,5.60122e-19,1,1.32802e-19,1,1.12065e-18,2.1125e-18
21924,0,12,1385.92,13,1422.98,3,1,0,0.0052896,2.67967e-18,2.09122e-18,4.98655e-18,1,1.18822e-18,1,1.00268e-17,1.89012e-17
21925,0,12,1385.92,13,1422.98,3,1,0,0.00528696,2.28354e-17,1.78208e-17,4.2494e-17,1,1.01755e-17,1,8.58662e-17,1.61863e-16
21926,0,12,1385.92,13,1422.98,3,1,9,0.00528431,1.86434e-16,1.45494e-16,3.46932e-16,1,8.34759e-17,1,7.04413e-16,1.32786e-15
21927,0,12,1385.92,13,1422.98,3,1,0,0.00528167,1.80116e-19,1.40563e-19,3.35175e-19,1,8.10281e-20,1,6.83758e-19,1.28893e-18
21928,0,12,1385.92,13,1422.98,3,1,0,0.00527903,1.62006e-18,1.2643e-18,3.01474e-18,1,7.32183e-19,1,6.17854e-18,1.16469e-17
21929,0,12,1385.92,13,1422.98,3,1,9,0.00527639,1.39453e-17,1.0883e-17,2.59506e-17,1,6.33116e-18,1,5.34256e-17,1.00711e-16
21930,0,12,1385.92,13,1422.98,3,1,0,0.00527375,1.41899e-20,1.10738e-20,2.64057e-20,1,6.47083e-21,1,5.46042e-20,1.02932e-19
21931,0,12,1385.92,13,1422.98,3,1,9,0.00527112,1.34285e-19,1.04796e-19,2.49889e-19,1,6.15031e-20,1,5.18995e-19,9.78339e-19
21932,0,12,1385.92,13,1422.98,3,1,0,0.00526848,1.49936e-22,1.1701e-22,2.79013e-22,1,6.89644e-23,1,5.81958e-22,1.09703e-21
21933,0,12,1385.92,13,1422.98,3,1,9,0.00526585,1.55409e-21,1.21282e-21,2.89198e-21,1,7.17809e-22,1,6.05725e-21,1.14183e-20
21934,0,12,1385.92,13,1422.98,3,1,0,0.00526321,1.89707e-24,1.48048e-24,3.53023e-24,1,8.79822e-25,1,7.4244e-24,1.39955e-23
21935,0,12,1385.92,13,1422.98,3,1,0,0.00526058,2.14591e-23,1.67467e-23,3.99329e-23,1,9.99225e-24,1,8.43198e-23,1.58948e-22
21936,0,12,1385.92,13,1422.98,3,1,0,0.00525795,2.31243e-22,1.80462e-22,4.30315e-22,1,1.081e-22,1,9.12206e-22,1.71957e-21
21937,0,12,1385.92,13,1422.98,3,1,9,0.00525532,2.37616e-21,1.85436e-21,4.42175e-21,1,1.11508e-21,1,9.40963e-21,1.77377e-20
21938,0,12,1385.92,13,1422.98,3,1,9,0.0052527,2.87605e-24,2.24448e-24,5.35199e-24,1,1.35477e-24,1,1.14323e-23,2.15506e-23
21939,0,12,1385.92,13,1422.98,3,1,0,0.00525007,3.98161e-27,3.10726e-27,7.40931e-27,1,1.8825e-27,1,1.58855e-26,2.99452e-26
21940,0,12,1385.92,13,1422.98,3,1,0,0.00524744,5.09502e-26,3.97617e-26,9.48124e-26,1,2.41767e-26,1,2.04015e-25,3.84582e-25
21941,0,12,1385.92,13,1422.98,3,1,0,0.00524482,6.19572e-25,4.83516e-25,1.15295e-24,1,2.95043e-25,1,2.48973e-24,4.69329e-24
21942,0,12,1385.92,13,1422.98,3,1,9,0.0052422,7.16702e-24,5.59316e-24,1.3337e-23,1,3.42487e-24,1,2.89008e-23,5.44799e-23
21943,0,12,1385.92,13,1422.98,3,1,0,0.00523958,9.74249e-27,7.60307e-27,1.81296e-26,1,4.67151e-27,1,3.94206e-26,7.43103e-26
21944,0,12,1385.92,13,1422.98,3,1,0,0.00523696,1.22458e-25,9.55662e-26,2.27879e-25,1,5.89148e-26,1,4.97154e-25,9.37166e-25
21945,0,12,1385.92,13,1422.98,3,1,0,0.00523434,1.46324e-24,1.14191e-24,2.72291e-24,1,7.06279e-25,1,5.95995e-24,1.12349e-23
21946,0,12,1385.92,13,1422.98,3,1,9,0.00523172,1.66378e-23,1.29842e-23,3.09611e-23,1,8.05662e-24,1,6.7986e-23,1.28158e-22
21947,0,12,1385.92,13,1422.98,3,1,0,0.00522911,2.22389e-26,1.73553e-26,4.1384e-26,1,1.08028e-26,1,9.11596e-26,1.71842e-25
21948,0,12,1385.92,13,1422.98,3,1,0,0.00522649,2.74954e-25,2.14575e-25,5.11657e-25,1,1.33974e-25,1,1.13055e-24,2.13115e-24
21949,0,12,1385.92,13,1422.98,3,1,9,0.00522388,3.23268e-24,2.5228e-24,6.01564e-24,1,1.57993e-24,1,1.33323e-23,2.51322e-23
21950,0,12,1385.92,13,1422.98,3,1,0,0.00522127,4.46488e-27,3.48441e-27,8.30863e-27,1,2.18862e-27,1,1.84687e-26,3.48147e-26
21951,0,12,1385.92,13,1422.98,3,1,0,0.00521866,5.70037e-26,4.44858e-26,1.06077e-25,1,2.80236e-26,1,2.36478e-25,4.45775e-25
21952,0,12,1385.92,13,1422.98,3,1,0,0.00521605,6.91629e-25,5.3975e-25,1.28704e-24,1,3.40981e-25,1,2.87737e-24,5.42403e-24
21953,0,12,1385.92,13,1422.98,3,1,0,0.00521344,7.98297e-24,6.22994e-24,1.48554e-23,1,3.94668e-24,1,3.33041e-23,6.27804e-23
21954,0,12,1385.92,13,1422.98,3,1,0,0.00521083,8.77425e-23,6.84745e-23,1.63278e-22,1,4.34974e-23,1,3.67054e-22,6.91919e-22
21955,0,12,1385.92,13,1422.98,3,1,0,0.00520823,9.19252e-22,7.17387e-22,1.71062e-21,1,4.56931e-22,1,3.85582e-21,7.26846e-21
21956,0,12,1385.92,13,1422.98,3,1,0,0.00520562,9.18871e-21,7.1709e-21,1.70991e-20,1,4.57941e-21,1,3.86435e-20,7.28454e-20
21957,0,12,1385.92,13,1422.98,3,1,0,0.00520302,8.77158e-20,6.84537e-20,1.63229e-19,1,4.38278e-20,1,3.69842e-19,6.97176e-19
21958,0,12,1385.92,13,1422.98,3,1,9,0.00520042,8.00396e-19,6.24632e-19,1.48944e-18,1,4.00933e-19,1,3.38328e-18,6.37769e-18
21959,0,12,1385.92,13,1422.98,3,1,9,0.00519782,8.62338e-22,6.72971e-22,1.60471e-21,1,4.33028e-22,1,3.65412e-21,6.88824e-21
21960,0,12,1385.92,13,1422.98,3,1,0,0.00519522,1.06513e-24,8.3123e-25,1.98208e-24,1,5.36157e-25,1,4.52437e-24,8.52872e-24
21961,0,12,1385.92,13,1422.98,3,1,0,0.00519262,1.21883e-23,9.51178e-24,2.2681e-23,1,6.14982e-24,1,5.18954e-23,9.78261e-23
21962,0,12,1385.92,13,1422.98,3,1,9,0.00519002,1.32835e-22,1.03665e-22,2.4719e-22,1,6.71802e-23,1,5.66902e-22,1.06865e-21
21963,0,12,1385.92,13,1422.98,3,1,9,0.00518743,1.70327e-25,1.32924e-25,3.16959e-25,1,8.63382e-26,1,7.28566e-25,1.37339e-24
21964,0,12,1385.92,13,1422.98,3,1,0,0.00518484,2.49515e-28,1.94723e-28,4.64319e-28,1,1.26761e-28,1,1.06967e-27,2.0164e-27
21965,0,12,1385.92,13,1422.98,3,1,0,0.00518224,3.37477e-27,2.63368e-27,6.28005e-27,1,1.71823e-27,1,1.44993e-26,2.73321e-26
21966,0,12,1385.92,13,1422.98,3,1,0,0.00517965,4.33279e-26,3.38132e-26,8.06282e-26,1,2.21073e-26,1,1.86553e-25,3.51664e-25
21967,0,12,1385.92,13,1422.98,3,1,0,0.00517706,5.28593e-25,4.12515e-25,9.83649e-25,1,2.70273e-25,1,2.2807e-24,4.29926e-24
21968,0,12,1385.92,13,1422.98,3,1,9,0.00517447,6.13405e-24,4.78703e-24,1.14148e-23,1,3.14284e-24,1,2.65209e-23,4.99936e-23
21969,1,12,1385.92,13,1422.98,3,1,0,0.00517189,8.36432e-27,6.52754e-27,1.5565e-26,1,4.2942e-27,1,3.62367e-26,6.83084e-26
21970,1,12,1385.92,13,1422.98,0,2,0,0.0051693,1,6.88131e-38,1.21274e-37,1.73754e-37,1.4727e-37,6.1478e-38,1,4.05134e-38
21971,1,12,1385.92,13,1422.98,0,2,0,0.00516672,1,8.10389e-37,1.4282e-36,2.04625e-36,1.73435e-36,7.24001e-37,1,4.7711e-37
21972,1,12,1385.92,13,1422.98,0,2,0,0.00516413,1,9.08437e-36,1.601e-35,2.29382e-35,1.94417e-35,8.11594e-36,1,5.34833e-36
21973,1,12,1385.92,13,1422.98,0,2,0,0.00516155,1,9.70296e-35,1.71002e-34,2.45002e-34,2.07655e-34,8.66855e-35,1,5.71249e-35
21974,1,12,1385.92,13,1422.98,0,2,9,0.00515897,1,9.88421e-34,1.74196e-33,2.49578e-33,2.11533e-33,8.83042e-34,1,5.81917e-34
21975,1,12,1385.92,13,1422.98,0,2,0,0.00515639,1,1.18623e-36,2.09057e-36,2.99525e-36,2.53865e-36,1.05976e-36,1,6.98369e-37
21976,1,12,1385.92,13,1422.98,0,2,0,0.00515381,1,1.31965e-35,2.32571e-35,3.33215e-35,2.82418e-35,1.17895e-35,1,7.76918e-36
21977,1,12,1385.92,13,1422.98,0,2,9,0.00515124,1,1.39903e-34,2.4656e-34,3.53257e-34,2.99403e-34,1.24986e-34,1,8.23644e-35
21978,1,12,1385.92,13,1422.98,0,2,0,0.00514866,1,1.74596e-37,3.07702e-37,4.40859e-37,3.73648e-37,1.55979e-37,1,1.02789e-37
21979,1,12,1385.92,13,1422.98,0,2,9,0.00514609,1,2.01823e-36,3.55685e-36,5.09605e-36,4.31913e-36,1.80302e-36,1,1.18817e-36
21980,1,12,1385.92,13,1422.98,0,2,0,0.00514351,1,2.74154e-39,4.8316e-39,6.92245e-39,5.86705e-39,2.4492e-39,1,1.614e-39
21981,1,12,1385.92,13,1422.98,0,2,9,0.00514094,1,3.44359e-38,6.06885e-38,8.69511e-38,7.36943e-38,3.07636e-38,1,2.02729e-38
21982,1,12,1385.92,13,1422.98,0,2,0,0.00513837,1,5.07453e-41,8.94317e-41,1.28133e-40,1.08597e-40,4.53336e-41,1,2.98745e-41
21983,1,12,1385.92,13,1422.98,0,2,0,0.0051358,1,6.9034e-40,1.21663e-39,1.74312e-39,1.47735e-39,6.16718e-40,1,4.06411e-40
21984,1,12,1385.92,13,1422.98,0,2,9,0.00513323,1,8.91369e-39,1.57092e-38,2.25072e-38,1.90755e-38,7.96304e-39,1,5.24757e-39
21985,1,12,1385.92,13,1422.98,0,2,0,0.00513067,1,1.34953e-41,2.37836e-41,3.40758e-41,2.888e-41,1.20559e-41,1,7.94476e-42
21986,1,12,1385.92,13,1422.98,0,2,0,0.0051281,1,1.88518e-40,3.32238e-40,4.76012e-40,4.0343e-40,1.68411e-40,1,1.10982e-40
21987,1,12,1385.92,13,1422.98,0,2,9,0.00512554,1,2.49817e-39,4.40268e-39,6.30792e-39,5.34607e-39,2.23171e-39,1,1.47068e-39
21988,1,12,1385.92,13,1422.98,0,2,0,0.00512297,1,3.87967e-42,6.83739e-42,9.79622e-42,8.30244e-42,3.46585e-42,1,2.28396e-42
21989,1,12,1385.92,13,1422.98,0,2,9,0.00512041,1,5.5564e-41,9.79241e-41,1.403e-40,1.18906e-40,4.96372e-41,1,3.27105e-41
21990,1,12,1385.92,13,1422.98,0,2,0,0.00511785,1,9.31157e-44,1.64104e-43,2.35119e-43,1.99265e-43,8.31831e-44,1,5.48169e-44
21991,1,12,1385.92,13,1422.98,0,2,9,0.00511529,1,1.43687e-42,2.53229e-42,3.62813e-42,3.07486e-42,1.2836e-42,1,8.45879e-43
21992,1,12,1385.92,13,1422.98,0,2,0,0.00511274,1,2.59057e-45,4.56552e-45,6.54123e-45,5.54371e-45,2.31422e-45,1,1.52505e-45
21993,1,12,1385.92,13,1422.98,0,2,0,0.00511018,1,4.2944e-44,7.5683e-44,1.08434e-43,9.18981e-44,3.83628e-44,1,2.52807e-44
21994,1,12,1385.92,13,1422.98,0,2,0,0.00510762,1,6.73007e-43,1.18608e-42,1.69935e-42,1.4402e-42,6.0121e-43,1,3.96192e-43
21995,1,12,1385.92,13,1422.98,0,2,0,0.00510507,1,9.9824e-42,1.75926e-41,2.52057e-41,2.13617e-41,8.91743e-42,1,5.87651e-42
21996,1,12,1385.92,13,1422.98,0,2,9,0.00510252,1,1.4029e-40,2.47241e-40,3.54234e-40,3.0021e-40,1.25323e-40,1,8.25864e-41
21997,1,12,1385.92,13,1422.98,0,2,0,0.00509997,1,2.30786e-43,4.0673e-43,5.8274e-43,4.93866e-43,2.06164e-43,1,1.3586e-43
21998,1,12,1385.92,13,1422.98,0,2,0,0.00509742,1,3.49721e-42,6.16335e-42,8.83051e-42,7.48374e-42,3.12408e-42,1,2.05874e-42
21999,1,12,1385.92,13,1422.98,0,2,9,0.00509487,1,5.01906e-41,8.84541e-41,1.26732e-40,1.07404e-40,4.48355e-41,1,2.95462e-41
22000,1,12,1385.92,13,1422.98,0,2,0,0.00509232,1,8.4282e-44,1.48536e-43,2.12814e-43,1.80356e-43,7.52894e-44,1,4.9615e-44
22001,1,12,1385.92,13,1422.98,0,2,0,0.00508977,1,1.30315e-42,2.29663e-42,3.29049e-42,2.78862e-42,1.16411e-42,1,7.67137e-43
22002,1,12,1385.92,13,1422.98,0,2,9,0.00508723,1,1.90753e-41,3.36176e-41,4.81655e-41,4.08192e-41,1.70399e-41,1,1.12292e-41
22003,1,12,1385.92,13,1422.98,0,2,0,0.00508469,1,3.26578e-44,5.7555e-44,8.24615e-44,6.98841e-44,2.91731e-44,1,1.92248e-44
22004,1,12,1385.92,13,1422.98,0,2,0,0.00508214,1,5.14615e-43,9.0694e-43,1.29941e-42,1.10122e-42,4.59703e-43,1,3.0294e-43
22005,1,12,1385.92,13,1422.98,0,2,0,0.0050796,1,7.67412e-42,1.35246e-41,1.93773e-41,1.64217e-41,6.85522e-42,1,4.51753e-42
22006,1,12,1385.92,13,1422.98,0,2,0,0.00507706,1,1.08418e-40,1.91073e-40,2.73759e-40,2.32002e-40,9.68491e-41,1,6.38226e-41
22007,1,12,1385.92,13,1422.98,0,2,0,0.00507452,1,1.4527e-39,2.56019e-39,3.6681e-39,3.10859e-39,1.29768e-39,1,8.55159e-40
22008,1,12,1385.92,13,1422.98,0,2,0,0.00507199,1,1.84803e-38,3.2569e-38,4.6663e-38,3.95453e-38,1.65082e-38,1,1.08787e-38
22009,1,12,1385.92,13,1422.98,0,2,9,0.00506945,1,2.23434e-37,3.93773e-37,5.64175e-37,4.78118e-37,1.9959e-37,1,1.31528e-37
22010,1,12,1385.92,13,1422.98,0,2,9,0.00506692,1,3.1717e-40,5.58969e-40,8.00859e-40,6.78697e-40,2.83322e-40,1,1.86706e-40
22011,1,12,1385.92,13,1422.98,0,2,9,0.00506438,1,5.13324e-43,9.04663e-43,1.29615e-42,1.09844e-42,4.58541e-43,1,3.02174e-43
22012,1,12,1385.92,13,1422.98,0,2,0,0.00506185,1,9.44732e-46,1.66496e-45,2.38546e-45,2.02158e-45,8.43907e-46,1,5.56127e-46
22013,1,12,1385.92,13,1422.98,0,2,0,0.00505932,1,1.598e-44,2.81626e-44,4.03499e-44,3.41947e-44,1.42746e-44,1,9.40681e-45
22014,1,12,1385.92,13,1422.98,0,2,0,0.00505679,1,2.55436e-43,4.50171e-43,6.4498e-43,5.46591e-43,2.28174e-43,1,1.50364e-43
22015,1,12,1385.92,13,1422.98,0,2,9,0.00505426,1,3.86288e-42,6.80781e-42,9.75384e-42,8.26592e-42,3.4506e-42,1,2.27391e-42
22016,1,12,1385.92,13,1422.98,0,2,0,0.00505173,1,6.82808e-45,1.20336e-44,1.7241e-44,1.46109e-44,6.09931e-45,1,4.01939e-45
22017,1,12,1385.92,13,1422.98,0,2,0,0.00504921,1,1.11017e-43,1.95652e-43,2.80319e-43,2.37556e-43,9.91675e-44,1,6.53505e-44
22018,1,12,1385.92,13,1422.98,0,2,0,0.00504668,1,1.70709e-42,3.00851e-42,4.31042e-42,3.65286e-42,1.52488e-42,1,1.00488e-42
22019,1,12,1385.92,13,1422.98,0,2,0,0.00504416,1,2.48534e-41,4.38008e-41,6.27553e-41,5.31817e-41,2.22007e-41,1,1.463e-41
22020,1,12,1385.92,13,1422.98,0,2,0,0.00504164,1,3.42968e-40,6.04435e-40,8.66e-40,7.33887e-40,3.0636e-40,1,2.01889e-40
22021,1,12,1385.92,13,1422.98,0,2,0,0.00503912,1,4.4908e-39,7.91443e-39,1.13394e-38,9.60945e-39,4.01146e-39,1,2.64351e-39
22022,1,12,1385.92,13,1422.98,0,2,9,0.0050366,1,5.58538e-38,9.84348e-38,1.41032e-37,1.19516e-37,4.9892e-38,1,3.28783e-38
22023,1,12,1385.92,13,1422.98,0,2,9,0.00503408,1,8.15149e-41,1.43659e-40,2.05826e-40,1.74426e-40,7.28138e-41,1,4.79836e-41
22024,1,12,1385.92,13,1422.98,0,2,0,0.00503156,1,1.35562e-43,2.38909e-43,3.42296e-43,2.90075e-43,1.21091e-43,1,7.97981e-44
22025,1,12,1385.92,13,1422.98,0,2,0,0.00502905,1,2.0762e-42,3.65903e-42,5.24245e-42,4.44264e-42,1.85458e-42,1,1.22215e-42
22026,1,12,1385.92,13,1422.98,0,2,0,0.00502653,1,3.01093e-41,5.30635e-41,7.60264e-41,6.44274e-41,2.68952e-41,1,1.77237e-41
22027,1,12,1385.92,13,1422.98,0,2,0,0.00502402,1,4.13906e-40,7.29453e-40,1.04512e-39,8.85669e-40,3.69722e-40,1,2.43643e-40
22028,1,12,1385.92,13,1422.98,0,2,0,0.00502151,1,5.39932e-39,9.51557e-39,1.36334e-38,1.15534e-38,4.82294e-39,1,3.17828e-39
22029,1,12,1385.92,13,1422.98,0,2,0,0.005019,1,6.69064e-38,1.17913e-37,1.6894e-37,1.43165e-37,5.97641e-38,1,3.9384e-38
22030,1,12,1385.92,13,1422.98,0,2,0,0.00501649,1,7.88376e-37,1.38941e-36,1.99066e-36,1.68695e-36,7.04216e-37,1,4.64072e-37
22031,1,12,1385.92,13,1422.98,0,2,0,0.00501398,1,8.84249e-36,1.55837e-35,2.23274e-35,1.89209e-35,7.89852e-36,1,5.20505e-36
22032,1,12,1385.92,13,1422.98,0,2,9,0.00501147,1,9.44971e-35,1.66538e-34,2.38607e-34,2.02202e-34,8.44091e-35,1,5.56248e-35
22033,1,12,1385.92,13,1422.98,0,2,0,0.00500897,1,1.1886e-37,2.09474e-37,3.00123e-37,2.54332e-37,1.06171e-37,1,6.99656e-38
22034,1,12,1385.92,13,1422.98,0,2,9,0.00500646,1,1.38455e-36,2.44009e-36,3.49602e-36,2.96262e-36,1.23674e-36,1,8.15002e-37
22035,1,12,1385.92,13,1422.98,0,2,0,0.00500396,1,1.895e-39,3.33968e-39,4.7849e-39,4.05484e-39,1.69269e-39,1,1.11547e-39
22036,1,12,1385.92,13,1422.98,0,2,0,0.00500146,1,2.3979e-38,4.22598e-38,6.05475e-38,5.13093e-38,2.14191e-38,1,1.4115e-38
22037,1,12,1385.92,13,1422.98,0,2,9,0.00499896,1,2.8841e-37,5.08284e-37,7.28241e-37,6.17127e-37,2.57619e-37,1,1.69769e-37
22038,1,12,1385.92,13,1422.98,0,2,9,0.00499646,1,4.0732e-40,7.17846e-40,1.02849e-39,8.71563e-40,3.63834e-40,1,2.39763e-40
22039,1,12,1385.92,13,1422.98,0,2,0,0.00499396,1,6.55937e-43,1.156e-42,1.65625e-42,1.40354e-42,5.85907e-43,1,3.86107e-43
22040,1,12,1385.92,13,1422.98,0,2,0,0.00499146,1,9.7342e-42,1.71552e-41,2.4579e-41,2.08287e-41,8.69493e-42,1,5.72988e-42
22041,1,12,1385.92,13,1422.98,0,2,9,0.00498897,1,1.3687e-40,2.41216e-40,3.456e-40,2.92868e-40,1.22257e-40,1,8.05665e-41
22042,1,12,1385.92,13,1422.98,0,2,0,0.00498647,1,2.25273e-43,3.97013e-43,5.68818e-43,4.82025e-43,2.01221e-43,1,1.32603e-43
22043,1,12,1385.92,13,1422.98,0,2,0,0.00498398,1,3.41531e-42,6.01902e-42,8.62371e-42,7.30787e-42,3.05066e-42,1,2.01036e-42
22044,1,12,1385.92,13,1422.98,0,2,0,0.00498149,1,4.90384e-41,8.64236e-41,1.23823e-40,1.04929e-40,4.38027e-41,1,2.88656e-41
22045,1,12,1385.92,13,1422.98,0,2,0,0.004979,1,6.67577e-40,1.17651e-39,1.68564e-39,1.42844e-39,5.963e-40,1,3.92956e-40
22046,1,12,1385.92,13,1422.98,0,2,0,0.00497651,1,8.62555e-39,1.52014e-38,2.17797e-38,1.84564e-38,7.7046e-39,1,5.07726e-39
22047,1,12,1385.92,13,1422.98,0,2,0,0.00497402,1,1.05888e-37,1.86613e-37,2.67369e-37,2.26572e-37,9.45821e-38,1,6.23288e-38
22048,1,12,1385.92,13,1422.98,0,2,0,0.00497153,1,1.2363e-36,2.17882e-36,3.12169e-36,2.64535e-36,1.1043e-36,1,7.27724e-37
22049,1,12,1385.92,13,1422.98,0,2,0,0.00496904,1,1.37423e-35,2.42189e-35,3.46994e-35,2.94046e-35,1.22749e-35,1,8.08908e-36
22050,1,12,1385.92,13,1422.98,0,2,9,0.00496656,1,1.4557e-34,2.56548e-34,3.67567e-34,3.1148e-34,1.30027e-34,1,8.56866e-35
22051,1,12,1385.92,13,1422.98,0,2,0,0.00496408,1,1.81525e-37,3.19913e-37,4.58353e-37,3.88412e-37,1.62142e-37,1,1.0685e-37
22052,1,12,1385.92,13,1422.98,0,2,0,0.00496159,1,2.09668e-36,3.69512e-36,5.29416e-36,4.48631e-36,1.87281e-36,1,1.23416e-36
22053,1,12,1385.92,13,1422.98,0,2,0,0.00495911,1,2.3061e-35,4.06418e-35,5.82293e-35,4.93439e-35,2.05986e-35,1,1.35743e-35
22054,1,12,1385.92,13,1422.98,0,2,0,0.00495663,1,2.41766e-34,4.2608e-34,6.10463e-34,5.1731e-34,2.15951e-34,1,1.4231e-34
22055,1,12,1385.92,13,1422.98,0,2,0,0.00495416,1,2.41826e-33,4.26185e-33,6.10615e-33,5.17438e-33,2.16004e-33,1,1.42345e-33
22056,1,12,1385.92,13,1422.98,0,2,0,0.00495168,1,2.30998e-32,4.07103e-32,5.83274e-32,4.94269e-32,2.06332e-32,1,1.35971e-32
22057,1,12,1385.92,13,1422.98,0,2,0,0.0049492,1,2.10917e-31,3.71713e-31,5.32569e-31,4.51301e-31,1.88395e-31,1,1.24151e-31
22058,1,12,1385.92,13,1422.98,0,2,0,0.00494673,1,1.84249e-30,3.24714e-30,4.65231e-30,3.94238e-30,1.64575e-30,1,1.08453e-30
22059,1,12,1385.92,13,1422.98,0,2,0,0.00494426,1,1.54125e-29,2.71624e-29,3.89167e-29,3.29781e-29,1.37667e-29,1,9.07213e-30
22060,1,12,1385.92,13,1422.98,0,2,0,0.00494178,1,1.23563e-28,2.17764e-28,3.12e-28,2.64389e-28,1.10369e-28,1,7.27322e-29
22061,1,12,1385.92,13,1422.98,0,2,0,0.00493931,1,9.50228e-28,1.67465e-27,2.39934e-27,2.0332e-27,8.48759e-28,1,5.59325e-28
22062,1,12,1385.92,13,1422.98,0,2,0,0.00493684,1,7.0153e-27,1.23635e-26,1.77138e-26,1.50106e-26,6.26618e-27,1,4.12936e-27
22063,1,12,1385.92,13,1422.98,0,2,0,0.00493437,1,4.97624e-26,8.76994e-26,1.25651e-25,1.06476e-25,4.44485e-26,1,2.92912e-26
22064,1,12,1385.92,13,1422.98,0,2,9,0.00493191,1,3.39421e-25,5.98183e-25,8.57043e-25,7.26258e-25,3.03176e-25,1,1.9979e-25
22065,1,12,1385.92,13,1422.98,0,2,9,0.00492944,1,2.74947e-28,4.84557e-28,6.94246e-28,5.88302e-28,2.45586e-28,1,1.61839e-28
22066,1,12,1385.92,13,1422.98,0,2,9,0.00492698,1,2.56796e-31,4.52569e-31,6.48415e-31,5.49466e-31,2.29374e-31,1,1.51155e-31
22067,1,12,1385.92,13,1422.98,0,2,0,0.00492451,1,2.75754e-34,4.8598e-34,6.96284e-34,5.90029e-34,2.46307e-34,1,1.62314e-34
22068,1,12,1385.92,13,1422.98,0,2,0,0.00492205,1,2.75098e-33,4.84823e-33,6.94627e-33,5.88624e-33,2.45721e-33,1,1.61928e-33
22069,2,12,1385.92,13,1422.98,0,2,0,0.00491959,1,2.62104e-32,4.61922e-32,6.61816e-32,5.6082e-32,2.34114e-32,1,1.54279e-32
22070,2,12,1385.92,13,1422.98,3,3,0,0.00491713,3.85143e-15,5.25083e-15,3.65469e-15,1,5.1315e-15,5.07988e-15,4.41368e-15,1
22071,2,12,1385.92,13,1422.98,3,3,0,0.00491467,9.68423e-15,1.32029e-14,9.18954e-15,1,1.28995e-14,1.27698e-14,1.10951e-14,1
22072,2,12,1385.92,13,1422.98,3,3,0,0.00491221,2.39056e-14,3.25915e-14,2.26844e-14,1,3.18344e-14,3.15142e-14,2.73813e-14,1
22073,2,12,1385.92,13,1422.98,3,3,0,0.00490976,5.79541e-14,7.90114e-14,5.49937e-14,1,7.71567e-14,7.63805e-14,6.63637e-14,1
22074,2,12,1385.92,13,1422.98,3,3,0,0.0049073,1.38031e-13,1.88184e-13,1.3098e-13,1,1.83722e-13,1.81874e-13,1.58022e-13,1
22075,2,12,1385.92,13,1422.98,3,3,0,0.00490485,3.23097e-13,4.40493e-13,3.06593e-13,1,4.29944e-13,4.25619e-13,3.69802e-13,1
22076,2,12,1385.92,13,1422.98,3,3,0,0.0049024,7.43535e-13,1.0137e-12,7.05554e-13,1,9.89187e-13,9.79236e-13,8.50816e-13,1
22077,2,12,1385.92,13,1422.98,3,3,0,0.00489995,1.68279e-12,2.29423e-12,1.59683e-12,1,2.23824e-12,2.21573e-12,1.92515e-12,1
22078,2,12,1385.92,13,1422.98,3,3,0,0.0048975,3.74684e-12,5.10824e-12,3.55545e-12,1,4.98246e-12,4.93234e-12,4.2855e-12,1
22079,2,12,1385.92,13,1422.98,3,3,0,0.00489505,8.21008e-12,1.11932e-11,7.79069e-12,1,1.09151e-11,1.08053e-11,9.3883e-12,1
22080,2,12,1385.92,13,1422.98,3,3,0,0.0048926,1.77099e-11,2.41447e-11,1.68052e-11,1,2.35399e-11,2.3303e-11,2.0247e-11,1
22081,2,12,1385.92,13,1422.98,3,3,0,0.00489015,3.76189e-11,5.12876e-11,3.56973e-11,1,4.99922e-11,4.94893e-11,4.29991e-11,1
22082,2,12,1385.92,13,1422.98,3,3,0,0.00488771,7.87142e-11,1.07315e-10,7.46934e-11,1,1.04582e-10,1.0353e-10,8.9953e-11,1
22083,2,12,1385.92,13,1422.98,3,3,0,0.00488526,1.62288e-10,2.21255e-10,1.53998e-10,1,2.15578e-10,2.13409e-10,1.85422e-10,1
22084,2,12,1385.92,13,1422.98,3,3,0,0.00488282,3.29789e-10,4.49617e-10,3.12943e-10,1,4.37992e-10,4.33586e-10,3.76724e-10,1
22085,2,12,1385.92,13,1422.98,3,3,0,0.00488038,6.60735e-10,9.00809e-10,6.26983e-10,1,8.77348e-10,8.68522e-10,7.54621e-10,1
22086,2,12,1385.92,13,1422.98,3,3,0,0.00487794,1.30551e-09,1.77987e-09,1.23883e-09,1,1.73318e-09,1.71574e-09,1.49073e-09,1
22087,2,12,1385.92,13,1422.98,3,3,0,0.0048755,2.54461e-09,3.46918e-09,2.41463e-09,1,3.37754e-09,3.34356e-09,2.90508e-09,1
22088,2,12,1385.92,13,1422.98,3,3,0,0.00487306,4.894e-09,6.67221e-09,4.64401e-09,1,6.49476e-09,6.42943e-09,5.58625e-09,1
22089,2,12,1385.92,13,1422.98,3,3,0,0.00487063,9.29022e-09,1.26658e-08,8.81566e-09,1,1.23267e-08,1.22027e-08,1.06024e-08,1
22090,2,12,1385.92,13,1422.98,3,3,0,0.00486819,1.74109e-08,2.3737e-08,1.65215e-08,1,2.30975e-08,2.28651e-08,1.98665e-08,1
22091,2,12,1385.92,13,1422.98,3,3,0,0.00486576,3.22225e-08,4.39304e-08,3.05765e-08,1,4.27393e-08,4.23094e-08,3.67608e-08,1
22092,2,12,1385.92,13,1422.98,3,3,0,0.00486332,5.89049e-08,8.03077e-08,5.58959e-08,1,7.8117e-08,7.73311e-08,6.71897e-08,1
22093,2,12,1385.92,13,1422.98,3,3,0,0.00486089,1.06391e-07,1.45047e-07,1.00956e-07,1,1.41067e-07,1.39648e-07,1.21334e-07,1
22094,2,12,1385.92,13,1422.98,3,3,0,0.00485846,1.89898e-07,2.58896e-07,1.80198e-07,0.999999,2.51751e-07,2.49218e-07,2.16535e-07,0.999999
22095,2,12,1385.92,13,1422.98,3,3,0,0.00485603,3.35046e-07,4.56784e-07,3.17932e-07,0.999999,4.44105e-07,4.39638e-07,3.81982e-07,0.999999
22096,2,12,1385.92,13,1422.98,3,3,0,0.0048536,5.84464e-07,7.96826e-07,5.54608e-07,0.999998,7.74588e-07,7.66795e-07,6.66235e-07,0.999998
22097,2,12,1385.92,13,1422.98,3,3,0,0.00485118,1.00827e-06,1.37462e-06,9.56766e-07,0.999997,1.33605e-06,1.32261e-06,1.14916e-06,0.999996
22098,2,12,1385.92,13,1422.98,3,3,0,0.00484875,1.72052e-06,2.34566e-06,1.63263e-06,0.999994,2.2795e-06,2.25657e-06,1.96064e-06,0.999994
22099,2,12,1385.92,13,1422.98,3,3,0,0.00484633,2.90469e-06,3.96009e-06,2.75631e-06,0.99999,3.84783e-06,3.80912e-06,3.30958e-06,0.999989
22100,2,12,1385.92,13,1422.98,3,3,0,0.0048439,4.85277e-06,6.616e-06,4.60488e-06,0.999984,6.42751e-06,6.36285e-06,5.5284e-06,0.999982
22101,2,12,1385.92,13,1422.98,3,3,0,0.00484148,8.02455e-06,1.09402e-05,7.61464e-06,0.999973,1.0627e-05,1.05201e-05,9.14046e-06,0.99997
22102,2,12,1385.92,13,1422.98,3,3,0,0.00483906,1.31365e-05,1.79096e-05,1.24655e-05,0.999956,1.73944e-05,1.72194e-05,1.49612e-05,0.99995
22103,2,12,1385.92,13,1422.98,3,3,0,0.00483664,2.12938e-05,2.90308e-05,2.02061e-05,0.999929,2.81917e-05,2.79081e-05,2.42481e-05,0.99992
22104,2,12,1385.92,13,1422.98,3,3,0,0.00483422,3.41841e-05,4.66047e-05,3.24379e-05,0.999887,4.52514e-05,4.47961e-05,3.89214e-05,0.999871
22105,2,12,1385.92,13,1422.98,3,3,0,0.00483181,5.43592e-05,7.41103e-05,5.15824e-05,0.99982,7.19481e-05,7.12243e-05,6.18837e-05,0.999795
22106,2,12,1385.92,13,1422.98,3,3,0,0.00482939,8.56399e-05,0.000116757,8.12652e-05,0.999716,0.000113334,0.000112194,9.74805e-05,0.999677
22107,2,12,1385.92,13,1422.98,3,3,0,0.00482698,0.000133692,0.000182269,0.000126863,0.999557,0.000176899,0.00017512,0.000152154,0.999496
22108,2,12,1385.92,13,1422.98,3,3,0,0.00482456,0.000206838,0.000281991,0.000196272,0.999315,0.000273642,0.000270889,0.000235364,0.99922
22109,2,12,1385.92,13,1422.98,3,3,0,0.00482215,0.000317181,0.000432428,0.000300979,0.998949,0.000419552,0.000415331,0.000360863,0.998804
22110,2,12,1385.92,13,1422.98,3,3,0,0.00481974,0.000482159,0.000657349,0.000457529,0.998403,0.000637652,0.000631237,0.000548455,0.998183
22111,2,12,1385.92,13,1422.98,3,3,0,0.00481733,0.000726633,0.000990651,0.000689515,0.997593,0.00096075,0.000951084,0.000826356,0.997262
22112,2,12,1385.92,13,1422.98,3,3,0,0.00481492,0.00108569,0.00148017,0.00103023,0.996404,0.00143509,0.00142065,0.00123435,0.99591
22113,2,12,1385.92,13,1422.98,3,3,0,0.00481251,0.00160827,0.00219263,0.00152612,0.994673,0.00212512,0.00210374,0.00182785,0.993943
22114,2,12,1385.92,13,1422.98,3,3,0,0.00481011,0.00236184,0.00322,0.00224119,0.992177,0.00311944,0.00308806,0.00268308,0.991109
22115,2,12,1385.92,13,1422.98,3,3,0,0.0048077,0.00343802,0.00468721,0.0032624,0.988612,0.00453813,0.00449248,0.00390332,0.987066
22116,2,12,1385.92,13,1422.98,3,3,0,0.0048053,0.00495929,0.00676122,0.00470596,0.983574,0.00654097,0.00647517,0.00562599,0.981358
22117,2,12,1385.92,13,1422.98,3,3,0,0.0048029,0.00708599,0.00966065,0.00672402,0.976529,0.00933599,0.00924207,0.00803004,0.973392
22118,2,12,1385.92,13,1422.98,3,3,0,0.00480049,0.0100229,0.0136647,0.00951091,0.966802,0.0131866,0.013054,0.011342,0.962417
22119,2,12,1385.92,13,1422.98,3,3,0,0.00479809,0.0140231,0.0191183,0.0133067,0.953552,0.0184144,0.0182291,0.0158385,0.947518
22120,2,12,1385.92,13,1422.98,3,3,0,0.0047957,0.0193857,0.0264294,0.0183954,0.935789,0.0253926,0.0251371,0.0218406,0.92763
22121,2,12,1385.92,13,1422.98,3,3,0,0.0047933,0.0264438,0.036052,0.025093,0.912411,0.0345251,0.0341778,0.0296956,0.901602
22122,2,12,1385.92,13,1422.98,3,3,0,0.0047909,0.0355353,0.0484469,0.0337201,0.882298,0.0462031,0.0457383,0.0397401,0.868318
22123,2,12,1385.92,13,1422.98,3,3,0,0.00478851,0.0469553,0.0640162,0.0445567,0.844472,0.0607376,0.0601265,0.0522414,0.826895
22124,2,12,1385.92,13,1422.98,3,3,0,0.00478611,0.0608879,0.0830112,0.0577777,0.798323,0.0782709,0.0774834,0.067322,0.776924
22125,2,12,1385.92,13,1422.98,3,3,0,0.00478372,0.0773307,0.105428,0.0733805,0.74386,0.0986873,0.0976945,0.0848825,0.718736
22126,2,12,1385.92,13,1422.98,3,3,0,0.00478133,0.0960311,0.130923,0.0911256,0.68192,0.121552,0.12033,0.104549,0.653569
22127,2,12,1385.92,13,1422.98,3,0,0,0.00477894,0.116465,0.158782,0.110516,0.614237,0.146117,0.144647,0.125678,0.583558
22128,2,12,1385.92,15,1588.62,3,3,9,0.00477655,0.13788,0.187978,0.130837,0.543305,0.128048,0.147708,0.128337,0.595907
22129,2,12,1385.92,15,1588.62,3,3,0,0.00477416,4.16691e-05,5.68093e-05,3.95405e-05,0.999862,3.5486e-05,4.09345e-05,3.55662e-05,0.999888
22130,2,12,1385.92,15,1588.62,3,3,0,0.00477177,6.59989e-05,8.99792e-05,6.26275e-05,0.999781,5.65239e-05,6.52026e-05,5.66517e-05,0.999822
22131,2,12,1385.92,15,1588.62,3,3,0,0.00476938,0.000103573,0.000141205,9.82819e-05,0.999657,8.91964e-05,0.000102892,8.93981e-05,0.999719
22132,2,12,1385.92,15,1588.62,3,3,0,0.004767,0.000161068,0.000219591,0.00015284,0.999467,0.000139468,0.000160882,0.000139784,0.99956
22133,2,12,1385.92,15,1588.62,3,3,0,0.00476462,0.000248253,0.000338454,0.000235572,0.999178,0.000216114,0.000249296,0.000216603,0.999318
22134,2,12,1385.92,15,1588.62,3,3,0,0.00476223,0.000379276,0.000517085,0.000359902,0.998744,0.000331918,0.000382881,0.000332668,0.998953
22135,2,12,1385.92,15,1588.62,3,3,0,0.00475985,0.000574434,0.000783151,0.00054509,0.998097,0.000505323,0.00058291,0.000506466,0.998405
22136,0,12,1385.92,14,1508.8,3,3,13,0.00475747,0.000862538,0.00117594,0.000818478,0.997143,0.000762669,0.00087977,0.000764394,0.997593
22137,0,12,1385.92,14,1508.8,3,1,0,0.00475509,1.3853e-25,1.08109e-25,2.57788e-25,1,7.18284e-26,1,6.06125e-25,1.14258e-24
22138,0,12,1385.92,14,1508.8,3,1,0,0.00475272,1.6512e-24,1.28861e-24,3.0727e-24,1,8.57683e-25,1,7.23757e-24,1.36433e-23
22139,0,12,1385.92,14,1508.8,3,1,0,0.00475034,1.87298e-23,1.46168e-23,3.4854e-23,1,9.74578e-24,1,8.224e-23,1.55027e-22
22140,0,12,1385.92,14,1508.8,3,1,0,0.00474797,2.02382e-22,1.57939e-22,3.76609e-22,1,1.05486e-22,1,8.90149e-22,1.67799e-21
22141,0,12,1385.92,14,1503.47,3,1,13,0.00474559,2.08515e-21,1.62726e-21,3.88022e-21,1,1.08865e-21,1,9.18661e-21,1.73173e-20
22142,0,12,1385.92,14,1503.47,3,1,0,0.00474322,4.63462e-26,3.61687e-26,8.62449e-26,1,2.4237e-26,1,2.04525e-25,3.85542e-25
22143,0,12,1385.92,14,1503.47,3,1,0,0.00474085,5.64655e-25,4.40658e-25,1.05076e-24,1,2.95765e-25,1,2.49582e-24,4.70477e-24
22144,0,12,1385.92,14,1502.28,3,1,13,0.00473848,6.54389e-24,5.10687e-24,1.21774e-23,1,3.43308e-24,1,2.89701e-23,5.46105e-23
22145,0,12,1385.92,14,1502.28,3,1,0,0.00473611,1.63222e-28,1.27379e-28,3.03738e-28,1,8.57626e-29,1,7.2371e-28,1.36424e-27
22146,0,12,1385.92,14,1502.2,3,1,13,0.00473374,2.22645e-27,1.73753e-27,4.14316e-27,1,1.17162e-27,1,9.88678e-27,1.86372e-26
22147,0,12,1385.92,14,1502.2,3,1,0,0.00473137,6.5151e-32,5.0844e-32,1.21238e-31,1,3.43353e-32,1,2.89739e-31,5.46177e-31
22148,0,12,1385.92,14,1502.2,3,1,0,0.00472901,1.03928e-30,8.11055e-31,1.93397e-30,1,5.48507e-31,1,4.62859e-30,8.72518e-30
22149,0,12,1385.92,14,1502.2,3,1,0,0.00472664,1.5685e-29,1.22406e-29,2.9188e-29,1,8.29001e-30,1,6.99554e-29,1.3187e-28
22150,0,12,1385.92,14,1502.2,3,1,0,0.00472428,2.24215e-28,1.74978e-28,4.17237e-28,1,1.1867e-28,1,1.0014e-27,1.8877e-27
22151,0,12,1385.92,14,1502.2,3,1,9,0.00472192,3.03906e-27,2.37169e-27,5.65534e-27,1,1.61068e-27,1,1.35918e-26,2.56214e-26
22152,0,12,1385.92,14,1502.2,3,1,0,0.00471956,4.82529e-30,3.76567e-30,8.97929e-30,1,2.5608e-30,1,2.16094e-29,4.0735e-29
22153,0,12,1385.92,14,1502.2,3,1,0,0.0047172,7.06222e-29,5.51138e-29,1.3142e-28,1,3.75288e-29,1,3.16688e-28,5.96976e-28
22154,0,12,1385.92,14,1502.2,3,1,9,0.00471484,9.79605e-28,7.64487e-28,1.82293e-27,1,5.21235e-28,1,4.39846e-27,8.29136e-27
22155,0,12,1385.92,14,1502.2,3,1,9,0.00471248,1.59099e-30,1.24162e-30,2.96065e-30,1,8.47616e-31,1,7.15263e-30,1.34832e-29
22156,0,12,1385.92,14,1502.2,3,1,0,0.00471012,2.93815e-33,2.29294e-33,5.46755e-33,1,1.56726e-33,1,1.32254e-32,2.49306e-32
22157,0,12,1385.92,14,1502.2,3,1,0,0.00470777,4.98656e-32,3.89152e-32,9.27939e-32,1,2.66315e-32,1,2.2473e-31,4.2363e-31
22158,0,12,1385.92,14,1502.2,3,1,0,0.00470541,7.99711e-31,6.24097e-31,1.48817e-30,1,4.27606e-31,1,3.60836e-30,6.80198e-30
22159,0,12,1385.92,14,1502.2,3,1,0,0.00470306,1.21329e-29,9.46852e-30,2.25778e-29,1,6.495e-30,1,5.48082e-29,1.03317e-28
22160,0,12,1385.92,14,1502.2,3,1,0,0.00470071,1.7433e-28,1.36048e-28,3.24408e-28,1,9.34294e-29,1,7.88406e-28,1.4862e-27
22161,0,12,1385.92,14,1502.2,3,1,0,0.00469836,2.37484e-27,1.85333e-27,4.41929e-27,1,1.27418e-27,1,1.07522e-26,2.02685e-26
22162,0,12,1385.92,14,1502.2,3,1,0,0.00469601,3.07051e-26,2.39623e-26,5.71385e-26,1,1.64923e-26,1,1.39171e-25,2.62346e-25
22163,0,12,1385.92,14,1496.95,3,1,13,0.00469366,3.77185e-25,2.94356e-25,7.01897e-25,1,2.02812e-25,1,1.71143e-24,3.22615e-24
22164,0,12,1385.92,14,1496.95,3,1,0,0.00469132,9.96056e-30,7.77325e-30,1.85354e-29,1,5.36141e-30,1,4.52424e-29,8.52847e-29
22165,0,12,1385.92,14,1496.95,3,1,0,0.00468897,1.43683e-28,1.12131e-28,2.67378e-28,1,7.74194e-29,1,6.53306e-28,1.23152e-27
22166,0,12,1385.92,14,1496.95,3,1,0,0.00468663,1.96493e-27,1.53344e-27,3.65651e-27,1,1.05981e-27,1,8.94326e-27,1.68586e-26
22167,0,12,1385.92,14,1496.95,3,1,0,0.00468428,2.55017e-26,1.99016e-26,4.74557e-26,1,1.37683e-26,1,1.16184e-25,2.19015e-25
22168,0,12,1385.92,14,1496.95,3,1,0,0.00468194,3.14432e-25,2.45383e-25,5.85121e-25,1,1.69926e-25,1,1.43392e-24,2.70304e-24
22169,0,12,1385.92,14,1496.95,3,1,0,0.0046796,3.68693e-24,2.87729e-24,6.86094e-24,1,1.9944e-24,1,1.68297e-23,3.17251e-23
22170,0,12,1385.92,14,1496.95,3,1,0,0.00467726,4.11547e-23,3.21173e-23,7.65841e-23,1,2.22829e-23,1,1.88035e-22,3.54457e-22
22171,0,12,1385.92,14,1496.95,3,1,0,0.00467492,4.37744e-22,3.41617e-22,8.1459e-22,1,2.37229e-22,1,2.00186e-21,3.77364e-21
22172,0,12,1385.92,14,1496.95,3,1,9,0.00467258,4.44104e-21,3.4658e-21,8.26425e-21,1,2.40891e-21,1,2.03277e-20,3.83189e-20
22173,0,12,1385.92,14,1496.95,3,1,0,0.00467025,5.30852e-24,4.14278e-24,9.87852e-24,1,2.88198e-24,1,2.43196e-23,4.58441e-23
22174,0,12,1385.92,14,1496.95,3,1,9,0.00466791,5.8825e-23,4.59073e-23,1.09467e-22,1,3.19634e-23,1,2.69724e-22,5.08447e-22
22175,0,12,1385.92,14,1496.95,3,1,0,0.00466558,7.66672e-26,5.98313e-26,1.42669e-25,1,4.16933e-26,1,3.5183e-25,6.63222e-25
22176,0,12,1385.92,14,1496.95,3,1,0,0.00466325,9.24711e-25,7.21647e-25,1.72078e-24,1,5.03294e-25,1,4.24705e-24,8.00597e-24
22177,0,12,1385.92,14,1496.95,3,1,0,0.00466091,1.06114e-23,8.2812e-24,1.97467e-23,1,5.78018e-24,1,4.87762e-23,9.19462e-23
22178,0,12,1385.92,14,1496.95,3,1,0,0.00465858,1.15971e-22,9.05038e-23,2.15808e-22,1,6.32207e-23,1,5.33489e-22,1.00566e-21
22179,0,12,1385.92,14,1496.95,3,1,9,0.00465625,1.20823e-21,9.42906e-22,2.24837e-21,1,6.59171e-22,1,5.56243e-21,1.04855e-20
22180,0,12,1385.92,14,1496.95,3,1,0,0.00465393,1.48233e-24,1.15681e-24,2.75844e-24,1,8.09328e-25,1,6.82953e-24,1.28741e-23
22181,0,12,1385.92,14,1496.95,3,1,9,0.0046516,1.68506e-23,1.31502e-23,3.13569e-23,1,9.207e-24,1,7.76935e-23,1.46457e-22
22182,0,12,1385.92,14,1496.95,3,1,9,0.00464927,2.25175e-26,1.75727e-26,4.19025e-26,1,1.23124e-26,1,1.03898e-25,1.95855e-25
22183,0,12,1385.92,14,1496.95,3,1,0,0.00464695,3.43486e-29,2.68057e-29,6.39186e-29,1,1.8795e-29,1,1.58602e-28,2.98974e-28
22184,0,12,1385.92,14,1496.06,3,1,13,0.00464463,4.83369e-28,3.77223e-28,8.99493e-28,1,2.64677e-28,1,2.23349e-27,4.21026e-27
22185,0,12,1385.92,14,1496.06,3,1,0,0.0046423,1.45832e-32,1.13808e-32,2.71377e-32,1,7.99081e-33,1,6.74306e-32,1.27111e-31
22186,0,12,1385.92,14,1496.06,3,1,0,0.00463998,2.39699e-31,1.87062e-31,4.46051e-31,1,1.3143e-31,1,1.10908e-30,2.09068e-30
22187,0,12,1385.92,14,1496.06,3,1,0,0.00463766,3.7253e-30,2.90723e-30,6.93234e-30,1,2.04398e-30,1,1.72482e-29,3.2514e-29
22188,0,12,1385.92,14,1496.06,3,1,9,0.00463534,5.48058e-29,4.27706e-29,1.01987e-28,1,3.00902e-29,1,2.53916e-28,4.78648e-28
22189,0,12,1385.92,14,1496.06,3,1,9,0.00463303,9.42949e-32,7.3588e-32,1.75472e-31,1,5.18038e-32,1,4.37148e-31,8.24051e-31
22190,0,12,1385.92,14,1496.06,3,1,0,0.00463071,1.84262e-34,1.43799e-34,3.42891e-34,1,1.01293e-34,1,8.54766e-34,1.61129e-33
22191,0,12,1385.92,14,1496.06,3,1,0,0.00462839,3.30534e-33,2.5795e-33,6.15086e-33,1,1.81813e-33,1,1.53424e-32,2.89213e-32
22192,0,12,1385.92,14,1496.06,3,1,9,0.00462608,5.59656e-32,4.36757e-32,1.04145e-31,1,3.08028e-32,1,2.5993e-31,4.89984e-31
22193,0,12,1385.92,14,1496.06,3,1,9,0.00462377,1.1051e-34,8.62422e-35,2.05646e-34,1,6.08589e-35,1,5.13559e-34,9.6809e-34
22194,0,12,1385.92,14,1496.06,3,1,0,0.00462145,2.47156e-37,1.92881e-37,4.59928e-37,1,1.36189e-37,1,1.14924e-36,2.16638e-36
22195,0,12,1385.92,14,1496.06,3,1,0,0.00461914,5.06058e-36,3.94929e-36,9.41715e-36,1,2.79008e-36,1,2.35442e-35,4.43822e-35
22196,0,12,1385.92,14,1493.18,3,1,13,0.00461683,9.7545e-35,7.61244e-35,1.8152e-34,1,5.38097e-35,1,4.54075e-34,8.55959e-34
22197,0,12,1385.92,14,1493.18,3,1,9,0.00461453,4.00573e-39,3.12608e-39,7.45419e-39,1,2.21091e-39,1,1.86568e-38,3.51693e-38
22198,0,12,1385.92,14,1493.18,3,1,0,0.00461222,1.09917e-41,8.57798e-42,2.04543e-41,1,6.06997e-42,1,5.12216e-41,9.65558e-41
22199,0,12,1385.92,14,1493.18,3,1,0,0.00460991,2.75e-40,2.14611e-40,5.11744e-40,1,1.51942e-40,1,1.28217e-39,2.41697e-39
22200,0,12,1385.92,14,1493.18,3,1,9,0.00460761,6.45113e-39,5.03448e-39,1.20048e-38,1,3.56617e-39,1,3.00932e-38,5.67275e-38
22201,0,12,1385.92,14,1493.18,3,1,9,0.0046053,1.7534e-41,1.36836e-41,3.26287e-41,1,9.69759e-42,1,8.18333e-41,1.54261e-40
22202,0,12,1385.92,14,1493.18,3,1,0,0.004603,5.36342e-44,4.18563e-44,9.9807e-44,1,2.96781e-44,1,2.5044e-43,4.72094e-43
22203,0,12,1385.92,14,1493.18,3,1,9,0.0046007,1.49259e-42,1.16483e-42,2.77754e-42,1,8.26313e-43,1,6.97286e-42,1.31443e-41
22204,0,12,1385.92,14,1493.18,3,1,0,0.0045984,4.79624e-45,3.743e-45,8.92525e-45,1,2.65649e-45,1,2.24168e-44,4.22571e-44
22205,0,12,1385.92,14,1493.18,3,1,0,0.0045961,1.40079e-43,1.09318e-43,2.6067e-43,1,7.76207e-44,1,6.55004e-43,1.23472e-42
22206,0,12,1385.92,14,1493.18,3,1,0,0.0045938,3.82413e-42,2.98437e-42,7.11626e-42,1,2.11999e-42,1,1.78896e-41,3.3723e-41
22207,0,12,1385.92,14,1493.18,3,1,9,0.0045915,9.77172e-41,7.62588e-41,1.8184e-40,1,5.41956e-41,1,4.57331e-40,8.62098e-40
22208,0,12,1385.92,14,1493.18,3,1,9,0.00458921,2.88809e-43,2.25387e-43,5.37439e-43,1,1.60247e-43,1,1.35225e-42,2.54908e-42
22209,0,12,1385.92,14,1493.18,3,1,0,0.00458691,9.59039e-46,7.48437e-46,1.78466e-45,1,5.32355e-46,1,4.49229e-45,8.46824e-45
22210,0,12,1385.92,14,1493.18,3,1,0,0.00458462,2.8926e-44,2.25739e-44,5.38279e-44,1,1.60633e-44,1,1.3555e-43,2.55521e-43
22211,0,12,1385.92,14,1493.18,3,1,9,0.00458233,8.14988e-43,6.36019e-43,1.5166e-42,1,4.52766e-43,1,3.82067e-42,7.2022e-42
22212,0,12,1385.92,14,1493.18,3,1,9,0.00458004,2.65074e-45,2.06864e-45,4.93271e-45,1,1.4732e-45,1,1.24316e-44,2.34344e-44
22213,0,12,1385.92,14,1493.18,3,1,0,0.00457775,9.66802e-48,7.54495e-48,1.7991e-47,1,5.3753e-48,1,4.53596e-47,8.55057e-47
22214,0,12,1385.92,14,1493.18,3,1,9,0.00457546,3.19683e-46,2.49481e-46,5.94892e-46,1,1.77808e-46,1,1.50044e-45,2.82842e-45
22215,0,12,1385.92,14,1493.18,3,1,0,0.00457317,1.21636e-48,9.49254e-49,2.26351e-48,1,6.76797e-49,1,5.71116e-48,1.07659e-47
22216,0,12,1385.92,14,1493.18,3,1,0,0.00457088,4.19228e-47,3.27167e-47,7.80135e-47,1,2.33349e-47,1,1.96912e-46,3.71191e-46
22217,0,12,1385.92,14,1493.18,3,1,9,0.0045686,1.34614e-45,1.05053e-45,2.50501e-45,1,7.49552e-46,1,6.32511e-45,1.19232e-44
22218,0,12,1385.92,14,1493.18,3,1,9,0.00456631,4.97676e-48,3.88388e-48,9.26117e-48,1,2.77212e-48,1,2.33926e-47,4.40965e-47
22219,0,12,1385.92,14,1493.18,3,1,0,0.00456403,2.058e-50,1.60607e-50,3.8297e-50,1,1.14673e-50,1,9.67671e-50,1.82412e-49
22220,0,12,1385.92,14,1493.18,3,1,9,0.00456175,7.69602e-49,6.006e-49,1.43214e-48,1,4.28972e-49,1,3.61989e-48,6.82371e-48
22221,0,12,1385.92,14,1492.75,3,1,13,0.00455947,3.30354e-51,2.57809e-51,6.14749e-51,1,1.84199e-51,1,1.55436e-50,2.93007e-50
22222,0,12,1385.92,14,1492.75,3,1,0,0.00455719,2.89641e-55,2.26037e-55,5.38988e-55,1,1.61551e-55,1,1.36325e-54,2.56981e-54
22223,0,12,1385.92,14,1489.19,3,1,13,0.00455491,1.35429e-53,1.05689e-53,2.52017e-53,1,7.55612e-54,1,6.37625e-53,1.20196e-52
22224,0,12,1385.92,14,1489.19,3,1,9,0.00455263,1.32537e-57,1.03432e-57,2.46636e-57,1,7.39709e-58,1,6.24205e-57,1.17667e-56
22225,0,12,1385.92,14,1489.19,3,1,0,0.00455036,8.51783e-60,6.64734e-60,1.58507e-59,1,4.75539e-60,1,4.01284e-59,7.56446e-59
22226,0,12,1385.92,14,1489.19,3,1,0,0.00454808,4.90695e-58,3.8294e-58,9.13125e-58,1,2.7403e-58,1,2.31241e-57,4.35904e-57
22227,0,12,1385.92,14,1484.86,3,1,13,0.00454581,2.60666e-56,2.03424e-56,4.85068e-56,1,1.45613e-56,1,1.22875e-55,2.31628e-55
22228,0,12,1385.92,14,1484.86,3,1,0,0.00454353,2.89083e-60,2.25601e-60,5.37949e-60,1,1.61534e-60,1,1.3631e-59,2.56954e-59
22229,0,12,1385.92,14,1484.86,3,1,0,0.00454126,1.70173e-58,1.32804e-58,3.16672e-58,1,9.51161e-59,1,8.02639e-58,1.51303e-57
22230,0,12,1385.92,14,1484.86,3,1,0,0.00453899,9.2334e-57,7.20577e-57,1.71823e-56,1,5.16233e-57,1,4.35624e-56,8.21178e-56
22231,0,12,1385.92,14,1484.86,3,1,9,0.00453672,4.62533e-55,3.60962e-55,8.6072e-55,1,2.58669e-55,1,2.18279e-54,4.11469e-54
22232,0,12,1385.92,14,1484.86,3,1,0,0.00453445,2.6441e-57,2.06347e-57,4.92037e-57,1,1.47909e-57,1,1.24814e-56,2.35282e-56
22233,0,12,1385.92,14,1484.86,3,1,9,0.00453219,1.35807e-55,1.05984e-55,2.52721e-55,1,7.59893e-56,1,6.41237e-55,1.20877e-54
22234,0,12,1385.92,14,1484.86,3,1,9,0.00452992,7.95612e-58,6.20898e-58,1.48054e-57,1,4.45291e-58,1,3.75759e-57,7.0833e-57
22235,0,12,1385.92,14,1484.86,3,1,0,0.00452766,5.16566e-60,4.0313e-60,9.61269e-60,1,2.89186e-60,1,2.4403e-59,4.60012e-59
22236,0,12,1385.92,14,1484.86,3,1,0,0.00452539,3.00574e-58,2.34569e-58,5.59334e-58,1,1.6831e-58,1,1.42029e-57,2.67733e-57
22237,0,12,1385.92,14,1484.86,3,1,0,0.00452313,1.61243e-56,1.25835e-56,3.00055e-56,1,9.03116e-57,1,7.62097e-56,1.4366e-55
22238,0,12,1385.92,14,1484.86,3,1,0,0.00452087,7.98768e-55,6.23361e-55,1.48641e-54,1,4.47492e-55,1,3.77617e-54,7.11832e-54
22239,0,12,1385.92,14,1484.86,3,1,0,0.00451861,3.65983e-53,2.85614e-53,6.81051e-53,1,2.05081e-53,1,1.73058e-52,3.26226e-52
22240,0,12,1385.92,14,1484.77,3,1,13,0.00451635,1.55339e-51,1.21227e-51,2.89068e-51,1,8.7065e-52,1,7.347e-51,1.38496e-50
22241,0,12,1385.92,14,1484.77,3,1,9,0.00451409,1.38266e-55,1.07903e-55,2.57297e-55,1,7.75131e-56,1,6.54096e-55,1.23301e-54
22242,0,12,1385.92,14,1484.77,3,1,9,0.00451183,8.09728e-58,6.31914e-58,1.50681e-57,1,4.54039e-58,1,3.83142e-57,7.22247e-57
22243,0,12,1385.92,14,1484.77,3,1,0,0.00450958,5.25546e-60,4.10138e-60,9.77979e-60,1,2.94753e-60,1,2.48728e-59,4.68867e-59
22244,0,12,1385.92,14,1470.28,3,1,13,0.00450732,3.05694e-58,2.38565e-58,5.68861e-58,1,1.71485e-58,1,1.44708e-57,2.72783e-57
22245,0,12,1385.92,14,1470.28,3,1,0,0.00450507,3.70546e-62,2.89175e-62,6.89542e-62,1,2.07907e-62,1,1.75443e-61,3.3072e-61
22246,0,12,1385.92,14,1470.28,3,1,0,0.00450282,2.37987e-60,1.85726e-60,4.42866e-60,1,1.33557e-60,1,1.12703e-59,2.12451e-59
22247,0,12,1385.92,14,1470.28,3,1,0,0.00450056,1.40641e-58,1.09757e-58,2.61716e-58,1,7.89425e-59,1,6.66158e-58,1.25575e-57
22248,0,12,1385.92,14,1470.28,3,1,0,0.00449831,7.66016e-57,5.97801e-57,1.42547e-56,1,4.30052e-57,1,3.629e-56,6.8409e-56
22249,0,12,1385.92,14,1462.44,3,1,13,0.00449607,3.8516e-55,3.0058e-55,7.16738e-55,1,2.16275e-55,1,1.82504e-54,3.44032e-54
22250,0,12,1385.92,14,1462.44,3,1,0,0.00449382,4.04752e-59,3.1587e-59,7.53196e-59,1,2.27319e-59,1,1.91823e-58,3.61599e-58
22251,0,12,1385.92,14,1462.44,3,1,0,0.00449157,2.26013e-57,1.76382e-57,4.20584e-57,1,1.26958e-57,1,1.07133e-56,2.01953e-56
22252,0,12,1385.92,14,1462.44,3,1,0,0.00448932,1.1645e-55,9.08781e-56,2.167e-55,1,6.54247e-56,1,5.52088e-55,1.04072e-54
22253,0,12,1385.92,14,1462.44,3,1,0,0.00448708,5.54506e-54,4.32738e-54,1.03187e-53,1,3.1159e-54,1,2.62936e-53,4.9565e-53
22254,0,12,1385.92,14,1462.44,3,1,0,0.00448484,2.44409e-52,1.90737e-52,4.54816e-52,1,1.37362e-52,1,1.15914e-51,2.18504e-51
22255,0,12,1385.92,14,1462.44,3,1,0,0.00448259,9.98718e-51,7.79403e-51,1.8585e-50,1,5.61393e-51,1,4.73733e-50,8.93016e-50
22256,0,12,1385.92,14,1462.44,3,1,0,0.00448035,3.78916e-49,2.95707e-49,7.05118e-49,1,2.13029e-49,1,1.79765e-48,3.38868e-48
22257,0,12,1385.92,14,1462.44,3,1,0,0.00447811,1.33678e-47,1.04323e-47,2.48759e-47,1,7.51667e-48,1,6.34296e-47,1.19569e-46
22258,0,12,1385.92,14,1462.44,3,1,9,0.00447587,4.39165e-46,3.42726e-46,8.17235e-46,1,2.4698e-46,1,2.08414e-45,3.92874e-45
22259,0,12,1385.92,14,1462.44,3,1,9,0.00447364,1.6604e-48,1.29578e-48,3.08982e-48,1,9.3393e-49,1,7.88099e-48,1.48562e-47
22260,0,12,1385.92,14,1462.44,3,1,0,0.0044714,7.01856e-51,5.4773e-51,1.30607e-50,1,3.94834e-51,1,3.33181e-50,6.28067e-50
22261,0,12,1385.92,14,1455.86,3,1,13,0.00446916,2.68171e-49,2.09281e-49,4.99035e-49,1,1.50884e-49,1,1.27324e-48,2.40013e-48
22262,0,12,1385.92,14,1455.86,3,1,0,0.00446693,2.1533e-53,1.68044e-53,4.00703e-53,1,1.21171e-53,1,1.0225e-52,1.92748e-52
22263,0,12,1385.92,14,1455.86,3,1,0,0.00446469,9.23699e-52,7.20857e-52,1.7189e-51,1,5.1986e-52,1,4.38685e-51,8.26948e-51
22264,0,12,1385.92,14,1455.86,3,1,9,0.00446246,3.67543e-50,2.86832e-50,6.83955e-50,1,2.06883e-50,1,1.74579e-49,3.29092e-49
22265,0,12,1385.92,14,1455.86,3,1,0,0.00446023,1.67664e-52,1.30846e-52,3.12004e-52,1,9.43879e-53,1,7.96494e-52,1.50144e-51
22266,0,12,1385.92,14,1440.53,3,1,13,0.004458,6.90304e-51,5.38716e-51,1.28458e-50,1,3.88664e-51,1,3.27975e-50,6.18253e-50
22267,0,12,1385.92,14,1440.53,3,1,0,0.00445577,5.96376e-55,4.65414e-55,1.10979e-54,1,3.35823e-55,1,2.83385e-54,5.34199e-54
22268,0,12,1385.92,14,1440.53,3,1,9,0.00445354,2.74852e-53,2.14495e-53,5.11467e-53,1,1.54791e-53,1,1.30621e-52,2.46228e-52
22269,0,12,1385.92,14,1440.53,3,1,0,0.00445132,1.44795e-55,1.12999e-55,2.69447e-55,1,8.15561e-56,1,6.88213e-55,1.29732e-54
22270,0,12,1385.92,14,1440.53,3,1,0,0.00444909,6.86481e-54,5.35732e-54,1.27746e-53,1,3.86708e-54,1,3.26325e-53,6.15142e-53
22271,0,12,1385.92,14,1440.53,3,1,0,0.00444687,3.0129e-52,2.35128e-52,5.60665e-52,1,1.69743e-52,1,1.43238e-51,2.70013e-51
22272,0,12,1385.92,14,1440.53,3,1,9,0.00444464,1.22601e-50,9.56781e-51,2.28146e-50,1,6.90801e-51,1,5.82934e-50,1.09887e-49
22273,0,12,1385.92,14,1440.53,3,1,9,0.00444242,5.71692e-53,4.4615e-53,1.06385e-52,1,3.2216e-53,1,2.71855e-52,5.12465e-52
22274,0,12,1385.92,14,1440.53,3,1,0,0.0044402,2.96795e-55,2.3162e-55,5.52301e-55,1,1.67269e-55,1,1.41151e-54,2.66078e-54
22275,0,12,1385.92,14,1440.53,3,1,9,0.00443798,1.38706e-53,1.08247e-53,2.58116e-53,1,7.81816e-54,1,6.59737e-53,1.24365e-52
22276,0,12,1385.92,14,1440.53,3,1,0,0.00443576,7.40786e-56,5.78112e-56,1.37852e-55,1,4.17588e-56,1,3.52383e-55,6.64264e-55
22277,0,12,1385.92,14,1440.53,3,1,0,0.00443354,3.55949e-54,2.77784e-54,6.62379e-54,1,2.00673e-54,1,1.69339e-53,3.19214e-53
22278,0,12,1385.92,14,1440.53,3,1,0,0.00443133,1.58288e-52,1.23529e-52,2.94556e-52,1,8.92476e-53,1,7.53118e-52,1.41967e-51
22279,0,12,1385.92,14,1440.53,3,1,0,0.00442911,6.52452e-51,5.09175e-51,1.21414e-50,1,3.67909e-51,1,3.10461e-50,5.85239e-50
22280,0,12,1385.92,14,1440.53,3,1,0,0.0044269,2.49658e-49,1.94834e-49,4.64585e-49,1,1.40793e-49,1,1.18809e-48,2.23962e-48
22281,0,12,1385.92,14,1440.53,3,1,9,0.00442468,8.88153e-48,6.93118e-48,1.65275e-47,1,5.00919e-48,1,4.22701e-47,7.96818e-47
22282,0,12,1385.92,14,1440.53,3,1,0,0.00442247,3.63042e-50,2.83319e-50,6.75578e-50,1,2.04775e-50,1,1.728e-49,3.25739e-49
22283,0,12,1385.92,14,1440.53,3,1,0,0.00442026,1.34229e-48,1.04753e-48,2.49784e-48,1,7.57197e-49,1,6.38962e-48,1.20448e-47
22284,0,12,1385.92,14,1440.53,3,1,9,0.00441805,4.61719e-47,3.60327e-47,8.59205e-47,1,2.60484e-47,1,2.1981e-46,4.14355e-46
22285,0,12,1385.92,14,1440.53,3,1,0,0.00441584,1.82612e-49,1.42511e-49,3.39819e-49,1,1.03032e-49,1,8.69436e-49,1.63894e-48
22286,0,12,1385.92,14,1440.53,3,1,0,0.00441363,6.53712e-48,5.10159e-48,1.21648e-47,1,3.68866e-48,1,3.11268e-47,5.8676e-47
22287,0,12,1385.92,14,1440.53,3,1,0,0.00441143,2.17855e-46,1.70015e-46,4.05403e-46,1,1.22938e-46,1,1.03742e-45,1.9556e-45
22288,0,12,1385.92,14,1440.53,3,1,0,0.00440922,6.76851e-45,5.28216e-45,1.25954e-44,1,3.81988e-45,1,3.22342e-44,6.07634e-44
22289,0,12,1385.92,14,1440.53,3,1,0,0.00440701,1.96323e-43,1.53211e-43,3.65335e-43,1,1.10807e-43,1,9.35043e-43,1.76262e-42
22290,0,12,1385.92,14,1440.53,3,1,0,0.00440481,5.32355e-42,4.15451e-42,9.90649e-42,1,3.0049e-42,1,2.53569e-41,4.77994e-41
22291,0,12,1385.92,14,1440.53,3,1,0,0.00440261,1.35134e-40,1.05459e-40,2.51469e-40,1,7.62834e-41,1,6.43719e-40,1.21345e-39
22292,0,12,1385.92,14,1440.53,3,1,0,0.00440041,3.21543e-39,2.50933e-39,5.98354e-39,1,1.81526e-39,1,1.53181e-38,2.88755e-38
22293,0,12,1385.92,14,1440.53,3,1,9,0.00439821,7.18097e-38,5.60405e-38,1.33629e-37,1,4.0543e-38,1,3.42123e-37,6.44923e-37
22294,0,12,1385.92,14,1440.53,3,1,0,0.00439601,1.85993e-40,1.4515e-40,3.46112e-40,1,1.05018e-40,1,8.86196e-40,1.67053e-39
22295,0,12,1385.92,14,1440.53,3,1,9,0.00439381,4.3974e-39,3.43175e-39,8.18305e-39,1,2.4831e-39,1,2.09537e-38,3.94991e-38
22296,0,12,1385.92,14,1440.53,3,1,0,0.00439161,1.2044e-41,9.39918e-42,2.24125e-41,1,6.80144e-42,1,5.73941e-41,1.08191e-40
22297,0,12,1385.92,14,1440.53,3,1,0,0.00438942,3.00777e-40,2.34727e-40,5.5971e-40,1,1.69865e-40,1,1.43341e-39,2.70207e-39
22298,0,12,1385.92,14,1440.53,3,1,0,0.00438722,7.04316e-39,5.49651e-39,1.31065e-38,1,3.97795e-39,1,3.3568e-38,6.32778e-38
22299,0,12,1385.92,14,1440.53,3,1,0,0.00438503,1.54846e-37,1.20843e-37,2.88151e-37,1,8.74626e-38,1,7.38055e-37,1.39128e-36
22300,0,12,1385.92,14,1440.53,3,1,9,0.00438284,3.20031e-36,2.49753e-36,5.9554e-36,1,1.80777e-36,1,1.52549e-35,2.87564e-35
22301,0,12,1385.92,14,1440.53,3,1,0,0.00438065,7.68292e-39,5.99577e-39,1.4297e-38,1,4.34016e-39,1,3.66245e-38,6.90395e-38
22302,0,12,1385.92,14,1440.53,3,1,0,0.00437846,1.68618e-37,1.3159e-37,3.13779e-37,1,9.52603e-38,1,8.03856e-37,1.51532e-36
22303,0,12,1385.92,14,1440.53,3,1,0,0.00437627,3.479e-36,2.71503e-36,6.47402e-36,1,1.96558e-36,1,1.65866e-35,3.12667e-35
22304,0,12,1385.92,14,1440.53,3,1,0,0.00437408,6.75639e-35,5.27271e-35,1.25728e-34,1,3.81748e-35,1,3.22139e-34,6.07252e-34
22305,0,12,1385.92,14,1440.53,3,1,0,0.00437189,1.23654e-33,9.65002e-34,2.30106e-33,1,6.98711e-34,1,5.89609e-33,1.11145e-32
22306,0,12,1385.92,14,1440.53,3,1,0,0.0043697,2.13527e-32,1.66637e-32,3.97349e-32,1,1.20661e-32,1,1.0182e-31,1.91938e-31
22307,0,12,1385.92,14,1440.53,3,1,0,0.00436752,3.483e-31,2.71814e-31,6.48145e-31,1,1.96831e-31,1,1.66096e-30,3.13102e-30
22308,0,12,1385.92,14,1440.53,3,1,0,0.00436534,5.37283e-30,4.19297e-30,9.9982e-30,1,3.03646e-30,1,2.56232e-29,4.83014e-29
22309,0,12,1385.92,14,1440.53,3,1,0,0.00436315,7.84671e-29,6.12359e-29,1.46018e-28,1,4.43483e-29,1,3.74234e-28,7.05454e-28
22310,0,12,1385.92,14,1440.53,3,1,0,0.00436097,1.08613e-27,8.4762e-28,2.02116e-27,1,6.13897e-28,1,5.18038e-27,9.76535e-27
22311,0,12,1385.92,14,1440.53,3,1,0,0.00435879,1.42644e-26,1.1132e-26,2.65444e-26,1,8.06288e-27,1,6.80387e-26,1.28257e-25
22312,0,12,1385.92,14,1440.53,3,1,9,0.00435661,1.77933e-25,1.3886e-25,3.31113e-25,1,1.00581e-25,1,8.48756e-25,1.59996e-24
22313,0,12,1385.92,14,1440.53,3,1,0,0.00435443,2.60429e-28,2.0324e-28,4.84629e-28,1,1.47222e-28,1,1.24233e-27,2.34188e-27
22314,0,12,1385.92,14,1440.53,3,1,0,0.00435226,3.51937e-27,2.74653e-27,6.54914e-27,1,1.98962e-27,1,1.67894e-26,3.16491e-26
22315,0,12,1385.92,14,1440.53,3,1,9,0.00435008,4.51465e-26,3.52325e-26,8.40124e-26,1,2.55241e-26,1,2.15386e-25,4.06015e-25
22316,0,12,1385.92,14,1440.53,3,1,0,0.00434791,6.79157e-29,5.30016e-29,1.26383e-28,1,3.83988e-29,1,3.24029e-28,6.10815e-28
22317,1,12,1385.92,14,1440.53,3,1,0,0.00434573,9.428e-28,7.35764e-28,1.75444e-27,1,5.33074e-28,1,4.49835e-27,8.47968e-27
22318,1,12,1385.92,14,1440.53,0,2,0,0.00434356,1,4.10896e-29,7.24149e-29,1.03752e-28,8.80102e-29,3.67398e-29,1,2.42112e-29
22319,1,12,1385.92,14,1440.53,0,2,9,0.00434139,1,3.23022e-28,5.69283e-28,8.15637e-28,6.9187e-28,2.88821e-28,1,1.9033e-28
22320,1,12,1385.92,14,1440.53,0,2,9,0.00433922,1,3.00728e-31,5.29992e-31,7.59342e-31,6.44104e-31,2.68881e-31,1,1.7719e-31
22321,1,12,1385.92,14,1440.53,0,2,0,0.00433705,1,3.2191e-34,5.67323e-34,8.12829e-34,6.89459e-34,2.87814e-34,1,1.89667e-34
22322,1,12,1385.92,14,1440.53,0,2,0,0.00433488,1,3.20152e-33,5.64224e-33,8.08388e-33,6.85679e-33,2.86236e-33,1,1.88627e-33
22323,1,12,1385.92,14,1440.53,0,2,0,0.00433271,1,3.04105e-32,5.35944e-32,7.67871e-32,6.51299e-32,2.71884e-32,1,1.79169e-32
22324,1,12,1385.92,14,1440.53,0,2,0,0.00433054,1,2.76146e-31,4.8667e-31,6.97274e-31,5.91408e-31,2.46883e-31,1,1.62693e-31
22325,1,12,1385.92,14,1440.53,0,2,9,0.00432838,1,2.39934e-30,4.22851e-30,6.05837e-30,5.13844e-30,2.14504e-30,1,1.41356e-30
22326,1,12,1385.92,14,1440.53,0,2,0,0.00432621,1,2.46385e-33,4.34221e-33,6.22127e-33,5.27651e-33,2.20267e-33,1,1.45154e-33
22327,1,12,1385.92,14,1440.53,0,2,0,0.00432405,1,2.35265e-32,4.14623e-32,5.94049e-32,5.03827e-32,2.10322e-32,1,1.38601e-32
22328,1,12,1385.92,14,1440.53,0,2,0,0.00432189,1,2.14735e-31,3.78441e-31,5.42209e-31,4.59852e-31,1.91965e-31,1,1.26503e-31
22329,1,12,1385.92,14,1440.53,0,2,0,0.00431973,1,1.87517e-30,3.30473e-30,4.73483e-30,4.01558e-30,1.6763e-30,1,1.10467e-30
22330,1,12,1385.92,14,1440.53,0,2,9,0.00431757,1,1.56803e-29,2.76344e-29,3.9593e-29,3.3578e-29,1.40171e-29,1,9.23716e-30
22331,1,12,1385.92,14,1440.53,0,2,0,0.00431541,1,1.55086e-32,2.73318e-32,3.91595e-32,3.32098e-32,1.38634e-32,1,9.13585e-33
22332,1,12,1385.92,14,1440.53,0,2,0,0.00431325,1,1.42737e-31,2.51554e-31,3.60413e-31,3.05649e-31,1.27593e-31,1,8.40826e-32
22333,1,12,1385.92,14,1440.53,0,2,0,0.0043111,1,1.25667e-30,2.21471e-30,3.17311e-30,2.69092e-30,1.12332e-30,1,7.40259e-31
22334,1,12,1385.92,14,1440.53,0,2,0,0.00430894,1,1.05928e-29,1.86684e-29,2.67471e-29,2.26822e-29,9.46866e-30,1,6.23976e-30
22335,0,12,1385.92,13,1485.1,0,2,13,0.00430679,1,8.55632e-29,1.50794e-28,2.16049e-28,1.83212e-28,7.64816e-29,1,5.04007e-29
22336,0,12,1385.92,13,1485.1,3,1,0,0.00430463,9.78178e-26,7.63373e-26,1.82027e-25,1,5.53254e-26,1,4.66865e-25,8.80069e-25
22337,0,12,1385.92,13,1485.1,3,1,0,0.00430248,1.17408e-24,9.16256e-25,2.18483e-24,1,6.64083e-25,1,5.60388e-24,1.05637e-23
22338,0,12,1385.92,13,1479.86,3,1,13,0.00430033,1.34089e-23,1.04643e-23,2.49524e-23,1,7.58463e-24,1,6.40031e-23,1.2065e-22
22339,0,12,1385.92,13,1479.86,3,1,0,0.00429818,3.2969e-28,2.57291e-28,6.13514e-28,1,1.86494e-28,1,1.57373e-27,2.96658e-27
22340,0,12,1385.92,13,1479.86,3,1,0,0.00429603,4.43437e-27,3.4606e-27,8.25184e-27,1,2.50846e-27,1,2.11677e-26,3.99024e-26
22341,0,12,1385.92,13,1475.89,3,1,13,0.00429388,5.66218e-26,4.41879e-26,1.05367e-25,1,3.20313e-26,1,2.70297e-25,5.09527e-25
22342,0,12,1385.92,13,1475.89,3,1,0,0.00429173,1.55305e-30,1.212e-30,2.89004e-30,1,8.78601e-31,1,7.41409e-30,1.3976e-29
22343,0,12,1385.92,13,1475.89,3,1,0,0.00428959,2.32514e-29,1.81455e-29,4.32682e-29,1,1.31544e-29,1,1.11004e-28,2.0925e-28
22344,0,12,1385.92,13,1475.89,3,1,0,0.00428744,3.29769e-28,2.57352e-28,6.13661e-28,1,1.86572e-28,1,1.57439e-27,2.96783e-27
22345,0,12,1385.92,13,1475.89,3,1,0,0.0042853,4.43541e-27,3.46141e-27,8.25378e-27,1,2.5095e-27,1,2.11764e-26,3.99189e-26
22346,0,12,1385.92,13,1475.89,3,1,0,0.00428316,5.66349e-26,4.4198e-26,1.05391e-25,1,3.20443e-26,1,2.70407e-25,5.09734e-25
22347,0,12,1385.92,13,1475.89,3,1,0,0.00428102,6.87244e-25,5.36327e-25,1.27888e-24,1,3.8886e-25,1,3.2814e-24,6.18564e-24
22348,0,12,1385.92,13,1475.89,3,1,0,0.00427888,7.93336e-24,6.19122e-24,1.47631e-23,1,4.48904e-24,1,3.78808e-23,7.14078e-23
22349,0,12,1385.92,13,1475.89,3,1,0,0.00427674,8.72081e-23,6.80575e-23,1.62284e-22,1,4.93477e-23,1,4.16421e-22,7.8498e-22
22350,0,12,1385.92,13,1475.89,3,1,0,0.0042746,9.13765e-22,7.13105e-22,1.70041e-21,1,5.1708e-22,1,4.36339e-21,8.22526e-21
22351,0,12,1385.92,13,1475.89,3,1,0,0.00427246,9.13495e-21,7.12895e-21,1.69991e-20,1,5.16943e-21,1,4.36224e-20,8.22309e-20
22352,0,12,1385.92,13,1472.39,3,1,13,0.00427032,8.72129e-20,6.80613e-20,1.62293e-19,1,4.93549e-20,1,4.16483e-19,7.85096e-19
22353,0,12,1385.92,13,1472.39,3,1,0,0.00426819,1.79899e-24,1.40394e-24,3.34772e-24,1,1.0181e-24,1,8.59129e-24,1.61951e-23
22354,0,12,1385.92,13,1467.18,3,1,13,0.00426605,2.03713e-23,1.58978e-23,3.79085e-23,1,1.1529e-23,1,9.72879e-23,1.83394e-22
22355,0,12,1385.92,13,1467.18,3,1,0,0.00426392,4.96704e-28,3.8763e-28,9.24308e-28,1,2.81116e-28,1,2.3722e-27,4.47174e-27
22356,0,12,1385.92,13,1467.18,3,1,0,0.00426179,6.6262e-27,5.17111e-27,1.23306e-26,1,3.75028e-27,1,3.16468e-26,5.96562e-26
22357,0,12,1385.92,13,1467.18,3,1,0,0.00425966,8.39321e-26,6.55009e-26,1.56188e-25,1,4.75049e-26,1,4.00871e-25,7.55667e-25
22358,0,12,1385.92,13,1458.59,3,1,13,0.00425753,1.0105e-24,7.88601e-25,1.88043e-24,1,5.71953e-25,1,4.82644e-24,9.09813e-24
22359,0,12,1385.92,13,1458.59,3,1,9,0.0042554,2.61642e-29,2.04186e-29,4.86885e-29,1,1.48095e-29,1,1.2497e-28,2.35577e-28
22360,0,12,1385.92,13,1458.59,3,1,0,0.00425327,4.56869e-32,3.56542e-32,8.5018e-32,1,2.58605e-32,1,2.18224e-31,4.11366e-31
22361,0,12,1385.92,13,1458.59,3,1,0,0.00425115,7.33981e-31,5.72801e-31,1.36585e-30,1,4.1547e-31,1,3.50596e-30,6.60895e-30
22362,0,12,1385.92,13,1458.59,3,1,0,0.00424902,1.11547e-29,8.7052e-30,2.07577e-29,1,6.31431e-30,1,5.32834e-29,1.00443e-28
22363,0,12,1385.92,13,1458.59,3,1,0,0.0042469,1.60546e-28,1.25291e-28,2.98757e-28,1,9.08815e-29,1,7.66905e-28,1.44566e-27
22364,0,12,1385.92,13,1458.59,3,1,0,0.00424477,2.19066e-27,1.7096e-27,4.07657e-27,1,1.24012e-27,1,1.04647e-26,1.97267e-26
22365,0,12,1385.92,13,1458.59,3,1,0,0.00424265,2.83696e-26,2.21397e-26,5.27925e-26,1,1.60601e-26,1,1.35524e-25,2.55471e-25
22366,0,12,1385.92,13,1458.59,3,1,0,0.00424053,3.49048e-25,2.72398e-25,6.49537e-25,1,1.97602e-25,1,1.66747e-24,3.14328e-24
22367,0,12,1385.92,13,1458.1,3,1,13,0.00423841,4.08428e-24,3.18739e-24,7.60037e-24,1,2.31223e-24,1,1.95118e-23,3.6781e-23
22368,0,12,1385.92,13,1458.1,3,1,0,0.00423629,1.02838e-28,8.02551e-29,1.9137e-28,1,5.82209e-29,1,4.91298e-28,9.26128e-28
22369,0,12,1385.92,13,1458.1,3,1,0,0.00423417,1.41579e-27,1.10489e-27,2.63462e-27,1,8.01556e-28,1,6.76395e-27,1.27505e-26
22370,0,12,1385.92,13,1458.1,3,1,0,0.00423205,1.84956e-26,1.4434e-26,3.44181e-26,1,1.04716e-26,1,8.83645e-26,1.66573e-25
22371,0,12,1385.92,13,1458.1,3,1,0,0.00422994,2.29517e-25,1.79116e-25,4.27105e-25,1,1.29947e-25,1,1.09656e-24,2.06709e-24
22372,0,12,1385.92,13,1458.1,3,1,0,0.00422782,2.70824e-24,2.11352e-24,5.03972e-24,1,1.53338e-24,1,1.29394e-23,2.43916e-23
22373,0,12,1385.92,13,1458.1,3,1,0,0.00422571,3.04174e-23,2.37379e-23,5.66033e-23,1,1.72223e-23,1,1.45331e-22,2.73958e-22
22374,0,12,1385.92,13,1458.1,3,1,0,0.0042236,3.25498e-22,2.5402e-22,6.05714e-22,1,1.84301e-22,1,1.55522e-21,2.9317e-21
22375,0,12,1385.92,13,1458.1,3,1,0,0.00422148,3.3219e-21,2.59242e-21,6.18167e-21,1,1.88093e-21,1,1.58723e-20,2.99202e-20
22376,0,12,1385.92,13,1458.1,3,1,0,0.00421937,3.23629e-20,2.52561e-20,6.02236e-20,1,1.83249e-20,1,1.54635e-19,2.91497e-19
22377,0,12,1385.92,13,1458.1,3,1,0,0.00421726,3.01256e-19,2.35101e-19,5.60602e-19,1,1.70584e-19,1,1.43947e-18,2.7135e-18
22378,0,12,1385.92,13,1458.1,3,1,0,0.00421516,2.68192e-18,2.09298e-18,4.99073e-18,1,1.51864e-18,1,1.28151e-17,2.41572e-17
22379,0,12,1385.92,13,1458.1,3,1,0,0.00421305,2.28541e-17,1.78354e-17,4.25289e-17,1,1.29414e-17,1,1.09206e-16,2.05861e-16
22380,0,12,1385.92,13,1458.1,3,1,0,0.00421094,1.86584e-16,1.45611e-16,3.47211e-16,1,1.05657e-16,1,8.9159e-16,1.6807e-15
22381,0,12,1385.92,13,1458.1,3,1,0,0.00420884,1.46065e-15,1.13989e-15,2.71809e-15,1,8.27136e-16,1,6.97981e-15,1.31574e-14
22382,0,12,1385.92,13,1458.1,3,1,9,0.00420673,1.09735e-14,8.56372e-15,2.04203e-14,1,6.21415e-15,1,5.24383e-14,9.88494e-14
22383,0,12,1385.92,13,1458.1,3,1,0,0.00420463,9.77181e-18,7.62595e-18,1.81842e-17,1,5.53376e-18,1,4.66968e-17,8.80263e-17
22384,0,12,1385.92,13,1456.26,3,1,13,0.00420253,8.11454e-17,6.33261e-17,1.51002e-16,1,4.59533e-17,1,3.87778e-16,7.30985e-16
22385,0,12,1385.92,13,1456.26,3,1,9,0.00420042,1.45995e-21,1.13935e-21,2.7168e-21,1,8.26796e-22,1,6.97693e-21,1.3152e-20
22386,0,12,1385.92,13,1456.26,3,1,0,0.00419832,1.78439e-24,1.39255e-24,3.32055e-24,1,1.01055e-24,1,8.52752e-24,1.60749e-23
22387,0,12,1385.92,13,1436.05,3,1,13,0.00419623,2.02092e-23,1.57713e-23,3.7607e-23,1,1.14452e-23,1,9.65801e-23,1.8206e-22
22388,0,12,1385.92,13,1436.05,3,1,0,0.00419413,4.92832e-28,3.84608e-28,9.17103e-28,1,2.79111e-28,1,2.35529e-27,4.43986e-27
22389,0,12,1385.92,13,1436.05,3,1,0,0.00419203,6.57557e-27,5.1316e-27,1.22364e-26,1,3.72407e-27,1,3.14257e-26,5.92393e-26
22390,0,12,1385.92,13,1436.05,3,1,9,0.00418993,8.33036e-26,6.50104e-26,1.55018e-25,1,4.71796e-26,1,3.98126e-25,7.50492e-25
22391,0,12,1385.92,13,1436.05,3,1,0,0.00418784,1.23791e-28,9.66068e-29,2.3036e-28,1,7.01108e-29,1,5.91632e-28,1.11526e-27
22392,0,12,1385.92,13,1436.05,3,1,9,0.00418574,1.69795e-27,1.32508e-27,3.15968e-27,1,9.61669e-28,1,8.11507e-27,1.52974e-26
22393,0,12,1385.92,13,1436.05,3,1,0,0.00418365,2.72749e-30,2.12854e-30,5.07554e-30,1,1.5448e-30,1,1.30358e-29,2.45733e-29
22394,0,12,1385.92,13,1436.05,3,1,0,0.00418156,4.03773e-29,3.15105e-29,7.51374e-29,1,2.28692e-29,1,1.92982e-28,3.63783e-28
22395,0,12,1385.92,13,1431.53,3,1,13,0.00417947,5.66373e-28,4.42e-28,1.05395e-27,1,3.20791e-28,1,2.707e-27,5.10286e-27
22396,0,12,1385.92,13,1426.97,3,1,13,0.00417738,1.70334e-32,1.32929e-32,3.16972e-32,1,9.64773e-33,1,8.14126e-32,1.53468e-31
22397,0,12,1385.92,13,1426.97,3,1,0,0.00417529,6.30864e-37,4.92328e-37,1.17396e-36,1,3.57326e-37,1,3.01531e-36,5.68404e-36
22398,0,12,1385.92,13,1426.97,3,1,9,0.0041732,1.26773e-35,9.89338e-36,2.35909e-35,1,7.18059e-36,1,6.05935e-35,1.14223e-34
22399,0,12,1385.92,13,1426.97,3,1,0,0.00417112,2.96076e-38,2.31059e-38,5.50963e-38,1,1.67704e-38,1,1.41517e-37,2.66769e-37
22400,0,12,1385.92,13,1426.97,3,1,9,0.00416903,6.32505e-37,4.93609e-37,1.17702e-36,1,3.58268e-37,1,3.02325e-36,5.69902e-36
22401,0,12,1385.92,13,1426.97,3,1,0,0.00416695,1.56849e-39,1.22405e-39,2.91877e-39,1,8.88445e-40,1,7.49716e-39,1.41326e-38
22402,0,12,1385.92,13,1426.97,3,1,0,0.00416486,3.55353e-38,2.77319e-38,6.6127e-38,1,2.01286e-38,1,1.69856e-37,3.20189e-37
22403,0,12,1385.92,13,1426.97,3,1,0,0.00416278,7.56372e-37,5.90275e-37,1.40752e-36,1,4.28444e-37,1,3.61543e-36,6.81532e-36
22404,0,12,1385.92,13,1426.97,3,1,0,0.0041607,1.51443e-35,1.18187e-35,2.81818e-35,1,8.57853e-36,1,7.23901e-35,1.3646e-34
22405,0,12,1385.92,13,1426.97,3,1,0,0.00415862,2.85584e-34,2.2287e-34,5.31438e-34,1,1.61771e-34,1,1.36511e-33,2.57332e-33
22406,0,12,1385.92,13,1426.75,3,1,13,0.00415654,5.07817e-33,3.96302e-33,9.44988e-33,1,2.8766e-33,1,2.42742e-32,4.57585e-32
22407,0,12,1385.92,13,1426.75,3,1,9,0.00415446,1.92688e-37,1.50374e-37,3.58569e-37,1,1.09152e-37,1,9.21077e-37,1.73629e-36
22408,0,12,1385.92,13,1426.75,3,1,0,0.00415238,4.89322e-40,3.81868e-40,9.10571e-40,1,2.77189e-40,1,2.33906e-39,4.40928e-39
22409,0,12,1385.92,13,1426.75,3,1,0,0.00415031,1.13473e-38,8.85545e-39,2.11159e-38,1,6.428e-39,1,5.42428e-38,1.02251e-37
22410,0,12,1385.92,13,1426.75,3,1,0,0.00414823,2.47106e-37,1.92842e-37,4.59834e-37,1,1.39982e-37,1,1.18124e-36,2.22671e-36
22411,0,12,1385.92,13,1426.75,3,1,0,0.00414616,5.05957e-36,3.9485e-36,9.41526e-36,1,2.8662e-36,1,2.41865e-35,4.5593e-35
22412,0,12,1385.92,13,1426.75,3,1,0,0.00414409,9.75259e-35,7.61095e-35,1.81484e-34,1,5.5248e-35,1,4.66211e-34,8.78837e-34
22413,0,12,1385.92,13,1426.75,3,1,0,0.00414201,1.77185e-33,1.38275e-33,3.2972e-33,1,1.00375e-33,1,8.47018e-33,1.59668e-32
22414,0,12,1385.92,13,1426.75,3,1,9,0.00413994,3.03771e-32,2.37064e-32,5.65282e-32,1,1.72088e-32,1,1.45217e-31,2.73743e-31
22415,0,12,1385.92,13,1426.75,3,1,0,0.00413787,6.07203e-35,4.73863e-35,1.12993e-34,1,3.43986e-35,1,2.90274e-34,5.47184e-34
22416,0,12,1385.92,13,1426.75,3,1,0,0.0041358,1.11367e-33,8.6911e-34,2.07241e-33,1,6.30909e-34,1,5.32394e-33,1.0036e-32
22417,0,12,1385.92,13,1426.75,3,1,0,0.00413374,1.92712e-32,1.50393e-32,3.58615e-32,1,1.09175e-32,1,9.21277e-32,1.73666e-31
22418,0,12,1385.92,13,1426.75,3,1,0,0.00413167,3.14992e-31,2.45821e-31,5.86164e-31,1,1.7845e-31,1,1.50586e-30,2.83864e-30
22419,0,12,1385.92,13,1426.75,3,1,0,0.0041296,4.86881e-30,3.79963e-30,9.06028e-30,1,2.75831e-30,1,2.32761e-29,4.38769e-29
22420,0,12,1385.92,13,1426.75,3,1,0,0.00412754,7.12464e-29,5.56009e-29,1.32581e-28,1,4.03634e-29,1,3.40607e-28,6.42066e-28
22421,0,12,1385.92,13,1426.75,3,1,0,0.00412547,9.88089e-28,7.71108e-28,1.83872e-27,1,5.59788e-28,1,4.72379e-27,8.90463e-27
22422,0,12,1385.92,13,1426.75,3,1,0,0.00412341,1.30014e-26,1.01463e-26,2.4194e-26,1,7.3658e-27,1,6.21564e-26,1.17169e-25
22423,0,12,1385.92,13,1426.75,3,1,9,0.00412135,1.62479e-25,1.26799e-25,3.02355e-25,1,9.20517e-26,1,7.7678e-25,1.46428e-24
22424,0,12,1385.92,13,1426.75,3,1,0,0.00411929,2.38243e-28,1.85926e-28,4.43342e-28,1,1.34976e-28,1,1.139e-27,2.14709e-27
22425,0,12,1385.92,13,1426.75,3,1,0,0.00411723,3.22529e-27,2.51702e-27,6.00188e-27,1,1.82729e-27,1,1.54197e-26,2.9067e-26
22426,0,12,1385.92,13,1426.75,3,1,0,0.00411517,4.14463e-26,3.23448e-26,7.71267e-26,1,2.34817e-26,1,1.9815e-25,3.73526e-25
22427,0,12,1385.92,13,1426.75,3,1,0,0.00411311,5.06086e-25,3.94951e-25,9.41768e-25,1,2.86728e-25,1,2.41956e-24,4.56103e-24
22428,0,12,1385.92,13,1426.75,3,1,0,0.00411106,5.87799e-24,4.5872e-24,1.09383e-23,1,3.33026e-24,1,2.81024e-23,5.29748e-23
22429,0,12,1385.92,13,1426.75,3,1,0,0.004109,6.50029e-23,5.07285e-23,1.20963e-22,1,3.68285e-23,1,3.10778e-22,5.85837e-22
22430,0,12,1385.92,13,1426.75,3,1,9,0.00410695,6.85114e-22,5.34665e-22,1.27492e-21,1,3.88166e-22,1,3.27554e-21,6.1746e-21
22431,0,12,1385.92,13,1426.75,3,1,0,0.00410489,8.50131e-25,6.63445e-25,1.58199e-24,1,4.81662e-25,1,4.06452e-24,7.66187e-24
22432,0,12,1385.92,13,1426.75,3,1,0,0.00410284,9.77204e-24,7.62613e-24,1.81846e-23,1,5.53661e-24,1,4.67208e-23,8.80717e-23
22433,0,12,1385.92,13,1426.75,3,1,0,0.00410079,1.06973e-22,8.3482e-23,1.99064e-22,1,6.06088e-23,1,5.11449e-22,9.64113e-22
22434,0,12,1385.92,13,1426.75,3,1,0,0.00409874,1.11629e-21,8.71157e-22,2.07729e-21,1,6.32472e-22,1,5.33713e-21,1.00608e-20
22435,0,12,1385.92,13,1425.18,3,1,13,0.00409669,1.1115e-20,8.6742e-21,2.06838e-20,1,6.29763e-21,1,5.31427e-20,1.00177e-19
22436,0,12,1385.92,13,1425.18,3,1,9,0.00409464,2.3892e-25,1.86454e-25,4.44602e-25,1,1.3537e-25,1,1.14232e-24,2.15335e-24
22437,0,12,1385.92,13,1425.18,3,1,0,0.00409259,3.47637e-28,2.71297e-28,6.46911e-28,1,1.96969e-28,1,1.66212e-27,3.13321e-27
22438,0,12,1385.92,13,1425.18,3,1,0,0.00409055,4.67081e-27,3.64511e-27,8.69183e-27,1,2.64646e-27,1,2.23322e-26,4.20976e-26
22439,0,12,1385.92,13,1425.18,3,1,0,0.0040885,5.9579e-26,4.64956e-26,1.10869e-25,1,3.37574e-26,1,2.84862e-25,5.36983e-25
22440,0,12,1385.92,13,1425.18,3,1,0,0.00408646,7.22237e-25,5.63636e-25,1.344e-24,1,4.09221e-25,1,3.45322e-24,6.50953e-24
22441,0,12,1385.92,13,1425.18,3,1,0,0.00408442,8.32904e-24,6.50001e-24,1.54994e-23,1,4.71927e-24,1,3.98237e-23,7.50701e-23
22442,0,12,1385.92,13,1425.18,3,1,0,0.00408237,9.14685e-23,7.13823e-23,1.70212e-22,1,5.18267e-23,1,4.37341e-22,8.24415e-22
22443,0,12,1385.92,13,1425.18,3,1,0,0.00408033,9.57491e-22,7.47229e-22,1.78178e-21,1,5.42524e-22,1,4.5781e-21,8.63001e-21
22444,0,12,1385.92,13,1425.18,3,1,0,0.00407829,9.56315e-21,7.46311e-21,1.77959e-20,1,5.4186e-21,1,4.5725e-20,8.61945e-20
22445,0,12,1385.92,13,1425.18,3,1,0,0.00407625,9.12173e-20,7.11863e-20,1.69745e-19,1,5.16852e-20,1,4.36146e-19,8.22163e-19
22446,0,12,1385.92,13,1425.18,3,1,0,0.00407421,8.31696e-19,6.49058e-19,1.54769e-18,1,4.71254e-19,1,3.97669e-18,7.4963e-18
22447,0,12,1385.92,13,1425.18,3,1,0,0.00407218,7.25528e-18,5.66204e-18,1.35012e-17,1,4.11099e-18,1,3.46907e-17,6.53941e-17
22448,0,12,1385.92,13,1425.18,3,1,0,0.00407014,6.06079e-17,4.72986e-17,1.12784e-16,1,3.43419e-17,1,2.89794e-16,5.46281e-16
22449,0,12,1385.92,13,1425.18,3,1,0,0.00406811,4.85252e-16,3.78692e-16,9.02998e-16,1,2.74956e-16,1,2.32022e-15,4.37377e-15
22450,0,12,1385.92,13,1425.18,3,1,0,0.00406607,3.72681e-15,2.90841e-15,6.93515e-15,1,2.11171e-15,1,1.78197e-14,3.35913e-14
22451,0,12,1385.92,13,1425.18,3,1,9,0.00406404,2.74789e-14,2.14446e-14,5.1135e-14,1,1.55704e-14,1,1.31391e-13,2.4768e-13
22452,0,12,1385.92,13,1425.18,3,1,0,0.00406201,2.40247e-17,1.87489e-17,4.47071e-17,1,1.36131e-17,1,1.14875e-16,2.16546e-16
22453,0,12,1385.92,13,1425.18,3,1,0,0.00405998,1.95944e-16,1.52916e-16,3.64629e-16,1,1.11029e-16,1,9.36919e-16,1.76615e-15
22454,0,12,1385.92,13,1425.18,3,1,0,0.00405795,1.53242e-15,1.19591e-15,2.85166e-15,1,8.68327e-16,1,7.3274e-15,1.38126e-14
22455,0,12,1385.92,13,1424.8,3,1,13,0.00405592,1.15016e-14,8.97592e-15,2.14032e-14,1,6.51728e-15,1,5.49962e-14,1.03671e-13
22456,0,12,1385.92,13,1424.8,3,1,0,0.00405389,1.87415e-19,1.4626e-19,3.48758e-19,1,1.06197e-19,1,8.96147e-19,1.68929e-18
22457,0,12,1385.92,13,1424.8,3,1,9,0.00405186,1.68437e-18,1.31449e-18,3.13442e-18,1,9.54437e-19,1,8.05403e-18,1.51824e-17
22458,0,12,1385.92,13,1424.8,3,1,0,0.00404984,1.78792e-21,1.3953e-21,3.3271e-21,1,1.01311e-21,1,8.54918e-21,1.61157e-20
22459,0,12,1385.92,13,1424.8,3,1,0,0.00404781,1.76356e-20,1.37628e-20,3.28177e-20,1,9.99313e-21,1,8.43272e-20,1.58962e-19
22460,0,12,1385.92,13,1424.8,3,1,0,0.00404579,1.66169e-19,1.29679e-19,3.09221e-19,1,9.41594e-20,1,7.94566e-19,1.49781e-18
22461,0,12,1385.92,13,1424.8,3,1,9,0.00404376,1.49702e-18,1.16828e-18,2.78578e-18,1,8.48287e-19,1,7.15829e-18,1.34938e-17
22462,0,12,1385.92,13,1424.8,3,1,9,0.00404174,1.5928e-21,1.24303e-21,2.96401e-21,1,9.02564e-22,1,7.61631e-21,1.43572e-20
22463,0,12,1385.92,13,1424.8,3,1,0,0.00403972,1.94337e-24,1.51662e-24,3.61639e-24,1,1.10122e-24,1,9.29268e-24,1.75173e-23
22464,0,12,1385.92,13,1424.8,3,1,0,0.0040377,2.19722e-23,1.71472e-23,4.08877e-23,1,1.24507e-23,1,1.05065e-22,1.98055e-22
22465,0,12,1385.92,13,1424.8,3,1,0,0.00403568,2.3666e-22,1.8469e-22,4.40397e-22,1,1.34105e-22,1,1.13165e-21,2.13323e-21
22466,0,12,1385.92,13,1424.8,3,1,0,0.00403367,2.4307e-21,1.89693e-21,4.52325e-21,1,1.37738e-21,1,1.1623e-20,2.19102e-20
22467,0,12,1385.92,13,1424.8,3,1,0,0.00403165,2.3829e-20,1.85962e-20,4.43429e-20,1,1.3503e-20,1,1.13945e-19,2.14793e-19
22468,0,12,1385.92,13,1424.8,3,1,0,0.00402963,2.23178e-19,1.74169e-19,4.15309e-19,1,1.26467e-19,1,1.06719e-18,2.01173e-18
22469,0,12,1385.92,13,1424.8,3,1,0,0.00402762,1.99879e-18,1.55986e-18,3.71952e-18,1,1.13264e-18,1,9.55784e-18,1.80171e-17
22470,0,12,1385.92,13,1424.8,3,1,0,0.0040256,1.71333e-17,1.33709e-17,3.18831e-17,1,9.70885e-18,1,8.19284e-17,1.5444e-16
22471,0,12,1385.92,13,1424.8,3,1,9,0.00402359,1.40687e-16,1.09792e-16,2.61801e-16,1,7.97225e-17,1,6.7274e-16,1.26816e-15
22472,0,12,1385.92,13,1424.8,3,1,0,0.00402158,1.36687e-19,1.06671e-19,2.54358e-19,1,7.74561e-20,1,6.53615e-19,1.2321e-18
22473,0,12,1385.92,13,1424.8,3,1,9,0.00401957,1.23623e-18,9.6476e-19,2.30048e-18,1,7.00536e-19,1,5.91149e-18,1.11435e-17
22474,0,12,1385.92,13,1424.8,3,1,0,0.00401756,1.32037e-21,1.03042e-21,2.45706e-21,1,7.48218e-22,1,6.31385e-21,1.1902e-20
22475,0,12,1385.92,13,1424.8,3,1,0,0.00401555,1.3103e-20,1.02256e-20,2.43832e-20,1,7.42513e-21,1,6.26571e-20,1.18113e-19
22476,0,12,1385.92,13,1424.8,3,1,0,0.00401354,1.24197e-19,9.69241e-20,2.31117e-19,1,7.03795e-20,1,5.93899e-19,1.11954e-18
22477,0,12,1385.92,13,1424.8,3,1,0,0.00401154,1.12543e-18,8.7829e-19,2.0943e-18,1,6.37755e-19,1,5.38171e-18,1.01449e-17
22478,0,12,1385.92,13,1424.8,3,1,0,0.00400953,9.75846e-18,7.61553e-18,1.81594e-17,1,5.5299e-18,1,4.66641e-17,8.79649e-17
22479,0,12,1385.92,13,1424.8,3,1,0,0.00400752,8.10368e-17,6.32414e-17,1.508e-16,1,4.59218e-17,1,3.87512e-16,7.30485e-16
22480,0,12,1385.92,13,1424.8,3,1,0,0.00400552,6.45056e-16,5.03404e-16,1.20037e-15,1,3.6554e-16,1,3.08462e-15,5.8147e-15
22481,0,12,1385.92,13,1424.8,3,1,9,0.00400352,4.926e-15,3.84426e-15,9.1667e-15,1,2.79147e-15,1,2.35559e-14,4.44043e-14
22482,0,12,1385.92,13,1424.8,3,1,0,0.00400152,4.45741e-18,3.47858e-18,8.29472e-18,1,2.52594e-18,1,2.13152e-17,4.01804e-17
22483,0,12,1385.92,13,1424.8,3,1,9,0.00399952,3.76002e-17,2.93433e-17,6.99695e-17,1,2.13074e-17,1,1.79803e-16,3.3894e-16
22484,0,12,1385.92,13,1424.8,3,1,0,0.00399752,3.7508e-20,2.92714e-20,6.9798e-20,1,2.12552e-20,1,1.79363e-19,3.3811e-19
22485,0,12,1385.92,13,1424.8,3,1,0,0.00399552,3.48121e-19,2.71675e-19,6.47813e-19,1,1.97275e-19,1,1.66471e-18,3.13809e-18
22486,0,12,1385.92,13,1424.8,3,1,9,0.00399352,3.09018e-18,2.41159e-18,5.75047e-18,1,1.75117e-18,1,1.47773e-17,2.78561e-17
22487,0,12,1385.92,13,1424.8,3,1,9,0.00399152,3.24058e-21,2.52896e-21,6.03034e-21,1,1.8364e-21,1,1.54965e-20,2.92119e-20
22488,0,12,1385.92,13,1424.8,3,1,0,0.00398953,3.89806e-24,3.04206e-24,7.25384e-24,1,2.20899e-24,1,1.86406e-23,3.51387e-23
22489,0,12,1385.92,13,1424.8,3,1,0,0.00398753,4.34631e-23,3.39187e-23,8.08797e-23,1,2.46301e-23,1,2.07842e-22,3.91795e-22
22490,0,12,1385.92,13,1424.8,3,1,0,0.00398554,4.61793e-22,3.60384e-22,8.59342e-22,1,2.61694e-22,1,2.20831e-21,4.1628e-21
22491,0,12,1385.92,13,1424.8,3,1,0,0.00398355,4.68001e-21,3.65229e-21,8.70895e-21,1,2.65212e-21,1,2.238e-20,4.21877e-20
22492,0,12,1385.92,13,1424.8,3,1,0,0.00398155,4.52825e-20,3.53386e-20,8.42654e-20,1,2.56613e-20,1,2.16543e-19,4.08198e-19
22493,0,12,1385.92,13,1424.8,3,1,0,0.00397956,4.18698e-19,3.26753e-19,7.79147e-19,1,2.37274e-19,1,2.00224e-18,3.77434e-18
22494,0,12,1385.92,13,1424.8,3,1,9,0.00397757,3.70298e-18,2.88982e-18,6.89081e-18,1,2.09846e-18,1,1.77079e-17,3.33805e-17
22495,0,12,1385.92,13,1424.8,3,1,0,0.00397558,3.86918e-21,3.01952e-21,7.20008e-21,1,2.19265e-21,1,1.85027e-20,3.48787e-20
22496,0,12,1385.92,13,1424.8,3,1,0,0.0039736,3.75798e-20,2.93274e-20,6.99317e-20,1,2.12964e-20,1,1.7971e-19,3.38764e-19
22497,0,12,1385.92,13,1424.8,3,1,0,0.00397161,3.48774e-19,2.72185e-19,6.49028e-19,1,1.9765e-19,1,1.66787e-18,3.14404e-18
22498,0,12,1385.92,13,1424.8,3,1,9,0.00396962,3.09587e-18,2.41602e-18,5.76104e-18,1,1.75442e-18,1,1.48047e-17,2.79079e-17
22499,0,12,1385.92,13,1424.8,3,1,0,0.00396764,3.24642e-21,2.53352e-21,6.04121e-21,1,1.83975e-21,1,1.55247e-20,2.92651e-20
22500,0,12,1385.92,13,1424.8,3,1,0,0.00396566,3.16421e-20,2.46936e-20,5.88823e-20,1,1.79316e-20,1,1.51316e-19,2.8524e-19
22501,0,12,1385.92,13,1424.61,3,1,13,0.00396367,2.94679e-19,2.29968e-19,5.48363e-19,1,1.66995e-19,1,1.40919e-18,2.65641e-18
22502,0,12,1385.92,13,1424.61,3,1,0,0.00396169,5.93229e-24,4.62958e-24,1.10393e-23,1,3.36184e-24,1,2.8369e-23,5.34773e-23
22503,0,12,1385.92,13,1424.61,3,1,0,0.00395971,6.55913e-23,5.11877e-23,1.22058e-22,1,3.71708e-23,1,3.13667e-22,5.91281e-22
22504,0,12,1385.92,13,1424.61,3,1,9,0.00395773,6.91191e-22,5.39408e-22,1.28623e-21,1,3.91701e-22,1,3.30537e-21,6.23084e-21
22505,0,12,1385.92,13,1424.61,3,1,0,0.00395575,8.57521e-25,6.69212e-25,1.59575e-24,1,4.85961e-25,1,4.10079e-24,7.73025e-24
22506,0,12,1385.92,13,1424.61,3,1,9,0.00395377,9.85527e-24,7.69108e-24,1.83395e-23,1,5.58503e-24,1,4.71294e-23,8.88419e-23
22507,0,12,1385.92,13,1424.61,3,1,0,0.0039518,1.33117e-26,1.03885e-26,2.47715e-26,1,7.54382e-27,1,6.36587e-26,1.20001e-25
22508,0,12,1385.92,13,1424.61,3,1,0,0.00394982,1.66279e-25,1.29765e-25,3.09426e-25,1,9.42314e-26,1,7.95174e-25,1.49895e-24
22509,0,12,1385.92,13,1424.61,3,1,0,0.00394785,1.97474e-24,1.54109e-24,3.67475e-24,1,1.1191e-24,1,9.44353e-24,1.78017e-23
22510,0,12,1385.92,13,1424.61,3,1,0,0.00394587,2.23197e-23,1.74183e-23,4.15343e-23,1,1.26487e-23,1,1.06737e-22,2.01205e-22
22511,0,12,1385.92,13,1424.61,3,1,0,0.0039439,2.40327e-22,1.87552e-22,4.47221e-22,1,1.36195e-22,1,1.14929e-21,2.16648e-21
22512,0,12,1385.92,13,1424.61,3,1,0,0.00394193,2.4676e-21,1.92573e-21,4.59192e-21,1,1.39841e-21,1,1.18005e-20,2.22448e-20
22513,0,12,1385.92,13,1424.61,3,1,0,0.00393996,2.41835e-20,1.88729e-20,4.50026e-20,1,1.3705e-20,1,1.1565e-19,2.18008e-19
22514,0,12,1385.92,13,1424.61,3,1,0,0.00393799,2.26431e-19,1.76708e-19,4.21362e-19,1,1.28321e-19,1,1.08284e-18,2.04122e-18
22515,0,12,1385.92,13,1424.61,3,1,0,0.00393602,2.02734e-18,1.58214e-18,3.77264e-18,1,1.14892e-18,1,9.69516e-18,1.8276e-17
22516,0,12,1385.92,13,1424.61,3,1,0,0.00393405,1.73731e-17,1.3558e-17,3.23293e-17,1,9.84554e-18,1,8.30818e-17,1.56614e-16
22517,0,12,1385.92,13,1424.61,3,1,0,0.00393208,1.42616e-16,1.11298e-16,2.65392e-16,1,8.08223e-17,1,6.8202e-16,1.28565e-15
22518,0,12,1385.92,13,1424.61,3,1,0,0.00393012,1.12247e-15,8.75976e-16,2.08878e-15,1,6.36117e-16,1,5.36788e-15,1.01188e-14
22519,0,12,1385.92,13,1424.61,3,1,0,0.00392815,8.47732e-15,6.61573e-15,1.57753e-14,1,4.80421e-15,1,4.05405e-14,7.64213e-14
22520,0,12,1385.92,13,1424.61,3,1,0,0.00392619,6.14868e-14,4.79845e-14,1.1442e-13,1,3.48455e-14,1,2.94044e-13,5.54292e-13
22521,0,12,1385.92,13,1424.61,3,1,0,0.00392422,4.28642e-13,3.34514e-13,7.97653e-13,1,2.42918e-13,1,2.04987e-12,3.86413e-12
22522,0,12,1385.92,13,1424.61,3,1,0,0.00392226,2.87436e-12,2.24316e-12,5.34886e-12,1,1.62895e-12,1,1.37459e-11,2.59119e-11
22523,0,12,1385.92,13,1424.61,3,1,9,0.0039203,1.85549e-11,1.44803e-11,3.45286e-11,1,1.05154e-11,1,8.87343e-11,1.6727e-10
22524,0,12,1385.92,13,1424.61,3,1,9,0.00391834,1.42406e-14,1.11134e-14,2.65001e-14,1,8.0704e-15,1,6.81022e-14,1.28377e-13
22525,0,12,1385.92,13,1424.61,3,1,0,0.00391638,1.26153e-17,9.845e-18,2.34755e-17,1,7.14929e-18,1,6.03294e-17,1.13725e-16
22526,0,12,1385.92,13,1424.61,3,1,9,0.00391442,1.04224e-16,8.13367e-17,1.93948e-16,1,5.90655e-17,1,4.98426e-16,9.39564e-16
22527,0,12,1385.92,13,1424.61,3,1,0,0.00391247,1.0187e-19,7.94997e-20,1.89568e-19,1,5.77316e-20,1,4.87169e-19,9.18344e-19
22528,0,12,1385.92,13,1424.61,3,1,0,0.00391051,9.26775e-19,7.23258e-19,1.72462e-18,1,5.2522e-19,1,4.43208e-18,8.35475e-18
22529,0,12,1385.92,13,1424.61,3,1,0,0.00390855,8.06721e-18,6.29568e-18,1.50121e-17,1,4.57184e-18,1,3.85796e-17,7.27249e-17
22530,0,12,1385.92,13,1424.61,3,1,0,0.0039066,6.72477e-17,5.24803e-17,1.2514e-16,1,3.81106e-17,1,3.21597e-16,6.06231e-16
22531,0,12,1385.92,13,1424.61,3,1,0,0.00390465,5.37295e-16,4.19307e-16,9.99843e-16,1,3.04496e-16,1,2.56949e-15,4.84366e-15
22532,0,12,1385.92,13,1424.61,3,1,0,0.00390269,4.1181e-15,3.21378e-15,7.6633e-15,1,2.33381e-15,1,1.96939e-14,3.71243e-14
22533,0,12,1385.92,13,1424.61,3,1,0,0.00390074,3.03034e-14,2.36489e-14,5.63911e-14,1,1.71736e-14,1,1.4492e-13,2.73183e-13
22534,0,12,1385.92,13,1424.61,3,1,0,0.00389879,2.14265e-13,1.67213e-13,3.98722e-13,1,1.21428e-13,1,1.02468e-12,1.93158e-12
22535,0,12,1385.92,13,1424.61,3,1,9,0.00389684,1.45687e-12,1.13694e-12,2.71106e-12,1,8.25639e-13,1,6.96717e-12,1.31336e-11
22536,0,12,1385.92,13,1424.61,3,1,0,0.00389489,1.1765e-15,9.18141e-16,2.18932e-15,1,6.66746e-16,1,5.62635e-15,1.0606e-14
22537,0,12,1385.92,13,1424.61,3,1,0,0.00389295,8.87702e-15,6.92765e-15,1.65191e-14,1,5.03081e-15,1,4.24526e-14,8.00257e-14
22538,0,12,1385.92,13,1424.61,3,1,0,0.003891,6.43266e-14,5.02007e-14,1.19704e-13,1,3.64553e-14,1,3.07629e-13,5.799e-13
22539,0,12,1385.92,13,1424.61,3,1,0,0.00388906,4.48034e-13,3.49647e-13,8.33739e-13,1,2.53912e-13,1,2.14264e-12,4.03901e-12
22540,0,12,1385.92,13,1424.61,3,1,0,0.00388711,3.00174e-12,2.34257e-12,5.5859e-12,1,1.70116e-12,1,1.43553e-11,2.70606e-11
22541,0,12,1385.92,13,1424.61,3,1,0,0.00388517,1.93604e-11,1.51089e-11,3.60275e-11,1,1.0972e-11,1,9.25876e-11,1.74533e-10
22542,0,12,1385.92,13,1424.61,3,1,0,0.00388322,1.203e-10,9.38824e-11,2.23864e-10,1,6.81769e-11,1,5.75312e-10,1.0845e-09
22543,0,12,1385.92,13,1424.61,3,1,9,0.00388128,7.2069e-10,5.62429e-10,1.34112e-09,1,4.08433e-10,1,3.44657e-09,6.497e-09
22544,0,12,1385.92,13,1424.61,3,1,9,0.00387934,5.14082e-13,4.01191e-13,9.56646e-13,1,2.91343e-13,1,2.4585e-12,4.63443e-12
22545,0,12,1385.92,13,1424.61,3,1,0,0.0038774,4.23887e-16,3.30803e-16,7.88803e-16,1,2.40227e-16,1,2.02716e-15,3.82133e-15
22546,0,12,1385.92,13,1424.61,3,1,0,0.00387546,3.26433e-15,2.54749e-15,6.07453e-15,1,1.84998e-15,1,1.56111e-14,2.94279e-14
22547,0,12,1385.92,13,1424.61,3,1,0,0.00387353,2.41327e-14,1.88333e-14,4.49082e-14,1,1.36766e-14,1,1.15411e-13,2.17556e-13
22548,0,12,1385.92,13,1424.61,3,1,0,0.00387159,1.71413e-13,1.33771e-13,3.18979e-13,1,9.71441e-14,1,8.19752e-13,1.54528e-12
22549,0,12,1385.92,13,1424.61,3,1,0,0.00386965,1.17071e-12,9.13629e-13,2.17856e-12,1,6.63475e-13,1,5.59874e-12,1.0554e-11
22550,0,12,1385.92,13,1424.61,3,1,9,0.00386772,7.69432e-12,6.00467e-12,1.43182e-11,1,4.36058e-12,1,3.67968e-11,6.93644e-11
22551,0,12,1385.92,13,1424.61,3,1,0,0.00386579,6.01015e-15,4.69034e-15,1.11842e-14,1,3.40612e-15,1,2.87426e-14,5.41816e-14
22552,1,12,1385.92,13,1424.61,3,1,0,0.00386385,4.38931e-14,3.42543e-14,8.16799e-14,1,2.48754e-14,1,2.09912e-13,3.95697e-13
22553,1,12,1385.92,13,1424.61,0,2,0,0.00386192,1,2.60008e-34,4.58228e-34,6.56524e-34,5.56607e-34,2.32355e-34,1,1.5312e-34
22554,1,12,1385.92,13,1424.61,0,2,0,0.00385999,1,2.59694e-33,4.57675e-33,6.55732e-33,5.5593e-33,2.32073e-33,1,1.52934e-33
22555,1,12,1385.92,13,1424.61,0,2,9,0.00385806,1,2.47713e-32,4.3656e-32,6.25479e-32,5.30276e-32,2.21363e-32,1,1.45876e-32
22556,1,12,1385.92,13,1424.61,0,2,0,0.00385613,1,2.78737e-35,4.91236e-35,7.03815e-35,5.96683e-35,2.49085e-35,1,1.64145e-35
22557,1,12,1385.92,13,1424.61,0,2,0,0.0038542,1,2.91116e-34,5.13052e-34,7.35072e-34,6.23176e-34,2.60144e-34,1,1.71433e-34
22558,1,12,1385.92,13,1424.61,0,2,0,0.00385228,1,2.90108e-33,5.11276e-33,7.32528e-33,6.21013e-33,2.59241e-33,1,1.70838e-33
22559,1,12,1385.92,13,1424.61,0,2,0,0.00385035,1,2.76111e-32,4.86609e-32,6.97186e-32,5.91045e-32,2.46732e-32,1,1.62594e-32
22560,1,12,1385.92,13,1424.61,0,2,0,0.00384842,1,2.51211e-31,4.42725e-31,6.34311e-31,5.37738e-31,2.24478e-31,1,1.47929e-31
22561,1,12,1385.92,13,1424.61,0,2,9,0.0038465,1,2.18682e-30,3.85397e-30,5.52175e-30,4.68103e-30,1.95409e-30,1,1.28773e-30
22562,1,12,1385.92,13,1424.61,0,2,0,0.00384458,1,2.24979e-33,3.96494e-33,5.68075e-33,4.81578e-33,2.01034e-33,1,1.3248e-33
22563,1,12,1385.92,13,1424.61,0,2,0,0.00384265,1,2.15216e-32,3.79289e-32,5.43423e-32,4.60676e-32,1.92309e-32,1,1.2673e-32
22564,1,12,1385.92,13,1424.61,0,2,0,0.00384073,1,1.96785e-31,3.46807e-31,4.96886e-31,4.2122e-31,1.75838e-31,1,1.15876e-31
22565,1,12,1385.92,13,1424.61,0,2,0,0.00383881,1,1.72142e-30,3.03377e-30,4.34662e-30,3.68469e-30,1.53817e-30,1,1.01364e-30
22566,1,12,1385.92,13,1424.61,0,2,9,0.00383689,1,1.44193e-29,2.54121e-29,3.64091e-29,3.08642e-29,1.28843e-29,1,8.49061e-30
22567,1,12,1385.92,13,1424.61,0,2,0,0.00383497,1,1.42854e-32,2.5176e-32,3.60708e-32,3.05772e-32,1.27644e-32,1,8.41165e-33
22568,1,12,1385.92,13,1424.61,0,2,0,0.00383306,1,1.31695e-31,2.32094e-31,3.32532e-31,2.81885e-31,1.17673e-31,1,7.75453e-32
22569,1,12,1385.92,13,1424.61,0,2,0,0.00383114,1,1.16132e-30,2.04667e-30,2.93236e-30,2.48573e-30,1.03766e-30,1,6.83811e-31
22570,1,12,1385.92,13,1424.61,0,2,9,0.00382923,1,9.80459e-30,1.72793e-29,2.47568e-29,2.09858e-29,8.76052e-30,1,5.7731e-30
22571,1,12,1385.92,13,1424.61,0,2,0,0.00382731,1,9.78872e-33,1.72513e-32,2.47167e-32,2.09517e-32,8.74628e-33,1,5.76372e-33
22572,1,12,1385.92,13,1424.61,0,2,0,0.0038254,1,9.09258e-32,1.60244e-31,2.29589e-31,1.94615e-31,8.12421e-32,1,5.35378e-32
22573,1,12,1385.92,13,1424.61,0,2,0,0.00382348,1,8.07772e-31,1.42359e-30,2.03964e-30,1.72892e-30,7.21738e-31,1,4.75619e-31
22574,1,12,1385.92,13,1424.61,0,2,0,0.00382157,1,6.86939e-30,1.21064e-29,1.73453e-29,1.47029e-29,6.13771e-30,1,4.04469e-30
22575,1,12,1385.92,13,1424.61,0,2,0,0.00381966,1,5.597e-29,9.86396e-29,1.41325e-28,1.19794e-28,5.00081e-29,1,3.29549e-29
22576,1,12,1385.92,13,1424.61,0,2,0,0.00381775,1,4.37292e-28,7.70668e-28,1.10417e-27,9.35944e-28,3.90709e-28,1,2.57474e-28
22577,1,12,1385.92,13,1424.61,0,2,9,0.00381584,1,3.27893e-27,5.77866e-27,8.27935e-27,7.0179e-27,2.92962e-27,1,1.93059e-27
22578,1,12,1385.92,13,1424.61,0,2,0,0.00381393,1,2.91435e-30,5.13615e-30,7.35879e-30,6.23756e-30,2.60387e-30,1,1.71592e-30
22579,1,12,1385.92,13,1424.61,0,2,9,0.00381203,1,2.41561e-29,4.25718e-29,6.09946e-29,5.17007e-29,2.15824e-29,1,1.42226e-29
22580,1,12,1385.92,13,1424.61,0,2,0,0.00381012,1,2.3686e-32,4.17433e-32,5.98075e-32,5.06942e-32,2.11623e-32,1,1.39457e-32
22581,1,12,1385.92,13,1424.61,0,2,0,0.00380822,1,2.16161e-31,3.80954e-31,5.4581e-31,4.62638e-31,1.93128e-31,1,1.2727e-31
22582,1,12,1385.92,13,1424.61,0,2,0,0.00380631,1,1.88737e-30,3.32623e-30,4.76564e-30,4.03942e-30,1.68625e-30,1,1.11123e-30
22583,1,12,1385.92,13,1424.61,0,2,0,0.00380441,1,1.57803e-29,2.78106e-29,3.98455e-29,3.37734e-29,1.40987e-29,1,9.2909e-30
22584,1,12,1385.92,13,1424.61,0,2,0,0.00380251,1,1.26453e-28,2.22856e-28,3.19295e-28,2.70636e-28,1.12977e-28,1,7.44507e-29
22585,1,12,1385.92,13,1424.61,0,2,0,0.00380061,1,9.71998e-28,1.71301e-27,2.45431e-27,2.08027e-27,8.68408e-28,1,5.72273e-28
22586,1,12,1385.92,13,1424.61,0,2,0,0.00379871,1,7.17278e-27,1.2641e-26,1.81114e-26,1.53511e-26,6.40831e-27,1,4.22302e-27
22587,1,12,1385.92,13,1424.61,0,2,0,0.00379681,1,5.08568e-26,8.96282e-26,1.28414e-25,1.08843e-25,4.54363e-26,1,2.99421e-26
22588,1,12,1385.92,13,1424.61,0,2,0,0.00379491,1,3.46735e-25,6.11073e-25,8.75511e-25,7.4207e-25,3.09777e-25,1,2.0414e-25
22589,1,12,1385.92,13,1424.61,0,2,9,0.00379301,1,2.27496e-24,4.0093e-24,5.7443e-24,4.86876e-24,2.03246e-24,1,1.33937e-24
22590,1,12,1385.92,13,1424.61,0,2,0,0.00379111,1,1.77402e-27,3.12647e-27,4.47943e-27,3.79666e-27,1.58491e-27,1,1.04444e-27
22591,1,12,1385.92,13,1424.61,0,2,0,0.00378922,1,1.29347e-26,2.27956e-26,3.26602e-26,2.76819e-26,1.15558e-26,1,7.61516e-27
22592,1,12,1385.92,13,1424.61,0,2,9,0.00378732,1,9.06348e-26,1.59732e-25,2.28855e-25,1.9397e-25,8.09726e-26,1,5.33602e-26
22593,1,12,1385.92,13,1424.61,0,2,0,0.00378543,1,7.53832e-29,1.32853e-28,1.90344e-28,1.61329e-28,6.73465e-29,1,4.43807e-29
22594,1,12,1385.92,13,1424.61,0,2,0,0.00378354,1,5.8547e-28,1.03181e-27,1.47832e-27,1.25297e-27,5.2305e-28,1,3.44685e-28
22595,1,12,1385.92,13,1424.61,0,2,0,0.00378165,1,4.36445e-27,7.69175e-27,1.10203e-26,9.34034e-27,3.89912e-27,1,2.56948e-27
22596,1,12,1385.92,13,1424.61,0,2,0,0.00377975,1,3.12541e-26,5.50811e-26,7.89171e-26,6.68864e-26,2.79217e-26,1,1.84001e-26
22597,1,12,1385.92,13,1424.61,0,2,0,0.00377787,1,2.15171e-25,3.7921e-25,5.43311e-25,4.60482e-25,1.92228e-25,1,1.26677e-25
22598,1,12,1385.92,13,1424.61,0,2,0,0.00377598,1,1.42529e-24,2.51188e-24,3.59889e-24,3.05022e-24,1.27331e-24,1,8.39101e-25
22599,1,12,1385.92,13,1424.61,0,2,0,0.00377409,1,9.09078e-24,1.60213e-23,2.29544e-23,1.94548e-23,8.12139e-24,1,5.35192e-24
22600,1,12,1385.92,13,1424.61,0,2,0,0.0037722,1,5.58733e-23,9.84691e-23,1.41081e-22,1.19572e-22,4.99151e-23,1,3.28936e-23
22601,1,12,1385.92,13,1424.61,0,2,0,0.00377032,1,3.31158e-22,5.83622e-22,8.36181e-22,7.08692e-22,2.95843e-22,1,1.94958e-22
22602,1,12,1385.92,13,1424.61,0,2,0,0.00376843,1,1.89413e-21,3.33815e-21,4.78272e-21,4.0535e-21,1.69213e-21,1,1.1151e-21
22603,1,12,1385.92,13,1424.61,0,2,0,0.00376655,1,1.04626e-20,1.84388e-20,2.64181e-20,2.23901e-20,9.34674e-21,1,6.15941e-21
22604,1,12,1385.92,13,1424.61,0,2,0,0.00376466,1,5.58496e-20,9.84274e-20,1.41021e-19,1.19519e-19,4.98932e-20,1,3.28791e-20
22605,1,12,1385.92,13,1424.61,0,2,9,0.00376278,1,2.88307e-19,5.08102e-19,7.27981e-19,6.16979e-19,2.57558e-19,1,1.69728e-19
22606,1,12,1385.92,13,1424.61,0,2,0,0.0037609,1,1.77739e-22,3.13241e-22,4.48795e-22,3.80362e-22,1.58782e-22,1,1.04636e-22
22607,1,12,1385.92,13,1424.61,0,2,9,0.00375902,1,1.02935e-21,1.81409e-21,2.59913e-21,2.2028e-21,9.19558e-22,1,6.0598e-22
22608,1,12,1385.92,13,1424.61,0,2,9,0.00375714,1,7.10292e-25,1.25179e-24,1.7935e-24,1.52001e-24,6.34529e-25,1,4.18149e-25
22609,1,12,1385.92,13,1424.61,0,2,9,0.00375526,1,5.66935e-28,9.99146e-28,1.43152e-27,1.21323e-27,5.06461e-28,1,3.33753e-28
22610,1,12,1385.92,13,1424.61,0,2,0,0.00375338,1,5.21901e-31,9.19779e-31,1.31781e-30,1.11685e-30,4.66229e-31,1,3.07241e-31
22611,1,12,1385.92,13,1424.61,0,2,0,0.00375151,1,4.47725e-30,7.89055e-30,1.13051e-29,9.58115e-30,3.99964e-30,1,2.63573e-30
22612,1,12,1385.92,13,1424.61,0,2,0,0.00374963,1,3.67931e-29,6.48429e-29,9.29033e-29,7.87357e-29,3.28681e-29,1,2.16598e-29
22613,1,12,1385.92,13,1424.61,0,2,0,0.00374776,1,2.89886e-28,5.10884e-28,7.31966e-28,6.20341e-28,2.58961e-28,1,1.70653e-28
22614,1,12,1385.92,13,1424.61,0,2,0,0.00374588,1,2.19158e-27,3.86237e-27,5.53378e-27,4.68986e-27,1.95778e-27,1,1.29016e-27
22615,1,12,1385.92,13,1424.61,0,2,0,0.00374401,1,1.59118e-26,2.80423e-26,4.01774e-26,3.40501e-26,1.42142e-26,1,9.36703e-27
22616,1,12,1385.92,13,1424.61,0,2,0,0.00374214,1,1.11035e-25,1.95684e-25,2.80365e-25,2.37607e-25,9.91887e-26,1,6.53645e-26
22617,1,12,1385.92,13,1424.61,0,2,0,0.00374027,1,7.4529e-25,1.31347e-24,1.88187e-24,1.59486e-24,6.65775e-25,1,4.38739e-25
22618,1,12,1385.92,13,1424.61,0,2,9,0.0037384,1,4.81564e-24,8.48692e-24,1.21596e-23,1.03051e-23,4.30185e-24,1,2.83488e-24
22619,1,12,1385.92,13,1424.61,0,2,0,0.00373653,1,3.69936e-27,6.51962e-27,9.34094e-27,7.91629e-27,3.30465e-27,1,2.17774e-27
22620,1,12,1385.92,13,1424.61,0,2,0,0.00373466,1,2.6579e-26,4.68419e-26,6.71125e-26,5.68766e-26,2.37431e-26,1,1.56465e-26
22621,1,12,1385.92,13,1424.61,0,2,0,0.00373279,1,1.83579e-25,3.23534e-25,4.63541e-25,3.92841e-25,1.63991e-25,1,1.08069e-25
22622,1,12,1385.92,13,1424.61,0,2,0,0.00373092,1,1.2199e-24,2.1499e-24,3.08026e-24,2.61045e-24,1.08973e-24,1,7.18122e-25
22623,1,12,1385.92,13,1424.61,0,2,0,0.00372906,1,7.80498e-24,1.37552e-23,1.97077e-23,1.67018e-23,6.97215e-24,1,4.59458e-24
22624,1,12,1385.92,13,1424.61,0,2,0,0.00372719,1,4.81171e-23,8.47999e-23,1.21497e-22,1.02965e-22,4.29827e-23,1,2.83252e-23
22625,1,12,1385.92,13,1424.61,0,2,0,0.00372533,1,2.86042e-22,5.0411e-22,7.2226e-22,6.12094e-22,2.55518e-22,1,1.68384e-22
22626,1,12,1385.92,13,1424.61,0,2,9,0.00372347,1,1.64088e-21,2.89182e-21,4.14324e-21,3.51127e-21,1.46578e-21,1,9.65933e-22
22627,1,12,1385.92,13,1424.61,0,2,0,0.00372161,1,1.12176e-24,1.97695e-24,2.83246e-24,2.40042e-24,1.00205e-24,1,6.60343e-25
22628,1,12,1385.92,13,1424.61,0,2,0,0.00371975,1,7.18914e-24,1.26699e-23,1.81527e-23,1.53838e-23,6.42195e-24,1,4.232e-24
22629,1,12,1385.92,13,1424.61,0,2,0,0.00371789,1,4.43935e-23,7.82375e-23,1.12094e-22,9.49957e-23,3.96559e-23,1,2.61329e-23
22630,1,12,1385.92,13,1424.61,0,2,0,0.00371603,1,2.64331e-22,4.65848e-22,6.6744e-22,5.65629e-22,2.36122e-22,1,1.55602e-22
22631,1,12,1385.92,13,1424.61,0,2,9,0.00371417,1,1.51873e-21,2.67656e-21,3.83482e-21,3.24985e-21,1.35665e-21,1,8.94019e-22
22632,1,12,1385.92,13,1424.61,0,2,9,0.00371231,1,1.03986e-24,1.83262e-24,2.62567e-24,2.22514e-24,9.28884e-25,1,6.12126e-25
22633,1,12,1385.92,13,1424.61,0,2,9,0.00371046,1,8.23686e-28,1.45163e-27,2.07982e-27,1.76255e-27,7.35777e-28,1,4.8487e-28
22634,1,12,1385.92,13,1424.61,0,2,9,0.0037086,1,7.52613e-31,1.32638e-30,1.90036e-30,1.61047e-30,6.72288e-31,1,4.43032e-31
22635,1,12,1385.92,13,1424.61,0,2,0,0.00370675,1,7.90979e-34,1.39399e-33,1.99724e-33,1.69256e-33,7.06558e-34,1,4.65616e-34
22636,1,12,1385.92,13,1424.61,0,2,0,0.00370489,1,7.7264e-33,1.36167e-32,1.95093e-32,1.65331e-32,6.90175e-33,1,4.54819e-33
22637,1,12,1385.92,13,1424.61,0,2,9,0.00370304,1,7.21096e-32,1.27083e-31,1.82078e-31,1.54302e-31,6.44131e-32,1,4.24477e-32
22638,1,12,1385.92,13,1424.61,0,2,9,0.00370119,1,7.94252e-35,1.39976e-34,2.0055e-34,1.69955e-34,7.09478e-35,1,4.67539e-35
22639,1,12,1385.92,13,1424.61,0,2,0,0.00369934,1,1.0025e-37,1.76677e-37,2.53133e-37,2.14516e-37,8.95497e-38,1,5.90124e-38
22640,1,12,1385.92,13,1424.61,0,2,0,0.00369749,1,1.17176e-36,2.06507e-36,2.95871e-36,2.50734e-36,1.04669e-36,1,6.89757e-37
22641,1,12,1385.92,13,1424.61,0,2,0,0.00369564,1,1.30388e-35,2.29791e-35,3.29231e-35,2.79004e-35,1.1647e-35,1,7.67528e-36
22642,1,12,1385.92,13,1424.61,0,2,0,0.00369379,1,1.38263e-34,2.43671e-34,3.49118e-34,2.95856e-34,1.23505e-34,1,8.13887e-35
22643,1,12,1385.92,13,1424.61,0,2,0,0.00369194,1,1.39852e-33,2.4647e-33,3.53129e-33,2.99255e-33,1.24924e-33,1,8.23237e-34
22644,1,12,1385.92,13,1424.61,0,2,0,0.0036901,1,1.35061e-32,2.38027e-32,3.41032e-32,2.89003e-32,1.20644e-32,1,7.95034e-33
22645,1,12,1385.92,13,1424.61,0,2,9,0.00368825,1,1.24651e-31,2.1968e-31,3.14746e-31,2.66727e-31,1.11345e-31,1,7.33753e-32
22646,1,12,1385.92,13,1424.61,0,2,0,0.00368641,1,1.35802e-34,2.39333e-34,3.42903e-34,2.90588e-34,1.21306e-34,1,7.99393e-35
22647,1,12,1385.92,13,1424.61,0,2,9,0.00368457,1,1.37412e-33,2.4217e-33,3.46967e-33,2.94032e-33,1.22743e-33,1,8.08867e-34
22648,1,12,1385.92,13,1424.61,0,2,9,0.00368272,1,1.63828e-36,2.88725e-36,4.13669e-36,3.50556e-36,1.4634e-36,1,9.64364e-37
22649,1,12,1385.92,13,1424.61,0,2,9,0.00368088,1,2.23474e-39,3.93842e-39,5.64275e-39,4.78184e-39,1.99617e-39,1,1.31546e-39
22650,1,12,1385.92,13,1424.61,0,2,0,0.00367904,1,3.4783e-42,6.13003e-42,8.78276e-42,7.44277e-42,3.10698e-42,1,2.04747e-42
22651,1,12,1385.92,13,1424.61,0,2,0,0.0036772,1,4.99246e-41,8.79854e-41,1.26061e-40,1.06827e-40,4.4595e-41,1,2.93877e-41
22652,2,12,1385.92,13,1424.61,0,2,0,0.00367536,1,6.79397e-40,1.19735e-39,1.71549e-39,1.45375e-39,6.06868e-40,1,3.99921e-40
22653,2,12,1385.92,13,1424.61,3,3,0,0.00367353,7.13239e-13,9.7239e-13,6.76805e-13,1,6.41394e-13,7.39874e-13,6.42845e-13,1
22654,2,12,1385.92,13,1424.61,3,3,0,0.00367169,1.61557e-12,2.20258e-12,1.53304e-12,1,1.45945e-12,1.68353e-12,1.46275e-12,1
22655,2,12,1385.92,13,1424.61,3,3,0,0.00366985,3.6001e-12,4.90817e-12,3.4162e-12,1,3.26671e-12,3.76829e-12,3.2741e-12,1
22656,2,12,1385.92,13,1424.61,3,3,0,0.00366802,7.89483e-12,1.07634e-11,7.49155e-12,1,7.19507e-12,8.2998e-12,7.21134e-12,1
22657,2,12,1385.92,13,1424.61,3,3,0,0.00366618,1.70432e-11,2.32358e-11,1.61726e-11,1,1.55991e-11,1.79942e-11,1.56344e-11,1
22658,2,12,1385.92,13,1424.61,3,3,0,0.00366435,3.62306e-11,4.93948e-11,3.43799e-11,1,3.33e-11,3.84129e-11,3.33753e-11,1
22659,2,12,1385.92,13,1424.61,3,3,0,0.00366252,7.58663e-11,1.03432e-10,7.19909e-11,1,7.00167e-11,8.07671e-11,7.0175e-11,1
22660,2,12,1385.92,13,1424.61,3,3,0,0.00366069,1.56532e-10,2.13407e-10,1.48536e-10,1,1.45045e-10,1.67316e-10,1.45373e-10,1
22661,2,12,1385.92,13,1424.61,3,3,0,0.00365886,3.18322e-10,4.33982e-10,3.02061e-10,1,2.96128e-10,3.41596e-10,2.96798e-10,1
22662,2,12,1385.92,13,1424.61,3,3,0,0.00365703,6.38211e-10,8.70101e-10,6.0561e-10,1,5.96014e-10,6.87526e-10,5.97361e-10,1
22663,2,12,1385.92,13,1424.61,3,3,0,0.0036552,1.26189e-09,1.72039e-09,1.19743e-09,1,1.18292e-09,1.36455e-09,1.1856e-09,1
22664,2,12,1385.92,13,1424.61,3,3,0,0.00365337,2.46124e-09,3.35553e-09,2.33552e-09,1,2.31582e-09,2.67139e-09,2.32105e-09,1
22665,2,12,1385.92,13,1424.61,3,3,0,0.00365155,4.73682e-09,6.45792e-09,4.49485e-09,1,4.47318e-09,5.15999e-09,4.48329e-09,1
22666,2,12,1385.92,13,1424.61,3,3,0,0.00364972,8.99772e-09,1.2267e-08,8.5381e-09,1,8.52727e-09,9.83655e-09,8.54655e-09,1
22667,2,12,1385.92,13,1424.61,3,3,0,0.0036479,1.68735e-08,2.30044e-08,1.60116e-08,1,1.60472e-08,1.85111e-08,1.60835e-08,1
22668,2,12,1385.92,13,1424.61,3,3,0,0.00364607,3.12475e-08,4.26012e-08,2.96514e-08,1,2.98193e-08,3.43978e-08,2.98868e-08,1
22669,2,12,1385.92,13,1424.61,3,3,0,0.00364425,5.71577e-08,7.79256e-08,5.4238e-08,1,5.47286e-08,6.31316e-08,5.48523e-08,1
22670,2,12,1385.92,13,1424.61,3,3,0,0.00364243,1.03297e-07,1.4083e-07,9.80205e-08,1,9.92329e-08,1.14469e-07,9.94573e-08,1
22671,2,12,1385.92,13,1424.61,3,3,0,0.0036406,1.84485e-07,2.51517e-07,1.75061e-07,0.999999,1.77799e-07,2.05098e-07,1.78201e-07,0.999999
22672,2,12,1385.92,13,1424.61,3,3,0,0.00363878,3.25685e-07,4.4402e-07,3.09048e-07,0.999999,3.14873e-07,3.63219e-07,3.15586e-07,0.999999
22673,2,12,1385.92,13,1424.61,3,3,0,0.00363697,5.68455e-07,7.75e-07,5.39417e-07,0.999998,5.51289e-07,6.35934e-07,5.52535e-07,0.999998
22674,2,12,1385.92,13,1424.61,3,3,0,0.00363515,9.81198e-07,1.33771e-06,9.31077e-07,0.999997,9.54458e-07,1.10101e-06,9.56617e-07,0.999997
22675,2,12,1385.92,13,1424.61,3,3,0,0.00363333,1.67524e-06,2.28392e-06,1.58966e-06,0.999994,1.63443e-06,1.88538e-06,1.63813e-06,0.999995
22676,2,12,1385.92,13,1424.61,3,3,0,0.00363151,2.82975e-06,3.85792e-06,2.6852e-06,0.999991,2.76888e-06,3.19402e-06,2.77514e-06,0.999991
22677,2,12,1385.92,13,1424.61,3,3,0,0.0036297,4.73004e-06,6.44868e-06,4.48842e-06,0.999984,4.64153e-06,5.3542e-06,4.65203e-06,0.999985
22678,2,12,1385.92,13,1424.61,3,3,0,0.00362788,7.82561e-06,1.0669e-05,7.42587e-06,0.999974,7.7007e-06,8.88307e-06,7.71811e-06,0.999976
22679,2,12,1385.92,13,1424.61,3,3,0,0.00362607,1.28173e-05,1.74744e-05,1.21625e-05,0.999958,1.26473e-05,1.45892e-05,1.26759e-05,0.99996
22680,2,12,1385.92,13,1424.61,3,3,0,0.00362425,2.07866e-05,2.83393e-05,1.97248e-05,0.999931,2.05662e-05,2.37239e-05,2.06127e-05,0.999935
22681,2,12,1385.92,13,1424.61,3,3,0,0.00362244,3.3386e-05,4.55166e-05,3.16805e-05,0.999889,3.31191e-05,3.82043e-05,3.3194e-05,0.999895
22682,2,12,1385.92,13,1424.61,3,3,0,0.00362063,5.31152e-05,7.24143e-05,5.04019e-05,0.999824,5.28269e-05,6.0938e-05,5.29464e-05,0.999833
22683,2,12,1385.92,13,1424.61,3,3,0,0.00361882,8.37189e-05,0.000114138,7.94424e-05,0.999723,8.34759e-05,9.62928e-05,8.36647e-05,0.999737
22684,2,12,1385.92,13,1424.61,3,3,0,0.00361701,0.000130753,0.000178262,0.000124074,0.999567,0.000130698,0.000150765,0.000130994,0.999588
22685,2,12,1385.92,13,1424.61,3,3,0,0.0036152,0.000202382,0.000275916,0.000192044,0.99933,0.00020279,0.000233927,0.000203249,0.99936
22686,2,12,1385.92,13,1424.61,3,3,0,0.0036134,0.000310486,0.000423299,0.000294626,0.998972,0.000311858,0.000359741,0.000312563,0.999016
22687,2,12,1385.92,13,1424.61,3,3,0,0.00361159,0.000472187,0.000643754,0.000448067,0.998436,0.000475391,0.000548383,0.000476466,0.9985
22688,2,12,1385.92,13,1424.61,3,3,0,0.00360978,0.000711915,0.000970586,0.000675549,0.997642,0.000718405,0.00082871,0.00072003,0.997733
22689,2,12,1385.92,13,1424.61,3,3,0,0.00360798,0.00106416,0.00145081,0.0010098,0.996475,0.00107631,0.00124156,0.00107874,0.996603
22690,2,12,1385.92,13,1424.61,3,3,0,0.00360617,0.00157706,0.00215008,0.0014965,0.994776,0.00159866,0.00184412,0.00160227,0.994955
22691,2,12,1385.92,13,1424.61,3,3,0,0.00360437,0.00231702,0.0031589,0.00219867,0.992325,0.00235397,0.0027154,0.00235929,0.992571
22692,2,12,1385.92,13,1424.61,3,3,0,0.00360257,0.00337431,0.00460035,0.00320194,0.988823,0.00343566,0.00396317,0.00344343,0.989158
22693,2,12,1385.92,13,1424.61,3,3,0,0.00360077,0.00486965,0.00663902,0.0046209,0.98387,0.00496903,0.00573197,0.00498027,0.984319
22694,2,12,1385.92,13,1424.61,3,3,0,0.00359897,0.00696134,0.00949071,0.00660574,0.976942,0.00711887,0.0082119,0.00713497,0.977534
22695,2,12,1385.92,13,1424.61,3,3,0,0.00359717,0.00985178,0.0134314,0.00934853,0.967368,0.0100966,0.0116469,0.0101195,0.968137
22696,2,12,1385.92,13,1424.61,3,3,0,0.00359537,0.0137915,0.0188026,0.013087,0.954319,0.0141651,0.01634,0.0141971,0.955298
22697,2,12,1385.92,13,1424.61,3,3,0,0.00359357,0.0190778,0.0260096,0.0181032,0.936809,0.0196373,0.0226524,0.0196817,0.938029
22698,2,12,1385.92,13,1424.61,3,0,0,0.00359177,0.0260422,0.0355045,0.0247119,0.913741,0.0268646,0.0309894,0.0269253,0.915221
22699,2,12,1385.92,13,1424.61,3,3,0,0.00358998,0.0350236,0.0477492,0.0332345,0.883993,0.0274351,0.0309712,0.0269095,0.914684
22700,2,12,1385.92,13,1424.61,3,1,0,0.00358818,0.0463206,0.0631509,0.0439544,0.846574,0.0369699,0.0417349,0.0362617,0.885033
22701,2,12,1385.92,13,1424.61,3,3,0,0.00358639,0.0601248,0.0819708,0.0570535,0.800851,0.0369993,0.0409746,0.0362905,0.885736
22702,2,12,1385.92,13,1424.61,3,3,0,0.0035846,0.0764448,0.104221,0.0725399,0.746795,0.0490392,0.0543081,0.0480998,0.848553
22703,2,12,1385.92,13,1424.61,3,0,0,0.0035828,0.0950418,0.129575,0.0901868,0.685197,0.063788,0.0706416,0.062566,0.803004
22704,2,12,1385.92,13,1424.61,3,3,0,0.00358101,0.115405,0.157337,0.10951,0.617749,0.0603837,0.0708985,0.0627935,0.805924
22705,2,12,1385.92,13,1424.61,0,3,0,0.00357922,0.136791,0.186493,0.129803,0.546913,0.0770061,0.0904153,0.0800793,0.752499
22706,2,12,1385.92,13,1424.61,3,2,0,0.00357743,0.120301,0.190056,0.132283,0.55736,0.0960299,0.112752,0.0998622,0.691356
22707,2,12,1385.92,13,1424.61,3,1,0,0.00357564,0.139661,0.220641,0.153571,0.486127,0.0970035,0.113895,0.0907362,0.698366
22708,2,12,1385.92,13,1424.61,1,3,0,0.00357386,0.158491,0.25039,0.174277,0.416842,0.0982496,0.102512,0.0919018,0.707337
22709,2,12,1385.92,13,1424.61,1,3,0,0.00357207,0.166865,0.210784,0.183485,0.438866,0.120259,0.125476,0.11249,0.641775
22710,2,12,1385.92,13,1424.61,3,0,0,0.00357028,0.173535,0.17924,0.190819,0.456407,0.143713,0.149947,0.134428,0.571912
22711,2,12,1385.92,13,1424.61,1,1,0,0.0035685,0.194897,0.201304,0.214309,0.38949,0.126284,0.153,0.137164,0.583552
22712,2,12,1385.92,13,1424.61,3,0,0,0.00356671,0.202387,0.17061,0.222545,0.404458,0.129098,0.134127,0.14022,0.596555
22713,2,12,1385.92,13,1424.61,0,2,0,0.00356493,0.22374,0.188611,0.246025,0.341623,0.114716,0.136342,0.142536,0.606406
22714,2,12,1385.92,13,1424.61,2,3,0,0.00356315,0.187636,0.197384,0.257468,0.357512,0.116933,0.138978,0.125962,0.618127
22715,2,12,1385.92,13,1424.61,0,3,0,0.00356137,0.198157,0.208451,0.215835,0.377558,0.138296,0.164368,0.148974,0.548362
22716,2,12,1385.92,13,1424.61,2,3,0,0.00355959,0.16838,0.216192,0.22385,0.391578,0.159818,0.189947,0.172158,0.478077
22717,2,12,1385.92,13,1424.61,3,0,0,0.00355781,0.175764,0.225672,0.189815,0.408749,0.180659,0.214718,0.194609,0.410013
22718,2,12,1385.92,13,1424.61,2,3,0,0.00355603,0.194164,0.249297,0.209686,0.346853,0.154391,0.221602,0.200849,0.423158
22719,2,12,1385.92,13,1424.61,3,3,0,0.00355425,0.202129,0.259523,0.177266,0.361081,0.171609,0.246316,0.223249,0.358826
22720,2,12,1385.92,13,1424.61,0,3,0,0.00355247,0.220244,0.282782,0.193153,0.303822,0.187264,0.268786,0.243614,0.300337
22721,2,12,1385.92,13,1424.61,2,1,0,0.0035507,0.184614,0.295703,0.201979,0.317705,0.201087,0.288627,0.261597,0.248689
22722,2,12,1385.92,13,1424.61,3,3,0,0.00354892,0.191893,0.307362,0.170513,0.330232,0.215198,0.23871,0.279953,0.266139
22723,2,12,1385.92,13,1424.61,0,1,0,0.00354715,0.207205,0.331889,0.184119,0.276787,0.228693,0.25368,0.297509,0.220118
22724,2,12,1385.92,13,1424.61,2,2,0,0.00354537,0.175574,0.345131,0.191465,0.28783,0.24177,0.211004,0.314521,0.232705
22725,2,12,1385.92,13,1424.61,3,2,0,0.0035436,0.181678,0.35713,0.163354,0.297838,0.26024,0.227124,0.262154,0.250483
22726,2,12,1385.92,13,1424.61,1,0,0,0.00354183,0.193702,0.380766,0.174166,0.251365,0.276297,0.241138,0.216628,0.265938
22727,2,12,1385.92,13,1424.61,2,1,0,0.00354006,0.211646,0.323402,0.1903,0.274651,0.229103,0.256863,0.230754,0.28328
22728,2,12,1385.92,13,1424.61,0,2,0,0.00353829,0.218989,0.334622,0.16221,0.284179,0.242384,0.213784,0.244131,0.299701
22729,2,12,1385.92,13,1424.61,1,2,0,0.00353652,0.18603,0.348743,0.169055,0.296172,0.255143,0.225038,0.204343,0.315477
22730,2,12,1385.92,13,1424.61,1,0,0,0.00353475,0.201393,0.29496,0.183016,0.320631,0.265246,0.233949,0.172837,0.327969
22731,2,12,1385.92,13,1424.61,0,3,0,0.00353298,0.214665,0.248497,0.195077,0.341761,0.223156,0.24735,0.182738,0.346756
22732,2,12,1385.92,13,1424.61,3,1,0,0.00353122,0.183306,0.258419,0.202867,0.355407,0.241675,0.267876,0.197902,0.292548
22733,2,12,1385.92,13,1424.61,1,0,0,0.00352945,0.198562,0.279927,0.219751,0.30176,0.256091,0.224204,0.209707,0.309999
22734,2,12,1385.92,13,1424.61,0,2,0,0.00352769,0.210739,0.235768,0.233227,0.320265,0.215514,0.236433,0.221145,0.326908
22735,2,12,1385.92,13,1424.61,3,0,0,0.00352592,0.179855,0.244994,0.242353,0.332797,0.224752,0.246568,0.187759,0.340921
22736,2,12,1385.92,13,1424.61,1,3,0,0.00352416,0.193532,0.263625,0.260783,0.28206,0.191354,0.25719,0.195848,0.355608
22737,2,12,1385.92,13,1424.61,2,0,0,0.0035224,0.204487,0.221942,0.275545,0.298026,0.207361,0.278704,0.212231,0.301704
22738,2,12,1385.92,13,1424.61,0,1,0,0.00352064,0.216562,0.235047,0.232766,0.315625,0.176066,0.289708,0.22061,0.313616
22739,2,12,1385.92,13,1424.61,1,0,0,0.00351887,0.185114,0.244482,0.24211,0.328294,0.187296,0.244402,0.234682,0.33362
22740,2,12,1385.92,13,1424.61,2,2,0,0.00351712,0.193878,0.208711,0.253573,0.343838,0.16114,0.252268,0.242235,0.344357
22741,2,12,1385.92,13,1424.61,0,2,0,0.00351536,0.203373,0.218932,0.217018,0.360677,0.168703,0.264107,0.206671,0.360519
22742,2,12,1385.92,13,1424.61,2,3,0,0.0035136,0.176247,0.226387,0.224408,0.372958,0.174779,0.27362,0.178097,0.373504
22743,2,12,1385.92,13,1424.61,2,1,0,0.00351184,0.183124,0.23522,0.194146,0.38751,0.189904,0.297298,0.193509,0.31929
22744,2,12,1385.92,13,1424.61,0,1,0,0.00351009,0.188691,0.24237,0.16965,0.39929,0.202152,0.251978,0.205989,0.339882
22745,2,12,1385.92,13,1424.61,3,3,0,0.00350833,0.165548,0.249284,0.174489,0.410679,0.21206,0.215313,0.216085,0.356541
22746,2,12,1385.92,13,1424.61,3,1,0,0.00350658,0.181058,0.272638,0.190836,0.355468,0.229175,0.23269,0.233525,0.304611
22747,2,12,1385.92,13,1424.61,0,2,0,0.00350482,0.195279,0.294053,0.205826,0.304843,0.239428,0.198359,0.243973,0.31824
22748,2,12,1385.92,13,1424.61,1,3,0,0.00350307,0.168514,0.303833,0.212672,0.314982,0.250703,0.2077,0.208371,0.333226
22749,2,12,1385.92,13,1424.61,1,1,0,0.00350132,0.17932,0.259191,0.226309,0.33518,0.269154,0.222987,0.223707,0.284152
22750,2,12,1385.92,13,1424.61,2,3,0,0.00349957,0.188116,0.22285,0.237411,0.351623,0.280571,0.190028,0.233196,0.296205
22751,2,12,1385.92,13,1424.61,0,3,0,0.00349782,0.19599,0.232178,0.205492,0.36634,0.298432,0.202126,0.248041,0.251401
22752,2,12,1385.92,13,1424.61,2,0,0,0.00349607,0.171694,0.239194,0.211701,0.37741,0.313185,0.212118,0.260303,0.214394
22753,2,12,1385.92,13,1424.61,3,3,0,0.00349432,0.177468,0.247237,0.185193,0.390102,0.266998,0.226382,0.277808,0.228811
22754,2,12,1385.92,13,1424.61,3,0,0,0.00349258,0.192585,0.268297,0.200968,0.338149,0.278635,0.236249,0.289916,0.1952
22755,2,12,1385.92,13,1424.61,2,2,0,0.00349083,0.206376,0.28751,0.21536,0.290753,0.237179,0.249826,0.306577,0.206418
22756,2,12,1385.92,13,1424.61,2,2,0,0.00348908,0.214196,0.298405,0.185628,0.301771,0.252526,0.265991,0.261708,0.219774
22757,2,12,1385.92,13,1424.61,1,0,0,0.00348734,0.220498,0.307183,0.161671,0.310648,0.266006,0.28019,0.222298,0.231506
22758,2,12,1385.92,13,1424.61,2,0,0,0.0034856,0.234408,0.263478,0.171869,0.330245,0.226772,0.295167,0.23418,0.243881
22759,2,12,1385.92,13,1424.61,3,1,0,0.00348385,0.240174,0.269959,0.151498,0.338369,0.195114,0.307252,0.243768,0.253866
22760,2,12,1385.92,13,1424.61,3,2,0,0.00348211,0.257055,0.288934,0.162147,0.291865,0.207546,0.263115,0.259299,0.27004
22761,2,12,1385.92,13,1424.61,3,3,0,0.00348037,0.272197,0.305953,0.171698,0.250152,0.218216,0.276642,0.221218,0.283924
22762,2,12,1385.92,13,1424.61,2,0,0,0.00347863,0.284581,0.319873,0.17951,0.216036,0.230788,0.292581,0.233963,0.242668
22763,2,12,1385.92,13,1424.61,1,1,0,0.00347689,0.29204,0.328258,0.158004,0.221699,0.198985,0.304677,0.243636,0.252701
22764,2,12,1385.92,13,1424.61,3,2,0,0.00347515,0.311513,0.283467,0.168539,0.236481,0.211311,0.261608,0.258728,0.268354
22765,2,12,1385.92,13,1424.61,3,0,0,0.00347341,0.32423,0.295039,0.17542,0.205311,0.22196,0.274792,0.221369,0.281878
22766,2,12,1385.92,13,1424.61,1,1,0,0.00347168,0.334575,0.304453,0.181017,0.179955,0.191678,0.285487,0.229985,0.292849
22767,2,12,1385.92,13,1424.61,3,3,0,0.00346994,0.35407,0.263925,0.191564,0.190441,0.202448,0.24534,0.242908,0.309304
22768,2,12,1385.92,13,1424.61,1,1,0,0.00346821,0.363528,0.270976,0.196681,0.168815,0.214976,0.260523,0.25794,0.266561
22769,2,12,1385.92,13,1424.61,3,0,0,0.00346647,0.380471,0.236998,0.205848,0.176683,0.225747,0.223471,0.270864,0.279918
22770,2,12,1385.92,13,1424.61,2,1,0,0.00346474,0.388983,0.242299,0.210453,0.158265,0.195358,0.232242,0.281495,0.290904
22771,2,12,1385.92,13,1424.61,3,1,0,0.00346301,0.400542,0.2495,0.18699,0.162968,0.203214,0.201369,0.292815,0.302602
22772,2,12,1385.92,13,1424.61,3,1,0,0.00346128,0.408001,0.254146,0.190473,0.14738,0.209593,0.176299,0.302007,0.312101
22773,2,12,1385.92,13,1424.61,3,0,0,0.00345954,0.414201,0.258008,0.193367,0.134425,0.214785,0.155894,0.309488,0.319833
22774,2,12,1385.92,13,1424.61,0,3,0,0.00345782,0.41938,0.261234,0.195785,0.1236,0.1883,0.161153,0.319927,0.33062
22775,2,12,1385.92,13,1424.61,2,3,0,0.00345609,0.36953,0.283663,0.212595,0.134212,0.200569,0.171653,0.340772,0.287006
22776,2,12,1385.92,13,1424.61,1,0,0,0.00345436,0.380768,0.292289,0.188649,0.138294,0.21088,0.180477,0.358291,0.250353
22777,2,12,1385.92,13,1424.61,3,0,0,0.00345263,0.399853,0.256816,0.198105,0.145225,0.186858,0.185971,0.369197,0.257974
22778,2,12,1385.92,13,1424.61,0,0,0,0.0034509,0.405643,0.260535,0.200974,0.132848,0.16709,0.190492,0.378173,0.264245
22779,2,12,1385.92,13,1424.61,0,2,0,0.00344918,0.357382,0.28169,0.217293,0.143635,0.150761,0.194226,0.385587,0.269426
22780,2,12,1385.92,13,1424.61,1,2,0,0.00344745,0.31273,0.301263,0.232391,0.153616,0.162307,0.209101,0.338534,0.290059
22781,2,12,1385.92,13,1424.61,2,3,0,0.00344573,0.33018,0.262273,0.245359,0.162187,0.172911,0.222762,0.295319,0.309009
22782,2,12,1385.92,13,1424.61,2,1,0,0.00344401,0.343124,0.272555,0.215775,0.168546,0.183012,0.235775,0.312571,0.268643
22783,2,12,1385.92,13,1424.61,2,2,0,0.00344229,0.353773,0.281014,0.191436,0.173776,0.189924,0.206911,0.324376,0.278789
22784,2,12,1385.92,13,1424.61,1,2,0,0.00344056,0.362551,0.287987,0.171374,0.178088,0.201553,0.21958,0.283008,0.295859
22785,2,12,1385.92,13,1424.61,3,0,0,0.00343884,0.379992,0.253736,0.179617,0.186655,0.211847,0.230795,0.246387,0.31097
22786,2,12,1385.92,13,1424.61,1,3,0,0.00343713,0.388548,0.259449,0.183662,0.168341,0.187206,0.238011,0.25409,0.320693
22787,2,12,1385.92,13,1424.61,1,0,0,0.00343541,0.403699,0.230573,0.190823,0.174905,0.198362,0.252195,0.269233,0.280211
22788,2,12,1385.92,13,1424.61,3,2,0,0.00343369,0.41629,0.206575,0.196775,0.18036,0.174943,0.259563,0.277098,0.288396
22789,2,12,1385.92,13,1424.61,1,0,0,0.00343197,0.424469,0.210633,0.200641,0.164256,0.183532,0.272305,0.241609,0.302554
22790,2,12,1385.92,13,1424.61,1,0,0,0.00343026,0.435371,0.19036,0.205794,0.168474,0.163613,0.278948,0.247503,0.309935
22791,2,12,1385.92,13,1424.61,3,0,0,0.00342854,0.44448,0.173421,0.2101,0.171999,0.147208,0.28442,0.252358,0.316015
22792,2,12,1385.92,13,1424.61,2,0,0,0.00342683,0.451997,0.176354,0.213653,0.157996,0.133629,0.288948,0.256376,0.321047
22793,2,12,1385.92,13,1424.61,2,3,0,0.00342511,0.46334,0.18078,0.193919,0.161961,0.122328,0.292717,0.25972,0.325234
22794,2,12,1385.92,13,1424.61,1,1,0,0.0034234,0.472852,0.184491,0.17737,0.165286,0.129585,0.310083,0.275128,0.285204
22795,2,12,1385.92,13,1424.61,3,3,0,0.00342169,0.481508,0.169564,0.180616,0.168312,0.136816,0.271585,0.29048,0.301119
22796,2,12,1385.92,13,1424.61,3,1,0,0.00341998,0.488701,0.172097,0.183315,0.155887,0.144154,0.286151,0.306061,0.263634
22797,2,12,1385.92,13,1424.61,2,1,0,0.00341827,0.4948,0.174245,0.185602,0.145353,0.1512,0.251261,0.32102,0.276519
22798,2,12,1385.92,13,1424.61,0,3,0,0.00341656,0.503574,0.177334,0.171162,0.14793,0.157033,0.222377,0.333404,0.287186
22799,2,12,1385.92,13,1424.61,0,3,0,0.00341485,0.454542,0.19485,0.188067,0.162541,0.164396,0.232804,0.349036,0.253764
22800,2,12,1385.92,13,1424.61,3,2,0,0.00341314,0.407326,0.211716,0.204347,0.176611,0.17052,0.241476,0.362038,0.225966
22801,2,12,1385.92,13,1424.61,0,3,0,0.00341144,0.414643,0.21552,0.208018,0.161819,0.181595,0.25716,0.320603,0.240642
22802,2,12,1385.92,13,1424.61,1,2,0,0.00340973,0.369667,0.23208,0.224001,0.174252,0.187977,0.266198,0.331871,0.213954
22803,2,12,1385.92,13,1424.61,2,1,0,0.00340803,0.381107,0.208314,0.230934,0.179645,0.198894,0.281657,0.293071,0.226379
22804,2,12,1385.92,13,1424.61,0,0,0,0.00340632,0.392553,0.21457,0.207836,0.185041,0.20822,0.247973,0.306813,0.236994
22805,2,12,1385.92,13,1424.61,2,2,0,0.00340462,0.349404,0.229812,0.222599,0.198185,0.186322,0.254831,0.315299,0.243548
22806,2,12,1385.92,13,1424.61,2,3,0,0.00340292,0.359602,0.236519,0.199909,0.203969,0.196374,0.26858,0.278356,0.256689
22807,2,12,1385.92,13,1424.61,0,2,0,0.00340122,0.368096,0.242106,0.181011,0.208787,0.204377,0.279526,0.2897,0.226397
22808,2,12,1385.92,13,1424.61,0,0,0,0.00339951,0.327006,0.257849,0.192781,0.222364,0.214271,0.293058,0.255315,0.237356
22809,2,12,1385.92,13,1424.61,0,0,0,0.00339781,0.289154,0.272351,0.203624,0.23487,0.191396,0.301589,0.262748,0.244267
22810,2,12,1385.92,13,1424.61,3,2,0,0.00339612,0.254704,0.285551,0.213492,0.246253,0.172444,0.308658,0.268906,0.249992
22811,2,12,1385.92,13,1424.61,2,2,0,0.00339442,0.264223,0.296223,0.221472,0.218082,0.179547,0.321371,0.238794,0.260288
22812,2,12,1385.92,13,1424.61,3,3,0,0.00339272,0.272307,0.305285,0.197655,0.224754,0.185456,0.331947,0.213743,0.268854
22813,2,12,1385.92,13,1424.61,0,0,0,0.00339102,0.280677,0.314669,0.203731,0.200923,0.192756,0.345013,0.222156,0.240075
22814,2,12,1385.92,13,1424.61,1,2,0,0.00338933,0.249242,0.328421,0.212634,0.209703,0.175535,0.352374,0.226895,0.245196
22815,2,12,1385.92,13,1424.61,1,3,0,0.00338763,0.262961,0.291456,0.224338,0.221245,0.180487,0.362315,0.205085,0.252113
22816,2,12,1385.92,13,1424.61,3,2,0,0.00338594,0.275481,0.257721,0.235019,0.231779,0.186492,0.374369,0.211908,0.22723
22817,2,12,1385.92,13,1424.61,1,3,0,0.00338425,0.284683,0.26633,0.24287,0.206118,0.190924,0.383265,0.193182,0.232629
22818,2,12,1385.92,13,1424.61,3,1,0,0.00338256,0.296409,0.236109,0.252874,0.214608,0.196205,0.393867,0.198527,0.2114
22819,2,12,1385.92,13,1424.61,2,2,0,0.00338086,0.304676,0.242695,0.259927,0.192702,0.209295,0.353431,0.211771,0.225504
22820,2,12,1385.92,13,1424.61,3,3,0,0.00337917,0.316238,0.251904,0.231843,0.200015,0.214357,0.361979,0.192707,0.230958
22821,2,12,1385.92,13,1424.61,1,1,0,0.00337748,0.323653,0.257811,0.237279,0.181256,0.220314,0.372038,0.198063,0.209585
22822,2,12,1385.92,13,1424.61,0,2,0,0.0033758,0.335301,0.231102,0.245818,0.187779,0.233876,0.333381,0.210255,0.222487
22823,2,12,1385.92,13,1424.61,2,3,0,0.00337411,0.29906,0.243702,0.259221,0.198017,0.239571,0.341498,0.191027,0.227904
22824,2,12,1385.92,13,1424.61,3,3,0,0.00337242,0.310251,0.25282,0.231503,0.205426,0.246194,0.35094,0.196308,0.206557
22825,2,12,1385.92,13,1424.61,0,0,0,0.00337073,0.3178,0.258972,0.237136,0.186092,0.251754,0.358864,0.200741,0.188642
22826,2,12,1385.92,13,1424.61,0,2,0,0.00336905,0.283327,0.272059,0.249119,0.195495,0.227955,0.370278,0.207126,0.194642
22827,2,12,1385.92,13,1424.61,1,2,0,0.00336736,0.251834,0.284014,0.260066,0.204086,0.232892,0.378297,0.189954,0.198857
22828,2,12,1385.92,13,1424.61,1,3,0,0.00336568,0.262874,0.252625,0.271468,0.213033,0.237062,0.38507,0.17545,0.202417
22829,2,12,1385.92,13,1424.61,1,3,0,0.003364,0.272527,0.22518,0.281436,0.220856,0.241797,0.392762,0.178955,0.186486
22830,2,12,1385.92,13,1424.61,1,3,0,0.00336232,0.280559,0.202346,0.28973,0.227365,0.245808,0.399278,0.181924,0.17299
22831,2,12,1385.92,13,1424.61,2,2,0,0.00336063,0.287253,0.183313,0.296644,0.23279,0.249219,0.404818,0.184448,0.161515
22832,2,12,1385.92,13,1424.61,3,2,0,0.00335895,0.300292,0.191634,0.264717,0.243357,0.253129,0.411169,0.171654,0.164048
22833,2,12,1385.92,13,1424.61,0,0,0,0.00335727,0.309922,0.197779,0.273206,0.219093,0.256461,0.416581,0.16075,0.166208
22834,2,12,1385.92,13,1424.61,2,0,0,0.0033556,0.277258,0.207141,0.286137,0.229464,0.234694,0.428777,0.165456,0.171074
22835,2,12,1385.92,13,1424.61,3,1,0,0.00335392,0.289144,0.216021,0.255533,0.239301,0.216227,0.439123,0.169448,0.175202
22836,2,12,1385.92,13,1424.61,0,1,0,0.00335224,0.29819,0.222779,0.263527,0.215504,0.231801,0.398725,0.181653,0.187821
22837,2,12,1385.92,13,1424.61,0,2,0,0.00335057,0.266901,0.232711,0.275276,0.225112,0.246567,0.360424,0.193224,0.199785
22838,2,12,1385.92,13,1424.61,1,2,0,0.00334889,0.238793,0.241634,0.28583,0.233743,0.251057,0.366989,0.17853,0.203424
22839,2,12,1385.92,13,1424.61,3,1,0,0.00334722,0.24632,0.21773,0.29484,0.24111,0.254866,0.372557,0.166066,0.20651
22840,2,12,1385.92,13,1424.61,2,3,0,0.00334554,0.253883,0.224416,0.303892,0.217809,0.269678,0.336094,0.175717,0.218511
22841,2,12,1385.92,13,1424.61,2,0,0,0.00334387,0.265249,0.234463,0.272728,0.22756,0.276138,0.344145,0.179926,0.19979
22842,2,12,1385.92,13,1424.61,2,2,0,0.0033422,0.275653,0.243659,0.244201,0.236486,0.250118,0.356516,0.186394,0.206972
22843,2,12,1385.92,13,1424.61,3,1,0,0.00334053,0.284505,0.251484,0.219931,0.24408,0.25426,0.362419,0.172922,0.210399
22844,2,12,1385.92,13,1424.61,2,1,0,0.00333886,0.293429,0.259372,0.22683,0.22037,0.268331,0.327134,0.182492,0.222043
22845,2,12,1385.92,13,1424.61,3,1,0,0.00333719,0.301319,0.266346,0.206041,0.226295,0.281405,0.294351,0.191383,0.232861
22846,2,12,1385.92,13,1424.61,1,2,0,0.00333552,0.309217,0.273327,0.211442,0.206014,0.293444,0.264161,0.199571,0.242824
22847,2,12,1385.92,13,1424.61,0,3,0,0.00333385,0.320356,0.24715,0.219058,0.213436,0.29971,0.269801,0.18248,0.248009
22848,2,12,1385.92,13,1424.61,0,3,0,0.00333218,0.28894,0.258574,0.229184,0.223301,0.309072,0.27823,0.188181,0.224517
22849,2,12,1385.92,13,1424.61,2,1,0,0.00333052,0.26,0.269098,0.238512,0.23239,0.316945,0.285317,0.192974,0.204764
22850,2,12,1385.92,13,1424.61,1,1,0,0.00332885,0.267852,0.277225,0.215514,0.239408,0.329105,0.257896,0.200378,0.212621
22851,2,12,1385.92,13,1424.61,1,0,0,0.00332719,0.27814,0.249463,0.223793,0.248604,0.339376,0.234736,0.206632,0.219256
22852,2,12,1385.92,13,1424.61,1,3,0,0.00332552,0.28697,0.225636,0.230897,0.256496,0.306766,0.246323,0.216831,0.230079
22853,2,12,1385.92,13,1424.61,0,0,0,0.00332386,0.294392,0.205609,0.236869,0.26313,0.314792,0.252768,0.222505,0.209935
22854,2,12,1385.92,13,1424.61,0,3,0,0.0033222,0.265676,0.213977,0.246508,0.273838,0.284137,0.264077,0.232459,0.219327
22855,2,12,1385.92,13,1424.61,0,1,0,0.00332054,0.239773,0.221525,0.255204,0.283498,0.291213,0.270653,0.238248,0.199887
22856,2,12,1385.92,13,1424.61,0,1,0,0.00331888,0.217985,0.227874,0.262518,0.291623,0.30159,0.244662,0.246738,0.20701
22857,2,12,1385.92,13,1424.61,0,0,0,0.00331722,0.199627,0.233223,0.268681,0.298469,0.310336,0.222757,0.253893,0.213013
22858,2,12,1385.92,13,1424.61,3,0,0,0.00331556,0.18412,0.237742,0.273886,0.304252,0.280528,0.232386,0.264867,0.22222
22859,2,12,1385.92,13,1424.61,3,3,0,0.0033139,0.191756,0.247602,0.285245,0.275397,0.253075,0.241253,0.274974,0.230699
22860,2,12,1385.92,13,1424.61,3,1,0,0.00331224,0.198648,0.256502,0.295498,0.249352,0.259948,0.247805,0.282441,0.209806
22861,2,12,1385.92,13,1424.61,0,2,0,0.00331059,0.204468,0.264016,0.304155,0.227362,0.267817,0.225036,0.290991,0.216156
22862,2,12,1385.92,13,1424.61,1,0,0,0.00330893,0.188917,0.269177,0.3101,0.231806,0.278348,0.233885,0.263111,0.224656
22863,2,12,1385.92,13,1424.61,3,3,0,0.00330728,0.19504,0.245487,0.320152,0.23932,0.251563,0.242566,0.272877,0.232995
22864,2,12,1385.92,13,1424.61,1,3,0,0.00330563,0.199986,0.251712,0.32827,0.220031,0.258408,0.249166,0.280302,0.212123
22865,2,12,1385.92,13,1424.61,1,1,0,0.00330397,0.205448,0.231276,0.337236,0.22604,0.264176,0.254728,0.286559,0.194536
22866,2,12,1385.92,13,1424.61,2,2,0,0.00330232,0.210092,0.213899,0.344859,0.23115,0.27231,0.231783,0.295382,0.200525
22867,2,12,1385.92,13,1424.61,1,3,0,0.00330067,0.219878,0.223863,0.314343,0.241916,0.282975,0.24086,0.267786,0.208379
22868,2,12,1385.92,13,1424.61,0,3,0,0.00329902,0.224732,0.206728,0.321283,0.247257,0.288937,0.245935,0.273428,0.191701
22869,2,12,1385.92,13,1424.61,1,0,0,0.00329737,0.207844,0.211231,0.328282,0.252643,0.293985,0.250231,0.278205,0.177578
22870,2,12,1385.92,13,1424.61,0,2,0,0.00329572,0.211748,0.196417,0.334447,0.257388,0.266788,0.259871,0.288922,0.184419
22871,2,12,1385.92,13,1424.61,3,0,0,0.00329407,0.197162,0.200051,0.340636,0.262151,0.276801,0.269624,0.262233,0.191341
22872,2,12,1385.92,13,1424.61,1,3,0,0.00329243,0.202659,0.205629,0.350133,0.241579,0.251137,0.279193,0.271539,0.198131
22873,2,12,1385.92,13,1424.61,3,1,0,0.00329078,0.206001,0.192528,0.355907,0.245563,0.255839,0.28442,0.276624,0.183117
22874,2,12,1385.92,13,1424.61,0,0,0,0.00328913,0.210849,0.197059,0.364282,0.22781,0.265141,0.258402,0.286681,0.189775
22875,2,12,1385.92,13,1424.61,1,3,0,0.00328749,0.197729,0.200335,0.370339,0.231598,0.241825,0.266601,0.295777,0.195796
22876,2,12,1385.92,13,1424.61,2,3,0,0.00328585,0.200594,0.188747,0.375705,0.234954,0.245963,0.271163,0.300838,0.182036
22877,2,12,1385.92,13,1424.61,3,3,0,0.0032842,0.210615,0.198176,0.344517,0.246691,0.249491,0.275052,0.305153,0.170304
22878,2,12,1385.92,13,1424.61,3,3,0,0.00328256,0.215644,0.202908,0.352743,0.228705,0.252509,0.278379,0.308844,0.160267
22879,2,12,1385.92,13,1424.61,3,1,0,0.00328092,0.219945,0.206955,0.359778,0.213323,0.255101,0.281237,0.312015,0.151648
22880,2,12,1385.92,13,1424.61,2,0,0,0.00327928,0.223632,0.210424,0.365809,0.200135,0.263528,0.257492,0.322322,0.156658
22881,2,12,1385.92,17,2318.74,1,1,9,0.00327764,0.234283,0.220446,0.335605,0.209667,0.242566,0.264821,0.331496,0.161117
22882,2,12,1385.92,17,2318.74,1,1,0,0.003276,0.000143155,0.999524,0.000205067,0.000128114,0.000125962,0.999618,0.000172143,8.36664e-05
22883,2,12,1385.92,17,2318.74,1,1,0,0.00327436,0.000193185,0.999357,0.000276733,0.000172888,0.000170763,0.999482,0.000233368,0.000113424
22884,2,12,1385.92,17,2318.74,1,1,0,0.00327273,0.000259126,0.999138,0.000371192,0.0002319,0.000230082,0.999303,0.000314435,0.000152824
22885,2,12,1385.92,17,2318.74,1,1,0,0.00327109,0.000345514,0.99885,0.000494942,0.000309212,0.000308145,0.999066,0.000421119,0.000204676
22886,2,12,1385.92,17,2318.74,1,1,0,0.00326945,0.000458018,0.998476,0.0006561,0.000409895,0.000410258,0.998757,0.000560669,0.000272501
22887,2,12,1385.92,17,2318.74,1,1,0,0.00326782,0.000603668,0.997991,0.000864742,0.000540243,0.000543038,0.998354,0.000742129,0.000360696
22888,2,12,1385.92,17,2318.74,1,1,0,0.00326619,0.000791137,0.997368,0.00113329,0.000708014,0.000714682,0.997834,0.000976702,0.000474705
22889,2,12,1385.92,17,2318.74,1,1,0,0.00326455,0.00103104,0.996569,0.00147694,0.000922708,0.000935277,0.997165,0.00127817,0.000621228
22890,2,12,1385.92,17,2318.74,1,1,0,0.00326292,0.00133627,0.995554,0.00191418,0.00119587,0.00121715,0.996311,0.00166339,0.000808454
22891,2,12,1385.92,17,2318.74,1,1,0,0.00326129,0.0017224,0.994269,0.0024673,0.00154143,0.00157526,0.995226,0.00215279,0.00104632
22892,2,12,1385.92,17,2318.74,1,1,0,0.00325966,0.00220807,0.992653,0.00316301,0.00197608,0.00202761,0.993855,0.00277098,0.00134677
22893,2,12,1385.92,17,2318.74,1,1,0,0.00325803,0.00281541,0.990632,0.00403302,0.0025196,0.00259572,0.992133,0.00354737,0.00172412
22894,2,12,1385.92,17,2318.74,1,1,0,0.0032564,0.00357046,0.98812,0.00511461,0.00319532,0.00330508,0.989983,0.0045168,0.00219529
22895,0,12,1385.92,17,2259.6,1,1,13,0.00325477,0.00450358,0.985015,0.00645127,0.0040304,0.0041856,0.987314,0.00572015,0.00278015
22896,0,12,1385.92,17,2127.65,3,1,13,0.00325314,7.51099e-14,5.8616e-14,1.39771e-13,1,4.25687e-14,1,3.59217e-13,6.77147e-13
22897,0,12,1385.92,17,2127.65,3,1,0,0.00325152,1.17881e-18,9.19947e-19,2.19363e-18,1,6.68093e-19,1,5.63772e-18,1.06275e-17
22898,0,12,1385.92,17,2096.12,3,1,13,0.00324989,1.02118e-17,7.96934e-18,1.9003e-17,1,5.78758e-18,1,4.88386e-17,9.20638e-17
22899,0,12,1385.92,17,2096.12,3,1,0,0.00324827,1.91506e-22,1.49452e-22,3.5637e-22,1,1.08536e-22,1,9.15886e-22,1.7265e-21
22900,0,12,1385.92,17,2042.36,3,1,13,0.00324664,1.97527e-21,1.54151e-21,3.67575e-21,1,1.11949e-21,1,9.44683e-21,1.78079e-20
22901,0,12,1385.92,17,1980.84,3,1,13,0.00324502,4.39516e-26,3.43e-26,8.17888e-26,1,2.49096e-26,1,2.10201e-25,3.96241e-25
22902,0,12,1385.92,17,1940.41,3,1,13,0.0032434,1.21165e-30,9.45572e-31,2.25473e-30,1,6.86702e-31,1,5.79475e-30,1.09235e-29
22903,0,12,1385.92,17,1940.41,3,1,0,0.00324177,4.12068e-35,3.21579e-35,7.6681e-35,1,2.3354e-35,1,1.97073e-34,3.71495e-34
22904,0,12,1385.92,17,1844.41,3,1,13,0.00324015,7.61654e-34,5.94397e-34,1.41735e-33,1,4.31668e-34,1,3.64264e-33,6.86661e-33
22905,0,12,1385.92,17,1844.41,3,1,0,0.00323853,3.00181e-38,2.34262e-38,5.58601e-38,1,1.70128e-38,1,1.43563e-37,2.70625e-37
22906,0,12,1385.92,17,1842.6,3,1,13,0.00323691,6.41098e-37,5.00315e-37,1.19301e-36,1,3.63343e-37,1,3.06607e-36,5.77974e-36
22907,0,12,1385.92,17,1822.17,3,1,13,0.0032353,2.91103e-41,2.27177e-41,5.41708e-41,1,1.64983e-41,1,1.39221e-40,2.6244e-40
22908,0,12,1385.92,17,1819.96,3,1,13,0.00323368,1.61445e-45,1.25992e-45,3.00431e-45,1,9.14992e-46,1,7.72118e-45,1.45549e-44
22909,0,12,1385.92,17,1819.96,3,1,0,0.00323206,1.08924e-49,8.5005e-50,2.02696e-49,1,6.1733e-50,1,5.20935e-49,9.81995e-49
22910,0,12,1385.92,17,1811.43,3,1,13,0.00323045,3.93978e-48,3.07461e-48,7.33146e-48,1,2.23287e-48,1,1.88421e-47,3.55186e-47
22911,0,12,1385.92,16,1813.69,3,1,13,0.00322883,2.99794e-52,2.3396e-52,5.57881e-52,1,1.69908e-52,1,1.43377e-51,2.70275e-51
22912,0,12,1385.92,16,1739.25,3,1,13,0.00322722,2.7577e-56,2.15212e-56,5.13175e-56,1,1.56292e-56,1,1.31888e-55,2.48617e-55
22913,0,12,1385.92,16,1739.25,3,1,0,0.0032256,3.05489e-60,2.38405e-60,5.6848e-60,1,1.73136e-60,1,1.46101e-59,2.7541e-59
22914,0,12,1385.92,15,1731.03,3,1,13,0.00322399,1.79632e-58,1.40186e-58,3.34275e-58,1,1.01807e-58,1,8.59097e-58,1.61945e-57
22915,0,12,1385.92,15,1716.79,3,1,13,0.00322238,2.20068e-62,1.71742e-62,4.09521e-62,1,1.24724e-62,1,1.05248e-61,1.984e-61
22916,0,12,1385.92,15,1705.35,3,1,13,0.00322077,3.22825e-66,2.51933e-66,6.00739e-66,1,1.82961e-66,1,1.54392e-65,2.91038e-65
22917,0,12,1385.92,15,1705.03,3,1,13,0.00321916,5.64999e-70,4.40927e-70,1.0514e-69,1,3.20213e-70,1,2.70212e-69,5.09367e-69
22918,0,12,1385.92,15,1705.03,3,1,0,0.00321755,1.17562e-73,9.17458e-74,2.18769e-73,1,6.66282e-74,1,5.62243e-73,1.05986e-72
22919,0,12,1385.92,15,1705.03,3,1,0,0.00321594,1.28218e-71,1.00062e-71,2.386e-71,1,7.26677e-72,1,6.13208e-71,1.15593e-70
22920,0,12,1385.92,15,1688.82,3,1,13,0.00321433,1.27315e-69,9.93572e-70,2.36919e-69,1,7.21557e-70,1,6.08888e-69,1.14779e-68
22921,0,12,1385.92,15,1688.82,3,1,0,0.00321272,2.60641e-73,2.03405e-73,4.85023e-73,1,1.47718e-73,1,1.24652e-72,2.34977e-72
22922,0,12,1385.92,15,1688.82,3,1,0,0.00321112,2.79776e-71,2.18338e-71,5.20631e-71,1,1.58563e-71,1,1.33804e-70,2.52228e-70
22923,0,12,1385.92,15,1673.89,3,1,13,0.00320951,2.73504e-69,2.13443e-69,5.08958e-69,1,1.55008e-69,1,1.30804e-68,2.46573e-68
22924,0,12,1385.92,15,1629.69,3,1,13,0.00320791,5.51423e-73,4.30332e-73,1.02613e-72,1,3.12518e-73,1,2.63719e-72,4.97126e-72
22925,0,12,1385.92,14,1516.91,3,1,13,0.0032063,1.318e-76,1.02857e-76,2.45264e-76,1,7.46974e-77,1,6.30335e-76,1.18822e-75
22926,0,12,1385.92,14,1515,3,1,13,0.0032047,3.72201e-80,2.90467e-80,6.92622e-80,1,2.10944e-80,1,1.78006e-79,3.35552e-79
22927,0,12,1385.92,14,1515,3,1,0,0.0032031,1.23772e-83,9.6592e-84,2.30325e-83,1,7.01475e-84,1,5.91941e-83,1.11585e-82
22928,0,12,1385.92,14,1515,3,1,0,0.00320149,2.13727e-81,1.66793e-81,3.9772e-81,1,1.21129e-81,1,1.02215e-80,1.92682e-80
22929,0,12,1385.92,14,1512.51,3,1,13,0.00319989,3.32928e-79,2.59818e-79,6.19539e-79,1,1.88686e-79,1,1.59223e-78,3.00145e-78
22930,0,12,1385.92,14,1512.51,3,1,0,0.00319829,1.05965e-82,8.26956e-83,1.97189e-82,1,6.00555e-83,1,5.0678e-82,9.55312e-82
22931,0,12,1385.92,14,1480.07,3,1,13,0.00319669,1.75287e-80,1.36794e-80,3.26188e-80,1,9.93432e-81,1,8.3831e-80,1.58027e-79
22932,0,12,1385.92,14,1479.76,3,1,13,0.0031951,5.91744e-84,4.61799e-84,1.10117e-83,1,3.3537e-84,1,2.83002e-83,5.33477e-83
22933,0,12,1385.92,14,1478.9,3,1,13,0.0031935,2.34397e-87,1.82924e-87,4.36185e-87,1,1.32844e-87,1,1.12101e-86,2.11317e-86
22934,0,12,1385.92,14,1477.8,3,1,13,0.0031919,1.08596e-90,8.47486e-91,2.02084e-90,1,6.15464e-91,1,5.19361e-90,9.79027e-90
22935,0,12,1385.92,14,1477.8,3,1,0,0.00319031,5.86621e-94,4.57801e-94,1.09163e-93,1,3.32466e-94,1,2.80552e-93,5.28858e-93
22936,0,12,1385.92,14,1477.8,3,1,0,0.00318871,1.62959e-91,1.27174e-91,3.03248e-91,1,9.23567e-92,1,7.79353e-91,1.46913e-90
22937,0,12,1385.92,14,1477.8,3,1,0,0.00318712,4.04507e-89,3.15679e-89,7.5274e-89,1,2.29253e-89,1,1.93456e-88,3.64676e-88
22938,0,12,1385.92,14,1477.8,3,1,0,0.00318552,8.99241e-87,7.01771e-87,1.67338e-86,1,5.09642e-87,1,4.30063e-86,8.10695e-86
22939,0,12,1385.92,14,1477.8,3,1,0,0.00318393,1.79427e-84,1.40025e-84,3.33892e-84,1,1.0169e-84,1,8.58109e-84,1.61759e-83
22940,0,12,1385.92,14,1477.8,3,1,0,0.00318234,3.22031e-82,2.51314e-82,5.99263e-82,1,1.8251e-82,1,1.54012e-81,2.90322e-81
22941,0,12,1385.92,14,1477.8,3,1,0,0.00318075,5.2099e-80,4.06582e-80,9.69501e-80,1,2.95269e-80,1,2.49163e-79,4.69689e-79
22942,0,12,1385.92,14,1477.8,3,1,0,0.00317916,7.61344e-78,5.94156e-78,1.41677e-77,1,4.31489e-78,1,3.64113e-77,6.86376e-77
22943,0,12,1385.92,14,1475.61,3,1,13,0.00317757,1.00702e-75,7.85882e-76,1.87395e-75,1,5.70725e-76,1,4.81607e-75,9.0786e-75
22944,0,12,1385.92,14,1475.61,3,1,0,0.00317598,2.73047e-79,2.13087e-79,5.08109e-79,1,1.54749e-79,1,1.30585e-78,2.46161e-78
22945,0,12,1385.92,14,1475.61,3,1,0,0.00317439,3.86013e-77,3.01246e-77,7.18325e-77,1,2.18771e-77,1,1.84611e-76,3.48003e-76
22946,0,12,1385.92,14,1475.61,3,1,0,0.0031728,4.94263e-75,3.85725e-75,9.19766e-75,1,2.80122e-75,1,2.36381e-74,4.45594e-74
22947,0,12,1385.92,14,1469.23,3,1,13,0.00317122,5.74338e-73,4.48216e-73,1.06878e-72,1,3.25504e-73,1,2.74677e-72,5.17784e-72
22948,0,12,1385.92,14,1469.23,3,1,0,0.00316963,1.37166e-76,1.07044e-76,2.55249e-76,1,7.7738e-77,1,6.55994e-76,1.23659e-75
22949,0,12,1385.92,14,1469.23,3,1,9,0.00316805,1.71234e-74,1.33631e-74,3.18645e-74,1,9.70459e-75,1,8.18924e-74,1.54372e-73
22950,0,12,1385.92,14,1469.23,3,1,0,0.00316646,2.39527e-76,1.86928e-76,4.45733e-76,1,1.35751e-76,1,1.14554e-75,2.15941e-75
22951,0,12,1385.92,14,1463.57,3,1,13,0.00316488,2.95704e-74,2.30768e-74,5.5027e-74,1,1.67589e-74,1,1.4142e-73,2.66586e-73
22952,0,12,1385.92,14,1463.57,3,1,0,0.0031633,7.49377e-78,5.84816e-78,1.3945e-77,1,4.24706e-78,1,3.58389e-77,6.75586e-77
22953,0,12,1385.92,14,1463.57,3,1,0,0.00316171,9.91505e-76,7.73773e-76,1.84507e-75,1,5.61931e-76,1,4.74187e-75,8.93872e-75
22954,0,12,1385.92,14,1463.57,3,1,0,0.00316013,1.18976e-73,9.28489e-74,2.21399e-73,1,6.74288e-74,1,5.69e-73,1.0726e-72
22955,0,12,1385.92,14,1460.97,3,1,13,0.00315855,1.29729e-71,1.01241e-71,2.4141e-71,1,7.35233e-72,1,6.20428e-71,1.16955e-70
22956,0,12,1385.92,14,1460.97,3,1,0,0.00315697,2.91096e-75,2.27173e-75,5.41696e-75,1,1.64978e-75,1,1.39217e-74,2.62432e-74
22957,0,12,1385.92,14,1460.97,3,1,0,0.0031554,3.41857e-73,2.66786e-73,6.36156e-73,1,1.93746e-73,1,1.63493e-72,3.08194e-72
22958,0,12,1385.92,14,1460.97,3,1,0,0.00315382,3.64969e-71,2.84823e-71,6.79165e-71,1,2.06845e-71,1,1.74546e-70,3.29031e-70
22959,0,12,1385.92,14,1460.97,3,1,0,0.00315224,3.54895e-69,2.76961e-69,6.60418e-69,1,2.01135e-69,1,1.69728e-68,3.19948e-68
22960,0,12,1385.92,14,1460.97,3,1,0,0.00315067,3.1491e-67,2.45757e-67,5.86011e-67,1,1.78474e-67,1,1.50606e-66,2.83901e-66
22961,0,12,1385.92,14,1460.97,3,1,0,0.00314909,2.55453e-65,1.99357e-65,4.75369e-65,1,1.44777e-65,1,1.2217e-64,2.30299e-64
22962,0,12,1385.92,14,1460.97,3,1,0,0.00314752,1.89782e-63,1.48106e-63,3.53161e-63,1,1.07558e-63,1,9.07629e-63,1.71094e-62
22963,0,12,1385.92,14,1460.97,3,1,0,0.00314594,1.29353e-61,1.00948e-61,2.40711e-61,1,7.33104e-62,1,6.18631e-61,1.16616e-60
22964,0,12,1385.92,14,1460.97,3,1,0,0.00314437,8.10272e-60,6.32339e-60,1.50782e-59,1,4.59218e-60,1,3.87512e-59,7.30484e-59
22965,0,12,1385.92,14,1460.97,3,1,0,0.0031428,4.67247e-58,3.64641e-58,8.69493e-58,1,2.6481e-58,1,2.23461e-57,4.21237e-57
22966,0,12,1385.92,14,1460.97,3,1,9,0.00314123,2.48453e-56,1.93894e-56,4.62342e-56,1,1.4081e-56,1,1.18822e-55,2.23988e-55
22967,0,12,1385.92,14,1460.97,3,1,0,0.00313965,1.50584e-58,1.17516e-58,2.80219e-58,1,8.53426e-59,1,7.20165e-58,1.35756e-57
22968,0,12,1385.92,14,1460.97,3,1,9,0.00313808,8.19052e-57,6.3919e-57,1.52416e-56,1,4.64193e-57,1,3.9171e-56,7.38399e-56
22969,0,12,1385.92,14,1460.97,3,1,0,0.00313652,5.07555e-59,3.96098e-59,9.44501e-59,1,2.87654e-59,1,2.42738e-58,4.57576e-58
22970,0,12,1385.92,14,1460.97,3,1,9,0.00313495,2.82139e-57,2.20182e-57,5.25027e-57,1,1.599e-57,1,1.34932e-56,2.54356e-56
22971,0,12,1385.92,14,1460.48,3,1,13,0.00313338,1.78604e-59,1.39383e-59,3.32361e-59,1,1.01223e-59,1,8.54172e-59,1.61017e-58
22972,0,12,1385.92,14,1460.48,3,1,0,0.00313181,2.29147e-63,1.78827e-63,4.26416e-63,1,1.29868e-63,1,1.09589e-62,2.06582e-62
22973,0,12,1385.92,14,1460.48,3,1,0,0.00313025,1.55597e-61,1.21428e-61,2.89547e-61,1,8.81836e-62,1,7.44139e-61,1.40275e-60
22974,0,12,1385.92,14,1460.48,3,1,0,0.00312868,9.71067e-60,7.57824e-60,1.80704e-59,1,5.50347e-60,1,4.64411e-59,8.75444e-59
22975,0,12,1385.92,14,1460.48,3,1,9,0.00312712,5.57947e-58,4.35423e-58,1.03827e-57,1,3.16213e-58,1,2.66837e-57,5.03005e-57
22976,0,12,1385.92,14,1460.48,3,1,0,0.00312555,3.64837e-60,2.8472e-60,6.7892e-60,1,2.0677e-60,1,1.74483e-59,3.28911e-59
22977,0,12,1385.92,14,1460.48,3,1,0,0.00312399,2.1377e-58,1.66826e-58,3.978e-58,1,1.21153e-58,1,1.02235e-57,1.92719e-57
22978,0,12,1385.92,14,1460.48,3,1,9,0.00312243,1.15461e-56,9.01062e-57,2.1486e-56,1,6.54369e-57,1,5.52191e-56,1.04091e-55
22979,0,12,1385.92,14,1460.48,3,1,0,0.00312087,7.106e-59,5.54555e-59,1.32234e-58,1,4.02729e-59,1,3.39843e-58,6.40626e-58
22980,0,12,1385.92,14,1460.48,3,1,0,0.00311931,3.92357e-57,3.06197e-57,7.30131e-57,1,2.22366e-57,1,1.87644e-56,3.53721e-56
22981,0,12,1385.92,14,1460.48,3,1,0,0.00311775,1.99939e-55,1.56033e-55,3.72062e-55,1,1.13314e-55,1,9.56203e-55,1.8025e-54
22982,0,12,1385.92,14,1460.48,3,1,9,0.00311619,9.41819e-54,7.34998e-54,1.75261e-53,1,5.3377e-54,1,4.50423e-53,8.49076e-53
22983,0,12,1385.92,14,1460.48,3,1,0,0.00311463,5.06905e-56,3.9559e-56,9.4329e-56,1,2.87285e-56,1,2.42426e-55,4.56989e-55
22984,0,12,1385.92,14,1460.48,3,1,0,0.00311307,2.45424e-54,1.91529e-54,4.56705e-54,1,1.39092e-54,1,1.17373e-53,2.21256e-53
22985,0,12,1385.92,14,1460.48,3,1,9,0.00311152,1.09953e-52,8.58076e-53,2.0461e-52,1,6.23152e-53,1,5.25848e-52,9.91256e-52
22986,0,12,1385.92,14,1460.48,3,1,0,0.00310996,5.63405e-55,4.39683e-55,1.04843e-54,1,3.19307e-55,1,2.69448e-54,5.07926e-54
22987,0,12,1385.92,14,1460.48,3,1,0,0.00310841,2.59952e-53,2.02867e-53,4.8374e-53,1,1.47326e-53,1,1.24322e-52,2.34354e-52
22988,0,12,1385.92,14,1460.48,3,1,0,0.00310685,1.11092e-51,8.66968e-52,2.0673e-51,1,6.29609e-52,1,5.31297e-51,1.00153e-50
22989,0,12,1385.92,14,1460.48,3,1,0,0.0031053,4.40412e-50,3.43699e-50,8.19555e-50,1,2.49601e-50,1,2.10626e-49,3.97043e-49
22990,0,12,1385.92,14,1460.48,3,1,0,0.00310375,1.62207e-48,1.26587e-48,3.01849e-48,1,9.193e-49,1,7.75753e-48,1.46234e-47
22991,0,12,1385.92,14,1460.48,3,1,9,0.00310219,5.5585e-47,4.33787e-47,1.03437e-46,1,3.15025e-47,1,2.65834e-46,5.01114e-46
22992,0,12,1385.92,14,1460.48,3,1,9,0.00310064,2.19027e-49,1.70929e-49,4.07583e-49,1,1.24132e-49,1,1.04749e-48,1.97459e-48
22993,0,12,1385.92,14,1460.48,3,1,9,0.00309909,9.64107e-52,7.52392e-52,1.79409e-51,1,5.46402e-52,1,4.61082e-51,8.69169e-51
22994,0,12,1385.92,14,1460.48,3,1,9,0.00309754,4.73022e-54,3.69148e-54,8.80238e-54,1,2.68082e-54,1,2.26222e-53,4.26442e-53
22995,0,12,1385.92,14,1460.48,3,1,9,0.00309599,2.5812e-56,2.01438e-56,4.80331e-56,1,1.46288e-56,1,1.23445e-55,2.32702e-55
22996,0,12,1385.92,14,1460.48,3,1,0,0.00309445,1.56323e-58,1.21995e-58,2.90899e-58,1,8.85953e-59,1,7.47613e-58,1.4093e-57
22997,0,12,1385.92,14,1460.48,3,1,0,0.0030929,8.49634e-57,6.63057e-57,1.58107e-56,1,4.81525e-57,1,4.06336e-56,7.65968e-56
22998,0,12,1385.92,14,1460.48,3,1,0,0.00309135,4.2632e-55,3.32702e-55,7.93332e-55,1,2.41614e-55,1,2.03887e-54,3.84339e-54
22999,0,12,1385.92,14,1460.48,3,1,0,0.00308981,1.97802e-53,1.54365e-53,3.68086e-53,1,1.12103e-53,1,9.45982e-53,1.78324e-52
23000,0,12,1385.92,14,1460.48,3,1,9,0.00308826,8.49952e-52,6.63305e-52,1.58166e-51,1,4.81705e-52,1,4.06487e-51,7.66254e-51
23001,0,12,1385.92,14,1460.48,3,1,9,0.00308672,4.18066e-54,3.2626e-54,7.77971e-54,1,2.36936e-54,1,1.99939e-53,3.76898e-53
23002,0,12,1385.92,14,1460.48,3,1,0,0.00308518,2.28696e-56,1.78475e-56,4.25576e-56,1,1.29612e-56,1,1.09373e-55,2.06175e-55
23003,0,12,1385.92,14,1460.48,3,1,9,0.00308363,1.12502e-54,8.77972e-55,2.09354e-54,1,6.376e-55,1,5.3804e-54,1.01424e-53
23004,0,12,1385.92,14,1460.48,3,1,0,0.00308209,6.31796e-57,4.93055e-57,1.1757e-56,1,3.58066e-57,1,3.02155e-56,5.69581e-56
23005,0,12,1385.92,14,1460.44,3,1,13,0.00308055,3.18899e-55,2.4887e-55,5.93435e-55,1,1.80734e-55,1,1.52513e-54,2.87496e-54
23006,0,12,1385.92,14,1460.44,3,1,0,0.00307901,3.36389e-59,2.62519e-59,6.2598e-59,1,1.90646e-59,1,1.60877e-58,3.03263e-58
23007,0,12,1385.92,14,1460.44,3,1,0,0.00307747,1.88535e-57,1.47134e-57,3.50842e-57,1,1.06851e-57,1,9.01666e-57,1.6997e-56
23008,0,12,1385.92,14,1460.44,3,1,0,0.00307593,9.74931e-56,7.60839e-56,1.81423e-55,1,5.52536e-56,1,4.66258e-55,8.78926e-55
23009,0,12,1385.92,14,1460.44,3,1,0,0.00307439,4.6589e-54,3.63582e-54,8.66966e-54,1,2.6404e-54,1,2.22811e-53,4.20012e-53
23010,0,12,1385.92,14,1460.44,3,1,0,0.00307286,2.06066e-52,1.60814e-52,3.83464e-52,1,1.16786e-52,1,9.85505e-52,1.85774e-51
23011,0,12,1385.92,14,1460.44,3,1,0,0.00307132,8.44918e-51,6.59377e-51,1.57229e-50,1,4.78852e-51,1,4.0408e-50,7.61716e-50
23012,0,12,1385.92,14,1460.44,3,1,0,0.00306978,3.21638e-49,2.51007e-49,5.9853e-49,1,1.82286e-49,1,1.53822e-48,2.89965e-48
23013,0,12,1385.92,14,1460.44,3,1,0,0.00306825,1.13844e-47,8.88438e-48,2.11849e-47,1,6.45201e-48,1,5.44454e-47,1.02633e-46
23014,0,12,1385.92,14,1460.44,3,1,0,0.00306671,3.75207e-46,2.92813e-46,6.98216e-46,1,2.12646e-46,1,1.79442e-45,3.38259e-45
23015,0,12,1385.92,14,1460.44,3,1,9,0.00306518,1.15312e-44,8.99898e-45,2.14582e-44,1,6.53522e-45,1,5.51476e-44,1.03957e-43
23016,0,12,1385.92,14,1460.44,3,1,0,0.00306365,4.0839e-47,3.18709e-47,7.59966e-47,1,2.31452e-47,1,1.95311e-46,3.68174e-46
23017,0,12,1385.92,14,1460.44,3,1,9,0.00306212,1.31203e-45,1.02391e-45,2.44152e-45,1,7.43581e-46,1,6.27473e-45,1.18283e-44
23018,0,12,1385.92,14,1460.44,3,1,0,0.00306059,4.85313e-48,3.7874e-48,9.0311e-48,1,2.75048e-48,1,2.321e-47,4.37522e-47
23019,0,12,1385.92,14,1460.44,3,1,0,0.00305906,1.62701e-46,1.26972e-46,3.02767e-46,1,9.22096e-47,1,7.78113e-46,1.46679e-45
23020,0,12,1385.92,14,1444.27,3,1,13,0.00305753,5.08453e-45,3.96798e-45,9.46171e-45,1,2.88162e-45,1,2.43166e-44,4.58384e-44
23021,0,12,1385.92,14,1444.27,3,1,9,0.003056,3.35263e-49,2.61641e-49,6.23886e-49,1,1.90008e-49,1,1.60339e-48,3.02249e-48
23022,0,12,1385.92,14,1444.27,3,1,0,0.00305447,1.46324e-51,1.14192e-51,2.72293e-51,1,8.29284e-52,1,6.99793e-51,1.31915e-50
23023,0,12,1385.92,14,1444.16,3,1,13,0.00305294,5.76898e-50,4.50213e-50,1.07354e-49,1,3.26953e-50,1,2.759e-49,5.20089e-49
23024,0,12,1385.92,14,1444.16,3,1,0,0.00305142,4.77681e-54,3.72783e-54,8.88907e-54,1,2.70722e-54,1,2.28449e-53,4.30641e-53
23025,0,12,1385.92,14,1439.56,3,1,13,0.00304989,2.11175e-52,1.64802e-52,3.92973e-52,1,1.19682e-52,1,1.00994e-51,1.9038e-51
23026,0,12,1385.92,14,1439.56,3,1,0,0.00304837,1.95619e-56,1.52662e-56,3.64024e-56,1,1.10866e-56,1,9.35542e-56,1.76356e-55
23027,0,12,1385.92,14,1439.56,3,1,0,0.00304684,9.6532e-55,7.53339e-55,1.79635e-54,1,5.47089e-55,1,4.61662e-54,8.70261e-54
23028,0,12,1385.92,14,1439.56,3,1,9,0.00304532,4.40623e-53,3.43863e-53,8.19947e-53,1,2.4972e-53,1,2.10727e-52,3.97233e-52
23029,0,12,1385.92,14,1439.56,3,1,9,0.00304379,2.29945e-55,1.7945e-55,4.279e-55,1,1.3032e-55,1,1.0997e-54,2.07301e-54
23030,0,12,1385.92,14,1439.56,3,1,9,0.00304227,1.333e-57,1.04028e-57,2.48055e-57,1,7.55467e-58,1,6.37503e-57,1.20173e-56
23031,0,12,1385.92,14,1439.56,3,1,0,0.00304075,8.56587e-60,6.68483e-60,1.59401e-59,1,4.85465e-60,1,4.0966e-59,7.72235e-59
23032,0,12,1385.92,14,1439.56,3,1,0,0.00303923,4.93406e-58,3.85056e-58,9.18171e-58,1,2.79634e-58,1,2.3597e-57,4.44818e-57
23033,0,12,1385.92,14,1439.56,3,1,0,0.00303771,2.62077e-56,2.04526e-56,4.87695e-56,1,1.4853e-56,1,1.25338e-55,2.36269e-55
23034,0,12,1385.92,14,1439.56,3,1,9,0.00303619,1.28573e-54,1.00339e-54,2.39259e-54,1,7.28678e-55,1,6.14896e-54,1.15912e-53
23035,0,12,1385.92,14,1439.56,3,1,0,0.00303467,7.2012e-57,5.61984e-57,1.34006e-56,1,4.08123e-57,1,3.44395e-56,6.49206e-56
23036,0,12,1385.92,14,1439.56,3,1,0,0.00303316,3.62531e-55,2.8292e-55,6.74628e-55,1,2.05462e-55,1,1.73379e-54,3.26831e-54
23037,0,12,1385.92,14,1439.56,3,1,0,0.00303164,1.68751e-53,1.31694e-53,3.14026e-53,1,9.56386e-54,1,8.07048e-53,1.52134e-52
23038,0,12,1385.92,14,1439.56,3,1,0,0.00303013,7.27429e-52,5.67688e-52,1.35366e-51,1,4.12265e-52,1,3.47891e-51,6.55796e-51
23039,0,12,1385.92,14,1439.56,3,1,0,0.00302861,2.90833e-50,2.26967e-50,5.41206e-50,1,1.64827e-50,1,1.3909e-49,2.62193e-49
23040,0,12,1385.92,14,1439.56,3,1,0,0.0030271,1.08009e-48,8.42905e-49,2.00992e-48,1,6.12133e-49,1,5.16549e-48,9.73728e-48
23041,0,12,1385.92,14,1439.56,3,1,0,0.00302558,3.73146e-47,2.91204e-47,6.94381e-47,1,2.11478e-47,1,1.78456e-46,3.36401e-46
23042,0,12,1385.92,14,1439.56,3,1,0,0.00302407,1.20096e-45,9.37236e-46,2.23485e-45,1,6.80638e-46,1,5.74358e-45,1.0827e-44
23043,0,12,1385.92,14,1439.56,3,1,0,0.00302256,3.60602e-44,2.81415e-44,6.71038e-44,1,2.04369e-44,1,1.72457e-43,3.25092e-43
23044,0,12,1385.92,14,1439.56,3,1,0,0.00302105,1.01152e-42,7.89397e-43,1.88233e-42,1,5.73274e-43,1,4.83758e-42,9.11915e-42
23045,0,12,1385.92,14,1439.56,3,1,0,0.00301954,2.65439e-41,2.0715e-41,4.93952e-41,1,1.50436e-41,1,1.26946e-40,2.393e-40
23046,0,12,1385.92,14,1439.56,3,1,0,0.00301803,6.52491e-40,5.09206e-40,1.21421e-39,1,3.69795e-40,1,3.12052e-39,5.88238e-39
23047,0,12,1385.92,14,1439.56,3,1,0,0.00301652,1.50443e-38,1.17406e-38,2.79957e-38,1,8.52625e-39,1,7.19489e-38,1.35628e-37
23048,0,12,1385.92,14,1439.56,3,1,0,0.00301501,3.25772e-37,2.54233e-37,6.06223e-37,1,1.84629e-37,1,1.55799e-36,2.93691e-36
23049,0,12,1385.92,14,1439.56,3,1,9,0.0030135,6.63351e-36,5.17681e-36,1.23442e-35,1,3.7595e-36,1,3.17246e-35,5.98028e-35
23050,0,12,1385.92,14,1439.56,3,1,0,0.00301199,1.56945e-38,1.2248e-38,2.92056e-38,1,8.89473e-39,1,7.50584e-38,1.4149e-37
23051,0,12,1385.92,14,1439.56,3,1,9,0.00301049,3.39563e-37,2.64996e-37,6.31887e-37,1,1.92445e-37,1,1.62395e-36,3.06125e-36
23052,0,12,1385.92,14,1439.56,3,1,0,0.00300898,8.52591e-40,6.65365e-40,1.58657e-39,1,4.832e-40,1,4.07749e-39,7.68633e-39
23053,0,12,1385.92,14,1439.56,3,1,0,0.00300748,1.95531e-38,1.52593e-38,3.63859e-38,1,1.10815e-38,1,9.35119e-38,1.76276e-37
23054,0,12,1385.92,14,1439.56,3,1,0,0.00300597,4.21191e-37,3.28699e-37,7.83787e-37,1,2.38707e-37,1,2.01433e-36,3.79714e-36
23055,0,12,1385.92,14,1439.56,3,1,0,0.00300447,8.53253e-36,6.65882e-36,1.5878e-35,1,4.83575e-36,1,4.08066e-35,7.6923e-35
23056,0,12,1385.92,14,1439.56,3,1,0,0.00300297,1.62759e-34,1.27018e-34,3.02876e-34,1,9.22425e-35,1,7.7839e-34,1.46731e-33
23057,0,12,1385.92,14,1439.56,3,1,9,0.00300147,2.92687e-33,2.28414e-33,5.44656e-33,1,1.65878e-33,1,1.39977e-32,2.63864e-32
23058,0,12,1385.92,14,1439.56,3,1,0,0.00299997,6.13074e-36,4.78445e-36,1.14086e-35,1,3.47455e-36,1,2.93201e-35,5.52702e-35
23059,0,12,1385.92,14,1439.56,3,1,0,0.00299847,1.1772e-34,9.18693e-35,2.19064e-34,1,6.67172e-35,1,5.62994e-34,1.06128e-33
23060,0,12,1385.92,14,1439.56,3,1,0,0.00299697,2.1307e-33,1.66281e-33,3.96499e-33,1,1.20756e-33,1,1.019e-32,1.92088e-32
23061,0,12,1385.92,14,1439.56,3,1,9,0.00299547,3.6395e-32,2.84028e-32,6.77268e-32,1,2.06266e-32,1,1.74058e-31,3.2811e-31
23062,0,12,1385.92,14,1439.56,3,1,0,0.00299397,7.24868e-35,5.65689e-35,1.34889e-34,1,4.10814e-35,1,3.46666e-34,6.53487e-34
23063,0,12,1385.92,14,1439.56,3,1,0,0.00299247,1.32478e-33,1.03386e-33,2.46525e-33,1,7.50807e-34,1,6.3357e-33,1.19432e-32
23064,0,12,1385.92,14,1439.56,3,1,9,0.00299098,2.28449e-32,1.78282e-32,4.25116e-32,1,1.29472e-32,1,1.09255e-31,2.05952e-31
23065,0,12,1385.92,14,1439.56,3,1,0,0.00298948,4.59252e-35,3.58402e-35,8.54614e-35,1,2.60278e-35,1,2.19636e-34,4.14027e-34
23066,0,12,1385.92,14,1439.56,3,1,0,0.00298799,8.4703e-34,6.61025e-34,1.57622e-33,1,4.80048e-34,1,4.05089e-33,7.63619e-33
23067,0,12,1385.92,14,1439.56,3,1,0,0.00298649,1.47377e-32,1.15013e-32,2.74251e-32,1,8.35247e-33,1,7.04825e-32,1.32864e-31
23068,0,12,1385.92,14,1439.56,3,1,0,0.002985,2.42186e-31,1.89003e-31,4.5068e-31,1,1.37257e-31,1,1.15825e-30,2.18337e-30
23069,0,12,1385.92,14,1438.35,3,1,13,0.00298351,3.76318e-30,2.9368e-30,7.00284e-30,1,2.13275e-30,1,1.79973e-29,3.3926e-29
23070,0,12,1385.92,14,1438.35,3,1,0,0.00298202,1.25114e-34,9.7639e-35,2.32822e-34,1,7.09072e-35,1,5.98352e-34,1.12793e-33
23071,0,12,1385.92,14,1438.35,3,1,9,0.00298053,2.26176e-33,1.76509e-33,4.20887e-33,1,1.28184e-33,1,1.08168e-32,2.03904e-32
23072,0,12,1385.92,14,1438.35,3,1,9,0.00297904,4.76208e-36,3.71634e-36,8.86167e-36,1,2.69887e-36,1,2.27745e-35,4.29313e-35
23073,0,12,1385.92,14,1438.35,3,1,9,0.00297755,1.13417e-38,8.85111e-39,2.11056e-38,1,6.42783e-39,1,5.42414e-38,1.02248e-37
23074,0,12,1385.92,14,1438.35,3,1,0,0.00297606,3.04806e-41,2.37872e-41,5.67208e-41,1,1.72747e-41,1,1.45773e-40,2.7479e-40
23075,0,12,1385.92,14,1438.35,3,1,0,0.00297457,7.47191e-40,5.8311e-40,1.39044e-39,1,4.23465e-40,1,3.57342e-39,6.73612e-39
23076,0,12,1385.92,14,1438.35,3,1,0,0.00297308,1.71811e-38,1.34082e-38,3.19721e-38,1,9.73728e-39,1,8.21682e-38,1.54892e-37
23077,0,12,1385.92,14,1438.35,3,1,9,0.0029716,3.71056e-37,2.89573e-37,6.90492e-37,1,2.10293e-37,1,1.77456e-36,3.34516e-36
23078,0,12,1385.92,14,1438.35,3,1,9,0.00297011,9.30013e-40,7.25785e-40,1.73064e-39,1,5.27078e-40,1,4.44776e-39,8.3843e-39
23079,0,12,1385.92,14,1438.35,3,1,9,0.00296862,2.62759e-42,2.05058e-42,4.88964e-42,1,1.48917e-42,1,1.25664e-41,2.36884e-41
23080,0,12,1385.92,14,1438.35,3,1,9,0.00296714,8.34843e-45,6.51514e-45,1.55354e-44,1,4.73141e-45,1,3.99261e-44,7.52632e-44
23081,0,12,1385.92,14,1438.35,3,1,0,0.00296566,2.97585e-47,2.32236e-47,5.53771e-47,1,1.68654e-47,1,1.42319e-46,2.6828e-46
23082,0,12,1385.92,14,1438.35,3,1,0,0.00296417,9.62116e-46,7.50838e-46,1.79039e-45,1,5.45272e-46,1,4.60129e-45,8.67372e-45
23083,0,12,1385.92,14,1438.35,3,1,9,0.00296269,2.90169e-44,2.26449e-44,5.39971e-44,1,1.64451e-44,1,1.38773e-43,2.61595e-43
23084,0,12,1385.92,14,1438.35,3,1,0,0.00296121,1.00887e-46,7.87328e-47,1.8774e-46,1,5.71772e-47,1,4.82491e-46,9.09525e-46
23085,0,12,1385.92,14,1438.35,3,1,9,0.00295973,3.18309e-45,2.48409e-45,5.92336e-45,1,1.80399e-45,1,1.5223e-44,2.86964e-44
23086,0,12,1385.92,14,1438.35,3,1,0,0.00295825,1.15673e-47,9.02712e-48,2.15253e-47,1,6.55565e-48,1,5.532e-47,1.04282e-46
23087,0,12,1385.92,14,1438.35,3,1,0,0.00295677,3.81113e-46,2.97422e-46,7.09207e-46,1,2.15993e-46,1,1.82266e-45,3.43583e-45
23088,0,12,1385.92,14,1438.35,3,1,9,0.00295529,1.17091e-44,9.13778e-45,2.17892e-44,1,6.63602e-45,1,5.59982e-44,1.0556e-43
23089,0,12,1385.92,14,1438.35,3,1,0,0.00295381,4.14562e-47,3.23526e-47,7.71452e-47,1,2.3495e-47,1,1.98263e-46,3.73738e-46
23090,0,12,1385.92,14,1438.35,3,1,0,0.00295234,1.33146e-45,1.03907e-45,2.47768e-45,1,7.54592e-46,1,6.36764e-45,1.20034e-44
23091,0,12,1385.92,14,1438.35,3,1,9,0.00295086,3.98959e-44,3.11349e-44,7.42417e-44,1,2.26107e-44,1,1.90801e-43,3.59672e-43
23092,0,12,1385.92,14,1438.35,3,1,9,0.00294939,1.37832e-46,1.07564e-46,2.56488e-46,1,7.8115e-47,1,6.59175e-46,1.24259e-45
23093,0,12,1385.92,14,1437.13,3,1,13,0.00294791,5.33335e-49,4.16216e-49,9.92473e-49,1,3.02263e-49,1,2.55066e-48,4.80815e-48
23094,0,12,1385.92,14,1437.13,3,1,9,0.00294644,4.22397e-53,3.2964e-53,7.8603e-53,1,2.3939e-53,1,2.0201e-52,3.80801e-52
23095,0,12,1385.92,14,1437.13,3,1,9,0.00294496,2.2062e-55,1.72172e-55,4.10547e-55,1,1.25035e-55,1,1.05511e-54,1.98894e-54
23096,0,12,1385.92,14,1437.13,3,1,9,0.00294349,1.28e-57,9.98915e-58,2.38193e-57,1,7.2543e-58,1,6.12155e-57,1.15395e-56
23097,0,12,1385.92,14,1437.13,3,1,0,0.00294202,8.23197e-60,6.42426e-60,1.53187e-59,1,4.66541e-60,1,3.93691e-59,7.42133e-59
23098,0,12,1385.92,14,1437.13,3,1,9,0.00294055,4.74551e-58,3.70341e-58,8.83083e-58,1,2.68948e-58,1,2.26952e-57,4.27819e-57
23099,0,12,1385.92,14,1437.13,3,1,0,0.00293908,3.11311e-60,2.42948e-60,5.79314e-60,1,1.76433e-60,1,1.48884e-59,2.80655e-59
23100,0,12,1385.92,14,1437.13,3,1,0,0.00293761,1.82987e-58,1.42804e-58,3.40517e-58,1,1.03706e-58,1,8.75129e-58,1.64967e-57
23101,0,12,1385.92,14,1437.13,3,1,0,0.00293614,9.91426e-57,7.73712e-57,1.84493e-56,1,5.61883e-57,1,4.74146e-56,8.93795e-56
23102,0,12,1385.92,14,1437.13,3,1,0,0.00293467,4.95934e-55,3.87028e-55,9.22875e-55,1,2.81067e-55,1,2.37179e-54,4.47097e-54
23103,0,12,1385.92,14,1437.13,3,1,9,0.00293321,2.29406e-53,1.79029e-53,4.26897e-53,1,1.30014e-53,1,1.09712e-52,2.06815e-52
23104,0,12,1385.92,14,1437.13,3,1,0,0.00293174,1.21291e-55,9.46562e-56,2.25709e-55,1,6.8741e-56,1,5.80072e-55,1.09347e-54
23105,0,12,1385.92,14,1437.13,3,1,0,0.00293027,5.77088e-54,4.50361e-54,1.07389e-53,1,3.2706e-54,1,2.75991e-53,5.2026e-53
23106,0,12,1385.92,14,1437.13,3,1,0,0.00292881,2.54159e-52,1.98347e-52,4.72961e-52,1,1.44043e-52,1,1.21551e-51,2.29131e-51
23107,0,12,1385.92,14,1437.13,3,1,9,0.00292734,1.03775e-50,8.09863e-51,1.93113e-50,1,5.88137e-51,1,4.963e-50,9.35557e-50
23108,0,12,1385.92,14,1437.13,3,1,0,0.00292588,4.85522e-53,3.78903e-53,9.035e-53,1,2.75166e-53,1,2.32199e-52,4.3771e-52
23109,0,12,1385.92,14,1437.13,3,1,0,0.00292442,2.04915e-51,1.59916e-51,3.81323e-51,1,1.16134e-51,1,9.79999e-51,1.84736e-50
23110,0,12,1385.92,14,1437.13,3,1,9,0.00292295,8.02474e-50,6.26253e-50,1.49331e-49,1,4.54796e-50,1,3.8378e-49,7.2345e-49
23111,0,12,1385.92,14,1437.13,3,1,0,0.00292149,3.60396e-52,2.81255e-52,6.70656e-52,1,2.04252e-52,1,1.72358e-51,3.24906e-51
23112,0,12,1385.92,14,1437.13,3,1,0,0.00292003,1.46128e-50,1.14039e-50,2.71927e-50,1,8.2817e-51,1,6.98853e-50,1.31738e-49
23113,0,12,1385.92,14,1437.13,3,1,0,0.00291857,5.50209e-49,4.29385e-49,1.02387e-48,1,3.11827e-49,1,2.63136e-48,4.96027e-48
23114,0,12,1385.92,14,1437.13,3,1,0,0.00291711,1.92666e-47,1.50357e-47,3.58529e-47,1,1.09192e-47,1,9.2142e-47,1.73693e-46
23115,0,12,1385.92,14,1437.13,3,1,0,0.00291565,6.28345e-46,4.90363e-46,1.16928e-45,1,3.5611e-46,1,3.00504e-45,5.66469e-45
23116,0,12,1385.92,14,1437.13,3,1,0,0.0029142,1.91127e-44,1.49156e-44,3.55666e-44,1,1.0832e-44,1,9.14061e-44,1.72306e-43
23117,0,12,1385.92,14,1437.13,3,1,0,0.00291274,5.42982e-43,4.23745e-43,1.01043e-42,1,3.07731e-43,1,2.59679e-42,4.89512e-42
23118,0,12,1385.92,14,1437.13,3,1,0,0.00291128,1.44271e-41,1.12589e-41,2.68471e-41,1,8.17643e-42,1,6.8997e-41,1.30064e-40
23119,0,12,1385.92,14,1437.13,3,1,0,0.00290983,3.58991e-40,2.80158e-40,6.6804e-40,1,2.03455e-40,1,1.71686e-39,3.23639e-39
23120,0,12,1385.92,14,1437.13,3,1,0,0.00290837,8.37665e-39,6.53716e-39,1.5588e-38,1,4.7474e-39,1,4.0061e-38,7.55176e-38
23121,0,12,1385.92,14,1437.13,3,1,0,0.00290692,1.83526e-37,1.43224e-37,3.4152e-37,1,1.04012e-37,1,8.77707e-37,1.65453e-36
23122,0,12,1385.92,14,1437.13,3,1,0,0.00290546,3.78018e-36,2.95006e-36,7.03447e-36,1,2.14239e-36,1,1.80786e-35,3.40793e-35
23123,0,12,1385.92,14,1437.13,3,1,9,0.00290401,7.3291e-35,5.71965e-35,1.36386e-34,1,4.15371e-35,1,3.50512e-34,6.60737e-34
23124,0,12,1385.92,14,1437.13,3,1,9,0.00290256,1.65268e-37,1.28975e-37,3.07544e-37,1,9.36642e-38,1,7.90387e-37,1.48993e-36
23125,0,12,1385.92,14,1437.13,3,1,0,0.00290111,4.20981e-40,3.28535e-40,7.83397e-40,1,2.38588e-40,1,2.01333e-39,3.79525e-39
23126,0,12,1385.92,14,1437.13,3,1,0,0.00289966,9.79188e-39,7.64161e-39,1.82215e-38,1,5.54947e-39,1,4.68293e-38,8.82762e-38
23127,0,12,1385.92,14,1437.13,3,1,0,0.00289821,2.13864e-37,1.669e-37,3.97976e-37,1,1.21206e-37,1,1.0228e-36,1.92804e-36
23128,0,12,1385.92,14,1437.13,3,1,9,0.00289676,4.39161e-36,3.42722e-36,8.17226e-36,1,2.48891e-36,1,2.10027e-35,3.95914e-35
23129,0,12,1385.92,14,1437.13,3,1,0,0.00289531,1.04763e-38,8.17576e-39,1.94952e-38,1,5.93738e-39,1,5.01027e-38,9.44468e-38
23130,0,12,1385.92,14,1437.13,3,1,9,0.00289386,2.28504e-37,1.78325e-37,4.25219e-37,1,1.29503e-37,1,1.09281e-36,2.06002e-36
23131,0,12,1385.92,14,1437.13,3,1,0,0.00289242,5.78301e-40,4.51308e-40,1.07615e-39,1,3.27748e-40,1,2.76571e-39,5.21353e-39
23132,0,12,1385.92,14,1437.13,3,1,0,0.00289097,1.33659e-38,1.04308e-38,2.48725e-38,1,7.57505e-39,1,6.39222e-38,1.20497e-37
23133,0,12,1385.92,14,1437.13,3,1,0,0.00288952,2.90114e-37,2.26406e-37,5.39868e-37,1,1.6442e-37,1,1.38746e-36,2.61545e-36
23134,0,12,1385.92,14,1437.13,3,1,0,0.00288808,5.92115e-36,4.62088e-36,1.10186e-35,1,3.35576e-36,1,2.83177e-35,5.33806e-35
23135,0,12,1385.92,14,1437.13,3,1,0,0.00288664,1.13775e-34,8.87903e-35,2.11722e-34,1,6.4481e-35,1,5.44125e-34,1.02571e-33
23136,0,12,1385.92,14,1437.13,3,1,0,0.00288519,2.0607e-33,1.60817e-33,3.83472e-33,1,1.16788e-33,1,9.85521e-33,1.85777e-32
23137,0,12,1385.92,14,1437.13,3,1,0,0.00288375,3.52227e-32,2.74879e-32,6.55453e-32,1,1.99622e-32,1,1.68451e-31,3.17541e-31
23138,0,12,1385.92,14,1437.13,3,1,0,0.00288231,5.6882e-31,4.43909e-31,1.05851e-30,1,3.22374e-31,1,2.72036e-30,5.12805e-30
23139,0,12,1385.92,14,1437.13,3,1,0,0.00288087,8.68888e-30,6.78083e-30,1.6169e-29,1,4.92436e-30,1,4.15543e-29,7.83324e-29
23140,0,12,1385.92,14,1437.13,3,1,9,0.00287943,1.25682e-28,9.80827e-29,2.3388e-28,1,7.12293e-29,1,6.0107e-28,1.13306e-27
23141,0,12,1385.92,14,1437.13,3,1,9,0.00287799,2.1268e-31,1.65976e-31,3.95772e-31,1,1.20535e-31,1,1.01713e-30,1.91736e-30
23142,0,12,1385.92,14,1437.13,3,1,9,0.00287655,4.08893e-34,3.19102e-34,7.60902e-34,1,2.31737e-34,1,1.95552e-33,3.68628e-33
23143,0,12,1385.92,14,1437.13,3,1,0,0.00287511,8.90874e-37,6.95241e-37,1.65781e-36,1,5.04896e-37,1,4.26057e-36,8.03145e-36
23144,1,12,1385.92,14,1437.13,3,1,0,0.00287367,1.7779e-35,1.38748e-35,3.30847e-35,1,1.00761e-35,1,8.50277e-35,1.60283e-34
23145,1,12,1385.92,14,1437.13,0,2,9,0.00287224,1,9.27741e-36,1.63502e-35,2.34256e-35,1.94939e-35,8.1377e-36,1,5.36267e-36
23146,1,12,1385.92,14,1437.13,0,2,9,0.0028708,1,1.22237e-38,2.15427e-38,3.08651e-38,2.5694e-38,1.07259e-38,1,7.0683e-39
23147,0,12,1385.92,14,1436.19,0,2,13,0.00286936,1,1.83901e-41,3.24101e-41,4.64354e-41,3.86694e-41,1.61425e-41,1,1.06378e-41
23148,0,12,1385.92,14,1436.19,3,1,0,0.00286793,3.2111e-33,2.50595e-33,5.97547e-33,1,1.81723e-33,1,1.53347e-32,2.89069e-32
23149,0,12,1385.92,14,1436.19,3,1,9,0.0028665,5.44013e-32,4.24549e-32,1.01234e-31,1,3.07878e-32,1,2.59803e-31,4.89745e-31
23150,0,12,1385.92,14,1436.19,3,1,0,0.00286506,1.07482e-34,8.38792e-35,2.00011e-34,1,6.08298e-35,1,5.13314e-34,9.67629e-34
23151,0,12,1385.92,14,1436.19,3,1,0,0.00286363,1.94893e-33,1.52095e-33,3.62674e-33,1,1.10304e-33,1,9.30801e-33,1.75462e-32
23152,0,12,1385.92,14,1436.19,3,1,0,0.0028622,3.33495e-32,2.60261e-32,6.20596e-32,1,1.88754e-32,1,1.5928e-31,3.00253e-31
23153,0,12,1385.92,14,1436.19,3,1,0,0.00286077,5.39159e-31,4.20761e-31,1.00331e-30,1,3.05164e-31,1,2.57513e-30,4.85429e-30
23154,0,12,1385.92,14,1436.19,3,1,0,0.00285934,8.24463e-30,6.43413e-30,1.53423e-29,1,4.66659e-30,1,3.93791e-29,7.42321e-29
23155,0,12,1385.92,14,1436.19,3,1,0,0.00285791,1.19381e-28,9.31656e-29,2.22155e-28,1,6.75734e-29,1,5.7022e-28,1.0749e-27
23156,0,12,1385.92,14,1436.19,3,1,0,0.00285648,1.63865e-27,1.27881e-27,3.04934e-27,1,9.27549e-28,1,7.82714e-27,1.47546e-26
23157,0,12,1385.92,14,1436.19,3,1,0,0.00285505,2.13445e-26,1.66573e-26,3.97195e-26,1,1.20822e-26,1,1.01956e-25,1.92193e-25
23158,0,12,1385.92,14,1436.19,3,1,0,0.00285362,2.64112e-25,2.06114e-25,4.91482e-25,1,1.49506e-25,1,1.26161e-24,2.37822e-24
23159,0,12,1385.92,14,1436.19,3,1,0,0.00285219,3.10771e-24,2.42527e-24,5.78309e-24,1,1.75923e-24,1,1.48453e-23,2.79843e-23
23160,0,12,1385.92,14,1436.19,3,1,0,0.00285077,3.48082e-23,2.71644e-23,6.47739e-23,1,1.97048e-23,1,1.6628e-22,3.13448e-22
23161,0,12,1385.92,14,1436.19,3,1,0,0.00284934,3.71481e-22,2.89905e-22,6.91282e-22,1,2.10299e-22,1,1.77461e-21,3.34526e-21
23162,0,12,1385.92,14,1436.19,3,1,0,0.00284792,3.78117e-21,2.95084e-21,7.03631e-21,1,2.14061e-21,1,1.80636e-20,3.4051e-20
23163,0,12,1385.92,14,1436.19,3,1,9,0.00284649,3.67419e-20,2.86735e-20,6.83725e-20,1,2.08009e-20,1,1.75529e-19,3.30884e-19
23164,0,12,1385.92,14,1436.19,3,1,0,0.00284507,4.21015e-23,3.28561e-23,7.83459e-23,1,2.38357e-23,1,2.01138e-22,3.79157e-22
23165,0,12,1385.92,14,1436.19,3,1,0,0.00284365,4.4761e-22,3.49316e-22,8.3295e-22,1,2.53419e-22,1,2.13848e-21,4.03117e-21
23166,0,12,1385.92,14,1436.19,3,1,9,0.00284223,4.53911e-21,3.54234e-21,8.44675e-21,1,2.56992e-21,1,2.16863e-20,4.088e-20
23167,0,12,1385.92,14,1436.19,3,1,9,0.00284081,5.42337e-24,4.23242e-24,1.00923e-23,1,3.07062e-24,1,2.59115e-23,4.88448e-23
23168,0,12,1385.92,14,1436.19,3,1,0,0.00283939,7.41349e-27,5.78551e-27,1.37956e-26,1,4.19748e-27,1,3.54205e-26,6.67698e-26
23169,0,12,1385.92,14,1436.19,3,1,9,0.00283797,9.36938e-26,7.31189e-26,1.74353e-25,1,5.30499e-26,1,4.47663e-25,8.43873e-25
23170,0,12,1385.92,14,1436.19,3,1,0,0.00283655,1.38904e-28,1.08401e-28,2.58484e-28,1,7.86497e-29,1,6.63687e-28,1.25109e-27
23171,0,12,1385.92,14,1436.19,3,1,0,0.00283513,1.90086e-27,1.48343e-27,3.53727e-27,1,1.07632e-27,1,9.08251e-27,1.71211e-26
23172,0,12,1385.92,14,1436.19,3,1,0,0.00283371,2.46865e-26,1.92654e-26,4.59386e-26,1,1.39784e-26,1,1.17957e-25,2.22356e-25
23173,0,12,1385.92,14,1436.19,3,1,9,0.00283229,3.04578e-25,2.37694e-25,5.66784e-25,1,1.72466e-25,1,1.45536e-24,2.74345e-24
23174,0,12,1385.92,14,1436.19,3,1,0,0.00283088,4.41025e-28,3.44177e-28,8.20695e-28,1,2.49733e-28,1,2.10738e-27,3.97254e-27
23175,0,12,1385.92,14,1436.19,3,1,0,0.00282946,5.89742e-27,4.60237e-27,1.09744e-26,1,3.33951e-27,1,2.81806e-26,5.31221e-26
23176,0,12,1385.92,14,1436.19,3,1,0,0.00282805,7.48752e-26,5.84328e-26,1.39334e-25,1,4.24e-26,1,3.57793e-25,6.74463e-25
23177,0,12,1385.92,14,1436.19,3,1,0,0.00282663,9.03524e-25,7.05113e-25,1.68135e-24,1,5.11652e-25,1,4.31759e-24,8.13893e-24
23178,0,12,1385.92,14,1436.19,3,1,0,0.00282522,1.03731e-23,8.09522e-24,1.93032e-23,1,5.87424e-24,1,4.95699e-23,9.34424e-23
23179,0,12,1385.92,14,1436.19,3,1,0,0.00282381,1.13417e-22,8.85114e-23,2.11057e-22,1,6.42287e-23,1,5.41995e-22,1.0217e-21
23180,0,12,1385.92,14,1436.19,3,1,0,0.0028224,1.18216e-21,9.22559e-22,2.19986e-21,1,6.6947e-22,1,5.64934e-21,1.06494e-20
23181,0,12,1385.92,14,1436.19,3,1,0,0.00282098,1.17574e-20,9.17549e-21,2.18791e-20,1,6.65845e-21,1,5.61874e-20,1.05917e-19
23182,0,12,1385.92,14,1436.19,3,1,0,0.00281957,1.11684e-19,8.71589e-20,2.07832e-19,1,6.32502e-20,1,5.33738e-19,1.00613e-18
23183,0,12,1385.92,14,1436.19,3,1,9,0.00281816,1.0142e-18,7.91481e-19,1.8873e-18,1,5.74377e-19,1,4.84689e-18,9.13669e-18
23184,0,12,1385.92,14,1436.19,3,1,9,0.00281676,1.08752e-21,8.48704e-22,2.02375e-21,1,6.15913e-22,1,5.19739e-21,9.79741e-21
23185,0,12,1385.92,14,1436.19,3,1,0,0.00281535,1.33705e-24,1.04344e-24,2.48809e-24,1,7.57242e-25,1,6.39e-24,1.20456e-23
23186,0,12,1385.92,14,1436.19,3,1,0,0.00281394,1.52305e-23,1.18859e-23,2.83421e-23,1,8.62594e-24,1,7.27902e-23,1.37214e-22
23187,0,12,1385.92,14,1436.19,3,1,0,0.00281253,1.65252e-22,1.28963e-22,3.07515e-22,1,9.35937e-23,1,7.89792e-22,1.48881e-21
23188,0,12,1385.92,14,1436.19,3,1,9,0.00281113,1.70952e-21,1.33411e-21,3.18121e-21,1,9.68229e-22,1,8.17042e-21,1.54018e-20
23189,0,12,1385.92,14,1436.19,3,1,0,0.00280972,2.08283e-24,1.62545e-24,3.8759e-24,1,1.17968e-24,1,9.95476e-24,1.87654e-23
23190,0,12,1385.92,14,1436.19,3,1,0,0.00280832,2.35163e-23,1.83522e-23,4.37611e-23,1,1.33194e-23,1,1.12396e-22,2.11874e-22
23191,0,12,1385.92,14,1436.19,3,1,0,0.00280691,2.52948e-22,1.97401e-22,4.70706e-22,1,1.43269e-22,1,1.20898e-21,2.279e-21
23192,0,12,1385.92,14,1436.19,3,1,0,0.00280551,2.59453e-21,2.02478e-21,4.82812e-21,1,1.46955e-21,1,1.24009e-20,2.33764e-20
23193,0,12,1385.92,14,1436.19,3,1,9,0.00280411,2.54019e-20,1.98237e-20,4.727e-20,1,1.43879e-20,1,1.21413e-19,2.28871e-19
23194,0,12,1385.92,14,1436.19,3,1,0,0.0028027,2.93229e-23,2.28837e-23,5.45665e-23,1,1.6609e-23,1,1.40156e-22,2.64202e-22
23195,0,12,1385.92,14,1436.19,3,1,0,0.0028013,3.14016e-22,2.45059e-22,5.84347e-22,1,1.77866e-22,1,1.50093e-21,2.82935e-21
23196,0,12,1385.92,14,1436.19,3,1,0,0.0027999,3.20702e-21,2.50277e-21,5.96789e-21,1,1.81655e-21,1,1.5329e-20,2.88962e-20
23197,0,12,1385.92,14,1436.19,3,1,0,0.0027985,3.12657e-20,2.43998e-20,5.81818e-20,1,1.77101e-20,1,1.49447e-19,2.81716e-19
23198,1,12,1385.92,14,1436.19,3,1,9,0.0027971,2.91243e-19,2.27287e-19,5.41969e-19,1,1.64973e-19,1,1.39212e-18,2.62424e-18
23199,1,12,1385.92,14,1436.19,0,2,0,0.0027957,1,2.60227e-46,4.58615e-46,6.57078e-46,5.48075e-46,2.28794e-46,1,1.50773e-46
23200,1,12,1385.92,14,1436.19,0,2,9,0.00279431,1,4.5167e-45,7.96007e-45,1.14047e-44,9.5158e-45,3.97236e-45,1,2.61775e-45
23201,1,12,1385.92,14,1436.19,0,2,0,0.00279291,1,9.13797e-48,1.61044e-47,2.30735e-47,1.92579e-47,8.03918e-48,1,5.29775e-48
23202,1,12,1385.92,14,1436.19,0,2,0,0.00279151,1,1.69593e-46,2.98885e-46,4.28225e-46,3.57518e-46,1.49246e-46,1,9.83516e-47
23203,1,12,1385.92,14,1436.19,0,2,0,0.00279012,1,2.9689e-45,5.23228e-45,7.49652e-45,6.26058e-45,2.61347e-45,1,1.72226e-45
23204,1,12,1385.92,14,1436.19,0,2,9,0.00278872,1,4.90816e-44,8.64997e-44,1.23932e-43,1.0353e-43,4.32183e-44,1,2.84805e-44
23205,1,12,1385.92,14,1436.19,0,2,0,0.00278733,1,9.46729e-47,1.66848e-46,2.39051e-46,1.99754e-46,8.3387e-47,1,5.49513e-47
23206,1,12,1385.92,14,1436.19,0,2,0,0.00278593,1,1.67678e-45,2.9551e-45,4.2339e-45,3.53889e-45,1.47731e-45,1,9.73532e-46
23207,1,12,1385.92,14,1436.19,0,2,0,0.00278454,1,2.8039e-44,4.94149e-44,7.07989e-44,5.91932e-44,2.47102e-44,1,1.62838e-44
23208,1,12,1385.92,14,1436.19,0,2,9,0.00278315,1,4.43182e-43,7.81049e-43,1.11904e-42,9.35855e-43,3.90672e-43,1,2.57449e-43
23209,1,12,1385.92,14,1436.19,0,2,9,0.00278176,1,8.18043e-46,1.44169e-45,2.06557e-45,1.72789e-45,7.21307e-46,1,4.75335e-46
23210,1,12,1385.92,14,1436.19,0,2,9,0.00278037,1,1.71256e-48,3.01815e-48,4.32424e-48,3.61824e-48,1.51043e-48,1,9.95362e-49
23211,1,12,1385.92,14,1436.19,0,2,0,0.00277898,1,4.056e-51,7.14815e-51,1.02415e-50,8.57155e-51,3.57819e-51,1,2.35799e-51
23212,1,12,1385.92,14,1436.19,0,2,0,0.00277759,1,8.78438e-50,1.54813e-49,2.21807e-49,1.85687e-49,7.75148e-50,1,5.10815e-50
23213,1,12,1385.92,14,1436.19,0,2,0,0.0027762,1,1.78901e-48,3.15289e-48,4.51728e-48,3.78257e-48,1.57903e-48,1,1.04057e-48
23214,1,12,1385.92,14,1436.19,0,2,9,0.00277481,1,3.43033e-47,6.04549e-47,8.66164e-47,7.2546e-47,3.02843e-47,1,1.99571e-47
23215,1,12,1385.92,14,1436.19,0,2,9,0.00277342,1,7.65163e-50,1.3485e-49,1.93205e-49,1.61858e-49,6.75673e-50,1,4.45263e-50
23216,1,12,1385.92,14,1436.19,0,2,0,0.00277203,1,1.92843e-52,3.3986e-52,4.86932e-52,4.08021e-52,1.70328e-52,1,1.12245e-52
23217,1,12,1385.92,14,1436.19,0,2,0,0.00277065,1,4.4389e-51,7.82296e-51,1.12083e-50,9.394e-51,3.92152e-51,1,2.58425e-51
23218,1,12,1385.92,14,1436.19,0,2,9,0.00276926,1,9.59633e-50,1.69122e-49,2.42309e-49,2.03131e-49,8.47968e-50,1,5.58803e-50
23219,1,12,1385.92,14,1436.19,0,2,0,0.00276788,1,2.40762e-52,4.24311e-52,6.07929e-52,5.09744e-52,2.12792e-52,1,1.40228e-52
23220,1,12,1385.92,14,1436.19,0,2,0,0.00276649,1,5.51737e-51,9.72362e-51,1.39315e-50,1.16839e-50,4.87743e-51,1,3.21418e-51
23221,1,12,1385.92,14,1436.19,0,2,0,0.00276511,1,1.18761e-49,2.093e-49,2.99873e-49,2.51546e-49,1.05008e-49,1,6.91992e-50
23222,1,12,1385.92,14,1436.19,0,2,0,0.00276373,1,2.40411e-48,4.23692e-48,6.07043e-48,5.09316e-48,2.12614e-48,1,1.4011e-48
23223,1,12,1385.92,14,1436.19,0,2,0,0.00276235,1,4.58259e-47,8.0762e-47,1.15711e-46,9.71024e-47,4.05353e-47,1,2.67124e-47
23224,1,12,1385.92,14,1436.19,0,2,9,0.00276097,1,8.23501e-46,1.45131e-45,2.07936e-45,1.74529e-45,7.2857e-46,1,4.80121e-46
23225,1,12,1385.92,14,1436.19,0,2,9,0.00275959,1,1.72376e-48,3.03789e-48,4.35252e-48,3.65394e-48,1.52534e-48,1,1.00518e-48
23226,1,12,1385.92,14,1436.19,0,2,0,0.00275821,1,4.08199e-51,7.19395e-51,1.03071e-50,8.65443e-51,3.61279e-51,1,2.38079e-51
23227,1,12,1385.92,14,1436.19,0,2,9,0.00275683,1,8.83954e-50,1.55785e-49,2.232e-49,1.87446e-49,7.82492e-50,1,5.15655e-50
23228,1,12,1385.92,14,1436.19,0,2,0,0.00275545,1,2.2214e-52,3.91491e-52,5.60907e-52,4.7114e-52,1.96677e-52,1,1.29608e-52
23229,1,12,1385.92,14,1436.19,0,2,0,0.00275407,1,5.09881e-51,8.98597e-51,1.28746e-50,1.08161e-50,4.51516e-51,1,2.97545e-51
23230,1,12,1385.92,14,1436.19,0,2,0,0.00275269,1,1.09925e-49,1.93727e-49,2.77562e-49,2.33222e-49,9.73585e-50,1,6.41584e-50
23231,1,12,1385.92,14,1436.19,0,2,9,0.00275132,1,2.22869e-48,3.92776e-48,5.62747e-48,4.7293e-48,1.97424e-48,1,1.30101e-48
23232,1,12,1385.92,14,1436.19,0,2,0,0.00274994,1,5.25065e-51,9.25356e-51,1.3258e-50,1.11438e-50,4.65197e-51,1,3.0656e-51
23233,1,12,1385.92,14,1436.19,0,2,0,0.00274857,1,1.13132e-49,1.99379e-49,2.85659e-49,2.40145e-49,1.00249e-49,1,6.60629e-50
23234,1,12,1385.92,14,1436.19,0,2,0,0.00274719,1,2.29239e-48,4.04002e-48,5.78832e-48,4.86684e-48,2.03166e-48,1,1.33884e-48
23235,1,12,1385.92,14,1436.19,0,2,9,0.00274582,1,4.37379e-47,7.70821e-47,1.10439e-46,9.28719e-47,3.87693e-47,1,2.55486e-47
23236,0,12,1385.92,14,1434.73,0,2,13,0.00274445,1,9.7088e-50,1.71104e-49,2.45149e-49,2.06186e-49,8.6072e-50,1,5.67207e-50
23237,0,12,1385.92,14,1434.73,3,1,0,0.00274307,2.22203e-23,1.73408e-23,4.13493e-23,1,1.25713e-23,1,1.06083e-22,1.99974e-22
23238,0,12,1385.92,14,1434.73,3,1,0,0.0027417,2.39278e-22,1.86733e-22,4.45269e-22,1,1.35378e-22,1,1.14239e-21,2.15348e-21
23239,0,12,1385.92,14,1434.73,3,1,0,0.00274033,2.45705e-21,1.91749e-21,4.57228e-21,1,1.39019e-21,1,1.17312e-20,2.2114e-20
23240,0,12,1385.92,14,1434.73,3,1,9,0.00273896,2.40821e-20,1.87937e-20,4.48139e-20,1,1.36261e-20,1,1.14984e-19,2.16751e-19
23241,0,12,1385.92,14,1434.73,3,1,0,0.00273759,2.78291e-23,2.17179e-23,5.17866e-23,1,1.57467e-23,1,1.32879e-22,2.50484e-22
23242,0,12,1385.92,14,1434.73,3,1,0,0.00273622,2.9833e-22,2.32818e-22,5.55158e-22,1,1.68811e-22,1,1.42452e-21,2.6853e-21
23243,0,12,1385.92,14,1434.73,3,1,0,0.00273485,3.04994e-21,2.38019e-21,5.67559e-21,1,1.72588e-21,1,1.45638e-20,2.74538e-20
23244,0,12,1385.92,14,1434.73,3,1,0,0.00273349,2.97642e-20,2.32281e-20,5.53878e-20,1,1.68432e-20,1,1.42132e-19,2.67928e-19
23245,0,12,1385.92,14,1434.73,3,1,0,0.00273212,2.7753e-19,2.16585e-19,5.1645e-19,1,1.57056e-19,1,1.32532e-18,2.49831e-18
23246,0,12,1385.92,14,1434.73,3,1,0,0.00273075,2.47475e-18,1.93131e-18,4.60523e-18,1,1.40052e-18,1,1.18183e-17,2.22783e-17
23247,0,12,1385.92,14,1434.73,3,1,0,0.00272939,2.11227e-17,1.64842e-17,3.93069e-17,1,1.19542e-17,1,1.00876e-16,1.90157e-16
23248,0,12,1385.92,14,1434.73,3,1,9,0.00272802,1.7272e-16,1.34792e-16,3.21413e-16,1,9.7752e-17,1,8.24882e-16,1.55495e-15
23249,0,12,1385.92,14,1434.73,3,1,9,0.00272666,1.67123e-19,1.30423e-19,3.10996e-19,1,9.45865e-20,1,7.9817e-19,1.5046e-18
23250,0,12,1385.92,14,1434.73,3,1,0,0.0027253,1.85786e-22,1.44988e-22,3.45726e-22,1,1.05152e-22,1,8.87329e-22,1.67267e-21
23251,0,12,1385.92,14,1434.73,3,1,9,0.00272393,1.91744e-21,1.49637e-21,3.56813e-21,1,1.08527e-21,1,9.15809e-21,1.72636e-20
23252,0,12,1385.92,14,1434.73,3,1,0,0.00272257,2.3308e-24,1.81896e-24,4.33735e-24,1,1.31927e-24,1,1.11327e-23,2.09858e-23
23253,0,12,1385.92,14,1434.73,3,1,9,0.00272121,2.62569e-23,2.0491e-23,4.88611e-23,1,1.48622e-23,1,1.25415e-22,2.36415e-22
23254,0,12,1385.92,14,1434.73,3,1,9,0.00271985,3.47774e-26,2.71404e-26,6.47167e-26,1,1.96856e-26,1,1.66117e-25,3.13141e-25
23255,0,12,1385.92,14,1434.73,3,1,0,0.00271849,5.25908e-29,4.1042e-29,9.78653e-29,1,2.97695e-29,1,2.5121e-28,4.73547e-28
23256,0,12,1385.92,14,1434.73,3,1,0,0.00271713,7.33804e-28,5.72663e-28,1.36552e-27,1,4.15386e-28,1,3.50524e-27,6.60761e-27
23257,0,12,1385.92,14,1434.73,3,1,0,0.00271577,9.71309e-27,7.58012e-27,1.80749e-26,1,5.49844e-27,1,4.63987e-26,8.74644e-26
23258,0,12,1385.92,14,1434.73,3,1,9,0.00271441,1.22095e-25,9.52835e-26,2.27205e-25,1,6.9118e-26,1,5.83253e-25,1.09947e-24
23259,0,12,1385.92,14,1434.73,3,1,0,0.00271306,1.80054e-28,1.40515e-28,3.3506e-28,1,1.01931e-28,1,8.60145e-28,1.62143e-27
23260,0,12,1385.92,14,1434.73,3,1,9,0.0027117,2.45123e-27,1.91295e-27,4.56145e-27,1,1.3877e-27,1,1.17101e-26,2.20743e-26
23261,0,12,1385.92,14,1433.29,3,1,13,0.00271035,3.90872e-30,3.05038e-30,7.27367e-30,1,2.21287e-30,1,1.86733e-29,3.52004e-29
23262,0,12,1385.92,14,1433.29,3,1,0,0.00270899,1.29854e-34,1.01338e-34,2.41642e-34,1,7.35165e-35,1,6.2037e-34,1.16944e-33
23263,0,12,1385.92,14,1433.29,3,1,0,0.00270764,2.34571e-33,1.8306e-33,4.36509e-33,1,1.32805e-33,1,1.12067e-32,2.11254e-32
23264,0,12,1385.92,14,1433.29,3,1,9,0.00270628,3.99905e-32,3.12087e-32,7.44176e-32,1,2.26415e-32,1,1.91061e-31,3.60162e-31
23265,0,12,1385.92,14,1433.29,3,1,0,0.00270493,7.9498e-35,6.20405e-35,1.47936e-34,1,4.50105e-35,1,3.79822e-34,7.15988e-34
23266,0,12,1385.92,14,1433.29,3,1,0,0.00270358,1.45023e-33,1.13177e-33,2.69871e-33,1,8.21114e-34,1,6.92899e-33,1.30616e-32
23267,0,12,1385.92,14,1433.29,3,1,9,0.00270222,2.4963e-32,1.94812e-32,4.64533e-32,1,1.41342e-32,1,1.19272e-31,2.24835e-31
23268,0,12,1385.92,14,1433.29,3,1,0,0.00270087,5.00945e-35,3.90939e-35,9.322e-35,1,2.83643e-35,1,2.39353e-34,4.51195e-34
23269,0,12,1385.92,14,1433.29,3,1,0,0.00269952,9.22323e-34,7.19784e-34,1.71633e-33,1,5.22244e-34,1,4.40697e-33,8.30741e-33
23270,0,12,1385.92,14,1433.29,3,1,9,0.00269817,1.60204e-32,1.25024e-32,2.98121e-32,1,9.07136e-33,1,7.65488e-32,1.44299e-31
23271,0,12,1385.92,14,1433.29,3,1,0,0.00269682,3.24354e-35,2.53127e-35,6.03584e-35,1,1.83664e-35,1,1.54986e-34,2.92158e-34
23272,0,12,1385.92,14,1433.29,3,1,9,0.00269548,6.02403e-34,4.70117e-34,1.121e-33,1,3.41115e-34,1,2.87851e-33,5.42616e-33
23273,0,12,1385.92,14,1433.29,3,1,0,0.00269413,1.30235e-36,1.01636e-36,2.42352e-36,1,7.37478e-37,1,6.22322e-36,1.17312e-35
23274,0,12,1385.92,14,1433.29,3,1,0,0.00269278,2.57942e-35,2.01299e-35,4.8e-35,1,1.46066e-35,1,1.23258e-34,2.3235e-34
23275,0,12,1385.92,14,1433.29,3,1,9,0.00269143,4.8126e-34,3.75577e-34,8.95569e-34,1,2.72531e-34,1,2.29976e-33,4.33519e-33
23276,0,12,1385.92,14,1433.29,3,1,0,0.00269009,1.04513e-36,8.15624e-37,1.94487e-36,1,5.91852e-37,1,4.99436e-36,9.41468e-36
23277,0,12,1385.92,14,1432.9,3,1,13,0.00268874,2.0791e-35,1.62254e-35,3.86897e-35,1,1.1774e-35,1,9.93555e-35,1.87291e-34
23278,0,12,1385.92,14,1432.9,3,1,9,0.0026874,8.80601e-40,6.87223e-40,1.63869e-39,1,4.98695e-40,1,4.20825e-39,7.93281e-39
23279,0,12,1385.92,14,1432.9,3,1,0,0.00268606,2.4907e-42,1.94375e-42,4.6349e-42,1,1.41054e-42,1,1.19028e-41,2.24376e-41
23280,0,12,1385.92,14,1432.9,3,1,0,0.00268471,6.41924e-41,5.0096e-41,1.19455e-40,1,3.63541e-41,1,3.06775e-40,5.7829e-40
23281,0,12,1385.92,14,1432.9,3,1,0,0.00268337,1.55033e-39,1.20988e-39,2.88497e-39,1,8.78008e-40,1,7.40909e-39,1.39666e-38
23282,0,12,1385.92,14,1432.9,3,1,0,0.00268203,3.5132e-38,2.74171e-38,6.53766e-38,1,1.98969e-38,1,1.679e-37,3.16502e-37
23283,0,12,1385.92,14,1432.9,3,1,0,0.00268069,7.47959e-37,5.8371e-37,1.39186e-36,1,4.23609e-37,1,3.57464e-36,6.73842e-36
23284,0,12,1385.92,14,1432.9,3,1,9,0.00267935,1.49792e-35,1.16898e-35,2.78746e-35,1,8.48365e-36,1,7.15894e-35,1.34951e-34
23285,0,12,1385.92,14,1432.9,3,1,0,0.00267801,3.48672e-38,2.72105e-38,6.48838e-38,1,1.97477e-38,1,1.66642e-37,3.1413e-37
23286,0,12,1385.92,14,1432.9,3,1,9,0.00267667,7.42434e-37,5.79398e-37,1.38158e-36,1,4.20497e-37,1,3.54837e-36,6.68891e-36
23287,0,12,1385.92,14,1432.9,3,1,9,0.00267533,1.8352e-39,1.43219e-39,3.41509e-39,1,1.03943e-39,1,8.77123e-39,1.65343e-38
23288,0,12,1385.92,14,1432.9,3,1,0,0.00267399,5.11502e-42,3.99178e-42,9.51846e-42,1,2.8971e-42,1,2.44473e-41,4.60846e-41
23289,0,12,1385.92,14,1432.9,3,1,0,0.00267266,1.29945e-40,1.01409e-40,2.41812e-40,1,7.36006e-41,1,6.2108e-40,1.17077e-39
23290,0,12,1385.92,14,1432.9,3,1,9,0.00267132,3.09437e-39,2.41486e-39,5.75827e-39,1,1.75267e-39,1,1.47899e-38,2.788e-38
23291,0,12,1385.92,14,1432.9,3,1,0,0.00266998,8.53493e-42,6.66068e-42,1.58825e-41,1,4.83428e-42,1,4.07942e-41,7.68996e-41
23292,0,12,1385.92,14,1432.9,3,1,0,0.00266865,2.14617e-40,1.67488e-40,3.99377e-40,1,1.21563e-40,1,1.02581e-39,1.93372e-39
23293,0,12,1385.92,14,1432.9,3,1,9,0.00266731,5.05964e-39,3.94856e-39,9.4154e-39,1,2.86591e-39,1,2.4184e-38,4.55884e-38
23294,0,12,1385.92,14,1432.9,3,1,0,0.00266598,1.3819e-41,1.07844e-41,2.57155e-41,1,7.8275e-42,1,6.60525e-41,1.24513e-40
23295,0,12,1385.92,14,1432.9,3,1,9,0.00266465,3.44156e-40,2.6858e-40,6.40433e-40,1,1.94943e-40,1,1.64503e-39,3.10098e-39
23296,0,12,1385.92,14,1432.9,3,1,9,0.00266332,9.91878e-43,7.74065e-43,1.84577e-42,1,5.61843e-43,1,4.74112e-42,8.93731e-42
23297,0,12,1385.92,14,1432.9,3,1,9,0.00266198,3.21342e-45,2.50776e-45,5.9798e-45,1,1.82024e-45,1,1.53601e-44,2.89548e-44
23298,0,12,1385.92,14,1432.9,3,1,0,0.00266065,1.16753e-47,9.11141e-48,2.17263e-47,1,6.61351e-48,1,5.58082e-47,1.05202e-46
23299,0,12,1385.92,14,1432.9,3,1,0,0.00265932,3.846e-46,3.00143e-46,7.15696e-46,1,2.17861e-46,1,1.83843e-45,3.46555e-45
23300,0,12,1385.92,14,1432.9,3,1,0,0.00265799,1.1814e-44,9.21971e-45,2.19845e-44,1,6.69226e-45,1,5.64727e-44,1.06455e-43
23301,0,12,1385.92,14,1432.9,3,1,0,0.00265666,3.38875e-43,2.64459e-43,6.30606e-43,1,1.91963e-43,1,1.61988e-42,3.05358e-42
23302,0,12,1385.92,14,1432.9,3,1,9,0.00265534,9.08922e-42,7.09326e-42,1.6914e-41,1,5.14884e-42,1,4.34486e-41,8.19034e-41
23303,0,12,1385.92,14,1432.9,3,1,9,0.00265401,2.81705e-44,2.19843e-44,5.2422e-44,1,1.59581e-44,1,1.34663e-43,2.53848e-43
23304,0,12,1385.92,14,1432.9,3,1,0,0.00265268,9.80025e-47,7.64814e-47,1.82371e-46,1,5.55172e-47,1,4.68483e-46,8.83121e-46
23305,0,12,1385.92,14,1432.9,3,1,0,0.00265135,3.09386e-45,2.41446e-45,5.75731e-45,1,1.75265e-45,1,1.47898e-44,2.78797e-44
23306,0,12,1385.92,14,1432.9,3,1,0,0.00265003,9.11548e-44,7.11375e-44,1.69628e-43,1,5.1639e-44,1,4.35757e-43,8.21429e-43
23307,0,12,1385.92,14,1432.9,3,1,0,0.0026487,2.50999e-42,1.95881e-42,4.6708e-42,1,1.42192e-42,1,1.19989e-41,2.26187e-41
23308,0,12,1385.92,14,1432.9,3,1,0,0.00264738,6.46797e-41,5.04762e-41,1.20361e-40,1,3.66416e-41,1,3.092e-40,5.82862e-40
23309,0,12,1385.92,14,1432.9,3,1,0,0.00264606,1.56186e-39,1.21888e-39,2.90643e-39,1,8.84812e-40,1,7.4665e-39,1.40748e-38
23310,0,12,1385.92,13,1489.79,3,1,13,0.00264473,3.53881e-38,2.7617e-38,6.58531e-38,1,2.0048e-38,1,1.69175e-37,3.18906e-37
23311,0,12,1385.92,13,1489.79,3,1,0,0.00264341,1.70271e-42,1.3288e-42,3.16854e-42,1,9.64621e-43,1,8.13998e-42,1.53444e-41
23312,0,12,1385.92,13,1489.79,3,1,0,0.00264209,4.42187e-41,3.45084e-41,8.22859e-41,1,2.50511e-41,1,2.11394e-40,3.98491e-40
23313,0,12,1385.92,13,1489.79,3,1,9,0.00264077,1.07593e-39,8.39657e-40,2.00217e-39,1,6.09545e-40,1,5.14366e-39,9.69612e-39
23314,0,12,1385.92,13,1489.79,3,1,0,0.00263945,3.031e-42,2.3654e-42,5.64033e-42,1,1.71716e-42,1,1.44903e-41,2.73152e-41
23315,0,12,1385.92,13,1489.79,3,1,0,0.00263813,7.78113e-41,6.07242e-41,1.44798e-40,1,4.40831e-41,1,3.71996e-40,7.01236e-40
23316,0,12,1385.92,13,1489.79,3,1,0,0.00263681,1.87202e-39,1.46093e-39,3.48361e-39,1,1.06058e-39,1,8.94972e-39,1.68708e-38
23317,0,12,1385.92,13,1489.79,3,1,0,0.00263549,4.22623e-38,3.29816e-38,7.86451e-38,1,2.39436e-38,1,2.02048e-37,3.80873e-37
23318,0,12,1385.92,13,1489.79,3,1,0,0.00263417,8.96442e-37,6.99586e-37,1.66817e-36,1,5.0788e-37,1,4.28576e-36,8.07892e-36
23319,0,12,1385.92,13,1489.79,3,1,0,0.00263285,1.7888e-35,1.39598e-35,3.32874e-35,1,1.01345e-35,1,8.55202e-35,1.61211e-34
23320,0,12,1385.92,13,1489.79,3,1,0,0.00263154,3.362e-34,2.62372e-34,6.25629e-34,1,1.90477e-34,1,1.60734e-33,3.02995e-33
23321,0,12,1385.92,13,1489.79,3,1,0,0.00263022,5.95875e-33,4.65022e-33,1.10885e-32,1,3.376e-33,1,2.84884e-32,5.37025e-32
23322,0,12,1385.92,13,1489.79,3,1,0,0.00262891,9.97104e-32,7.78143e-32,1.85549e-31,1,5.64925e-32,1,4.76713e-31,8.98634e-31
23323,0,12,1385.92,13,1489.79,3,1,0,0.00262759,1.57708e-30,1.23076e-30,2.93476e-30,1,8.93526e-31,1,7.54004e-30,1.42134e-29
23324,0,12,1385.92,13,1489.79,3,1,0,0.00262628,2.3604e-29,1.84206e-29,4.39243e-29,1,1.33734e-29,1,1.12852e-28,2.12732e-28
23325,0,12,1385.92,13,1489.79,3,1,9,0.00262497,3.34668e-28,2.61176e-28,6.22779e-28,1,1.89615e-28,1,1.60007e-27,3.01623e-27
23326,0,12,1385.92,13,1489.79,3,1,0,0.00262365,5.55342e-31,4.33391e-31,1.03343e-30,1,3.14646e-31,1,2.65514e-30,5.00511e-30
23327,0,12,1385.92,13,1489.79,3,1,0,0.00262234,8.48708e-30,6.62334e-30,1.57935e-29,1,4.80863e-30,1,4.05777e-29,7.64916e-29
23328,0,12,1385.92,13,1489.79,3,1,9,0.00262103,1.22821e-28,9.58497e-29,2.28555e-28,1,6.95885e-29,1,5.87224e-28,1.10695e-27
23329,0,12,1385.92,13,1489.79,3,1,9,0.00261972,2.07934e-31,1.62272e-31,3.8694e-31,1,1.17813e-31,1,9.94166e-31,1.87407e-30
23330,0,12,1385.92,13,1489.79,3,1,0,0.00261841,3.99949e-34,3.12121e-34,7.44258e-34,1,2.26608e-34,1,1.91224e-33,3.60468e-33
23331,0,12,1385.92,13,1489.79,3,1,0,0.0026171,7.06404e-33,5.5128e-33,1.31454e-32,1,4.00245e-33,1,3.37748e-32,6.36675e-32
23332,0,12,1385.92,13,1489.79,3,1,0,0.00261579,1.17804e-31,9.19348e-32,2.1922e-31,1,6.67476e-32,1,5.63251e-31,1.06176e-30
23333,0,12,1385.92,13,1489.79,3,1,0,0.00261448,1.85706e-30,1.44926e-30,3.45577e-30,1,1.05221e-30,1,8.87912e-30,1.67377e-29
23334,0,12,1385.92,13,1489.79,3,1,9,0.00261318,2.77037e-29,2.16201e-29,5.15534e-29,1,1.5697e-29,1,1.3246e-28,2.49695e-28
23335,0,12,1385.92,13,1489.79,3,1,9,0.00261187,4.83199e-32,3.7709e-32,8.99177e-32,1,2.73784e-32,1,2.31033e-31,4.35511e-31
23336,0,12,1385.92,13,1489.79,3,1,9,0.00261056,9.56934e-35,7.46794e-35,1.78074e-34,1,5.42207e-35,1,4.57543e-34,8.62497e-34
23337,0,12,1385.92,13,1489.79,3,1,0,0.00260926,2.14636e-37,1.67503e-37,3.99412e-37,1,1.21615e-37,1,1.02625e-36,1.93455e-36
23338,0,12,1385.92,13,1489.79,3,1,0,0.00260796,4.40714e-36,3.43935e-36,8.20118e-36,1,2.49715e-36,1,2.10723e-35,3.97225e-35
23339,0,12,1385.92,13,1489.79,3,1,0,0.00260665,8.51849e-35,6.64786e-35,1.58519e-34,1,4.82672e-35,1,4.07304e-34,7.67793e-34
23340,0,12,1385.92,13,1489.79,3,1,0,0.00260535,1.55183e-33,1.21105e-33,2.88777e-33,1,8.79297e-34,1,7.41996e-33,1.39871e-32
23341,0,12,1385.92,13,1489.79,3,1,9,0.00260405,2.66757e-32,2.08178e-32,4.96404e-32,1,1.5115e-32,1,1.27549e-31,2.40437e-31
23342,0,12,1385.92,13,1489.79,3,1,0,0.00260274,5.34604e-35,4.17206e-35,9.94835e-35,1,3.02919e-35,1,2.55619e-34,4.81858e-34
23343,0,12,1385.92,13,1489.79,3,1,0,0.00260144,9.83015e-34,7.67148e-34,1.82927e-33,1,5.57002e-34,1,4.70027e-33,8.86031e-33
23344,0,12,1385.92,13,1489.79,3,1,0,0.00260014,1.70529e-32,1.33081e-32,3.17334e-32,1,9.66265e-33,1,8.15385e-32,1.53705e-31
23345,0,12,1385.92,13,1489.79,3,1,0,0.00259884,2.79415e-31,2.18057e-31,5.19959e-31,1,1.58325e-31,1,1.33603e-30,2.5185e-30
23346,0,12,1385.92,13,1489.79,3,1,0,0.00259754,4.32926e-30,3.37857e-30,8.05625e-30,1,2.4531e-30,1,2.07006e-29,3.90219e-29
23347,0,12,1385.92,13,1489.79,3,1,0,0.00259624,6.35001e-29,4.95557e-29,1.18166e-28,1,3.59814e-29,1,3.0363e-28,5.72361e-28
23348,0,12,1385.92,13,1489.79,3,1,9,0.00259494,8.82688e-28,6.88853e-28,1.64258e-27,1,5.00165e-28,1,4.22065e-27,7.95619e-27
23349,0,12,1385.92,13,1489.79,3,1,0,0.00259365,1.43658e-30,1.12111e-30,2.67331e-30,1,8.14023e-31,1,6.86915e-30,1.29488e-29
23350,0,12,1385.92,13,1489.79,3,1,0,0.00259235,2.15413e-29,1.68109e-29,4.00858e-29,1,1.22062e-29,1,1.03002e-28,1.94166e-28
23351,0,12,1385.92,13,1489.79,3,1,9,0.00259105,3.05981e-28,2.38789e-28,5.69395e-28,1,1.73382e-28,1,1.46309e-27,2.75802e-27
23352,0,12,1385.92,13,1489.79,3,1,0,0.00258976,5.0865e-31,3.96952e-31,9.46539e-31,1,2.88225e-31,1,2.43219e-30,4.58483e-30
23353,0,12,1385.92,13,1489.79,3,1,0,0.00258846,7.78717e-30,6.07713e-30,1.4491e-29,1,4.41258e-30,1,3.72357e-29,7.01916e-29
23354,0,12,1385.92,13,1489.79,3,1,0,0.00258717,1.12886e-28,8.80967e-29,2.10068e-28,1,6.39669e-29,1,5.39786e-28,1.01753e-27
23355,0,12,1385.92,13,1489.79,3,1,0,0.00258588,1.55123e-27,1.21059e-27,2.88666e-27,1,8.79008e-28,1,7.41752e-27,1.39825e-26
23356,0,12,1385.92,13,1489.79,3,1,0,0.00258458,2.02279e-26,1.5786e-26,3.76418e-26,1,1.14622e-26,1,9.67243e-26,1.82331e-25
23357,0,12,1385.92,13,1489.79,3,1,0,0.00258329,2.50566e-25,1.95542e-25,4.66273e-25,1,1.41984e-25,1,1.19814e-24,2.25856e-24
23358,0,12,1385.92,13,1489.25,3,1,13,0.002582,2.95142e-24,2.3033e-24,5.49225e-24,1,1.67244e-24,1,1.4113e-23,2.66038e-23
23359,0,12,1385.92,13,1489.25,3,1,0,0.00258071,7.47983e-29,5.83728e-29,1.39191e-28,1,4.23851e-29,1,3.57667e-28,6.74225e-28
23360,0,12,1385.92,13,1489.25,3,1,0,0.00257942,1.03634e-27,8.08763e-28,1.92851e-27,1,5.87253e-28,1,4.95554e-27,9.34151e-27
23361,0,12,1385.92,13,1489.25,3,1,9,0.00257813,1.36233e-26,1.06316e-26,2.53513e-26,1,7.71978e-27,1,6.51435e-26,1.228e-25
23362,0,12,1385.92,13,1489.25,3,1,0,0.00257684,2.0991e-29,1.63815e-29,3.90618e-29,1,1.18948e-29,1,1.00375e-28,1.89213e-28
23363,0,12,1385.92,13,1489.25,3,1,0,0.00257555,2.9832e-28,2.32809e-28,5.55138e-28,1,1.69047e-28,1,1.42651e-27,2.68906e-27
23364,0,12,1385.92,13,1489.25,3,1,0,0.00257426,4.02047e-27,3.13759e-27,7.48162e-27,1,2.27827e-27,1,1.92252e-26,3.62407e-26
23365,0,12,1385.92,13,1489.25,3,1,0,0.00257298,5.14375e-26,4.0142e-26,9.57192e-26,1,2.9148e-26,1,2.45966e-25,4.63661e-25
23366,0,12,1385.92,13,1489.25,3,1,0,0.00257169,6.25378e-25,4.88047e-25,1.16376e-24,1,3.54383e-25,1,2.99047e-24,5.63722e-24
23367,0,12,1385.92,13,1489.25,3,1,0,0.0025704,7.23284e-24,5.64453e-24,1.34595e-23,1,4.09864e-24,1,3.45865e-23,6.51976e-23
23368,0,12,1385.92,13,1489.25,3,1,0,0.00256912,7.96547e-23,6.21628e-23,1.48228e-22,1,4.51381e-23,1,3.80899e-22,7.18018e-22
23369,0,12,1385.92,13,1489.25,3,1,0,0.00256783,8.36134e-22,6.52521e-22,1.55595e-21,1,4.73815e-22,1,3.9983e-21,7.53704e-21
23370,0,12,1385.92,13,1489.25,3,1,0,0.00256655,8.37373e-21,6.53488e-21,1.55825e-20,1,4.74518e-21,1,4.00423e-20,7.54823e-20
23371,0,12,1385.92,13,1489.25,3,1,0,0.00256527,8.00846e-20,6.24983e-20,1.49028e-19,1,4.53821e-20,1,3.82958e-19,7.21899e-19
23372,0,12,1385.92,13,1489.25,3,1,0,0.00256398,7.32094e-19,5.71328e-19,1.36234e-18,1,4.14862e-19,1,3.50082e-18,6.59926e-18
23373,0,12,1385.92,13,1489.25,3,1,0,0.0025627,6.40272e-18,4.9967e-18,1.19147e-17,1,3.62829e-18,1,3.06174e-17,5.77156e-17
23374,0,12,1385.92,13,1489.25,3,1,9,0.00256142,5.36198e-17,4.18451e-17,9.97803e-17,1,3.03853e-17,1,2.56407e-16,4.83344e-16
23375,0,12,1385.92,13,1489.25,3,1,0,0.00256014,5.31101e-20,4.14473e-20,9.88317e-20,1,3.00965e-20,1,2.5397e-19,4.7875e-19
23376,0,12,1385.92,13,1489.25,3,1,0,0.00255886,4.89511e-19,3.82016e-19,9.10923e-19,1,2.77398e-19,1,2.34083e-18,4.4126e-18
23377,0,12,1385.92,13,1489.25,3,1,0,0.00255758,4.31575e-18,3.36802e-18,8.0311e-18,1,2.44567e-18,1,2.06378e-17,3.89035e-17
23378,0,12,1385.92,13,1489.25,3,1,0,0.0025563,3.64287e-17,2.84291e-17,6.77895e-17,1,2.06436e-17,1,1.74201e-16,3.28381e-16
23379,0,12,1385.92,13,1489.25,3,1,0,0.00255502,2.94648e-16,2.29944e-16,5.48305e-16,1,1.66973e-16,1,1.409e-15,2.65606e-15
23380,0,12,1385.92,13,1489.25,3,1,0,0.00255375,2.28563e-15,1.78371e-15,4.25329e-15,1,1.29524e-15,1,1.09299e-14,2.06035e-14
23381,0,12,1385.92,13,1489.25,3,1,0,0.00255247,1.70182e-14,1.32811e-14,3.16689e-14,1,9.64404e-15,1,8.13814e-14,1.53409e-13
23382,0,12,1385.92,13,1489.25,3,1,0,0.00255119,1.21726e-13,9.49957e-14,2.26519e-13,1,6.89811e-14,1,5.82099e-13,1.09729e-12
23383,0,12,1385.92,13,1489.25,3,1,0,0.00254992,8.37078e-13,6.53258e-13,1.5577e-12,1,4.74364e-13,1,4.00293e-12,7.54578e-12
23384,0,12,1385.92,13,1489.25,3,1,0,0.00254864,5.53859e-12,4.32233e-12,1.03067e-11,1,3.13867e-12,1,2.64858e-11,4.99273e-11
23385,0,12,1385.92,13,1489.25,3,1,0,0.00254737,3.52874e-11,2.75384e-11,6.56658e-11,1,1.99971e-11,1,1.68746e-10,3.18097e-10
23386,0,12,1385.92,13,1489.25,3,1,0,0.00254609,2.16649e-10,1.69073e-10,4.03158e-10,1,1.22774e-10,1,1.03603e-09,1.95298e-09
23387,0,12,1385.92,13,1489.25,3,1,0,0.00254482,1.28271e-09,1.00103e-09,2.38698e-09,1,7.26907e-10,1,6.13402e-09,1.1563e-08
23388,0,12,1385.92,13,1489.25,3,1,0,0.00254355,7.32919e-09,5.71972e-09,1.36388e-08,1,4.15342e-09,1,3.50487e-08,6.6069e-08
23389,0,12,1385.92,13,1489.25,3,1,0,0.00254228,4.0443e-08,3.15618e-08,7.52597e-08,1,2.29189e-08,0.999999,1.93402e-07,3.64574e-07
23390,0,12,1385.92,13,1489.25,3,1,0,0.00254101,2.15673e-07,1.68312e-07,4.01341e-07,0.999999,1.22221e-07,0.999997,1.03136e-06,1.94418e-06
23391,0,12,1385.92,13,1489.25,3,1,0,0.00253974,1.11226e-06,8.68011e-07,2.06978e-06,0.999996,6.30308e-07,0.999984,5.31887e-06,1.00264e-05
23392,0,12,1385.92,13,1489.25,3,1,0,0.00253847,5.5509e-06,4.33194e-06,1.03296e-05,0.99998,3.14551e-06,0.99992,2.65434e-05,5.0036e-05
23393,0,12,1385.92,13,1489.25,3,1,0,0.0025372,2.68245e-05,2.09339e-05,4.99172e-05,0.999902,1.51971e-05,0.999615,0.000128241,0.000241742
23394,0,12,1385.92,13,1489.25,3,1,0,0.00253593,0.000125572,9.79967e-05,0.000233674,0.999543,7.1066e-05,0.998199,0.000599692,0.00113046
23395,0,12,1385.92,13,1489.25,3,1,0,0.00253466,0.000569242,0.000444238,0.00105929,0.997927,0.000320633,0.991873,0.00270567,0.00510036
23396,0,12,1385.92,13,1489.25,3,1,0,0.00253339,0.00249004,0.00194324,0.00463368,0.990933,0.00137442,0.965164,0.0115981,0.0218631
23397,0,12,1385.92,13,1489.25,3,1,0,0.00253213,0.0103414,0.00807044,0.0192441,0.962344,0.00527553,0.866288,0.0445177,0.0839186
23398,0,12,1385.92,13,1489.25,3,2,0,0.00253086,0.0383975,0.0299655,0.0714532,0.860184,0.015414,0.609322,0.130071,0.245193
23399,0,12,1385.92,13,1489.25,2,1,0,0.00252959,0.108814,0.0849186,0.20249,0.603778,0.0169846,0.67141,0.041428,0.270177
23400,0,12,1385.92,13,1489.25,1,3,0,0.00252833,0.127262,0.0993155,0.0672809,0.706142,0.03432,0.336035,0.0837116,0.545933
23401,0,12,1385.92,13,1489.25,3,3,0,0.00252706,0.136626,0.033042,0.0722315,0.758101,0.0579953,0.567845,0.141459,0.2327
23402,0,12,1385.92,13,1489.25,0,1,0,0.0025258,0.314092,0.075961,0.166054,0.443893,0.0696977,0.682425,0.170003,0.077874
23403,0,12,1385.92,13,1489.25,3,0,0,0.00252454,0.110388,0.0985202,0.21537,0.575722,0.141839,0.353719,0.345965,0.158478
23404,0,12,1385.92,13,1489.25,3,3,0,0.00252328,0.191985,0.171345,0.37457,0.2621,0.0452589,0.393527,0.384901,0.176313
23405,0,12,1385.92,13,1489.25,0,3,0,0.00252201,0.236898,0.21143,0.462195,0.0894775,0.0518015,0.450416,0.440543,0.05724
23406,0,12,1385.92,13,1489.25,3,1,0,0.00252075,0.0813921,0.254515,0.556382,0.107711,0.0538939,0.468609,0.458337,0.0191599
23407,0,12,1385.92,13,1489.25,2,2,0,0.00251949,0.0878798,0.274802,0.600731,0.036587,0.0823997,0.187544,0.700762,0.0292941
23408,0,12,1385.92,13,1489.25,1,2,0,0.00251823,0.157029,0.491033,0.286562,0.0653759,0.170687,0.388489,0.380142,0.0606815
23409,1,12,1385.92,13,1489.25,2,1,0,0.00251697,0.244548,0.207365,0.446275,0.101813,0.236314,0.537857,0.141816,0.0840125
23410,1,12,1385.92,13,1489.25,0,2,0,0.00251572,1,5.66087e-53,9.97651e-53,1.42938e-52,1.20293e-52,5.02162e-53,1,3.3092e-53
23411,1,12,1385.92,13,1489.25,0,2,0,0.00251446,1,1.33537e-51,2.3534e-51,3.37183e-51,2.83803e-51,1.18473e-51,1,7.80729e-52
23412,1,12,1385.92,13,1489.25,0,2,0,0.0025132,1,2.95709e-50,5.21147e-50,7.4667e-50,6.28549e-50,2.62387e-50,1,1.72911e-50
23413,0,12,1385.92,13,1475.48,0,2,13,0.00251194,1,6.15492e-49,1.08472e-48,1.55413e-48,1.30844e-48,5.46208e-49,1,3.59946e-49
23414,0,12,1385.92,13,1473.97,2,1,13,0.00251069,0.00114071,0.000967267,0.997417,0.000474912,0.0010072,0.99803,0.000604437,0.000358072
23415,0,12,1385.92,13,1473.97,2,1,0,0.00250943,1.06699e-08,9.04757e-09,1,4.4422e-09,9.58016e-09,1,5.74921e-09,3.40586e-09
23416,0,12,1385.92,13,1473.97,2,1,0,0.00250818,5.55206e-08,4.70788e-08,1,2.31149e-08,5.07053e-08,1,3.04291e-08,1.80264e-08
23417,0,12,1385.92,13,1473.97,2,1,0,0.00250692,2.79525e-07,2.37024e-07,0.999999,1.16375e-07,2.59574e-07,0.999999,1.55774e-07,9.22815e-08
23418,0,12,1385.92,13,1473.97,2,1,0,0.00250567,1.36254e-06,1.15537e-06,0.999997,5.67266e-07,1.28612e-06,0.999997,7.71824e-07,4.57232e-07
23419,0,12,1385.92,13,1457.29,2,1,13,0.00250442,6.43448e-06,5.45613e-06,0.999985,2.67887e-06,6.17165e-06,0.999988,3.70371e-06,2.1941e-06
23420,0,12,1385.92,13,1457.29,2,1,0,0.00250317,6.65852e-11,5.64611e-11,1,2.77214e-11,6.48751e-11,1,3.89326e-11,2.30639e-11
23421,0,12,1385.92,13,1457.29,2,1,0,0.00250191,3.83501e-10,3.25191e-10,1,1.59663e-10,3.79441e-10,1,2.27709e-10,1.34896e-10
23422,0,12,1385.92,13,1457.29,2,1,0,0.00250066,2.13279e-09,1.80851e-09,1,8.87945e-10,2.14225e-09,1,1.2856e-09,7.61596e-10
23423,0,12,1385.92,13,1457.29,2,1,0,0.00249941,1.14611e-08,9.71847e-09,1,4.7716e-09,1.16832e-08,1,7.01127e-09,4.15351e-09
23424,0,12,1385.92,13,1457.29,2,1,0,0.00249816,5.95523e-08,5.04975e-08,1,2.47934e-08,6.15911e-08,1,3.69618e-08,2.18964e-08
23425,0,12,1385.92,13,1457.29,2,1,0,0.00249691,2.99403e-07,2.5388e-07,0.999999,1.24651e-07,3.14077e-07,0.999999,1.88483e-07,1.11658e-07
23426,0,12,1385.92,13,1457.29,2,1,9,0.00249567,1.45743e-06,1.23583e-06,0.999997,6.06772e-07,1.55025e-06,0.999997,9.30331e-07,5.51133e-07
23427,0,12,1385.92,13,1457.29,2,1,0,0.00249442,8.48249e-10,7.19275e-10,1,3.53152e-10,9.14646e-10,1,5.48894e-10,3.25168e-10
23428,0,12,1385.92,13,1457.29,2,1,0,0.00249317,4.64312e-09,3.93714e-09,1,1.93307e-09,5.07384e-09,1,3.04489e-09,1.80381e-09
23429,0,12,1385.92,13,1433.13,2,1,13,0.00249192,2.45658e-08,2.08306e-08,1,1.02275e-08,2.71981e-08,1,1.6322e-08,9.66924e-09
23430,0,12,1385.92,13,1433.13,2,1,0,0.00249068,2.84153e-13,2.40948e-13,1,1.18301e-13,3.1866e-13,1,1.91233e-13,1.13287e-13
23431,0,12,1385.92,13,1433.13,2,1,0,0.00248943,1.82531e-12,1.54778e-12,1,7.59934e-13,2.07285e-12,1,1.24395e-12,7.36925e-13
23432,0,12,1385.92,13,1433.13,2,1,0,0.00248819,1.12971e-11,9.57942e-12,1,4.70333e-12,1.29881e-11,1,7.79437e-12,4.61743e-12
23433,0,12,1385.92,13,1433.13,2,1,0,0.00248694,6.74163e-11,5.71659e-11,1,2.80675e-11,7.84482e-11,1,4.70781e-11,2.78893e-11
23434,0,12,1385.92,13,1433.13,2,1,0,0.0024857,3.88192e-10,3.29168e-10,1,1.61616e-10,4.57088e-10,1,2.74306e-10,1.625e-10
23435,0,12,1385.92,13,1433.13,2,1,0,0.00248446,2.15835e-09,1.83018e-09,1,8.98587e-10,2.57103e-09,1,1.54292e-09,9.14034e-10
23436,0,12,1385.92,13,1433.13,2,1,0,0.00248322,1.15957e-08,9.8326e-09,1,4.82764e-09,1.39706e-08,1,8.38397e-09,4.96671e-09
23437,0,12,1385.92,13,1433.13,2,1,0,0.00248197,6.02376e-08,5.10786e-08,1,2.50787e-08,7.33868e-08,1,4.40406e-08,2.60899e-08
23438,0,12,1385.92,13,1433.13,2,1,0,0.00248073,3.0278e-07,2.56743e-07,0.999999,1.26056e-07,3.72918e-07,0.999999,2.23794e-07,1.32577e-07
23439,0,12,1385.92,13,1433.13,2,1,0,0.00247949,1.47353e-06,1.24949e-06,0.999997,6.13476e-07,1.83438e-06,0.999996,1.10084e-06,6.52143e-07
23440,0,12,1385.92,13,1433.13,2,1,0,0.00247825,6.94774e-06,5.89136e-06,0.999984,2.89255e-06,8.74019e-06,0.999983,5.24513e-06,3.10724e-06
23441,0,12,1385.92,13,1433.13,2,1,0,0.00247701,3.1757e-05,2.69284e-05,0.999928,1.32214e-05,4.03619e-05,0.999921,2.42218e-05,1.43491e-05
23442,0,12,1385.92,13,1425.28,2,1,13,0.00247577,0.000140783,0.000119378,0.999681,5.86123e-05,0.000180734,0.999647,0.000108462,6.42532e-05
23443,0,12,1385.92,13,1424.29,2,1,13,0.00247454,1.37007e-09,1.16176e-09,1,5.70403e-10,1.77636e-09,1,1.06602e-09,6.31516e-10
23444,0,12,1385.92,13,1424.29,2,1,0,0.0024733,1.67895e-14,1.42367e-14,1,6.98998e-15,2.19796e-14,1,1.31903e-14,7.81401e-15
23445,0,12,1385.92,13,1424.29,2,1,0,0.00247206,1.14128e-13,9.67755e-14,1,4.75151e-14,1.5083e-13,1,9.05155e-14,5.36219e-14
23446,0,12,1385.92,13,1424.29,2,1,0,0.00247083,7.46625e-13,6.33103e-13,1,3.10843e-13,9.95923e-13,1,5.9767e-13,3.54063e-13
23447,0,12,1385.92,13,1424.29,2,1,9,0.00246959,4.70433e-12,3.98905e-12,1,1.95855e-12,6.33242e-12,1,3.80019e-12,2.25125e-12
23448,0,12,1385.92,13,1423.77,2,1,13,0.00246836,3.52577e-15,2.98969e-15,1,1.46788e-15,4.78846e-15,1,2.87364e-15,1.70236e-15
23449,0,12,1385.92,13,1423.77,2,1,0,0.00246712,5.58904e-20,4.73924e-20,1,2.32689e-20,7.65724e-20,1,4.59523e-20,2.72224e-20
23450,0,12,1385.92,13,1423.77,2,1,0,0.00246589,4.88931e-19,4.1459e-19,1,2.03557e-19,6.75615e-19,1,4.05447e-19,2.40189e-19
23451,0,12,1385.92,13,1411.26,2,1,13,0.00246466,4.09561e-18,3.47289e-18,1,1.70513e-18,5.70707e-18,1,3.42491e-18,2.02893e-18
23452,0,12,1385.92,13,1411.26,2,1,0,0.00246342,7.43192e-23,6.30192e-23,1,3.09413e-23,1.04415e-22,1,6.26615e-23,3.7121e-23
23453,0,12,1385.92,13,1411.26,2,1,0,0.00246219,7.42225e-22,6.29372e-22,1,3.09011e-22,1.05123e-21,1,6.30861e-22,3.73725e-22
23454,0,12,1385.92,13,1411.26,2,1,0,0.00246096,7.07916e-21,6.00279e-21,1,2.94727e-21,1.01058e-20,1,6.06468e-21,3.59275e-21
23455,0,12,1385.92,13,1411.26,2,1,9,0.00245973,6.45415e-20,5.47281e-20,1,2.68706e-20,9.28515e-20,1,5.57217e-20,3.30098e-20
23456,0,12,1385.92,13,1411.26,2,1,0,0.0024585,6.94782e-23,5.89142e-23,1,2.89259e-23,1.00714e-22,1,6.04403e-23,3.58052e-23
23457,0,12,1385.92,13,1411.26,2,1,9,0.00245727,6.94814e-22,5.89169e-22,1,2.89272e-22,1.0147e-21,1,6.08938e-22,3.60738e-22
23458,0,12,1385.92,13,1411.26,2,1,9,0.00245604,8.18912e-25,6.94399e-25,1,3.40938e-25,1.20467e-24,1,7.22943e-25,4.28275e-25
23459,0,12,1385.92,13,1411.26,2,1,0,0.00245481,1.10453e-27,9.36592e-28,1,4.59851e-28,1.63647e-27,1,9.82075e-28,5.81787e-28
23460,0,12,1385.92,13,1411.26,2,1,0,0.00245359,1.37776e-26,1.16827e-26,1,5.73601e-27,2.0556e-26,1,1.2336e-26,7.30792e-27
23461,0,12,1385.92,13,1411.26,2,1,0,0.00245236,1.63398e-25,1.38553e-25,1,6.80273e-26,2.45465e-25,1,1.47307e-25,8.72656e-26
23462,0,12,1385.92,13,1411.26,2,1,0,0.00245113,1.84432e-24,1.5639e-24,1,7.67848e-25,2.78931e-24,1,1.67391e-24,9.91635e-25
23463,0,12,1385.92,13,1411.26,2,1,0,0.00244991,1.98325e-23,1.6817e-23,1,8.25687e-24,3.01923e-23,1,1.81189e-23,1.07337e-23
23464,0,12,1385.92,13,1411.26,2,1,0,0.00244868,2.0337e-22,1.72448e-22,1,8.4669e-23,3.11606e-22,1,1.87e-22,1.1078e-22
23465,0,12,1385.92,13,1411.26,2,1,0,0.00244746,1.99057e-21,1.68791e-21,1,8.28734e-22,3.06932e-21,1,1.84195e-21,1.09118e-21
23466,0,12,1385.92,13,1411.26,2,1,9,0.00244624,1.86146e-20,1.57843e-20,1,7.74984e-21,2.88808e-20,1,1.73318e-20,1.02675e-20
23467,0,12,1385.92,13,1411.26,2,1,9,0.00244501,2.0543e-23,1.74195e-23,1,8.55267e-24,3.20668e-23,1,1.92438e-23,1.14001e-23
23468,0,12,1385.92,13,1411.26,2,1,0,0.00244379,2.59787e-26,2.20287e-26,1,1.08157e-26,4.07936e-26,1,2.44809e-26,1.45026e-26
23469,0,12,1385.92,13,1411.26,2,1,0,0.00244257,3.04216e-25,2.5796e-25,1,1.26654e-25,4.80494e-25,1,2.88353e-25,1.70822e-25
23470,0,12,1385.92,13,1411.26,2,1,0,0.00244135,3.39137e-24,2.87572e-24,1,1.41193e-24,5.3872e-24,1,3.23294e-24,1.91521e-24
23471,0,12,1385.92,13,1411.26,2,1,0,0.00244013,3.60266e-23,3.05489e-23,1,1.4999e-23,5.75498e-23,1,3.45366e-23,2.04596e-23
23472,0,12,1385.92,13,1411.26,2,1,0,0.00243891,3.65046e-22,3.09542e-22,1,1.5198e-22,5.86342e-22,1,3.51874e-22,2.08452e-22
23473,0,12,1385.92,13,1411.26,2,1,0,0.00243769,3.53149e-21,2.99454e-21,1,1.47027e-21,5.70291e-21,1,3.42241e-21,2.02745e-21
23474,0,12,1385.92,13,1411.26,2,1,0,0.00243647,3.26479e-20,2.76839e-20,1,1.35923e-20,5.30008e-20,1,3.18067e-20,1.88424e-20
23475,0,12,1385.92,13,1411.26,2,1,0,0.00243525,2.88692e-19,2.44797e-19,1,1.20191e-19,4.71092e-19,1,2.8271e-19,1.67479e-19
23476,0,12,1385.92,13,1411.26,2,1,0,0.00243403,2.4439e-18,2.07231e-18,1,1.01747e-18,4.00822e-18,1,2.4054e-18,1.42497e-18
23477,0,12,1385.92,13,1411.26,2,1,9,0.00243282,1.98234e-17,1.68093e-17,1,8.25308e-18,3.26739e-17,1,1.96081e-17,1.1616e-17
23478,0,12,1385.92,13,1411.26,2,1,0,0.0024316,1.90301e-20,1.61366e-20,1,7.9228e-21,3.15192e-20,1,1.89152e-20,1.12054e-20
23479,0,12,1385.92,13,1411.26,2,1,0,0.00243038,1.70102e-19,1.44238e-19,1,7.08185e-20,2.83081e-19,1,1.69882e-19,1.00639e-19
23480,0,12,1385.92,13,1411.26,2,1,9,0.00242917,1.4553e-18,1.23402e-18,1,6.05884e-19,2.43322e-18,1,1.46022e-18,8.65039e-19
23481,0,12,1385.92,13,1411.26,2,1,0,0.00242795,1.47197e-21,1.24816e-21,1,6.12825e-22,2.47238e-21,1,1.48372e-21,8.78962e-22
23482,0,12,1385.92,13,1411.26,2,1,9,0.00242674,1.38483e-20,1.17427e-20,1,5.76548e-21,2.33648e-20,1,1.40216e-20,8.30646e-21
23483,0,12,1385.92,13,1411.26,2,1,0,0.00242553,1.53736e-23,1.30361e-23,1,6.4005e-24,2.60524e-23,1,1.56345e-23,9.26195e-24
23484,0,12,1385.92,13,1411.26,2,1,0,0.00242431,1.58452e-22,1.3436e-22,1,6.59683e-23,2.69674e-22,1,1.61836e-22,9.58725e-23
23485,0,12,1385.92,13,1411.26,2,1,9,0.0024231,1.55868e-21,1.32168e-21,1,6.48924e-22,2.66398e-21,1,1.5987e-21,9.47077e-22
23486,0,12,1385.92,13,1411.26,2,1,0,0.00242189,1.80762e-24,1.53278e-24,1,7.52567e-25,3.10226e-24,1,1.86172e-24,1.10289e-24
23487,0,12,1385.92,13,1411.26,2,1,0,0.00242068,1.94456e-23,1.6489e-23,1,8.0958e-24,3.35083e-23,1,2.01089e-23,1.19126e-23
23488,0,12,1385.92,13,1411.26,2,1,0,0.00241947,1.99481e-22,1.69151e-22,1,8.30501e-23,3.4511e-22,1,2.07106e-22,1.22691e-22
23489,0,12,1385.92,13,1411.26,2,1,0,0.00241826,1.95326e-21,1.65628e-21,1,8.13203e-22,3.3924e-21,1,2.03584e-21,1.20604e-21
23490,0,12,1385.92,13,1411.26,2,1,0,0.00241705,1.82727e-20,1.54944e-20,1,7.60747e-21,3.1857e-20,1,1.91179e-20,1.13256e-20
23491,0,12,1385.92,13,1411.26,2,1,0,0.00241584,1.63464e-19,1.3861e-19,1,6.80552e-20,2.86055e-19,1,1.71666e-19,1.01696e-19
23492,0,12,1385.92,13,1411.26,2,1,0,0.00241463,1.39962e-18,1.18682e-18,1,5.82706e-19,2.45826e-18,1,1.47525e-18,8.73943e-19
23493,0,12,1385.92,13,1411.26,2,1,0,0.00241343,1.14802e-17,9.73463e-18,1,4.77954e-18,2.0236e-17,1,1.21439e-17,7.19414e-18
23494,0,12,1385.92,13,1411.26,2,1,0,0.00241222,9.02829e-17,7.65557e-17,1,3.75875e-17,1.59702e-16,1,9.58397e-17,5.6776e-17
23495,0,12,1385.92,13,1411.26,2,1,0,0.00241101,6.81319e-16,5.77726e-16,1,2.83654e-16,1.20935e-15,1,7.25751e-16,4.29939e-16
23496,0,12,1385.92,13,1411.26,2,1,0,0.00240981,4.93787e-15,4.18708e-15,1,2.05579e-15,8.79446e-15,1,5.2777e-15,3.12654e-15
23497,0,12,1385.92,13,1411.26,2,1,0,0.0024086,3.43974e-14,2.91674e-14,1,1.43207e-14,6.14658e-14,1,3.68866e-14,2.18518e-14
23498,0,12,1385.92,13,1411.26,2,1,9,0.0024074,2.3049e-13,1.95445e-13,1,9.596e-14,4.13208e-13,1,2.47973e-13,1.46901e-13
23499,0,12,1385.92,13,1411.26,2,1,0,0.00240619,1.83487e-16,1.55588e-16,1,7.63912e-17,3.29992e-16,1,1.98034e-16,1.17316e-16
23500,0,12,1385.92,13,1411.26,2,1,9,0.00240499,1.36518e-15,1.15761e-15,1,5.68366e-16,2.46287e-15,1,1.47801e-15,8.75581e-16
23501,0,12,1385.92,13,1411.26,2,1,0,0.00240379,1.20418e-18,1.02109e-18,1,5.01338e-19,2.17907e-18,1,1.30769e-18,7.74685e-19
23502,1,12,1385.92,13,1411.26,2,1,0,0.00240259,9.90685e-18,8.40054e-18,1,4.12452e-18,1.7981e-17,1,1.07907e-17,6.39246e-18
23503,1,12,1385.92,13,1411.26,0,2,0,0.00240139,1,1.38225e-50,2.43603e-50,3.4902e-50,2.74313e-50,1.14512e-50,1,7.54622e-51
23504,1,12,1385.92,13,1411.26,0,2,0,0.00240018,1,2.92112e-49,5.14808e-49,7.37588e-49,5.80582e-49,2.42364e-49,1,1.59715e-49
23505,1,12,1385.92,13,1411.26,0,2,0,0.00239898,1,5.80783e-48,1.02355e-47,1.46649e-47,1.15603e-47,4.82583e-48,1,3.18018e-48
23506,1,12,1385.92,13,1411.26,0,2,0,0.00239779,1,1.0877e-46,1.91692e-46,2.74646e-46,2.16816e-46,9.05097e-47,1,5.9645e-47
23507,1,12,1385.92,13,1411.26,0,2,0,0.00239659,1,1.92112e-45,3.38571e-45,4.85086e-45,3.83488e-45,1.60087e-45,1,1.05496e-45
23508,1,12,1385.92,13,1411.26,0,2,0,0.00239539,1,3.20375e-44,5.64618e-44,8.08953e-44,6.40411e-44,2.67339e-44,1,1.76174e-44
23509,1,12,1385.92,13,1411.26,0,2,0,0.00239419,1,5.05035e-43,8.90055e-43,1.27522e-42,1.01091e-42,4.22003e-43,1,2.78096e-43
23510,1,12,1385.92,13,1411.26,0,2,0,0.00239299,1,7.53408e-42,1.32778e-41,1.90237e-41,1.51008e-41,6.30381e-42,1,4.15416e-42
23511,0,12,1385.92,13,1409.45,0,2,13,0.0023918,1,1.06479e-40,1.87655e-40,2.68862e-40,2.13699e-40,8.92084e-41,1,5.87875e-41
23512,0,12,1385.92,13,1409.45,2,1,0,0.0023906,1.51625e-18,1.28571e-18,1,6.31261e-19,2.7759e-18,1,1.66587e-18,9.86868e-19
23513,0,12,1385.92,13,1409.45,2,1,0,0.00238941,1.24169e-17,1.05289e-17,1,5.16952e-18,2.27953e-17,1,1.36798e-17,8.10399e-18
23514,0,12,1385.92,13,1409.45,2,1,9,0.00238821,9.74964e-17,8.26724e-17,1,4.05907e-17,1.79472e-16,1,1.07704e-16,6.38044e-17
23515,0,12,1385.92,13,1409.45,2,1,0,0.00238702,9.06599e-20,7.68753e-20,1,3.77445e-20,1.6733e-19,1,1.00418e-19,5.94879e-20
23516,0,12,1385.92,13,1409.45,2,1,0,0.00238582,7.8546e-19,6.66033e-19,1,3.2701e-19,1.45349e-18,1,8.72261e-19,5.16732e-19
23517,0,12,1385.92,13,1409.45,2,1,0,0.00238463,6.51746e-18,5.52649e-18,1,2.71341e-18,1.20912e-17,1,7.25615e-18,4.29858e-18
23518,0,12,1385.92,13,1409.45,2,1,0,0.00238344,5.18386e-17,4.39567e-17,1,2.1582e-17,9.64117e-17,1,5.78582e-17,3.42755e-17
23519,0,12,1385.92,13,1409.45,2,1,0,0.00238225,3.95564e-16,3.3542e-16,1,1.64685e-16,7.37489e-16,1,4.42579e-16,2.62186e-16
23520,0,12,1385.92,13,1409.45,2,1,9,0.00238105,2.89821e-15,2.45754e-15,1,1.20661e-15,5.41637e-15,1,3.25045e-15,1.92559e-15
23521,0,12,1385.92,13,1409.45,2,1,0,0.00237986,2.51822e-18,2.13533e-18,1,1.04841e-18,4.71729e-18,1,2.83092e-18,1.67705e-18
23522,0,12,1385.92,13,1409.45,2,1,0,0.00237867,2.0414e-17,1.73101e-17,1,8.49896e-18,3.83289e-17,1,2.30018e-17,1.36264e-17
23523,0,12,1385.92,13,1409.45,2,1,0,0.00237749,1.58703e-16,1.34573e-16,1,6.6073e-17,2.98651e-16,1,1.79225e-16,1.06174e-16
23524,0,12,1385.92,13,1409.45,2,1,9,0.0023763,1.18422e-15,1.00416e-15,1,4.93025e-16,2.23341e-15,1,1.34031e-15,7.94006e-16
23525,0,12,1385.92,13,1409.45,2,1,0,0.00237511,1.04754e-18,8.88261e-19,1,4.36121e-19,1.97992e-18,1,1.18818e-18,7.03886e-19
23526,0,12,1385.92,13,1409.45,2,1,9,0.00237392,8.64216e-18,7.32814e-18,1,3.59799e-18,1.6369e-17,1,9.82333e-18,5.81939e-18
23527,0,12,1385.92,13,1409.45,2,1,0,0.00237273,8.43522e-21,7.15267e-21,1,3.51184e-21,1.60103e-20,1,9.60807e-21,5.69187e-21
23528,0,12,1385.92,13,1409.45,2,1,9,0.00237155,7.66357e-20,6.49834e-20,1,3.19058e-20,1.45754e-19,1,8.74694e-20,5.18173e-20
23529,0,12,1385.92,13,1409.45,2,1,0,0.00237036,8.22146e-23,6.97141e-23,1,3.42284e-23,1.56677e-22,1,9.40246e-23,5.57007e-23
23530,0,12,1385.92,13,1409.45,2,1,9,0.00236918,8.1942e-22,6.9483e-22,1,3.41149e-22,1.56464e-21,1,9.38966e-22,5.56248e-22
23531,0,12,1385.92,13,1409.45,2,1,9,0.00236799,9.62593e-25,8.16234e-25,1,4.00757e-25,1.84155e-24,1,1.10515e-24,6.54694e-25
23532,0,12,1385.92,13,1409.45,2,1,0,0.00236681,1.29414e-27,1.09737e-27,1,5.38789e-28,2.48049e-27,1,1.48859e-27,8.81846e-28
23533,0,12,1385.92,13,1409.45,2,1,0,0.00236562,1.60915e-26,1.36449e-26,1,6.69939e-27,3.08998e-26,1,1.85435e-26,1.09853e-26
23534,0,12,1385.92,13,1409.45,2,1,0,0.00236444,1.90249e-25,1.61322e-25,1,7.92064e-26,3.65986e-25,1,2.19634e-25,1.30113e-25
23535,0,12,1385.92,13,1409.45,2,1,0,0.00236326,2.14088e-24,1.81537e-24,1,8.91314e-25,4.12576e-24,1,2.47594e-24,1.46676e-24
23536,0,12,1385.92,13,1409.45,2,1,0,0.00236208,2.29529e-23,1.9463e-23,1,9.55598e-24,4.431e-23,1,2.65912e-23,1.57527e-23
23537,0,12,1385.92,13,1409.45,2,1,0,0.0023609,2.34681e-22,1.98998e-22,1,9.77047e-23,4.53816e-22,1,2.72343e-22,1.61337e-22
23538,0,12,1385.92,13,1409.45,2,1,9,0.00235972,2.29047e-21,1.94221e-21,1,9.53592e-22,4.4366e-21,1,2.66248e-21,1.57727e-21
23539,0,12,1385.92,13,1409.45,2,1,0,0.00235854,2.63592e-24,2.23514e-24,1,1.09741e-24,5.11408e-24,1,3.06904e-24,1.81812e-24
23540,0,12,1385.92,13,1409.45,2,1,9,0.00235736,2.8143e-23,2.38639e-23,1,1.17168e-23,5.46891e-23,1,3.28198e-23,1.94426e-23
23541,0,12,1385.92,13,1409.45,2,1,0,0.00235618,3.53663e-26,2.9989e-26,1,1.47241e-26,6.88336e-26,1,4.13082e-26,2.44712e-26
23542,0,12,1385.92,13,1409.45,2,1,0,0.002355,4.11599e-25,3.49017e-25,1,1.71361e-25,8.02329e-25,1,4.81491e-25,2.85238e-25
23543,0,12,1385.92,13,1409.45,2,1,9,0.00235382,4.56081e-24,3.86735e-24,1,1.8988e-24,8.90377e-24,1,5.3433e-24,3.1654e-24
23544,0,12,1385.92,13,1409.45,2,1,0,0.00235265,5.94384e-27,5.0401e-27,1,2.4746e-27,1.16209e-26,1,6.9739e-27,4.13138e-27
23545,0,12,1385.92,13,1409.45,2,1,0,0.00235147,7.16874e-26,6.07875e-26,1,2.98456e-26,1.4036e-25,1,8.42324e-26,4.98997e-26
23546,0,12,1385.92,13,1409.45,2,1,0,0.00235029,8.22604e-25,6.97529e-25,1,3.42475e-25,1.6129e-24,1,9.67927e-25,5.73405e-25
23547,0,12,1385.92,13,1409.45,2,1,0,0.00234912,8.98967e-24,7.62281e-24,1,3.74267e-24,1.76508e-23,1,1.05925e-23,6.27506e-24
23548,0,12,1385.92,13,1409.45,2,1,0,0.00234794,9.36538e-23,7.9414e-23,1,3.89909e-23,1.84135e-22,1,1.10502e-22,6.54622e-23
23549,0,12,1385.92,13,1409.45,2,1,9,0.00234677,9.31004e-22,7.89448e-22,1,3.87605e-22,1.83291e-21,1,1.09996e-21,6.51623e-22
23550,0,12,1385.92,13,1409.45,2,1,9,0.0023456,1.09089e-24,9.25019e-25,1,4.54168e-25,2.15049e-24,1,1.29054e-24,7.64524e-25
23551,0,12,1385.92,13,1409.45,2,1,0,0.00234442,1.46295e-27,1.24051e-27,1,6.09071e-28,2.88765e-27,1,1.73292e-27,1.02659e-27
23552,0,12,1385.92,13,1409.45,2,1,9,0.00234325,1.8146e-26,1.5387e-26,1,7.55475e-27,3.58626e-26,1,2.15217e-26,1.27496e-26
23553,0,12,1385.92,13,1409.45,2,1,9,0.00234208,2.64127e-29,2.23967e-29,1,1.09964e-29,5.22645e-29,1,3.13648e-29,1.85806e-29
23554,0,12,1385.92,13,1409.45,2,1,9,0.00234091,4.3811e-32,3.71496e-32,1,1.82398e-32,8.67961e-32,1,5.20878e-32,3.08571e-32
23555,0,12,1385.92,13,1409.45,2,1,0,0.00233974,8.25957e-35,7.00373e-35,1,3.43871e-35,1.63828e-34,1,9.83159e-35,5.82428e-35
23556,0,12,1385.92,13,1409.45,2,1,9,0.00233857,1.43046e-33,1.21296e-33,1,5.95543e-34,2.84059e-33,1,1.70468e-33,1.00986e-33
23557,0,12,1385.92,13,1409.45,2,1,0,0.0023374,2.88783e-36,2.44875e-36,1,1.20229e-36,5.74114e-36,1,3.44535e-36,2.04105e-36
23558,0,12,1385.92,13,1409.45,2,1,0,0.00233623,5.34832e-35,4.53512e-35,1,2.22667e-35,1.06445e-34,1,6.38796e-35,3.78426e-35
23559,0,12,1385.92,13,1409.45,2,1,0,0.00233506,9.34351e-34,7.92285e-34,1,3.88998e-34,1.86163e-33,1,1.11719e-33,6.6183e-34
23560,0,12,1385.92,13,1409.45,2,1,9,0.0023339,1.54155e-32,1.30716e-32,1,6.41792e-33,3.0747e-32,1,1.84518e-32,1.09309e-32
23561,0,12,1385.92,13,1409.45,2,1,0,0.00233273,2.96759e-35,2.51637e-35,1,1.2355e-35,5.92522e-35,1,3.55582e-35,2.10649e-35
23562,1,12,1385.92,13,1409.45,2,1,9,0.00233156,5.24581e-34,4.4482e-34,1,2.18399e-34,1.04848e-33,1,6.29208e-34,3.72746e-34
23563,1,12,1385.92,13,1409.45,0,2,0,0.0023304,1,2.31538e-44,4.08054e-44,5.84637e-44,4.62534e-44,1.93084e-44,1,1.27241e-44
23564,1,12,1385.92,13,1409.45,0,2,0,0.00232923,1,3.67371e-43,6.47442e-43,9.27619e-43,7.34891e-43,3.0678e-43,1,2.02165e-43
23565,1,12,1385.92,13,1409.45,0,2,0,0.00232807,1,5.51542e-42,9.72018e-42,1.39265e-41,1.10479e-41,4.61195e-42,1,3.03923e-42
23566,1,12,1385.92,13,1409.45,0,2,0,0.0023269,1,7.84373e-41,1.38235e-40,1.98055e-40,1.57325e-40,6.56751e-41,1,4.32793e-41
23567,1,12,1385.92,13,1409.45,0,2,9,0.00232574,1,1.05781e-39,1.86425e-39,2.67099e-39,2.12443e-39,8.86844e-40,1,5.84422e-40
23568,1,12,1385.92,13,1409.45,0,2,0,0.00232458,1,1.67126e-42,2.94537e-42,4.21996e-42,3.3607e-42,1.40292e-42,1,9.24514e-43
23569,1,12,1385.92,13,1409.45,0,2,0,0.00232341,1,2.43421e-41,4.28997e-41,6.14643e-41,4.90099e-41,2.04591e-41,1,1.34824e-41
23570,1,12,1385.92,13,1409.45,0,2,0,0.00232225,1,3.36053e-40,5.92247e-40,8.48538e-40,6.77423e-40,2.8279e-40,1,1.86356e-40
23571,1,12,1385.92,13,1409.45,0,2,9,0.00232109,1,4.40204e-39,7.75801e-39,1.11152e-38,8.88434e-39,3.70876e-39,1,2.44404e-39
23572,1,12,1385.92,13,1409.45,0,2,0,0.00231993,1,6.75937e-42,1.19125e-41,1.70675e-41,1.36579e-41,5.70149e-42,1,3.75723e-42
23573,1,12,1385.92,13,1409.45,0,2,0,0.00231877,1,9.57379e-41,1.68725e-40,2.4174e-40,1.93668e-40,8.08468e-41,1,5.32773e-41
23574,1,12,1385.92,13,1409.45,0,2,0,0.00231761,1,1.28599e-39,2.26638e-39,3.24715e-39,2.60435e-39,1.08719e-39,1,7.16445e-40
23575,1,12,1385.92,13,1409.45,0,2,0,0.00231645,1,1.63994e-38,2.89017e-38,4.14088e-38,3.32482e-38,1.38794e-38,1,9.14642e-39
23576,1,12,1385.92,13,1409.45,0,2,0,0.00231529,1,1.9875e-37,3.5027e-37,5.01847e-37,4.03381e-37,1.68391e-37,1,1.10968e-37
23577,1,12,1385.92,13,1409.45,0,2,9,0.00231414,1,2.29148e-36,4.03843e-36,5.78603e-36,4.65568e-36,1.94351e-36,1,1.28075e-36
23578,1,12,1385.92,13,1409.45,0,2,0,0.00231298,1,3.10484e-39,5.47186e-39,7.83977e-39,6.31473e-39,2.63608e-39,1,1.73715e-39
23579,1,12,1385.92,13,1409.45,0,2,0,0.00231182,1,3.89022e-38,6.85598e-38,9.82287e-38,7.92009e-38,3.30624e-38,1,2.17878e-38
23580,1,12,1385.92,13,1409.45,0,2,0,0.00231067,1,4.63393e-37,8.16668e-37,1.17008e-36,9.4436e-37,3.94222e-37,1,2.59789e-37
23581,1,12,1385.92,13,1409.45,0,2,0,0.00230951,1,5.25299e-36,9.25768e-36,1.32639e-35,1.07156e-35,4.47322e-36,1,2.94781e-36
23582,1,12,1385.92,13,1409.45,0,2,0,0.00230836,1,5.67249e-35,9.99699e-35,1.43231e-34,1.15824e-34,4.83507e-35,1,3.18627e-35
23583,1,12,1385.92,13,1409.45,0,2,0,0.0023072,1,5.84082e-34,1.02936e-33,1.47482e-33,1.19373e-33,4.9832e-34,1,3.28389e-34
23584,1,12,1385.92,13,1409.45,0,2,0,0.00230605,1,5.7401e-33,1.01161e-32,1.44939e-32,1.17422e-32,4.90177e-33,1,3.23022e-33
23585,1,12,1385.92,13,1409.45,0,2,0,0.0023049,1,5.3891e-32,9.49757e-32,1.36076e-31,1.10341e-31,4.60617e-32,1,3.03542e-32
23586,1,12,1385.92,13,1409.45,0,2,9,0.00230374,1,4.83795e-31,8.52624e-31,1.22159e-30,9.91434e-31,4.13873e-31,1,2.72739e-31
23587,1,12,1385.92,13,1409.45,0,2,0,0.00230259,1,5.12972e-34,9.04043e-34,1.29526e-33,1.05213e-33,4.39212e-34,1,2.89437e-34
23588,1,12,1385.92,13,1409.45,0,2,0,0.00230144,1,5.05437e-33,8.90764e-33,1.27624e-32,1.03755e-32,4.33126e-33,1,2.85426e-33
23589,1,12,1385.92,13,1409.45,0,2,9,0.00230029,1,4.75739e-32,8.38426e-32,1.20125e-31,9.77401e-32,4.08015e-32,1,2.68878e-32
23590,1,12,1385.92,13,1409.45,0,2,9,0.00229914,1,5.28381e-35,9.31199e-35,1.33417e-34,1.08643e-34,4.53531e-35,1,2.98873e-35
23591,1,12,1385.92,13,1409.45,0,2,0,0.00229799,1,6.72377e-38,1.18497e-37,1.69776e-37,1.38361e-37,5.77589e-38,1,3.80626e-38
23592,1,12,1385.92,13,1409.45,0,2,0,0.00229684,1,7.92203e-37,1.39615e-36,2.00033e-36,1.63146e-36,6.81053e-37,1,4.48807e-37
23593,1,12,1385.92,13,1409.45,0,2,0,0.00229569,1,8.88454e-36,1.56578e-35,2.24336e-35,1.83108e-35,7.64383e-36,1,5.03722e-36
23594,1,12,1385.92,13,1409.45,0,2,9,0.00229454,1,9.49375e-35,1.67314e-34,2.39719e-34,1.9581e-34,8.17409e-35,1,5.38665e-35
23595,1,12,1385.92,13,1409.45,0,2,0,0.0022934,1,1.19403e-37,2.10431e-37,3.01494e-37,2.46451e-37,1.02881e-37,1,6.77975e-38
23596,1,12,1385.92,13,1409.45,0,2,0,0.00229225,1,1.39075e-36,2.45101e-36,3.51167e-36,2.87262e-36,1.19917e-36,1,7.90244e-37
23597,1,12,1385.92,13,1409.45,0,2,0,0.0022911,1,1.54227e-35,2.71804e-35,3.89425e-35,3.18783e-35,1.33076e-35,1,8.76956e-36
23598,1,12,1385.92,13,1409.45,0,2,9,0.00228996,1,1.62994e-34,2.87255e-34,4.11563e-34,3.37137e-34,1.40738e-34,1,9.27449e-35
23599,1,12,1385.92,13,1409.45,0,2,0,0.00228881,1,2.02793e-37,3.57396e-37,5.12057e-37,4.19742e-37,1.75221e-37,1,1.15469e-37
23600,1,12,1385.92,13,1409.45,0,2,0,0.00228767,1,2.33716e-36,4.11892e-36,5.90136e-36,4.84067e-36,2.02073e-36,1,1.33164e-36
23601,1,12,1385.92,13,1409.45,0,2,0,0.00228653,1,2.56501e-35,4.52049e-35,6.4767e-35,5.31605e-35,2.21918e-35,1,1.46242e-35
23602,1,12,1385.92,13,1409.45,0,2,0,0.00228538,1,2.68339e-34,4.72911e-34,6.7756e-34,5.56493e-34,2.32308e-34,1,1.53089e-34
23603,1,12,1385.92,13,1409.45,0,2,9,0.00228424,1,2.67846e-33,4.72042e-33,6.76316e-33,5.55818e-33,2.32026e-33,1,1.52903e-33
23604,1,12,1385.92,13,1409.45,0,2,0,0.0022831,1,3.15103e-36,5.55326e-36,7.9564e-36,6.54283e-36,2.7313e-36,1,1.7999e-36
23605,1,12,1385.92,13,1409.45,0,2,0,0.00228196,1,3.43763e-35,6.05835e-35,8.68007e-35,7.14221e-35,2.98151e-35,1,1.96479e-35
23606,1,12,1385.92,13,1409.45,0,2,0,0.00228082,1,3.57527e-34,6.30093e-34,9.02762e-34,7.43255e-34,3.10271e-34,1,2.04466e-34
23607,1,12,1385.92,13,1409.45,0,2,0,0.00227967,1,3.54828e-33,6.25337e-33,8.95948e-33,7.3807e-33,3.08107e-33,1,2.0304e-33
23608,1,12,1385.92,13,1409.45,0,2,0,0.00227853,1,3.36352e-32,5.92774e-32,8.49293e-32,7.00032e-32,2.92228e-32,1,1.92575e-32
23609,1,12,1385.92,13,1409.45,0,2,0,0.0022774,1,3.04813e-31,5.37191e-31,7.69657e-31,6.34742e-31,2.64973e-31,1,1.74615e-31
23610,1,12,1385.92,13,1409.45,0,2,9,0.00227626,1,2.64319e-30,4.65826e-30,6.67409e-30,5.50716e-30,2.29896e-30,1,1.51499e-30
23611,1,12,1385.92,13,1409.45,0,2,0,0.00227512,1,2.70901e-33,4.77426e-33,6.84029e-33,5.6473e-33,2.35746e-33,1,1.55355e-33
23612,1,12,1385.92,13,1409.45,0,2,9,0.00227398,1,2.58184e-32,4.55015e-32,6.51919e-32,5.38501e-32,2.24797e-32,1,1.48139e-32
23613,1,12,1385.92,13,1409.45,0,2,0,0.00227284,1,2.90279e-35,5.11578e-35,7.3296e-35,6.05751e-35,2.52871e-35,1,1.66639e-35
23614,1,12,1385.92,13,1409.45,0,2,0,0.00227171,1,3.02925e-34,5.33864e-34,7.64891e-34,6.32456e-34,2.64019e-34,1,1.73986e-34
23615,1,12,1385.92,13,1409.45,0,2,9,0.00227057,1,3.01637e-33,5.31593e-33,7.61637e-33,6.30075e-33,2.63024e-33,1,1.73331e-33
23616,1,12,1385.92,13,1409.45,0,2,0,0.00226944,1,3.54013e-36,6.239e-36,8.93889e-36,7.39837e-36,3.08845e-36,1,2.03526e-36
23617,1,12,1385.92,13,1409.45,0,2,9,0.0022683,1,3.85314e-35,6.79063e-35,9.72924e-35,8.0563e-35,3.3631e-35,1,2.21625e-35
23618,1,12,1385.92,13,1409.45,0,2,0,0.00226717,1,4.93427e-38,8.69599e-38,1.24591e-37,1.03215e-37,4.30872e-38,1,2.83941e-38
23619,1,12,1385.92,13,1409.45,0,2,0,0.00226603,1,5.84971e-37,1.03093e-36,1.47706e-36,1.2242e-36,5.11041e-37,1,3.36771e-37
23620,1,12,1385.92,13,1409.45,0,2,0,0.0022649,1,6.60035e-36,1.16322e-35,1.6666e-35,1.3819e-35,5.76874e-36,1,3.80155e-36
23621,1,12,1385.92,13,1409.45,0,2,9,0.00226377,1,7.09498e-35,1.25039e-34,1.79149e-34,1.48611e-34,6.20374e-35,1,4.08821e-35
23622,1,12,1385.92,13,1409.45,0,2,0,0.00226264,1,8.97547e-38,1.5818e-37,2.26632e-37,1.88079e-37,7.85135e-38,1,5.17397e-38
23623,1,12,1385.92,13,1409.45,0,2,9,0.00226151,1,1.05141e-36,1.85296e-36,2.65482e-36,2.20412e-36,9.2011e-37,1,6.06344e-37
23624,1,12,1385.92,13,1409.45,0,2,0,0.00226037,1,1.44698e-39,2.5501e-39,3.65364e-39,3.03461e-39,1.2668e-39,1,8.34807e-40
23625,1,12,1385.92,13,1409.45,0,2,0,0.00225924,1,1.84089e-38,3.24432e-38,4.64827e-38,3.86227e-38,1.6123e-38,1,1.06249e-38
23626,1,12,1385.92,13,1409.45,0,2,0,0.00225812,1,2.22588e-37,3.92282e-37,5.62039e-37,4.67184e-37,1.95026e-37,1,1.2852e-37
23627,1,12,1385.92,13,1409.45,0,2,0,0.00225699,1,2.56052e-36,4.51256e-36,6.46535e-36,5.37627e-36,2.24432e-36,1,1.47899e-36
23628,1,12,1385.92,13,1409.45,0,2,0,0.00225586,1,2.80502e-35,4.94347e-35,7.08273e-35,5.89187e-35,2.45956e-35,1,1.62083e-35
23629,1,12,1385.92,13,1409.45,0,2,0,0.00225473,1,2.92923e-34,5.16237e-34,7.39635e-34,6.15503e-34,2.56941e-34,1,1.69322e-34
23630,1,12,1385.92,13,1409.45,0,2,0,0.0022536,1,2.91873e-33,5.14386e-33,7.36984e-33,6.13519e-33,2.56113e-33,1,1.68776e-33
23631,1,12,1385.92,13,1409.45,0,2,0,0.00225248,1,2.77757e-32,4.89509e-32,7.01341e-32,5.84055e-32,2.43813e-32,1,1.60671e-32
23632,1,12,1385.92,13,1409.45,0,2,0,0.00225135,1,2.52678e-31,4.45311e-31,6.38016e-31,5.31504e-31,2.21876e-31,1,1.46214e-31
23633,1,12,1385.92,13,1409.45,0,2,9,0.00225022,1,2.19933e-30,3.87603e-30,5.55336e-30,4.62784e-30,1.93189e-30,1,1.2731e-30
23634,1,12,1385.92,13,1409.45,0,2,0,0.0022491,1,2.26241e-33,3.98718e-33,5.71262e-33,4.76215e-33,1.98796e-33,1,1.31004e-33
23635,1,12,1385.92,13,1409.45,0,2,0,0.00224797,1,2.16399e-32,3.81373e-32,5.4641e-32,4.55648e-32,1.9021e-32,1,1.25346e-32
23636,1,12,1385.92,13,1409.45,0,2,0,0.00224685,1,1.97845e-31,3.48675e-31,4.99562e-31,4.16714e-31,1.73957e-31,1,1.14636e-31
23637,1,12,1385.92,13,1409.45,0,2,0,0.00224573,1,1.73051e-30,3.04979e-30,4.36957e-30,3.64606e-30,1.52205e-30,1,1.00301e-30
23638,1,12,1385.92,13,1409.45,0,2,0,0.0022446,1,1.44939e-29,2.55436e-29,3.65974e-29,3.05471e-29,1.27519e-29,1,8.40336e-30
23639,1,12,1385.92,13,1409.45,0,2,0,0.00224348,1,1.16342e-28,2.05038e-28,2.93766e-28,2.45275e-28,1.0239e-28,1,6.74739e-29
23640,1,12,1385.92,13,1409.45,0,2,0,0.00224236,1,8.95774e-28,1.57868e-27,2.26184e-27,1.88904e-27,7.88579e-28,1,5.19666e-28
23641,1,12,1385.92,13,1409.45,0,2,0,0.00224124,1,6.62109e-27,1.16688e-26,1.67184e-26,1.39669e-26,5.83046e-27,1,3.84222e-27
23642,1,12,1385.92,13,1409.45,0,2,0,0.00224012,1,4.70204e-26,8.28671e-26,1.18727e-25,9.92154e-26,4.14174e-26,1,2.72937e-26
23643,1,12,1385.92,13,1409.45,0,2,0,0.002239,1,3.21082e-25,5.65864e-25,8.10738e-25,6.77688e-25,2.829e-25,1,1.86429e-25
23644,1,12,1385.92,13,1409.45,0,2,9,0.00223788,1,2.10989e-24,3.71839e-24,5.3275e-24,4.45442e-24,1.85949e-24,1,1.22539e-24
23645,1,12,1385.92,13,1409.45,0,2,0,0.00223676,1,1.64778e-27,2.90399e-27,4.16067e-27,3.47974e-27,1.45262e-27,1,9.57261e-28
23646,1,12,1385.92,13,1409.45,0,2,9,0.00223564,1,1.2032e-26,2.12047e-26,3.03809e-26,2.54155e-26,1.06097e-26,1,6.99168e-27
23647,1,12,1385.92,13,1409.45,0,2,0,0.00223452,1,1.04197e-29,1.83633e-29,2.63099e-29,2.20155e-29,9.19035e-30,1,6.05636e-30
23648,1,12,1385.92,13,1409.45,0,2,0,0.00223341,1,8.41925e-29,1.48378e-28,2.12588e-28,1.77933e-28,7.42779e-29,1,4.89485e-29
23649,1,12,1385.92,13,1409.45,0,2,0,0.00223229,1,6.52444e-28,1.14984e-27,1.64743e-27,1.37922e-27,5.75754e-28,1,3.79416e-28
23650,0,12,1385.92,13,1408.25,0,2,13,0.00223117,1,4.8532e-27,8.5531e-27,1.22544e-26,1.02618e-26,4.28377e-27,1,2.82297e-27
23651,0,12,1385.92,13,1408.25,2,1,0,0.00223006,1.32292e-36,1.12177e-36,1,5.5077e-37,2.64287e-36,1,1.58603e-36,9.39574e-37
23652,0,12,1385.92,13,1408.25,2,1,0,0.00222894,2.48862e-35,2.11023e-35,1,1.03609e-35,4.97672e-35,1,2.98661e-35,1.76928e-35
23653,0,12,1385.92,13,1408.25,2,1,0,0.00222783,4.41465e-34,3.74341e-34,1,1.83795e-34,8.83716e-34,1,5.30332e-34,3.14172e-34
23654,0,12,1385.92,13,1408.25,2,1,0,0.00222671,7.39358e-33,6.26941e-33,1,3.07817e-33,1.48148e-32,1,8.89058e-33,5.26683e-33
23655,0,12,1385.92,13,1408.25,2,1,0,0.0022256,1.1704e-31,9.92444e-32,1,4.87273e-32,2.34741e-31,1,1.40872e-31,8.34533e-32
23656,0,12,1385.92,13,1408.25,2,1,0,0.00222449,1.75317e-30,1.48661e-30,1,7.29899e-31,3.51954e-30,1,2.11213e-30,1.25124e-30
23657,0,12,1385.92,13,1408.25,2,1,9,0.00222338,2.48774e-29,2.10949e-29,1,1.03572e-29,4.99878e-29,1,2.99985e-29,1.77713e-29
23658,0,12,1385.92,13,1407.16,2,1,13,0.00222226,4.13138e-32,3.50321e-32,1,1.72002e-32,8.30892e-32,1,4.98632e-32,2.95392e-32
23659,0,12,1385.92,13,1407.16,2,1,0,0.00222115,1.42824e-36,1.21108e-36,1,5.9462e-37,2.87497e-36,1,1.72532e-36,1.02209e-36
23660,0,12,1385.92,13,1407.16,2,1,0,0.00222004,2.68264e-35,2.27475e-35,1,1.11686e-35,5.40467e-35,1,3.24343e-35,1.92143e-35
23661,0,12,1385.92,13,1407.16,2,1,0,0.00221893,4.75169e-34,4.02921e-34,1,1.97827e-34,9.58125e-34,1,5.74986e-34,3.40625e-34
23662,0,12,1385.92,13,1407.16,2,1,0,0.00221782,7.94635e-33,6.73813e-33,1,3.30831e-33,1.60362e-32,1,9.6236e-33,5.70107e-33
23663,0,12,1385.92,13,1407.16,2,1,9,0.00221671,1.25609e-31,1.06511e-31,1,5.22949e-32,2.53693e-31,1,1.52245e-31,9.01909e-32
23664,0,12,1385.92,13,1407.16,2,1,0,0.00221561,2.31871e-34,1.96616e-34,1,9.6535e-35,4.68684e-34,1,2.81265e-34,1.66623e-34
23665,0,12,1385.92,13,1407.16,2,1,0,0.0022145,3.93368e-33,3.33557e-33,1,1.63771e-33,7.95739e-33,1,4.77536e-33,2.82895e-33
23666,0,12,1385.92,13,1407.16,2,1,9,0.00221339,6.30608e-32,5.34726e-32,1,2.62541e-32,1.27663e-31,1,7.66124e-32,4.53856e-32
23667,0,12,1385.92,13,1407.16,2,1,9,0.00221228,1.18024e-34,1.00079e-34,1,4.9137e-35,2.39111e-34,1,1.43495e-34,8.50069e-35
23668,0,12,1385.92,13,1407.16,2,1,0,0.00221118,2.5046e-37,2.12378e-37,1,1.04274e-37,5.07792e-37,1,3.04734e-37,1.80526e-37
23669,0,12,1385.92,13,1407.16,2,1,0,0.00221007,4.87102e-36,4.13039e-36,1,2.02795e-36,9.88281e-36,1,5.93084e-36,3.51346e-36
23670,0,12,1385.92,13,1407.16,2,1,0,0.00220897,8.92738e-35,7.57e-35,1,3.71674e-35,1.81255e-34,1,1.08774e-34,6.44385e-35
23671,0,12,1385.92,13,1407.16,2,1,0,0.00220786,1.54371e-33,1.309e-33,1,6.42694e-34,3.13641e-33,1,1.88221e-33,1.11503e-33
23672,0,12,1385.92,13,1407.16,2,1,9,0.00220676,2.52146e-32,2.13808e-32,1,1.04976e-32,5.12641e-32,1,3.07644e-32,1.8225e-32
23673,0,12,1385.92,13,1407.16,2,1,0,0.00220566,4.80646e-35,4.07565e-35,1,2.00107e-35,9.77856e-35,1,5.86827e-35,3.4764e-35
23674,0,12,1385.92,13,1407.16,2,1,0,0.00220455,8.41483e-34,7.13538e-34,1,3.50335e-34,1.71308e-33,1,1.02805e-33,6.0902e-34
23675,0,12,1385.92,13,1407.16,2,1,0,0.00220345,1.39124e-32,1.1797e-32,1,5.79214e-33,2.83407e-32,1,1.70077e-32,1.00755e-32
23676,0,12,1385.92,13,1407.16,2,1,0,0.00220235,2.17465e-31,1.844e-31,1,9.05374e-32,4.43272e-31,1,2.66015e-31,1.57589e-31
23677,0,12,1385.92,13,1407.16,2,1,0,0.00220125,3.21735e-30,2.72816e-30,1,1.33948e-30,6.56213e-30,1,3.93804e-30,2.33292e-30
23678,0,12,1385.92,13,1407.16,2,1,9,0.00220015,4.5103e-29,3.82452e-29,1,1.87777e-29,9.20476e-29,1,5.52393e-29,3.2724e-29
23679,0,12,1385.92,13,1407.16,2,1,9,0.00219905,7.40164e-32,6.27624e-32,1,3.08153e-32,1.51144e-31,1,9.07038e-32,5.37334e-32
23680,0,12,1385.92,13,1407.16,2,1,0,0.00219795,1.38085e-34,1.1709e-34,1,5.74891e-35,2.82137e-34,1,1.69315e-34,1.00303e-34
23681,0,12,1385.92,13,1407.16,2,1,0,0.00219685,2.36702e-33,2.00712e-33,1,9.85461e-34,4.83904e-33,1,2.90399e-33,1.72034e-33
23682,0,12,1385.92,13,1407.16,2,1,0,0.00219575,3.83331e-32,3.25047e-32,1,1.59592e-32,7.84101e-32,1,4.70552e-32,2.78758e-32
23683,0,12,1385.92,13,1407.16,2,1,0,0.00219465,5.87164e-31,4.97887e-31,1,2.44454e-31,1.20169e-30,1,7.21155e-31,4.27216e-31
23684,0,12,1385.92,13,1407.16,2,1,9,0.00219355,8.51611e-30,7.22125e-30,1,3.54551e-30,1.74384e-29,1,1.0465e-29,6.19955e-30
23685,0,12,1385.92,13,1407.16,2,1,0,0.00219246,1.44492e-32,1.22522e-32,1,6.01562e-33,2.96028e-32,1,1.77651e-32,1.05242e-32
23686,0,12,1385.92,13,1407.16,2,1,0,0.00219136,2.25685e-31,1.9137e-31,1,9.39594e-32,4.6261e-31,1,2.7762e-31,1.64463e-31
23687,0,12,1385.92,13,1407.16,2,1,0,0.00219027,3.33649e-30,2.82918e-30,1,1.38908e-30,6.84256e-30,1,4.10633e-30,2.43261e-30
23688,0,12,1385.92,13,1407.16,2,1,9,0.00218917,4.67391e-29,3.96325e-29,1,1.94589e-29,9.59009e-29,1,5.75517e-29,3.40939e-29
23689,0,12,1385.92,13,1407.16,2,1,0,0.00218808,7.66466e-32,6.49927e-32,1,3.19103e-32,1.57342e-31,1,9.44234e-32,5.59369e-32
23690,0,12,1385.92,13,1407.16,2,1,0,0.00218698,1.15787e-30,9.81819e-31,1,4.82056e-31,2.37802e-30,1,1.42709e-30,8.45415e-31
23691,0,12,1385.92,13,1407.16,2,1,0,0.00218589,1.6567e-29,1.4048e-29,1,6.89733e-30,3.40408e-29,1,2.04284e-29,1.21019e-29
23692,0,12,1385.92,13,1407.16,2,1,9,0.0021848,2.24758e-28,1.90584e-28,1,9.35736e-29,4.62027e-28,1,2.7727e-28,1.64256e-28
23693,0,12,1385.92,13,1407.16,2,1,0,0.0021837,3.5718e-31,3.02872e-31,1,1.48705e-31,7.34568e-31,1,4.40827e-31,2.61148e-31
23694,0,12,1385.92,13,1407.16,2,1,0,0.00218261,5.23222e-30,4.43668e-30,1,2.17833e-30,1.07651e-29,1,6.46034e-30,3.82714e-30
23695,0,12,1385.92,13,1407.16,2,1,0,0.00218152,7.26389e-29,6.15944e-29,1,3.02418e-29,1.49516e-28,1,8.9727e-29,5.31547e-29
23696,0,12,1385.92,13,1407.16,2,1,9,0.00218043,9.56759e-28,8.11287e-28,1,3.98328e-28,1.97016e-27,1,1.18233e-27,7.00417e-28
23697,0,12,1385.92,13,1407.16,2,1,0,0.00217934,1.47704e-30,1.25246e-30,1,6.14937e-31,3.04278e-30,1,1.82602e-30,1.08174e-30
23698,0,12,1385.92,13,1407.16,2,1,0,0.00217825,2.10311e-29,1.78334e-29,1,8.75588e-30,4.33424e-29,1,2.60105e-29,1.54087e-29
23699,0,12,1385.92,13,1407.16,2,1,0,0.00217716,2.83963e-28,2.40787e-28,1,1.18222e-28,5.85441e-28,1,3.51333e-28,2.08131e-28
23700,0,12,1385.92,13,1407.16,2,1,0,0.00217607,3.63959e-27,3.0862e-27,1,1.51527e-27,7.50657e-27,1,4.50481e-27,2.66868e-27
23701,0,12,1385.92,13,1407.16,2,1,0,0.00217498,4.43291e-26,3.7589e-26,1,1.84555e-26,9.1462e-26,1,5.48879e-26,3.25159e-26
23702,0,12,1385.92,13,1407.16,2,1,9,0.0021739,5.13584e-25,4.35495e-25,1,2.13821e-25,1.06004e-24,1,6.3615e-25,3.76859e-25
23703,0,12,1385.92,13,1407.16,2,1,9,0.00217281,6.99207e-28,5.92894e-28,1,2.91101e-28,1.4437e-27,1,8.66386e-28,5.13251e-28
23704,0,12,1385.92,13,1407.16,2,1,0,0.00217172,1.08623e-30,9.21068e-31,1,4.52228e-31,2.24359e-30,1,1.34642e-30,7.97625e-31
23705,0,12,1385.92,13,1407.16,2,1,0,0.00217064,1.55617e-29,1.31956e-29,1,6.47882e-30,3.21539e-29,1,1.92961e-29,1.14311e-29
23706,0,12,1385.92,13,1407.16,2,1,0,0.00216955,2.11385e-28,1.79244e-28,1,8.80059e-29,4.36915e-28,1,2.622e-28,1.55329e-28
23707,0,12,1385.92,13,1407.16,2,1,0,0.00216847,2.72539e-27,2.311e-27,1,1.13466e-27,5.63504e-27,1,3.38168e-27,2.00333e-27
23708,0,12,1385.92,13,1407.16,2,1,9,0.00216738,3.3387e-26,2.83106e-26,1,1.39e-26,6.90538e-26,1,4.14403e-26,2.45495e-26
23709,1,12,1385.92,13,1407.16,2,1,9,0.0021663,4.80078e-29,4.07084e-29,1,1.99871e-29,9.93257e-29,1,5.9607e-29,3.53115e-29
23710,1,12,1385.92,13,1407.16,0,2,0,0.00216522,1,1.63219e-33,2.87651e-33,4.1213e-33,3.44125e-33,1.43655e-33,1,9.46671e-34
23711,1,12,1385.92,13,1407.16,0,2,0,0.00216413,1,1.57141e-32,2.7694e-32,3.96784e-32,3.31408e-32,1.38346e-32,1,9.11689e-33
23712,1,12,1385.92,13,1407.16,0,2,0,0.00216305,1,1.4459e-31,2.54821e-31,3.65093e-31,3.05027e-31,1.27333e-31,1,8.39115e-32
23713,1,12,1385.92,13,1407.16,0,2,0,0.00216197,1,1.27266e-30,2.24289e-30,3.21349e-30,2.68555e-30,1.12108e-30,1,7.38783e-31
23714,1,12,1385.92,13,1407.16,0,2,9,0.00216089,1,1.07249e-29,1.89012e-29,2.70806e-29,2.26379e-29,9.45016e-30,1,6.22757e-30
23715,1,12,1385.92,13,1407.16,0,2,9,0.00215981,1,1.06883e-32,1.88368e-32,2.69883e-32,2.25668e-32,9.42051e-33,1,6.20803e-33
23716,1,12,1385.92,13,1407.16,0,2,0,0.00215873,1,1.22309e-35,2.15553e-35,3.08832e-35,2.58305e-35,1.07829e-35,1,7.10585e-36
23717,1,12,1385.92,13,1407.16,0,2,0,0.00215765,1,1.29863e-34,2.28865e-34,3.27905e-34,2.74329e-34,1.14519e-34,1,7.54667e-35
23718,1,12,1385.92,13,1407.16,0,2,0,0.00215657,1,1.31519e-33,2.31785e-33,3.32089e-33,2.779e-33,1.16009e-33,1,7.64491e-34
23719,1,12,1385.92,13,1407.16,0,2,0,0.00215549,1,1.2717e-32,2.2412e-32,3.21107e-32,2.68778e-32,1.12201e-32,1,7.39395e-33
23720,1,12,1385.92,13,1407.16,0,2,0,0.00215441,1,1.17509e-31,2.07095e-31,2.96713e-31,2.48421e-31,1.03703e-31,1,6.83394e-32
23721,1,12,1385.92,13,1407.16,0,2,9,0.00215334,1,1.0386e-30,1.83039e-30,2.62247e-30,2.19617e-30,9.1679e-31,1,6.04156e-31
23722,1,12,1385.92,13,1407.16,0,2,9,0.00215226,1,1.08453e-33,1.91134e-33,2.73847e-33,2.29385e-33,9.57565e-34,1,6.31027e-34
23723,1,12,1385.92,13,1407.16,0,2,0,0.00215118,1,1.29916e-36,2.2896e-36,3.28041e-36,2.74843e-36,1.14733e-36,1,7.56081e-37
23724,1,12,1385.92,13,1407.16,0,2,0,0.00215011,1,1.44266e-35,2.5425e-35,3.64275e-35,3.05271e-35,1.27435e-35,1,8.39786e-36
23725,1,12,1385.92,13,1407.16,0,2,9,0.00214903,1,1.52671e-34,2.69063e-34,3.85498e-34,3.23128e-34,1.34889e-34,1,8.88909e-35
23726,1,12,1385.92,13,1407.16,0,2,0,0.00214796,1,1.90199e-37,3.35199e-37,4.80255e-37,4.02641e-37,1.68082e-37,1,1.10765e-37
23727,1,12,1385.92,13,1407.16,0,2,0,0.00214688,1,2.19482e-36,3.86807e-36,5.54196e-36,4.64732e-36,1.94002e-36,1,1.27845e-36
23728,1,12,1385.92,13,1407.16,0,2,0,0.00214581,1,2.41183e-35,4.25052e-35,6.08991e-35,5.10788e-35,2.13228e-35,1,1.40515e-35
23729,1,12,1385.92,13,1407.16,0,2,0,0.00214474,1,2.52624e-34,4.45216e-34,6.3788e-34,5.35128e-34,2.23389e-34,1,1.47211e-34
23730,1,12,1385.92,13,1407.16,0,2,0,0.00214367,1,2.52465e-33,4.44935e-33,6.37478e-33,5.34898e-33,2.23293e-33,1,1.47148e-33
23731,1,12,1385.92,13,1407.16,0,2,0,0.00214259,1,2.40953e-32,4.24647e-32,6.0841e-32,5.10608e-32,2.13153e-32,1,1.40466e-32
23732,1,12,1385.92,13,1407.16,0,2,0,0.00214152,1,2.19821e-31,3.87405e-31,5.55052e-31,4.65916e-31,1.94496e-31,1,1.28171e-31
23733,1,12,1385.92,13,1407.16,0,2,0,0.00214045,1,1.91868e-30,3.38142e-30,4.84471e-30,4.06747e-30,1.69796e-30,1,1.11894e-30
23734,1,12,1385.92,13,1407.16,0,2,0,0.00213938,1,1.60368e-29,2.82627e-29,4.04933e-29,3.40032e-29,1.41946e-29,1,9.35411e-30
23735,1,12,1385.92,13,1407.16,0,2,0,0.00213831,1,1.28467e-28,2.26406e-28,3.24381e-28,2.7244e-28,1.1373e-28,1,7.4947e-29
23736,1,12,1385.92,13,1407.16,0,2,0,0.00213724,1,9.87168e-28,1.73975e-27,2.49262e-27,2.09386e-27,8.74081e-28,1,5.76012e-28
23737,1,12,1385.92,13,1407.16,0,2,0,0.00213617,1,7.28247e-27,1.28344e-26,1.83884e-26,1.54494e-26,6.44934e-27,1,4.25005e-27
23738,1,12,1385.92,13,1407.16,0,2,0,0.00213511,1,5.16189e-26,9.09713e-26,1.30339e-25,1.09525e-25,4.57213e-26,1,3.01299e-26
23739,1,12,1385.92,13,1407.16,0,2,0,0.00213404,1,3.51826e-25,6.20046e-25,8.88367e-25,7.46633e-25,3.11681e-25,1,2.05395e-25
23740,1,12,1385.92,13,1407.16,0,2,0,0.00213297,1,2.30769e-24,4.06698e-24,5.82695e-24,4.89809e-24,2.04471e-24,1,1.34744e-24
23741,1,12,1385.92,13,1407.16,0,2,0,0.00213191,1,1.45777e-23,2.56912e-23,3.68089e-23,3.09463e-23,1.29185e-23,1,8.51318e-24
23742,1,12,1385.92,13,1407.16,0,2,9,0.00213084,1,8.87545e-23,1.56418e-22,2.24107e-22,1.88442e-22,7.86652e-23,1,5.18396e-23
23743,1,12,1385.92,13,1407.16,0,2,0,0.00212977,1,6.43208e-26,1.13357e-25,1.62411e-25,1.36586e-25,5.70178e-26,1,3.75742e-26
23744,1,12,1385.92,13,1407.16,0,2,0,0.00212871,1,4.36476e-25,7.69229e-25,1.10211e-24,9.27002e-25,3.86977e-25,1,2.55014e-25
23745,1,12,1385.92,13,1407.16,0,2,0,0.00212764,1,2.8506e-24,5.0238e-24,7.19781e-24,6.0551e-24,2.5277e-24,1,1.66573e-24
23746,1,12,1385.92,13,1407.16,0,2,0,0.00212658,1,1.79313e-23,3.16016e-23,4.5277e-23,3.80944e-23,1.59025e-23,1,1.04796e-23
23747,1,12,1385.92,13,1407.16,0,2,0,0.00212552,1,1.08722e-22,1.91607e-22,2.74524e-22,2.31008e-22,9.64339e-23,1,6.35491e-23
23748,1,12,1385.92,13,1407.16,0,2,9,0.00212445,1,6.35865e-22,1.12063e-21,1.60557e-21,1.35125e-21,5.64078e-22,1,3.71723e-22
23749,1,12,1385.92,13,1407.16,0,2,9,0.00212339,1,4.4302e-25,7.80762e-25,1.11863e-24,9.4157e-25,3.93058e-25,1,2.59022e-25
23750,1,12,1385.92,13,1407.16,0,2,0,0.00212233,1,3.5696e-28,6.29094e-28,9.0133e-28,7.58766e-28,3.16746e-28,1,2.08733e-28
23751,1,12,1385.92,13,1407.16,0,2,9,0.00212127,1,2.68746e-27,4.73629e-27,6.78589e-27,5.71331e-27,2.38502e-27,1,1.5717e-27
23752,1,12,1385.92,13,1407.16,0,2,9,0.00212021,1,2.39818e-30,4.22646e-30,6.05543e-30,5.09896e-30,2.12856e-30,1,1.4027e-30
23753,1,12,1385.92,13,1407.16,0,2,0,0.00211915,1,2.46268e-33,4.34014e-33,6.21832e-33,5.23677e-33,2.18609e-33,1,1.44061e-33
23754,1,12,1385.92,13,1407.16,0,2,0,0.00211809,1,2.35156e-32,4.1443e-32,5.93773e-32,5.00109e-32,2.0877e-32,1,1.37578e-32
23755,1,12,1385.92,13,1407.16,0,2,0,0.00211703,1,2.14637e-31,3.78268e-31,5.41961e-31,4.56526e-31,1.90577e-31,1,1.25588e-31
23756,1,12,1385.92,13,1407.16,0,2,0,0.00211597,1,1.87433e-30,3.30325e-30,4.73271e-30,3.98711e-30,1.66442e-30,1,1.09684e-30
23757,1,12,1385.92,13,1407.16,0,2,0,0.00211491,1,1.56734e-29,2.76223e-29,3.95757e-29,3.33447e-29,1.39197e-29,1,9.17298e-30
23758,1,12,1385.92,13,1407.16,0,2,9,0.00211386,1,1.25613e-28,2.21377e-28,3.17176e-28,2.67269e-28,1.11571e-28,1,7.35245e-29
23759,1,12,1385.92,13,1407.16,0,2,0,0.0021128,1,1.19174e-31,2.10028e-31,3.00916e-31,2.53596e-31,1.05863e-31,1,6.9763e-32
23760,1,12,1385.92,13,1407.16,0,2,0,0.00211174,1,1.05301e-30,1.85579e-30,2.65887e-30,2.241e-30,9.35503e-31,1,6.16488e-31
23761,1,12,1385.92,13,1407.16,0,2,0,0.00211069,1,8.90757e-30,1.56984e-29,2.24918e-29,1.8959e-29,7.91441e-30,1,5.21552e-30
23762,1,12,1385.92,13,1407.16,0,2,0,0.00210963,1,7.22004e-29,1.27243e-28,1.82307e-28,1.53688e-28,6.4157e-29,1,4.22789e-29
23763,1,12,1385.92,13,1407.16,0,2,0,0.00210858,1,5.61234e-28,9.89099e-28,1.41713e-27,1.19478e-27,4.98762e-28,1,3.2868e-28
23764,1,12,1385.92,13,1407.16,0,2,9,0.00210752,1,4.18732e-27,7.37959e-27,1.05731e-26,8.9151e-27,3.7216e-27,1,2.4525e-27
23765,1,12,1385.92,13,1407.16,0,2,0,0.00210647,1,3.70359e-30,6.52708e-30,9.35163e-30,7.88598e-30,3.292e-30,1,2.16939e-30
23766,1,12,1385.92,13,1407.16,0,2,0,0.00210542,1,3.0551e-29,5.38421e-29,7.71419e-29,6.5058e-29,2.71584e-29,1,1.78971e-29
23767,1,12,1385.92,13,1407.16,0,2,0,0.00210436,1,2.41602e-28,4.25791e-28,6.1005e-28,5.14537e-28,2.14793e-28,1,1.41547e-28
23768,1,12,1385.92,13,1407.16,0,2,0,0.00210331,1,1.83322e-27,3.2308e-27,4.62891e-27,3.90454e-27,1.62995e-27,1,1.07412e-27
23769,1,12,1385.92,13,1407.16,0,2,0,0.00210226,1,1.33575e-26,2.35408e-26,3.37279e-26,2.84525e-26,1.18775e-26,1,7.82716e-27
23770,1,12,1385.92,13,1407.16,0,2,0,0.00210121,1,9.35376e-26,1.64847e-25,2.36184e-25,1.9926e-25,8.31811e-26,1,5.48156e-26
23771,1,12,1385.92,13,1407.16,0,2,9,0.00210016,1,6.30002e-25,1.11029e-24,1.59077e-24,1.34219e-24,5.60297e-25,1,3.69231e-25
23772,1,12,1385.92,13,1407.16,0,2,0,0.00209911,1,5.04058e-28,8.88334e-28,1.27275e-27,1.07397e-27,4.48326e-28,1,2.95443e-28
23773,1,12,1385.92,13,1407.16,0,2,0,0.00209806,1,3.76883e-27,6.64205e-27,9.51635e-27,8.03068e-27,3.3524e-27,1,2.2092e-27
23774,1,12,1385.92,13,1407.16,0,2,0,0.00209701,1,2.70681e-26,4.77038e-26,6.83474e-26,5.76819e-26,2.40793e-26,1,1.5868e-26
23775,1,12,1385.92,13,1407.16,0,2,0,0.00209596,1,1.86889e-25,3.29367e-25,4.71898e-25,3.98291e-25,1.66267e-25,1,1.09568e-25
23776,1,12,1385.92,13,1407.16,0,2,0,0.00209491,1,1.24145e-24,2.18788e-24,3.13467e-24,2.64593e-24,1.10454e-24,1,7.27884e-25
23777,1,12,1385.92,13,1407.16,0,2,0,0.00209386,1,7.94007e-24,1.39933e-23,2.00488e-23,1.69243e-23,7.06502e-24,1,4.65578e-24
23778,1,12,1385.92,13,1407.16,0,2,9,0.00209282,1,4.89332e-23,8.62381e-23,1.23557e-22,1.04309e-22,4.35437e-23,1,2.86949e-23
23779,1,12,1385.92,13,1407.16,0,2,0,0.00209177,1,3.58869e-26,6.32459e-26,9.06151e-26,7.65045e-26,3.19368e-26,1,2.1046e-26
23780,1,12,1385.92,13,1407.16,0,2,0,0.00209073,1,2.46384e-25,4.34219e-25,6.22125e-25,5.25286e-25,2.1928e-25,1,1.44504e-25
23781,1,12,1385.92,13,1407.16,0,2,0,0.00208968,1,1.62763e-24,2.86848e-24,4.1098e-24,3.47032e-24,1.44868e-24,1,9.54669e-25
23782,1,12,1385.92,13,1407.16,0,2,9,0.00208864,1,1.03538e-23,1.82472e-23,2.61436e-23,2.20772e-23,9.21612e-24,1,6.07334e-24
23783,1,12,1385.92,13,1407.16,0,2,0,0.00208759,1,7.83292e-27,1.38045e-26,1.97783e-26,1.67031e-26,6.9727e-27,1,4.59495e-27
23784,1,12,1385.92,13,1407.16,0,2,0,0.00208655,1,5.54397e-26,9.77049e-26,1.39986e-25,1.18229e-25,4.93546e-26,1,3.25242e-26
23785,1,12,1385.92,13,1407.16,0,2,0,0.0020855,1,3.77329e-25,6.6499e-25,9.52761e-25,8.04732e-25,3.35935e-25,1,2.21378e-25
23786,1,12,1385.92,13,1407.16,0,2,0,0.00208446,1,2.4715e-24,4.35569e-24,6.24058e-24,5.27133e-24,2.20051e-24,1,1.45012e-24
23787,1,12,1385.92,13,1407.16,0,2,0,0.00208342,1,1.55911e-23,2.74772e-23,3.93678e-23,3.32556e-23,1.38825e-23,1,9.14845e-24
23788,1,12,1385.92,13,1407.16,0,2,0,0.00208238,1,9.47971e-23,1.67067e-22,2.39364e-22,2.02213e-22,8.44137e-23,1,5.56278e-23
23789,1,12,1385.92,13,1407.16,0,2,0,0.00208134,1,5.55948e-22,9.79784e-22,1.40378e-21,1.18597e-21,4.95084e-22,1,3.26256e-22
23790,1,12,1385.92,13,1407.16,0,2,0,0.0020803,1,3.14709e-21,5.54632e-21,7.94646e-21,6.71391e-21,2.80272e-21,1,1.84697e-21
23791,1,12,1385.92,13,1407.16,0,2,0,0.00207926,1,1.72078e-20,3.03265e-20,4.34501e-20,3.67129e-20,1.53258e-20,1,1.00995e-20
23792,1,12,1385.92,13,1407.16,0,2,0,0.00207822,1,9.09468e-20,1.60281e-19,2.29642e-19,1.94046e-19,8.10043e-20,1,5.33811e-20
23793,1,12,1385.92,13,1407.16,0,2,9,0.00207718,1,4.64929e-19,8.19375e-19,1.17395e-18,9.92038e-19,4.14126e-19,1,2.72905e-19
23794,1,12,1385.92,13,1407.16,0,2,0,0.00207614,1,2.83899e-22,5.00334e-22,7.16851e-22,6.058e-22,2.52891e-22,1,1.66653e-22
23795,1,12,1385.92,13,1407.16,0,2,0,0.0020751,1,1.62883e-21,2.8706e-21,4.11283e-21,3.47588e-21,1.451e-21,1,9.56199e-22
23796,1,12,1385.92,13,1407.16,0,2,0,0.00207406,1,9.02432e-21,1.59041e-20,2.27866e-20,1.92587e-20,8.03951e-21,1,5.29796e-21
23797,1,12,1385.92,13,1407.16,0,2,0,0.00207303,1,4.8315e-20,8.51486e-20,1.21996e-19,1.03113e-19,4.30447e-20,1,2.8366e-20
23798,1,12,1385.92,13,1407.16,0,2,0,0.00207199,1,2.50136e-19,4.4083e-19,6.31597e-19,5.33865e-19,2.22862e-19,1,1.46864e-19
23799,1,12,1385.92,13,1407.16,0,2,9,0.00207095,1,1.2531e-18,2.20843e-18,3.16411e-18,2.67464e-18,1.11653e-18,1,7.3578e-19
23800,1,12,1385.92,13,1407.16,0,2,0,0.00206992,1,7.50158e-22,1.32205e-21,1.89416e-21,1.60122e-21,6.68429e-22,1,4.40488e-22
23801,1,12,1385.92,13,1407.16,0,2,0,0.00206888,1,4.22109e-21,7.43911e-21,1.06583e-20,9.01041e-21,3.76139e-21,1,2.47872e-21
23802,1,12,1385.92,13,1407.16,0,2,0,0.00206785,1,2.29452e-20,4.04378e-20,5.7937e-20,4.89815e-20,2.04473e-20,1,1.34746e-20
23803,1,12,1385.92,13,1407.16,0,2,0,0.00206681,1,1.20574e-19,2.12495e-19,3.04451e-19,2.57403e-19,1.07453e-19,1,7.08103e-20
23804,1,12,1385.92,13,1407.16,0,2,0,0.00206578,1,6.1292e-19,1.08019e-18,1.54763e-18,1.30853e-18,5.46244e-19,1,3.5997e-19
23805,1,12,1385.92,13,1407.16,0,2,0,0.00206475,1,3.016e-18,5.31529e-18,7.61545e-18,6.43917e-18,2.68803e-18,1,1.77138e-18
23806,1,12,1385.92,13,1407.16,0,2,0,0.00206372,1,1.43753e-17,2.53346e-17,3.6298e-17,3.06927e-17,1.28127e-17,1,8.44342e-18
23807,1,12,1385.92,13,1407.16,0,2,9,0.00206268,1,6.64112e-17,1.17041e-16,1.67689e-16,1.418e-16,5.91944e-17,1,3.90086e-17
23808,1,12,1385.92,13,1407.16,0,2,0,0.00206165,1,3.67216e-20,6.47168e-20,9.27227e-20,7.84106e-20,3.27325e-20,1,2.15704e-20
23809,2,12,1385.92,13,1407.16,0,2,0,0.00206062,1,1.91161e-19,3.36895e-19,4.82684e-19,4.08197e-19,1.70402e-19,1,1.12293e-19
23810,2,12,1385.92,13,1407.16,1,1,0,0.00205959,1.40853e-11,1,2.01769e-11,1.26054e-11,1.32906e-11,1,1.81633e-11,8.82786e-12
23811,2,12,1385.92,13,1407.16,1,1,0,0.00205856,2.62512e-11,1,3.76042e-11,2.3493e-11,2.48481e-11,1,3.3958e-11,1.65046e-11
23812,2,12,1385.92,13,1407.16,1,1,0,0.00205753,4.83197e-11,1,6.92169e-11,4.32428e-11,4.58783e-11,1,6.26984e-11,3.04732e-11
23813,2,12,1385.92,13,1407.16,1,1,0,0.0020565,8.78617e-11,1,1.2586e-10,7.86303e-11,8.36749e-11,1,1.14352e-10,5.55784e-11
23814,2,12,1385.92,15,1912.42,1,1,9,0.00205547,1.57863e-10,1,2.26136e-10,1.41277e-10,1.50787e-10,1,2.06069e-10,1.00155e-10
23815,2,12,1385.92,15,1912.42,1,1,0,0.00205445,3.45958e-14,1,4.95577e-14,3.09609e-14,3.3141e-14,1,4.52912e-14,2.20128e-14
23816,2,12,1385.92,15,1912.42,1,1,0,0.00205342,7.27112e-14,1,1.04157e-13,6.50716e-14,6.98518e-14,1,9.54611e-14,4.63968e-14
23817,2,12,1385.92,15,1912.42,1,1,0,0.00205239,1.50566e-13,1,2.15683e-13,1.34746e-13,1.45049e-13,1,1.98227e-13,9.63439e-14
23818,2,12,1385.92,15,1912.42,1,1,0,0.00205137,3.07277e-13,1,4.40168e-13,2.74993e-13,2.96827e-13,1,4.05651e-13,1.97158e-13
23819,2,12,1385.92,15,1912.42,1,1,0,0.00205034,6.18213e-13,1,8.85576e-13,5.53259e-13,5.98788e-13,1,8.18318e-13,3.97726e-13
23820,2,12,1385.92,17,2342.72,1,1,9,0.00204932,1.22652e-12,1,1.75696e-12,1.09765e-12,1.1911e-12,1,1.62778e-12,7.91148e-13
23821,2,12,1385.92,17,2342.72,1,1,0,0.00204829,2.96215e-16,1,4.24322e-16,2.65093e-16,2.88402e-16,1,3.94137e-16,1.91562e-16
23822,2,12,1385.92,17,2342.72,1,1,0,0.00204727,6.84752e-16,1,9.80892e-16,6.12807e-16,6.68371e-16,1,9.13412e-16,4.43944e-16
23823,2,12,1385.92,17,2342.72,1,1,0,0.00204624,1.55661e-15,1,2.22981e-15,1.39306e-15,1.52313e-15,1,2.08155e-15,1.01169e-15
23824,0,12,1385.92,16,2352.68,1,1,13,0.00204522,3.48093e-15,1,4.98635e-15,3.1152e-15,3.4143e-15,1,4.66607e-15,2.26784e-15
23825,0,12,1385.92,16,2352.68,2,1,0,0.0020442,2.84927e-31,2.41605e-31,1,1.18624e-31,5.89733e-31,1,3.53908e-31,2.09657e-31
23826,0,12,1385.92,16,2352.68,2,1,0,0.00204318,4.19272e-30,3.55523e-30,1,1.74556e-30,8.68061e-30,1,5.20938e-30,3.08606e-30
23827,0,12,1385.92,16,2352.68,2,1,0,0.00204215,5.8466e-29,4.95764e-29,1,2.43411e-29,1.21084e-28,1,7.26646e-29,4.30469e-29
23828,0,12,1385.92,16,2352.68,2,1,0,0.00204113,7.73431e-28,6.55833e-28,1,3.22003e-28,1.60226e-27,1,9.61545e-28,5.69624e-28
23829,0,12,1385.92,16,2352.68,2,1,0,0.00204011,9.7165e-27,8.23914e-27,1,4.04527e-27,2.01348e-26,1,1.20832e-26,7.15817e-27
23830,0,12,1385.92,16,2352.68,2,1,0,0.00203909,1.16042e-25,9.83984e-26,1,4.83119e-26,2.40534e-25,1,1.44349e-25,8.55128e-26
23831,0,12,1385.92,16,2352.68,2,1,0,0.00203807,1.31881e-24,1.11829e-24,1,5.49059e-25,2.7344e-24,1,1.64096e-24,9.72111e-25
23832,0,12,1385.92,16,2316.22,2,1,13,0.00203705,1.42769e-23,1.21061e-23,1,5.94391e-24,2.96096e-23,1,1.77692e-23,1.05266e-23
23833,0,12,1385.92,16,2126.54,2,1,13,0.00203604,3.33096e-28,2.8245e-28,1,1.38678e-28,6.91009e-28,1,4.14686e-28,2.45662e-28
23834,0,12,1385.92,16,2126.54,2,1,0,0.00203502,9.61938e-33,8.15678e-33,1,4.00484e-33,1.99606e-32,1,1.19787e-32,7.09625e-33
23835,0,12,1385.92,16,2090.95,2,1,13,0.002034,1.51475e-31,1.28444e-31,1,6.30636e-32,3.14397e-31,1,1.88675e-31,1.11772e-31
23836,0,12,1385.92,16,2090.95,2,1,0,0.00203298,5.10226e-36,4.32647e-36,1,2.12422e-36,1.05928e-35,1,6.35689e-36,3.76586e-36
23837,0,12,1385.92,16,2090.95,2,1,0,0.00203197,9.34252e-35,7.92201e-35,1,3.88957e-35,1.94007e-34,1,1.16427e-34,6.89718e-35
23838,0,12,1385.92,16,2081.32,2,1,13,0.00203095,1.61403e-33,1.36862e-33,1,6.71969e-34,3.3525e-33,1,2.01189e-33,1.19186e-33
23839,0,12,1385.92,16,2077.81,2,1,13,0.00202993,5.95363e-38,5.04839e-38,1,2.47867e-38,1.23692e-37,1,7.42297e-38,4.3974e-38
23840,0,12,1385.92,16,2072.67,2,1,13,0.00202892,2.69348e-42,2.28395e-42,1,1.12138e-42,5.59725e-42,1,3.359e-42,1.98989e-42
23841,0,12,1385.92,16,2072.67,2,1,0,0.00202791,1.48846e-46,1.26214e-46,1,6.1969e-47,3.09382e-46,1,1.85665e-46,1.09989e-46
23842,0,12,1385.92,16,2000.02,2,1,13,0.00202689,4.4273e-45,3.75414e-45,1,1.84322e-45,9.20437e-45,1,5.52369e-45,3.27226e-45
23843,0,12,1385.92,16,2000.02,2,1,0,0.00202588,2.78128e-49,2.35839e-49,1,1.15793e-49,5.78354e-49,1,3.4708e-49,2.05612e-49
23844,0,12,1385.92,15,1901.31,2,1,13,0.00202487,9.38029e-48,7.95404e-48,1,3.9053e-48,1.951e-47,1,1.17083e-47,6.93606e-48
23845,0,12,1385.92,15,1901.31,2,1,0,0.00202385,6.665e-52,5.65161e-52,1,2.77484e-52,1.38654e-51,1,8.32087e-52,4.92933e-52
23846,0,12,1385.92,15,1874.17,2,1,13,0.00202284,2.53619e-50,2.15057e-50,1,1.05589e-50,5.27719e-50,1,3.16693e-50,1.8761e-50
23847,0,12,1385.92,15,1874.17,2,1,0,0.00202183,2.02827e-54,1.71988e-54,1,8.4443e-55,4.22119e-54,1,2.5332e-54,1.50068e-54
23848,0,12,1385.92,15,1847.1,2,1,13,0.00202082,8.66643e-53,7.34872e-53,1,3.6081e-53,1.80399e-52,1,1.0826e-52,6.4134e-53
23849,0,12,1385.92,15,1847.1,2,1,0,0.00201981,7.76447e-57,6.5839e-57,1,3.23258e-57,1.61655e-56,1,9.70119e-57,5.74704e-57
23850,0,12,1385.92,15,1816.08,2,1,13,0.0020188,3.70823e-55,3.1444e-55,1,1.54385e-55,7.72193e-55,1,4.63406e-55,2.74524e-55
23851,0,12,1385.92,15,1816.08,2,1,0,0.00201779,3.7052e-59,3.14183e-59,1,1.54259e-59,7.71705e-59,1,4.63113e-59,2.74351e-59
23852,0,12,1385.92,15,1816.08,2,1,0,0.00201678,1.96921e-57,1.6698e-57,1,8.19841e-58,4.10214e-57,1,2.46176e-57,1.45836e-57
23853,0,12,1385.92,15,1816.08,2,1,0,0.00201577,9.66636e-56,8.19661e-56,1,4.0244e-56,2.014e-55,1,1.20863e-55,7.16e-56
23854,0,12,1385.92,15,1816.08,2,1,0,0.00201476,4.38949e-54,3.72208e-54,1,1.82748e-54,9.14715e-54,1,5.48935e-54,3.25192e-54
23855,0,12,1385.92,15,1816.08,2,1,0,0.00201376,1.84681e-52,1.56601e-52,1,7.68884e-53,3.84918e-52,1,2.30996e-52,1.36843e-52
23856,0,12,1385.92,15,1816.08,2,1,0,0.00201275,7.21026e-51,6.11396e-51,1,3.00185e-51,1.50304e-50,1,9.01996e-51,5.34347e-51
23857,0,12,1385.92,15,1814.85,2,1,13,0.00201174,2.61607e-49,2.2183e-49,1,1.08915e-49,5.45429e-49,1,3.27321e-49,1.93907e-49
23858,0,12,1385.92,15,1759.02,2,1,13,0.00201074,1.99675e-53,1.69315e-53,1,8.31308e-54,4.16374e-53,1,2.49873e-53,1.48026e-53
23859,0,12,1385.92,15,1759.02,2,1,0,0.00200973,1.84224e-57,1.56213e-57,1,7.6698e-58,3.84214e-57,1,2.30573e-57,1.36593e-57
23860,0,12,1385.92,15,1759.02,2,1,0,0.00200873,9.05516e-56,7.67835e-56,1,3.76994e-56,1.88882e-55,1,1.13351e-55,6.71498e-56
23861,0,12,1385.92,15,1759.02,2,1,0,0.00200772,4.11732e-54,3.49129e-54,1,1.71417e-54,8.58964e-54,1,5.15478e-54,3.05372e-54
23862,0,12,1385.92,15,1759.02,2,1,0,0.00200672,1.73452e-52,1.47079e-52,1,7.22133e-53,3.61912e-52,1,2.1719e-52,1.28664e-52
23863,0,12,1385.92,15,1752.7,2,1,13,0.00200572,6.78036e-51,5.74942e-51,1,2.82287e-51,1.41495e-50,1,8.49132e-51,5.0303e-51
23864,0,12,1385.92,15,1752.7,2,1,0,0.00200471,5.56744e-55,4.72093e-55,1,2.3179e-55,1.162e-54,1,6.97333e-55,4.13104e-55
23865,0,12,1385.92,14,1771.69,2,1,13,0.00200371,2.44118e-53,2.07e-53,1,1.01634e-53,5.09576e-53,1,3.05805e-53,1.8116e-53
23866,0,12,1385.92,14,1726.24,2,1,13,0.00200271,2.24324e-57,1.90216e-57,1,9.33929e-58,4.68322e-57,1,2.81048e-57,1.66494e-57
23867,0,12,1385.92,14,1705.98,2,1,13,0.00200171,2.48249e-61,2.10503e-61,1,1.03353e-61,5.18339e-61,1,3.11064e-61,1.84276e-61
23868,0,12,1385.92,14,1705.98,2,1,0,0.00200071,3.29623e-65,2.79505e-65,1,1.37232e-65,6.88338e-65,1,4.13083e-65,2.44712e-65
23869,0,12,1385.92,14,1704.14,2,1,13,0.00199971,2.3148e-63,1.96284e-63,1,9.63722e-64,4.83452e-63,1,2.90128e-63,1.71873e-63
23870,0,12,1385.92,14,1704.14,2,1,0,0.00199871,3.37483e-67,2.8617e-67,1,1.40504e-67,7.04931e-67,1,4.23041e-67,2.50612e-67
23871,0,12,1385.92,14,1699.94,2,1,13,0.00199771,2.59743e-65,2.2025e-65,1,1.08139e-65,5.42615e-65,1,3.25632e-65,1.92906e-65
23872,0,12,1385.92,14,1671.72,2,1,13,0.00199671,4.14268e-69,3.5128e-69,1,1.72472e-69,8.6553e-69,1,5.19419e-69,3.07706e-69
23873,0,12,1385.92,14,1671.72,2,1,0,0.00199571,7.86981e-73,6.67323e-73,1,3.27644e-73,1.64443e-72,1,9.86852e-73,5.84616e-73
23874,0,12,1385.92,14,1671.72,2,1,0,0.00199471,7.85058e-71,6.65692e-71,1,3.26843e-71,1.64061e-70,1,9.84555e-71,5.83255e-71
23875,0,12,1385.92,14,1671.72,2,1,0,0.00199371,7.14267e-69,6.05665e-69,1,2.97371e-69,1.49284e-68,1,8.95876e-69,5.30722e-69
23876,0,12,1385.92,14,1671.72,2,1,0,0.00199272,5.938e-67,5.03514e-67,1,2.47217e-67,1.2412e-66,1,7.44862e-67,4.4126e-67
23877,0,12,1385.92,14,1669.28,2,1,13,0.00199172,4.51881e-65,3.83174e-65,1,1.88132e-65,9.44652e-65,1,5.66901e-65,3.35835e-65
23878,0,12,1385.92,14,1669.28,2,1,0,0.00199072,7.12774e-69,6.04399e-69,1,2.96749e-69,1.49021e-68,1,8.94298e-69,5.29787e-69
23879,0,12,1385.92,14,1588.08,2,1,13,0.00198973,5.92584e-67,5.02483e-67,1,2.4671e-67,1.23905e-66,1,7.43576e-67,4.40498e-67
23880,0,12,1385.92,14,1588.08,2,1,0,0.00198873,1.01935e-70,8.6436e-71,1,4.24386e-71,2.13161e-70,1,1.27921e-70,7.57814e-71
23881,0,12,1385.92,14,1578.01,2,1,13,0.00198774,9.226e-69,7.82321e-69,1,3.84106e-69,1.92949e-68,1,1.15792e-68,6.85956e-69
23882,0,12,1385.92,14,1578.01,2,1,0,0.00198675,1.72481e-72,1.46256e-72,1,7.18091e-73,3.60756e-72,1,2.16495e-72,1.28253e-72
23883,0,12,1385.92,14,1572.55,2,1,13,0.00198575,1.69381e-70,1.43627e-70,1,7.05182e-71,3.54305e-70,1,2.12624e-70,1.2596e-70
23884,0,12,1385.92,14,1572.55,2,1,0,0.00198476,3.43016e-74,2.90862e-74,1,1.42808e-74,7.17579e-74,1,4.30631e-74,2.55108e-74
23885,0,12,1385.92,14,1572.55,2,1,0,0.00198377,3.64305e-72,3.08913e-72,1,1.51671e-72,7.62185e-72,1,4.574e-72,2.70966e-72
23886,0,12,1385.92,14,1535.56,2,1,13,0.00198278,3.52446e-70,2.98858e-70,1,1.46734e-70,7.37441e-70,1,4.42551e-70,2.62169e-70
23887,0,12,1385.92,14,1535.56,2,1,0,0.00198178,7.03363e-74,5.96418e-74,1,2.92831e-74,1.47181e-73,1,8.8326e-74,5.23248e-74
23888,0,12,1385.92,14,1524.76,2,1,13,0.00198079,7.36364e-72,6.24402e-72,1,3.0657e-72,1.54101e-71,1,9.24783e-72,5.47846e-72
23889,0,12,1385.92,14,1524.76,2,1,0,0.0019798,1.58774e-75,1.34633e-75,1,6.61024e-76,3.32298e-75,1,1.99418e-75,1.18136e-75
23890,0,12,1385.92,14,1522.84,2,1,13,0.00197881,1.79316e-73,1.52052e-73,1,7.46549e-74,3.75323e-73,1,2.25238e-73,1.33432e-73
23891,0,12,1385.92,14,1522.84,2,1,0,0.00197782,4.16463e-77,3.53141e-77,1,1.73386e-77,8.71761e-77,1,5.23158e-77,3.09922e-77
23892,0,12,1385.92,14,1522.84,2,1,0,0.00197684,5.05873e-75,4.28956e-75,1,2.1061e-75,1.059e-74,1,6.35526e-75,3.76489e-75
23893,0,12,1385.92,14,1522.84,2,1,0,0.00197585,5.58235e-73,4.73357e-73,1,2.3241e-73,1.16871e-72,1,7.01364e-73,4.15492e-73
23894,0,12,1385.92,14,1522.84,2,1,0,0.00197486,5.60709e-71,4.75455e-71,1,2.3344e-71,1.17398e-70,1,7.04527e-71,4.17366e-71
23895,0,12,1385.92,14,1522.84,2,1,0,0.00197387,5.13594e-69,4.35503e-69,1,2.13825e-69,1.07542e-68,1,6.45376e-69,3.82324e-69
23896,0,12,1385.92,14,1522.84,2,1,0,0.00197288,4.29798e-67,3.64448e-67,1,1.78938e-67,9.00024e-67,1,5.40119e-67,3.19969e-67
23897,0,12,1385.92,14,1522.84,2,1,0,0.0019719,3.29197e-65,2.79143e-65,1,1.37055e-65,6.89409e-65,1,4.13726e-65,2.45093e-65
23898,0,12,1385.92,14,1522.84,2,1,0,0.00197091,2.31187e-63,1.96036e-63,1,9.62501e-64,4.8419e-63,1,2.9057e-63,1.72135e-63
23899,0,12,1385.92,14,1522.84,2,1,0,0.00196993,1.49122e-61,1.26448e-61,1,6.20838e-62,3.12337e-61,1,1.87439e-61,1.1104e-61
23900,0,12,1385.92,14,1522.84,2,1,0,0.00196894,8.84966e-60,7.50409e-60,1,3.68438e-60,1.8537e-59,1,1.11244e-59,6.59013e-60
23901,0,12,1385.92,14,1522.84,2,1,0,0.00196796,4.83999e-58,4.10409e-58,1,2.01504e-58,1.01388e-57,1,6.08447e-58,3.60447e-58
23902,0,12,1385.92,14,1522.84,2,1,9,0.00196697,2.44346e-56,2.07194e-56,1,1.01728e-56,5.11889e-56,1,3.07193e-56,1.81983e-56
23903,0,12,1385.92,14,1522.84,2,1,0,0.00196599,1.40751e-58,1.1935e-58,1,5.85988e-59,2.94883e-58,1,1.76964e-58,1.04835e-58
23904,0,12,1385.92,14,1522.84,2,1,0,0.00196501,7.28347e-57,6.17604e-57,1,3.03233e-57,1.52604e-56,1,9.158e-57,5.42525e-57
23905,0,12,1385.92,14,1517.85,2,1,13,0.00196402,3.48296e-55,2.95339e-55,1,1.45006e-55,7.29797e-55,1,4.37963e-55,2.59452e-55
23906,0,12,1385.92,14,1517.85,2,1,0,0.00196304,3.48448e-59,2.95468e-59,1,1.45069e-59,7.3016e-59,1,4.38181e-59,2.59581e-59
23907,0,12,1385.92,14,1517.85,2,1,0,0.00196206,1.85418e-57,1.57226e-57,1,7.71951e-58,3.8856e-57,1,2.33181e-57,1.38138e-57
23908,0,12,1385.92,14,1517.85,2,1,0,0.00196108,9.11267e-56,7.72712e-56,1,3.79388e-56,1.90975e-55,1,1.14607e-55,6.7894e-56
23909,0,12,1385.92,14,1517.85,2,1,0,0.0019601,4.14295e-54,3.51302e-54,1,1.72483e-54,8.68292e-54,1,5.21076e-54,3.08688e-54
23910,0,12,1385.92,14,1517.85,2,1,0,0.00195912,1.7451e-52,1.47976e-52,1,7.26537e-53,3.65764e-52,1,2.19501e-52,1.30033e-52
23911,0,12,1385.92,14,1517.85,2,1,0,0.00195814,6.82088e-51,5.78378e-51,1,2.83974e-51,1.4297e-50,1,8.57986e-51,5.08276e-51
23912,0,12,1385.92,14,1517.85,2,1,0,0.00195716,2.47754e-49,2.10084e-49,1,1.03147e-49,5.19336e-49,1,3.11662e-49,1.8463e-49
23913,0,12,1385.92,14,1517.85,2,1,9,0.00195618,8.37523e-48,7.1018e-48,1,3.48686e-48,1.75569e-47,1,1.05362e-47,6.24169e-48
23914,0,12,1385.92,14,1517.85,2,1,0,0.0019552,3.25644e-50,2.76131e-50,1,1.35575e-50,6.82679e-50,1,4.09687e-50,2.42701e-50
23915,0,12,1385.92,14,1517.85,2,1,0,0.00195423,1.14642e-48,9.72113e-49,1,4.77291e-49,2.40348e-48,1,1.44237e-48,8.54466e-49
23916,0,12,1385.92,14,1517.85,2,1,0,0.00195325,3.7585e-47,3.18703e-47,1,1.56478e-47,7.8801e-47,1,4.72898e-47,2.80147e-47
23917,0,12,1385.92,14,1517.85,2,1,0,0.00195227,1.14914e-45,9.74413e-46,1,4.7842e-46,2.4094e-45,1,1.44592e-45,8.56572e-46
23918,0,12,1385.92,14,1517.85,2,1,0,0.0019513,3.28111e-44,2.78223e-44,1,1.36602e-44,6.87986e-44,1,4.12872e-44,2.44587e-44
23919,0,12,1385.92,14,1517.85,2,1,0,0.00195032,8.76107e-43,7.42897e-43,1,3.6475e-43,1.83711e-42,1,1.10248e-42,6.53116e-43
23920,0,12,1385.92,14,1517.85,2,1,0,0.00194935,2.1906e-41,1.85752e-41,1,9.12012e-42,4.59369e-41,1,2.75675e-41,1.63311e-41
23921,0,12,1385.92,14,1517.85,2,1,0,0.00194837,5.1358e-40,4.35492e-40,1,2.13819e-40,1.07703e-39,1,6.46342e-40,3.82896e-40
23922,0,12,1385.92,14,1517.85,2,1,0,0.0019474,1.13045e-38,9.58571e-39,1,4.70642e-39,2.37078e-38,1,1.42274e-38,8.42839e-39
23923,0,12,1385.92,14,1517.85,2,1,0,0.00194642,2.33908e-37,1.98343e-37,1,9.73828e-38,4.9057e-37,1,2.94399e-37,1.74404e-37
23924,0,12,1385.92,14,1517.85,2,1,0,0.00194545,4.55533e-36,3.86271e-36,1,1.89652e-36,9.55422e-36,1,5.73364e-36,3.39664e-36
23925,0,12,1385.92,14,1517.85,2,1,0,0.00194448,8.36e-35,7.08889e-35,1,3.48052e-35,1.75347e-34,1,1.05229e-34,6.23381e-35
23926,0,12,1385.92,14,1517.85,2,1,0,0.0019435,1.4475e-33,1.22741e-33,1,6.02639e-34,3.03619e-33,1,1.82207e-33,1.0794e-33
23927,0,12,1385.92,14,1517.85,2,1,0,0.00194253,2.36736e-32,2.00741e-32,1,9.85602e-33,4.96582e-32,1,2.98007e-32,1.76541e-32
23928,0,12,1385.92,14,1517.85,2,1,0,0.00194156,3.6613e-31,3.10461e-31,1,1.52431e-31,7.68033e-31,1,4.60909e-31,2.73045e-31
23929,0,12,1385.92,14,1517.85,2,1,0,0.00194059,5.36067e-30,4.54559e-30,1,2.23181e-30,1.12455e-29,1,6.74863e-30,3.99793e-30
23930,0,12,1385.92,14,1517.85,2,1,0,0.00193962,7.4386e-29,6.30758e-29,1,3.09691e-29,1.56052e-28,1,9.36493e-29,5.54783e-29
23931,0,12,1385.92,14,1517.85,2,1,0,0.00193865,9.79306e-28,8.30405e-28,1,4.07714e-28,2.05453e-27,1,1.23296e-27,7.30409e-28
23932,0,12,1385.92,14,1517.85,2,1,0,0.00193768,1.22449e-26,1.03831e-26,1,5.09794e-27,2.56901e-26,1,1.54171e-26,9.13314e-27
23933,0,12,1385.92,14,1517.85,2,1,9,0.00193671,1.45564e-25,1.23431e-25,1,6.06027e-26,3.05407e-25,1,1.8328e-25,1.08576e-25
23934,0,12,1385.92,14,1517.85,2,1,0,0.00193574,2.03235e-28,1.72334e-28,1,8.46131e-29,4.26422e-28,1,2.55903e-28,1.51598e-28
23935,0,12,1385.92,14,1517.85,2,1,0,0.00193478,2.62238e-27,2.22366e-27,1,1.09178e-27,5.50238e-27,1,3.30207e-27,1.95616e-27
23936,0,12,1385.92,14,1517.85,2,1,0,0.00193381,3.21499e-26,2.72616e-26,1,1.3385e-26,6.74602e-26,1,4.0484e-26,2.39829e-26
23937,0,12,1385.92,14,1517.85,2,1,0,0.00193284,3.7488e-25,3.1788e-25,1,1.56074e-25,7.86638e-25,1,4.72075e-25,2.79659e-25
23938,0,12,1385.92,14,1517.85,2,1,0,0.00193188,4.1617e-24,3.52893e-24,1,1.73264e-24,8.73309e-24,1,5.24087e-24,3.10472e-24
23939,0,12,1385.92,14,1516.68,2,1,13,0.00193091,4.40294e-23,3.73348e-23,1,1.83308e-23,9.23959e-23,1,5.54483e-23,3.28479e-23
23940,0,12,1385.92,14,1516.68,2,1,0,0.00192994,1.00438e-27,8.51663e-28,1,4.18152e-28,2.10775e-27,1,1.2649e-27,7.49332e-28
23941,0,12,1385.92,14,1516.68,2,1,0,0.00192898,1.25521e-26,1.06436e-26,1,5.2258e-27,2.63422e-26,1,1.58084e-26,9.36496e-27
23942,0,12,1385.92,14,1516.68,2,1,9,0.00192801,1.49141e-25,1.26465e-25,1,6.20919e-26,3.13002e-25,1,1.87837e-25,1.11276e-25
23943,0,12,1385.92,14,1516.68,2,1,0,0.00192705,2.08129e-28,1.76483e-28,1,8.66502e-29,4.36811e-28,1,2.62138e-28,1.55292e-28
23944,0,12,1385.92,14,1516.68,2,1,0,0.00192609,2.68424e-27,2.27611e-27,1,1.11753e-27,5.63373e-27,1,3.38089e-27,2.00286e-27
23945,0,12,1385.92,14,1515.48,2,1,13,0.00192512,3.28929e-26,2.78916e-26,1,1.36943e-26,6.9038e-26,1,4.14309e-26,2.45439e-26
23946,0,12,1385.92,14,1515.48,2,1,0,0.00192416,8.6654e-31,7.34785e-31,1,3.60767e-31,1.81881e-30,1,1.0915e-30,6.46608e-31
23947,0,12,1385.92,14,1515.48,2,1,0,0.0019232,1.24707e-29,1.05745e-29,1,5.19191e-30,2.61757e-29,1,1.57085e-29,9.3058e-30
23948,0,12,1385.92,14,1515.48,2,1,0,0.00192224,1.70149e-28,1.44278e-28,1,7.0838e-29,3.57149e-28,1,2.14331e-28,1.26971e-28
23949,0,12,1385.92,14,1515.48,2,1,0,0.00192128,2.20327e-27,1.86827e-27,1,9.1729e-28,4.62488e-27,1,2.77547e-27,1.6442e-27
23950,0,12,1385.92,14,1515.48,2,1,0,0.00192032,2.71059e-26,2.29845e-26,1,1.1285e-26,5.68993e-26,1,3.41462e-26,2.02284e-26
23951,0,12,1385.92,14,1515.48,2,1,0,0.00191936,3.17146e-25,2.68925e-25,1,1.32038e-25,6.65753e-25,1,3.99529e-25,2.36683e-25
23952,0,12,1385.92,14,1515.48,2,1,0,0.0019184,3.53257e-24,2.99545e-24,1,1.47072e-24,7.41575e-24,1,4.45031e-24,2.63639e-24
23953,0,12,1385.92,14,1515.48,2,1,0,0.00191744,3.74961e-23,3.17949e-23,1,1.56108e-23,7.87155e-23,1,4.72384e-23,2.79843e-23
23954,0,12,1385.92,14,1515.48,2,1,0,0.00191648,3.79632e-22,3.2191e-22,1,1.58052e-22,7.96979e-22,1,4.7828e-22,2.83336e-22
23955,0,12,1385.92,14,1515.48,2,1,0,0.00191552,3.66972e-21,3.11175e-21,1,1.52781e-21,7.70418e-21,1,4.62341e-21,2.73893e-21
23956,0,12,1385.92,14,1515.48,2,1,0,0.00191456,3.38998e-20,2.87454e-20,1,1.41135e-20,7.11705e-20,1,4.27106e-20,2.5302e-20
23957,0,12,1385.92,14,1515.48,2,1,0,0.00191361,2.99536e-19,2.53993e-19,1,1.24706e-19,6.28872e-19,1,3.77397e-19,2.23572e-19
23958,0,12,1385.92,14,1515.48,2,1,0,0.00191265,2.53383e-18,2.14857e-18,1,1.05491e-18,5.31985e-18,1,3.19253e-18,1.89127e-18
23959,0,12,1385.92,14,1515.48,2,1,9,0.00191169,2.0538e-17,1.74153e-17,1,8.55059e-18,4.31211e-17,1,2.58777e-17,1.53301e-17
23960,0,12,1385.92,14,1515.48,2,1,0,0.00191074,1.97021e-20,1.67065e-20,1,8.2026e-21,4.1367e-20,1,2.4825e-20,1.47065e-20
23961,0,12,1385.92,14,1515.48,2,1,0,0.00190978,1.75987e-19,1.49228e-19,1,7.32686e-20,3.69512e-19,1,2.2175e-19,1.31366e-19
23962,0,12,1385.92,14,1515.48,2,1,0,0.00190883,1.50462e-18,1.27585e-18,1,6.26419e-19,3.15925e-18,1,1.89592e-18,1.12315e-18
23963,0,12,1385.92,14,1515.48,2,1,0,0.00190787,1.23235e-17,1.04498e-17,1,5.13066e-18,2.58762e-17,1,1.55288e-17,9.19932e-18
23964,0,12,1385.92,14,1515.48,2,1,0,0.00190692,9.67782e-17,8.20633e-17,1,4.02917e-17,2.03213e-16,1,1.21951e-16,7.22447e-17
23965,0,12,1385.92,14,1515.48,2,1,0,0.00190596,7.29321e-16,6.18429e-16,1,3.03638e-16,1.53144e-15,1,9.19044e-16,5.44446e-16
23966,0,12,1385.92,14,1515.48,2,1,0,0.00190501,5.27858e-15,4.47598e-15,1,2.19763e-15,1.10843e-14,1,6.65185e-15,3.94059e-15
23967,0,12,1385.92,14,1515.48,2,1,0,0.00190406,3.67217e-14,3.11383e-14,1,1.52884e-14,7.71118e-14,1,4.62761e-14,2.74142e-14
23968,0,12,1385.92,14,1515.48,2,1,0,0.00190311,2.45743e-13,2.08379e-13,1,1.0231e-13,5.16044e-13,1,3.09686e-13,1.8346e-13
23969,0,12,1385.92,14,1515.48,2,1,0,0.00190216,1.58317e-12,1.34246e-12,1,6.59123e-13,3.32461e-12,1,1.99516e-12,1.18194e-12
23970,0,12,1385.92,14,1515.48,2,1,0,0.0019012,9.82641e-12,8.33233e-12,1,4.09103e-12,2.06355e-11,1,1.23837e-11,7.33616e-12
23971,0,12,1385.92,14,1515.48,2,1,0,0.00190025,5.88036e-11,4.98626e-11,1,2.44817e-11,1.2349e-10,1,7.41082e-11,4.39021e-11
23972,0,12,1385.92,14,1515.48,2,1,0,0.0018993,3.39525e-10,2.87902e-10,1,1.41355e-10,7.13027e-10,1,4.27899e-10,2.5349e-10
23973,0,12,1385.92,14,1515.48,2,1,0,0.00189835,1.89283e-09,1.60503e-09,1,7.88042e-10,3.97514e-09,1,2.38555e-09,1.41321e-09
23974,0,12,1385.92,14,1515.48,2,1,0,0.0018974,1.01959e-08,8.64565e-09,1,4.24487e-09,2.14128e-08,1,1.28502e-08,7.61251e-09
23975,0,12,1385.92,14,1515.48,2,1,0,0.00189646,5.31024e-08,4.50283e-08,1,2.21081e-08,1.11524e-07,1,6.69274e-08,3.96481e-08
23976,0,12,1385.92,14,1515.48,2,1,0,0.00189551,2.67589e-07,2.26903e-07,0.999999,1.11405e-07,5.6199e-07,0.999999,3.3726e-07,1.99794e-07
23977,0,12,1385.92,14,1515.48,2,1,0,0.00189456,1.30549e-06,1.107e-06,0.999997,5.43517e-07,2.74183e-06,0.999995,1.64542e-06,9.74754e-07
23978,0,12,1385.92,14,1515.48,2,1,0,0.00189361,6.17037e-06,5.23218e-06,0.999986,2.56891e-06,1.29592e-05,0.999975,7.77705e-06,4.60716e-06
23979,0,12,1385.92,14,1515.48,2,1,0,0.00189267,2.82709e-05,2.39724e-05,0.999936,1.177e-05,5.9374e-05,0.999884,3.56313e-05,2.11082e-05
23980,0,12,1385.92,14,1515.48,2,1,0,0.00189172,0.000125624,0.000106523,0.999716,5.23012e-05,0.00026379,0.999484,0.000158305,9.37805e-05
23981,0,12,1385.92,14,1515.48,2,1,0,0.00189077,0.000541424,0.000459102,0.998774,0.000225411,0.00113604,0.997778,0.000681758,0.000403877
23982,0,12,1385.92,14,1515.48,2,1,0,0.00188983,0.00225953,0.00191597,0.994884,0.00094071,0.00472617,0.990757,0.00283625,0.00168021
23983,0,12,1385.92,14,1515.48,2,1,0,0.00188888,0.00905687,0.0076798,0.979493,0.00377065,0.0187107,0.963409,0.0112286,0.00665188
23984,0,12,1385.92,14,1515.48,2,1,0,0.00188794,0.0338014,0.028662,0.923464,0.0140725,0.066833,0.869299,0.0401076,0.02376
23985,0,12,1385.92,14,1515.48,2,1,0,0.00188699,0.106856,0.0906086,0.758048,0.0444873,0.18751,0.633301,0.112528,0.0666619
23986,0,12,1385.92,14,1515.48,2,1,0,0.00188605,0.240574,0.203995,0.455273,0.100158,0.350068,0.315398,0.210081,0.124453
23987,0,12,1385.92,14,1515.48,1,2,0,0.00188511,0.359371,0.30473,0.186282,0.149617,0.453623,0.112882,0.272227,0.161269
23988,0,12,1385.92,14,1515.48,0,0,0,0.00188417,0.460016,0.110015,0.238451,0.191518,0.562752,0.140038,0.0971451,0.200065
23989,0,12,1385.92,14,1515.48,3,0,0,0.00188322,0.19116,0.16479,0.357175,0.286874,0.260239,0.236924,0.164356,0.338482
23990,0,12,1385.92,14,1515.48,1,2,0,0.00188228,0.240286,0.20714,0.448966,0.103608,0.0915528,0.290949,0.201833,0.415665
23991,0,12,1385.92,14,1515.48,3,3,0,0.00188134,0.280784,0.0735111,0.524634,0.12107,0.106617,0.338822,0.0705014,0.484059
23992,0,12,1385.92,14,1515.48,2,1,0,0.0018804,0.305753,0.0800481,0.571288,0.0429109,0.163771,0.520452,0.108295,0.207483
23993,0,12,1385.92,14,1515.48,0,2,0,0.00187946,0.518844,0.135837,0.272503,0.0728171,0.261691,0.233726,0.173045,0.331539
23994,0,12,1385.92,14,1515.48,2,3,0,0.00187852,0.234844,0.216013,0.433346,0.115797,0.297437,0.265652,0.0600848,0.376826
23995,0,12,1385.92,14,1515.48,0,1,0,0.00187758,0.339569,0.31234,0.180657,0.167434,0.406866,0.363387,0.0821903,0.147557
23996,0,12,1385.92,13,1569.48,3,1,13,0.00187664,0.130488,0.411221,0.23785,0.220441,0.548102,0.142398,0.110721,0.198778
23997,0,12,1385.92,13,1569.48,3,1,0,0.0018757,4.29972e-06,1.35502e-05,7.83742e-06,0.999974,2.64338e-05,0.999959,5.33985e-06,9.58665e-06
23998,0,12,1385.92,13,1569.48,3,1,0,0.00187477,1.84011e-05,5.79893e-05,3.3541e-05,0.99989,0.000113459,0.999822,2.29198e-05,4.1148e-05
23999,0,12,1385.92,13,1569.48,3,1,9,0.00187383,7.64722e-05,0.000240995,0.000139392,0.999543,0.000472805,0.99926,9.55106e-05,0.000171471
24000,0,12,1385.92,13,1569.48,3,1,0,0.00187289,3.81493e-08,1.20224e-07,6.95377e-08,1,2.36612e-07,1,4.77976e-08,8.58113e-08
24001,0,12,1385.92,13,1569.48,3,1,0,0.00187196,1.79459e-07,5.6555e-07,3.27114e-07,0.999999,1.11619e-06,0.999998,2.2548e-07,4.04806e-07
24002,0,12,1385.92,13,1569.48,3,1,0,0.00187102,8.18453e-07,2.57928e-06,1.49186e-06,0.999995,5.10465e-06,0.999992,1.03118e-06,1.85128e-06
24003,0,12,1385.92,13,1569.48,3,1,0,0.00187008,3.62106e-06,1.14114e-05,6.60038e-06,0.999978,2.26453e-05,0.999965,4.57454e-06,8.2127e-06
24004,0,12,1385.92,13,1569.48,3,1,0,0.00186915,1.55502e-05,4.90052e-05,2.83446e-05,0.999907,9.75015e-05,0.999847,1.96961e-05,3.53605e-05
24005,0,12,1385.92,13,1569.48,3,1,0,0.00186821,6.48459e-05,0.000204356,0.0001182,0.999613,0.000407571,0.999362,8.23327e-05,0.000147812
24006,0,12,1385.92,13,1569.48,3,1,0,0.00186728,0.000262565,0.000827451,0.000478598,0.998431,0.00165322,0.997413,0.000333963,0.000599566
24007,0,12,1385.92,13,1569.48,3,1,0,0.00186635,0.00103026,0.00324678,0.00187794,0.993845,0.00648367,0.989855,0.00130976,0.00235141
24008,0,12,1385.92,13,1553.39,3,1,13,0.00186541,0.00388357,0.0122387,0.00707888,0.976799,0.0242284,0.96209,0.00489433,0.00878682
24009,0,12,1385.92,13,1553.39,3,1,0,0.00186448,3.3552e-08,1.05736e-07,6.11578e-08,1,2.1303e-07,1,4.30339e-08,7.7259e-08
24010,0,12,1385.92,13,1553.39,3,1,0,0.00186355,1.58239e-07,4.98675e-07,2.88434e-07,0.999999,1.00706e-06,0.999998,2.03435e-07,3.65227e-07
24011,0,12,1385.92,13,1553.39,3,1,0,0.00186262,7.23493e-07,2.28002e-06,1.31877e-06,0.999996,4.61505e-06,0.999993,9.32279e-07,1.67372e-06
24012,0,12,1385.92,13,1553.18,3,1,13,0.00186169,3.20884e-06,1.01124e-05,5.849e-06,0.999981,2.05147e-05,0.999968,4.14415e-06,7.44001e-06
24013,0,12,1385.92,13,1553.18,3,1,0,0.00186075,3.12256e-11,9.84046e-11,5.69172e-11,1,2.00075e-10,1,4.04169e-11,7.25607e-11
24014,0,12,1385.92,13,1553.18,3,1,0,0.00185982,1.69328e-10,5.33623e-10,3.08647e-10,1,1.08731e-09,1,2.19646e-10,3.94331e-10
24015,0,12,1385.92,13,1553.18,3,1,0,0.00185889,8.87695e-10,2.79749e-09,1.61807e-09,1,5.71229e-09,1,1.15393e-09,2.07166e-09
24016,0,12,1385.92,13,1553.18,3,1,9,0.00185796,4.50202e-09,1.41877e-08,8.20618e-09,1,2.90307e-08,1,5.86446e-09,1.05285e-08
24017,0,12,1385.92,13,1553.18,3,1,0,0.00185704,2.72771e-12,8.59613e-12,4.972e-12,1,1.76252e-11,1,3.56044e-12,6.39208e-12
24018,0,12,1385.92,13,1553.18,3,1,0,0.00185611,1.55307e-11,4.89436e-11,2.8309e-11,1,1.00553e-10,1,2.03126e-11,3.64673e-11
24019,0,12,1385.92,13,1553.18,3,1,0,0.00185518,8.54037e-11,2.69142e-10,1.55672e-10,1,5.54028e-10,1,1.11918e-10,2.00927e-10
24020,0,12,1385.92,13,1534.51,3,1,13,0.00185425,4.53896e-10,1.43041e-09,8.2735e-10,1,2.95016e-09,1,5.95957e-10,1.06992e-09
24021,0,12,1385.92,13,1534.51,3,1,0,0.00185332,5.27349e-15,1.66189e-14,9.61238e-15,1,3.43403e-14,1,6.93703e-15,1.24541e-14
24022,0,12,1385.92,13,1534.51,3,1,0,0.0018524,3.40224e-14,1.07219e-13,6.20152e-14,1,2.21958e-13,1,4.48375e-14,8.04969e-14
24023,0,12,1385.92,13,1534.51,3,1,0,0.00185147,2.11465e-13,6.66414e-13,3.85454e-13,1,1.38207e-12,1,2.7919e-13,5.01231e-13
24024,0,12,1385.92,13,1534.51,3,1,0,0.00185055,1.26719e-12,3.99345e-12,2.30981e-12,1,8.29666e-12,1,1.676e-12,3.00892e-12
24025,0,12,1385.92,13,1530.61,3,1,13,0.00184962,7.32648e-12,2.30887e-11,1.33545e-11,1,4.80518e-11,1,9.70686e-12,1.74268e-11
24026,0,12,1385.92,13,1530.61,3,1,0,0.0018487,9.24439e-17,2.91329e-16,1.68505e-16,1,6.07338e-16,1,1.22687e-16,2.20261e-16
24027,0,12,1385.92,13,1530.61,3,1,0,0.00184777,6.46651e-16,2.03786e-15,1.1787e-15,1,4.25545e-15,1,8.59638e-16,1.54331e-15
24028,0,12,1385.92,13,1530.61,3,1,0,0.00184685,4.35076e-15,1.3711e-14,7.93047e-15,1,2.86781e-14,1,5.79323e-15,1.04006e-14
24029,0,12,1385.92,13,1530.61,3,1,0,0.00184592,2.81776e-14,8.87991e-14,5.13614e-14,1,1.8603e-13,1,3.75797e-14,6.7467e-14
24030,0,12,1385.92,13,1530.61,3,1,0,0.001845,1.75798e-13,5.54012e-13,3.20441e-13,1,1.16245e-12,1,2.34826e-13,4.21583e-13
24031,0,12,1385.92,13,1530.61,3,1,0,0.00184408,1.05736e-12,3.33218e-12,1.92733e-12,1,7.00249e-12,1,1.41456e-12,2.53957e-12
24032,0,12,1385.92,13,1530.61,3,1,0,0.00184316,6.13547e-12,1.93354e-11,1.11836e-11,1,4.06941e-11,1,8.22055e-12,1.47584e-11
24033,0,12,1385.92,13,1530.61,3,1,9,0.00184223,3.43716e-11,1.08319e-10,6.26518e-11,1,2.2831e-10,1,4.61205e-11,8.28003e-11
24034,0,12,1385.92,13,1530.61,3,1,0,0.00184131,2.2958e-14,7.23502e-14,4.18474e-14,1,1.52717e-13,1,3.08501e-14,5.53854e-14
24035,0,12,1385.92,13,1530.61,3,1,0,0.00184039,1.43822e-13,4.53242e-13,2.62155e-13,1,9.58062e-13,1,1.93537e-13,3.47457e-13
24036,0,12,1385.92,13,1530.61,3,1,0,0.00183947,8.68516e-13,2.73705e-12,1.58311e-12,1,5.79362e-12,1,1.17036e-12,2.10115e-12
24037,0,12,1385.92,13,1530.61,3,1,0,0.00183855,5.05954e-12,1.59447e-11,9.22241e-12,1,3.37967e-11,1,6.82722e-12,1.22569e-11
24038,0,12,1385.92,13,1530.61,3,1,0,0.00183763,2.84537e-11,8.96692e-11,5.18647e-11,1,1.90319e-10,1,3.84459e-11,6.90222e-11
24039,0,12,1385.92,13,1530.61,3,1,9,0.00183672,1.54584e-10,4.87158e-10,2.81772e-10,1,1.03532e-09,1,2.09144e-10,3.75477e-10
24040,0,12,1385.92,13,1530.61,3,1,0,0.0018358,1.00194e-13,3.15751e-13,1.82631e-13,1,6.71904e-13,1,1.3573e-13,2.43677e-13
24041,0,12,1385.92,13,1530.61,3,1,0,0.00183488,6.09442e-13,1.9206e-12,1.11088e-12,1,4.09209e-12,1,8.26637e-13,1.48406e-12
24042,0,12,1385.92,13,1530.61,3,1,0,0.00183396,3.57555e-12,1.1268e-11,6.51743e-12,1,2.40375e-11,1,4.85579e-12,8.71762e-12
24043,0,12,1385.92,13,1530.61,3,1,0,0.00183304,2.02481e-11,6.38102e-11,3.69078e-11,1,1.36288e-10,1,2.75312e-11,4.94269e-11
24044,0,12,1385.92,13,1530.61,3,1,0,0.00183213,1.10756e-10,3.49037e-10,2.01883e-10,1,7.46365e-10,1,1.50772e-10,2.70682e-10
24045,0,12,1385.92,13,1530.61,3,1,0,0.00183121,5.85583e-10,1.84541e-09,1.06739e-09,1,3.95072e-09,1,7.98078e-10,1.43279e-09
24046,0,12,1385.92,13,1530.61,3,1,0,0.0018303,2.99465e-09,9.43736e-09,5.45857e-09,1,2.02268e-08,1,4.08598e-09,7.33557e-09
24047,0,12,1385.92,13,1530.61,3,1,0,0.00182938,1.48227e-08,4.67125e-08,2.70185e-08,1,1.00229e-07,1,2.0247e-08,3.63496e-08
24048,0,12,1385.92,13,1530.61,3,1,0,0.00182847,7.10588e-08,2.23936e-07,1.29524e-07,1,4.81011e-07,0.999999,9.71684e-08,1.74447e-07
24049,0,12,1385.92,13,1530.61,3,1,0,0.00182755,3.30137e-07,1.0404e-06,6.01766e-07,0.999998,2.23715e-06,0.999996,4.51923e-07,8.11339e-07
24050,0,12,1385.92,13,1530.61,3,1,0,0.00182664,1.4874e-06,4.68739e-06,2.71119e-06,0.999991,1.00897e-05,0.999984,2.03821e-06,3.65921e-06
24051,0,12,1385.92,13,1530.61,3,1,0,0.00182573,6.5024e-06,2.04917e-05,1.18524e-05,0.999961,4.41532e-05,0.999931,8.91933e-06,1.60129e-05
24052,0,12,1385.92,13,1530.61,3,1,0,0.00182481,2.75973e-05,8.69704e-05,5.03037e-05,0.999835,0.000187564,0.999707,3.78895e-05,6.80232e-05
24053,0,12,1385.92,13,1530.61,3,1,0,0.0018239,0.000113745,0.000358458,0.000207332,0.99932,0.000773516,0.99879,0.000156257,0.000280528
24054,0,12,1385.92,13,1530.61,3,1,0,0.00182299,0.00045502,0.00143396,0.0008294,0.997282,0.00309238,0.995161,0.000624686,0.0011215
24055,0,12,1385.92,13,1530.61,3,1,0,0.00182208,0.00176014,0.00554692,0.00320834,0.989485,0.0119007,0.981379,0.00240404,0.00431598
24056,0,12,1385.92,13,1530.61,3,0,0,0.00182117,0.0064875,0.0204448,0.0118253,0.961242,0.0429563,0.932787,0.00867753,0.0155788
24057,0,12,1385.92,13,1530.61,3,1,0,0.00182025,0.0217003,0.0683867,0.0395548,0.870358,0.0162457,0.958821,0.00891972,0.0160136
24058,0,12,1385.92,13,1530.61,1,1,0,0.00181934,0.0584159,0.184093,0.106479,0.651012,0.0540643,0.86296,0.0296841,0.0532919
24059,0,12,1385.92,13,1530.61,3,0,0,0.00181844,0.0667266,0.0680157,0.121628,0.74363,0.143555,0.636121,0.0788193,0.141505
24060,0,12,1385.92,13,1530.61,3,1,0,0.00181753,0.14247,0.145222,0.259691,0.452617,0.0524958,0.703755,0.0871996,0.15655
24061,0,12,1385.92,13,1530.61,2,3,0,0.00181662,0.20961,0.21366,0.382073,0.194657,0.105691,0.40356,0.175562,0.315187
24062,0,12,1385.92,13,1530.61,1,1,0,0.00181571,0.286799,0.29234,0.154521,0.26634,0.135646,0.517934,0.225319,0.121101
24063,0,12,1385.92,13,1530.61,2,3,0,0.0018148,0.360717,0.109952,0.194346,0.334985,0.214177,0.238847,0.355765,0.191212
24064,0,12,1385.92,13,1530.61,0,2,0,0.00181389,0.415811,0.126745,0.0712945,0.386149,0.246404,0.274786,0.409297,0.0695126
24065,0,12,1385.92,13,1530.61,0,1,0,0.00181299,0.175549,0.178872,0.100616,0.544962,0.345951,0.3858,0.170653,0.0975956
24066,0,12,1385.92,13,1530.61,3,0,0,0.00181208,0.06668,0.202492,0.113903,0.616925,0.47411,0.158269,0.233872,0.13375
24067,0,12,1385.92,13,1530.61,3,2,0,0.00181117,0.117415,0.356562,0.200567,0.325456,0.212882,0.236886,0.350044,0.200188
24068,0,12,1385.92,13,1530.61,1,0,0,0.00181027,0.151471,0.459985,0.258743,0.1298,0.281418,0.31315,0.140796,0.264637
24069,0,12,1385.92,13,1530.61,2,1,0,0.00180936,0.222448,0.206944,0.379985,0.190622,0.108245,0.388616,0.174726,0.328413
24070,0,12,1385.92,13,1530.61,0,2,0,0.00180846,0.301515,0.2805,0.159608,0.258377,0.148168,0.163123,0.23917,0.449539
24071,0,12,1385.92,13,1530.61,2,1,0,0.00180755,0.119106,0.353752,0.20129,0.325852,0.176556,0.194376,0.0934003,0.535668
24072,0,12,1385.92,13,1530.61,3,3,0,0.00180665,0.137613,0.408719,0.0771829,0.376484,0.202516,0.0759196,0.107134,0.61443
24073,0,12,1385.92,13,1530.61,1,2,0,0.00180575,0.185316,0.550401,0.103938,0.160345,0.352435,0.132121,0.186442,0.329002
24074,0,12,1385.92,13,1530.61,1,1,0,0.00180484,0.297817,0.27746,0.167036,0.257686,0.402292,0.150811,0.0713523,0.375545
24075,0,12,1385.92,13,1530.61,0,3,0,0.00180394,0.366716,0.110305,0.205679,0.3173,0.446235,0.0580519,0.0791464,0.416567
24076,1,12,1385.92,13,1530.61,3,0,0,0.00180304,0.156574,0.146908,0.273929,0.422589,0.623768,0.0811475,0.110634,0.184451
24077,1,12,1385.92,13,1530.61,0,2,0,0.00180214,1,5.13576e-17,9.05109e-17,1.29679e-16,1.08317e-16,4.5217e-17,1,2.97976e-17
24078,1,12,1385.92,13,1530.61,0,2,0,0.00180124,1,2.31296e-16,4.07628e-16,5.84027e-16,4.87962e-16,2.037e-16,1,1.34236e-16
24079,1,12,1385.92,13,1530.61,0,2,0,0.00180034,1,1.01079e-15,1.78138e-15,2.55226e-15,2.13305e-15,8.9044e-16,1,5.86791e-16
24080,1,12,1385.92,13,1530.61,0,2,0,0.00179944,1,4.28887e-15,7.55855e-15,1.08295e-14,9.05321e-15,3.77926e-15,1,2.4905e-15
24081,1,12,1385.92,13,1530.61,0,2,0,0.00179854,1,1.76796e-14,3.11578e-14,4.46412e-14,3.73292e-14,1.55831e-14,1,1.02691e-14
24082,1,12,1385.92,13,1530.61,0,2,0,0.00179764,1,7.08431e-14,1.24851e-13,1.7888e-13,1.4962e-13,6.24588e-14,1,4.11598e-14
24083,1,12,1385.92,13,1530.61,0,2,0,0.00179674,1,2.761e-13,4.86589e-13,6.97158e-13,5.83274e-13,2.43487e-13,1,1.60456e-13
24084,1,12,1385.92,13,1530.61,0,2,0,0.00179584,1,1.04718e-12,1.84551e-12,2.64414e-12,2.21277e-12,9.23721e-13,1,6.08724e-13
24085,1,12,1385.92,13,1530.61,0,2,0,0.00179494,1,3.86719e-12,6.8154e-12,9.76473e-12,8.17373e-12,3.41212e-12,1,2.24856e-12
24086,1,12,1385.92,13,1530.61,0,2,0,0.00179405,1,1.39131e-11,2.45199e-11,3.51308e-11,2.9414e-11,1.22789e-11,1,8.09166e-12
24087,1,12,1385.92,13,1530.61,0,2,0,0.00179315,1,4.879e-11,8.59857e-11,1.23195e-10,1.03173e-10,4.30694e-11,1,2.83824e-11
24088,1,12,1385.92,13,1530.61,0,2,9,0.00179225,1,1.66855e-10,2.94059e-10,4.21312e-10,3.5292e-10,1.47326e-10,1,9.70866e-11
24089,1,12,1385.92,13,1530.61,0,2,9,0.00179136,1,6.87096e-14,1.21091e-13,1.73493e-13,1.45363e-13,6.06818e-14,1,3.99887e-14
24090,1,12,1385.92,13,1530.61,0,2,0,0.00179046,1,3.30676e-17,5.82771e-17,8.34962e-17,6.99741e-17,2.92106e-17,1,1.92495e-17
24091,1,12,1385.92,13,1530.61,0,2,0,0.00178956,1,1.50241e-16,2.6478e-16,3.79362e-16,3.17995e-16,1.32747e-16,1,8.7479e-17
24092,1,12,1385.92,13,1530.61,0,2,0,0.00178867,1,6.62261e-16,1.16715e-15,1.67222e-15,1.40202e-15,5.85273e-16,1,3.85689e-16
24093,1,12,1385.92,13,1530.61,0,2,0,0.00178778,1,2.8339e-15,4.99436e-15,7.15564e-15,6.00069e-15,2.50499e-15,1,1.65076e-15
24094,1,12,1385.92,13,1530.61,0,2,0,0.00178688,1,1.17791e-14,2.07591e-14,2.97424e-14,2.49471e-14,1.04141e-14,1,6.86282e-15
24095,1,12,1385.92,13,1530.61,0,2,0,0.00178599,1,4.75845e-14,8.38612e-14,1.20152e-13,1.008e-13,4.2079e-14,1,2.77297e-14
24096,1,12,1385.92,13,1530.61,0,2,0,0.00178509,1,1.86935e-13,3.29448e-13,4.72015e-13,3.96072e-13,1.6534e-13,1,1.08958e-13
24097,1,12,1385.92,13,1530.61,0,2,0,0.0017842,1,7.1455e-13,1.2593e-12,1.80425e-12,1.51426e-12,6.32128e-13,1,4.16566e-13
24098,1,12,1385.92,13,1530.61,0,2,0,0.00178331,1,2.65906e-12,4.68623e-12,6.71417e-12,5.63611e-12,2.35279e-12,1,1.55047e-12
24099,1,12,1385.92,13,1530.61,0,2,0,0.00178242,1,9.63848e-12,1.69865e-11,2.43373e-11,2.04334e-11,8.52993e-12,1,5.62115e-12
24100,1,12,1385.92,13,1530.61,0,2,0,0.00178153,1,3.4049e-11,6.00067e-11,8.59742e-11,7.21966e-11,3.01384e-11,1,1.9861e-11
24101,1,12,1385.92,13,1530.61,0,2,0,0.00178064,1,1.17284e-10,2.06696e-10,2.96143e-10,2.4873e-10,1.03832e-10,1,6.84246e-11
24102,1,12,1385.92,13,1530.61,0,2,0,0.00177975,1,3.94119e-10,6.94582e-10,9.95158e-10,8.35981e-10,3.4898e-10,1,2.29974e-10
24103,1,12,1385.92,13,1530.61,0,2,0,0.00177886,1,1.29268e-09,2.27817e-09,3.26404e-09,2.74242e-09,1.14482e-09,1,7.54428e-10
24104,1,12,1385.92,13,1530.61,0,2,9,0.00177797,1,4.14034e-09,7.29679e-09,1.04544e-08,8.78525e-09,3.6674e-09,1,2.41678e-09
24105,1,12,1385.92,13,1530.61,0,2,0,0.00177708,1,1.5989e-12,2.81784e-12,4.03725e-12,3.39321e-12,1.41649e-12,1,9.33456e-13
24106,1,12,1385.92,13,1530.61,0,2,0,0.00177619,1,5.8549e-12,1.03185e-11,1.47837e-11,1.24274e-11,5.18782e-12,1,3.41872e-12
24107,1,12,1385.92,13,1530.61,0,2,0,0.0017753,1,2.08903e-11,3.68163e-11,5.27484e-11,4.43481e-11,1.85131e-11,1,1.22e-11
24108,1,12,1385.92,13,1530.61,0,2,0,0.00177441,1,7.26643e-11,1.28061e-10,1.83479e-10,1.54284e-10,6.44056e-11,1,4.24427e-11
24109,1,12,1385.92,13,1530.61,0,2,0,0.00177353,1,2.4653e-10,4.34476e-10,6.22493e-10,5.23523e-10,2.18544e-10,1,1.44019e-10
24110,1,12,1385.92,13,1530.61,0,2,0,0.00177264,1,8.16222e-10,1.43848e-09,2.06098e-09,1.73356e-09,7.23674e-10,1,4.76894e-10
24111,0,12,1385.92,13,1528.61,0,2,13,0.00177175,1,2.63844e-09,4.6499e-09,6.66211e-09,5.60457e-09,2.33963e-09,1,1.54179e-09
24112,0,12,1385.92,13,1528.61,3,1,0,0.00177087,0.133291,0.125063,0.233197,0.508449,0.677843,0.0694843,0.094733,0.15794
24113,0,12,1385.92,13,1528.61,2,0,9,0.00176998,0.203842,0.191258,0.356626,0.248274,0.707682,0.0285232,0.0989031,0.164892
24114,0,12,1385.92,13,1528.61,2,0,0,0.0017691,0.000217354,0.000203936,0.999314,0.000264732,0.999837,1.5884e-05,5.50773e-05,9.18253e-05
24115,0,12,1385.92,13,1528.61,2,0,0,0.00176821,0.000783104,0.000734759,0.997528,0.000953801,0.999392,5.93165e-05,0.000205678,0.000342907
24116,0,12,1385.92,13,1528.61,2,0,0,0.00176733,0.00273782,0.0025688,0.991359,0.0033346,0.997792,0.000215496,0.000747224,0.00124578
24117,0,12,1385.92,13,1528.61,2,0,0,0.00176644,0.00919882,0.00863093,0.970966,0.0112039,0.992212,0.000759879,0.00263485,0.00439285
24118,0,12,1385.92,13,1528.61,2,0,0,0.00176556,0.0288238,0.0270444,0.909025,0.0351066,0.973581,0.00257785,0.0089386,0.0149025
24119,0,12,1385.92,13,1528.61,3,0,0,0.00176468,0.0780674,0.073248,0.7536,0.0950842,0.916154,0.00818135,0.0283685,0.0472963
24120,0,12,1385.92,13,1528.61,2,0,0,0.0017638,0.0829118,0.0777934,0.800365,0.0389303,0.768492,0.0225895,0.0783284,0.13059
24121,0,12,1385.92,13,1528.61,1,3,0,0.00176291,0.184049,0.172687,0.556845,0.0864182,0.508064,0.048001,0.166442,0.277493
24122,0,12,1385.92,13,1528.61,2,0,0,0.00176203,0.206893,0.0700044,0.625959,0.0971441,0.622329,0.0587965,0.203875,0.115
24123,0,12,1385.92,13,1528.61,1,2,0,0.00176115,0.359916,0.121782,0.349308,0.168994,0.344171,0.102101,0.35403,0.199698
24124,0,12,1385.92,13,1528.61,3,0,0,0.00176027,0.390056,0.0482382,0.378559,0.183146,0.452104,0.13412,0.151452,0.262324
24125,0,12,1385.92,13,1528.61,2,1,0,0.00175939,0.442423,0.0547145,0.429383,0.0734792,0.211903,0.192918,0.21785,0.377329
24126,0,12,1385.92,13,1528.61,0,3,0,0.00175851,0.621503,0.0768613,0.198414,0.103221,0.242163,0.0776648,0.248959,0.431213
24127,0,12,1385.92,13,1528.61,0,2,9,0.00175763,0.350026,0.13199,0.340727,0.177257,0.340674,0.109258,0.350235,0.199833
24128,0,12,1385.92,13,1528.61,0,2,0,0.00175675,0.999317,0.000138672,0.000357975,0.00018623,0.000360177,0.000115513,0.999313,0.000211273
24129,0,12,1385.92,13,1528.61,0,2,0,0.00175588,0.997619,0.000483534,0.00124822,0.000649366,0.00126437,0.000405498,0.997588,0.000741653
24130,0,12,1385.92,13,1528.61,0,2,0,0.001755,0.991935,0.00163779,0.00422789,0.00219949,0.00431044,0.00138241,0.991779,0.00252842
24131,0,12,1385.92,13,1528.61,0,2,0,0.00175412,0.973684,0.00534394,0.0137951,0.00717668,0.0141484,0.00453758,0.973015,0.0082992
24132,0,12,1385.92,13,1528.61,0,2,0,0.00175324,0.919366,0.0163744,0.0422698,0.0219901,0.0435438,0.013965,0.916949,0.0255419
24133,0,12,1385.92,13,1528.61,0,0,0,0.00175237,0.782474,0.044173,0.11403,0.0593224,0.117512,0.0376876,0.77587,0.0689303
24134,0,12,1385.92,13,1528.61,2,0,0,0.00175149,0.53733,0.0939544,0.242539,0.126177,0.0490741,0.0406103,0.83604,0.0742759
24135,0,12,1385.92,13,1528.61,0,2,0,0.00175061,0.636505,0.111295,0.102735,0.149465,0.0215159,0.0417872,0.860268,0.0764284
24136,0,12,1385.92,13,1528.61,3,2,0,0.00174974,0.366396,0.193998,0.179076,0.26053,0.0517474,0.100502,0.663935,0.183816
24137,0,12,1385.92,13,1528.61,1,2,0,0.00174886,0.441183,0.233595,0.215628,0.109595,0.093404,0.181405,0.393402,0.331788
24138,0,12,1385.92,13,1528.61,0,3,0,0.00174799,0.518761,0.0988285,0.253544,0.128866,0.126452,0.24559,0.178776,0.449182
24139,0,12,1385.92,13,1528.61,3,2,0,0.00174712,0.266844,0.150563,0.386269,0.196324,0.180104,0.349789,0.254627,0.21548
24140,0,12,1385.92,13,1528.61,3,3,0,0.00174624,0.304746,0.171949,0.441134,0.082171,0.215699,0.418921,0.107313,0.258067
24141,0,12,1385.92,13,1528.61,0,0,9,0.00174537,0.320407,0.180785,0.463803,0.0350057,0.258546,0.502137,0.12863,0.110687
24142,0,12,1385.92,13,1528.61,0,0,0,0.0017445,0.999264,0.000195774,0.000502257,3.79081e-05,0.999029,0.000657279,0.000168373,0.000144885
24143,0,12,1385.92,13,1528.61,0,0,0,0.00174362,0.997503,0.000664189,0.00170397,0.000128608,0.996711,0.00222712,0.000570513,0.000490929
24144,0,12,1385.92,13,1528.61,0,0,0,0.00174275,0.991767,0.0021901,0.00561869,0.000424073,0.989183,0.00732544,0.00187653,0.00161476
24145,0,12,1385.92,13,1528.61,0,0,0,0.00174188,0.973825,0.00696303,0.0178636,0.00134827,0.965826,0.0231436,0.00592861,0.0051016
24146,0,12,1385.92,13,1528.61,0,0,0,0.00174101,0.921652,0.0208421,0.0534704,0.0040357,0.899416,0.068119,0.0174498,0.0150156
24147,0,12,1385.92,13,1528.61,0,2,0,0.00174014,0.791931,0.0553502,0.142001,0.0107176,0.743261,0.173872,0.0445401,0.0383269
24148,0,12,1385.92,13,1528.61,0,0,0,0.00173927,0.55744,0.117729,0.302035,0.0227962,0.762316,0.178329,0.0200447,0.0393095
24149,0,12,1385.92,13,1528.61,2,1,0,0.0017384,0.298818,0.186528,0.478537,0.0361178,0.515049,0.363849,0.0408975,0.080204
24150,0,12,1385.92,13,1528.61,1,1,0,0.00173753,0.435997,0.272158,0.239147,0.0526985,0.674426,0.166999,0.0535528,0.105022
24151,0,12,1385.92,13,1528.61,1,0,0,0.00173666,0.527534,0.119348,0.289355,0.0637625,0.751025,0.0723889,0.0596352,0.11695
24152,0,12,1385.92,13,1528.61,3,3,0,0.00173579,0.56814,0.0515617,0.311628,0.0686705,0.505247,0.143849,0.118505,0.2324
24153,0,12,1385.92,13,1528.61,2,1,0,0.00173493,0.591406,0.0536733,0.32439,0.0305304,0.591282,0.168344,0.138684,0.10169
24154,0,12,1385.92,13,1528.61,0,0,0,0.00173406,0.744179,0.0675382,0.149866,0.038417,0.658669,0.0735618,0.15449,0.113279
24155,0,12,1385.92,13,1528.61,2,3,0,0.00173319,0.501441,0.131622,0.292067,0.0748692,0.400335,0.129237,0.271415,0.199013
24156,0,12,1385.92,13,1528.61,0,1,0,0.00173232,0.6139,0.161142,0.133298,0.0916603,0.456792,0.147462,0.309691,0.0860546
24157,0,12,1385.92,13,1528.61,0,0,0,0.00173146,0.359609,0.267272,0.221089,0.152029,0.501481,0.0640564,0.339989,0.0944735
24158,0,12,1385.92,13,1528.61,1,2,0,0.00173059,0.168395,0.347077,0.287104,0.197424,0.262254,0.0947956,0.503141,0.139809
24159,0,12,1385.92,13,1528.61,2,0,0,0.00172973,0.216217,0.161656,0.368638,0.253489,0.387923,0.140221,0.265052,0.206804
24160,0,12,1385.92,13,1528.61,2,2,0,0.00172886,0.282418,0.211151,0.175329,0.331102,0.186115,0.186453,0.352443,0.274989
24161,0,12,1385.92,13,1528.61,3,3,9,0.001728,0.316182,0.236394,0.0767388,0.370685,0.239933,0.240369,0.16519,0.354508
24162,1,12,1385.92,13,1528.61,3,3,0,0.00172713,0.000286766,0.000214401,6.95995e-05,0.999429,0.000228458,0.000228873,0.00015729,0.999385
24163,1,12,1385.92,13,1528.61,0,2,0,0.00172627,1,1.94552e-14,3.42872e-14,4.91248e-14,3.82371e-14,1.59621e-14,1,1.05188e-14
24164,1,12,1385.92,13,1528.61,0,2,0,0.00172541,1,7.78092e-14,1.37128e-13,1.9647e-13,1.53185e-13,6.39472e-14,1,4.21406e-14
24165,1,12,1385.92,13,1528.61,0,2,0,0.00172454,1,3.02681e-13,5.33435e-13,7.64276e-13,5.96891e-13,2.49172e-13,1,1.64202e-13
24166,1,12,1385.92,13,1528.61,0,2,0,0.00172368,1,1.14589e-12,2.01947e-12,2.89338e-12,2.26339e-12,9.44851e-13,1,6.22648e-13
24167,1,12,1385.92,13,1528.61,0,2,0,0.00172282,1,4.2241e-12,7.4444e-12,1.06659e-11,8.35693e-12,3.48859e-12,1,2.29895e-12
24168,1,12,1385.92,13,1528.61,0,2,0,0.00172196,1,1.51703e-11,2.67356e-11,3.83053e-11,3.00599e-11,1.25485e-11,1,8.26934e-12
24169,1,12,1385.92,13,1528.61,0,2,0,0.0017211,1,5.31068e-11,9.35936e-11,1.34096e-10,1.05393e-10,4.39961e-11,1,2.8993e-11
24170,1,12,1385.92,13,1528.61,0,2,0,0.00172024,1,1.8131e-10,3.19535e-10,4.57812e-10,3.6036e-10,1.50432e-10,1,9.91332e-11
24171,1,12,1385.92,13,1528.61,0,2,0,0.00171938,1,6.0399e-10,1.06445e-09,1.52509e-09,1.20222e-09,5.01865e-10,1,3.30725e-10
24172,1,12,1385.92,13,1528.61,0,2,9,0.00171852,1,1.96419e-09,3.46163e-09,4.95963e-09,3.91531e-09,1.63444e-09,1,1.07708e-09
24173,1,12,1385.92,13,1528.61,0,2,0,0.00171766,1,7.69921e-13,1.35688e-12,1.94406e-12,1.53689e-12,6.41573e-13,1,4.22791e-13
24174,1,12,1385.92,13,1528.61,0,2,0,0.0017168,1,2.86083e-12,5.04183e-12,7.22365e-12,5.71863e-12,2.38724e-12,1,1.57317e-12
24175,1,12,1385.92,13,1528.61,0,2,0,0.00171594,1,1.03547e-11,1.82488e-11,2.61458e-11,2.07266e-11,8.65231e-12,1,5.70179e-12
24176,1,12,1385.92,13,1528.61,0,2,0,0.00171508,1,3.65267e-11,6.43734e-11,9.22306e-11,7.32116e-11,3.05621e-11,1,2.01402e-11
24177,1,12,1385.92,13,1528.61,0,2,0,0.00171423,1,1.25642e-10,2.21427e-10,3.17248e-10,2.52157e-10,1.05263e-10,1,6.93671e-11
24178,1,12,1385.92,13,1528.61,0,2,0,0.00171337,1,4.21625e-10,7.43058e-10,1.06461e-09,8.47265e-10,3.5369e-10,1,2.33079e-10
24179,1,12,1385.92,13,1528.61,0,2,0,0.00171251,1,1.38103e-09,2.43388e-09,3.48713e-09,2.77869e-09,1.15996e-09,1,7.64406e-10
24180,1,12,1385.92,13,1528.61,0,2,0,0.00171166,1,4.41748e-09,7.78522e-09,1.11542e-08,8.8991e-09,3.71492e-09,1,2.4481e-09
24181,1,12,1385.92,13,1528.61,0,2,0,0.0017108,1,1.38053e-08,2.433e-08,3.48587e-08,2.78446e-08,1.16237e-08,1,7.65993e-09
24182,1,12,1385.92,13,1528.61,0,2,0,0.00170994,1,4.21717e-08,7.4322e-08,1.06484e-07,8.51586e-08,3.55494e-08,1,2.34267e-08
24183,1,12,1385.92,13,1528.61,0,2,0,0.00170909,0.999999,1.25978e-07,2.2202e-07,3.18098e-07,2.54687e-07,1.06319e-07,1,7.00631e-08
24184,1,12,1385.92,13,1528.61,0,2,0,0.00170823,0.999998,3.68184e-07,6.48875e-07,9.29671e-07,7.45191e-07,3.1108e-07,0.999999,2.04999e-07
24185,1,12,1385.92,13,1528.61,0,2,0,0.00170738,0.999994,1.05322e-06,1.85615e-06,2.65939e-06,2.13405e-06,8.90856e-07,0.999996,5.87066e-07
24186,1,12,1385.92,13,1528.61,0,2,0,0.00170653,0.999984,2.95011e-06,5.19917e-06,7.44908e-06,5.9841e-06,2.49806e-06,0.99999,1.6462e-06
24187,1,12,1385.92,13,1528.61,0,2,9,0.00170567,0.999957,8.09478e-06,1.4266e-05,2.04395e-05,1.64374e-05,6.86178e-06,0.999972,4.52185e-06
24188,1,12,1385.92,13,1528.61,0,2,0,0.00170482,1,2.68648e-09,4.73456e-09,6.78342e-09,5.46085e-09,2.27963e-09,1,1.50225e-09
24189,1,12,1385.92,13,1528.61,0,2,0,0.00170397,1,8.47961e-09,1.49442e-08,2.14112e-08,1.72543e-08,7.20279e-09,1,4.74657e-09
24190,1,12,1385.92,13,1528.61,0,2,0,0.00170312,1,2.61568e-08,4.60977e-08,6.60463e-08,5.32772e-08,2.22405e-08,1,1.46563e-08
24191,1,12,1385.92,13,1528.61,0,2,0,0.00170227,1,7.88874e-08,1.39028e-07,1.99192e-07,1.60839e-07,6.71423e-08,1,4.42462e-08
24192,1,12,1385.92,13,1528.61,0,2,0,0.00170141,0.999999,2.32725e-07,4.10146e-07,5.87634e-07,4.74949e-07,1.98267e-07,0.999999,1.30656e-07
24193,1,12,1385.92,13,1528.61,0,2,0,0.00170056,0.999996,6.71862e-07,1.18407e-06,1.69646e-06,1.37245e-06,5.72927e-07,0.999998,3.77553e-07
24194,1,12,1385.92,13,1528.61,0,2,0,0.00169971,0.99999,1.89892e-06,3.34659e-06,4.79481e-06,3.88263e-06,1.6208e-06,0.999993,1.06809e-06
24195,1,12,1385.92,13,1528.61,0,2,9,0.00169886,0.999972,5.2566e-06,9.26404e-06,1.3273e-05,1.07577e-05,4.4908e-06,0.999982,2.9594e-06
24196,1,12,1385.92,13,1528.61,0,2,0,0.00169801,1,1.75965e-09,3.10115e-09,4.44316e-09,3.60434e-09,1.50463e-09,1,9.91536e-10
24197,1,12,1385.92,13,1528.61,0,2,0,0.00169716,1,5.60137e-09,9.87166e-09,1.41436e-08,1.14834e-08,4.79374e-09,1,3.15903e-09
24198,1,12,1385.92,13,1528.61,0,2,0,0.00169632,1,1.74222e-08,3.07043e-08,4.39914e-08,3.5748e-08,1.4923e-08,1,9.8341e-09
24199,1,12,1385.92,13,1528.61,0,2,0,0.00169547,1,5.29733e-08,9.33583e-08,1.33759e-07,1.08785e-07,4.54122e-08,1,2.99262e-08
24200,1,12,1385.92,13,1528.61,0,2,0,0.00169462,0.999999,1.57526e-07,2.77618e-07,3.97755e-07,3.23757e-07,1.35152e-07,0.999999,8.90641e-08
24201,1,12,1385.92,13,1528.61,0,2,0,0.00169377,0.999998,4.58331e-07,8.07746e-07,1.15729e-06,9.4275e-07,3.9355e-07,0.999998,2.59346e-07
24202,1,12,1385.92,13,1528.61,0,2,9,0.00169293,0.999993,1.30536e-06,2.30051e-06,3.29604e-06,2.68714e-06,1.12174e-06,0.999995,7.39218e-07
24203,1,12,1385.92,13,1528.61,0,2,0,0.00169208,1,4.49306e-10,7.91841e-10,1.13451e-09,9.2563e-10,3.86404e-10,1,2.54637e-10
24204,1,12,1385.92,13,1528.61,0,2,9,0.00169123,1,1.46983e-09,2.59037e-09,3.71134e-09,3.03034e-09,1.26501e-09,1,8.33631e-10
24205,1,12,1385.92,13,1528.61,0,2,0,0.00169039,1,5.79491e-13,1.02127e-12,1.46322e-12,1.19562e-12,4.99111e-13,1,3.28909e-13
24206,1,12,1385.92,13,1528.61,0,2,0,0.00168954,1,2.16551e-12,3.81643e-12,5.46796e-12,4.47119e-12,1.8665e-12,1,1.23e-12
24207,1,12,1385.92,13,1528.61,0,2,0,0.0016887,1,7.8818e-12,1.38906e-11,1.99017e-11,1.62853e-11,6.79831e-12,1,4.48002e-12
24208,1,12,1385.92,13,1528.61,0,2,0,0.00168785,1,2.79556e-11,4.92679e-11,7.05883e-11,5.7802e-11,2.41294e-11,1,1.59011e-11
24209,1,12,1385.92,13,1528.61,0,2,0,0.00168701,1,9.6675e-11,1.70377e-10,2.44106e-10,2.00026e-10,8.35007e-11,1,5.50262e-11
24210,1,12,1385.92,13,1528.61,0,2,0,0.00168617,1,3.26125e-10,5.7475e-10,8.2347e-10,6.75222e-10,2.81871e-10,1,1.85751e-10
24211,1,12,1385.92,13,1528.61,0,2,9,0.00168532,1,1.07372e-09,1.89229e-09,2.71116e-09,2.22454e-09,9.28633e-10,1,6.1196e-10
24212,1,12,1385.92,13,1528.61,0,2,0,0.00168448,1,4.25989e-13,7.50748e-13,1.07563e-12,8.83135e-13,3.68664e-13,1,2.42946e-13
24213,1,12,1385.92,13,1528.61,0,2,0,0.00168364,1,1.60172e-12,2.82281e-12,4.04436e-12,3.32268e-12,1.38705e-12,1,9.14054e-13
24214,1,12,1385.92,13,1528.61,0,2,0,0.0016828,1,5.86502e-12,1.03363e-11,1.48093e-11,1.21742e-11,5.08212e-12,1,3.34907e-12
24215,1,12,1385.92,13,1528.61,0,2,9,0.00168195,1,2.09257e-11,3.68787e-11,5.28377e-11,4.34625e-11,1.81434e-11,1,1.19563e-11
24216,1,12,1385.92,13,1528.61,0,2,0,0.00168111,1,8.98238e-15,1.58302e-14,2.26807e-14,1.86674e-14,7.7927e-15,1,5.13532e-15
24217,1,12,1385.92,13,1528.61,0,2,0,0.00168027,1,3.64837e-14,6.42976e-14,9.2122e-14,7.58655e-14,3.167e-14,1,2.08702e-14
24218,1,12,1385.92,13,1528.61,0,2,0,0.00167943,1,1.44089e-13,2.53938e-13,3.63828e-13,2.99796e-13,1.2515e-13,1,8.24724e-14
24219,1,12,1385.92,13,1528.61,0,2,0,0.00167859,1,5.5365e-13,9.75733e-13,1.39798e-12,1.15258e-12,4.81144e-13,1,3.1707e-13
24220,1,12,1385.92,13,1528.61,0,2,0,0.00167775,1,2.07084e-12,3.64957e-12,5.2289e-12,4.3134e-12,1.80063e-12,1,1.1866e-12
24221,1,12,1385.92,13,1528.61,0,2,0,0.00167692,1,7.54394e-12,1.32952e-11,1.90486e-11,1.57219e-11,6.56311e-12,1,4.32503e-12
24222,1,12,1385.92,13,1528.61,0,2,0,0.00167608,1,2.67807e-11,4.71973e-11,6.76217e-11,5.58416e-11,2.3311e-11,1,1.53618e-11
24223,1,12,1385.92,13,1528.61,0,2,0,0.00167524,1,9.26917e-11,1.63357e-10,2.34048e-10,1.93375e-10,8.07244e-11,1,5.31966e-11
24224,1,12,1385.92,13,1528.61,0,2,0,0.0016744,1,3.1295e-10,5.51533e-10,7.90205e-10,6.53213e-10,2.72683e-10,1,1.79696e-10
24225,1,12,1385.92,13,1528.61,0,2,0,0.00167356,1,1.0312e-09,1.81734e-09,2.60379e-09,2.15346e-09,8.98959e-10,1,5.92406e-10
24226,1,12,1385.92,13,1528.61,0,2,0,0.00167273,1,3.3178e-09,5.84717e-09,8.3775e-09,6.93195e-09,2.89374e-09,1,1.90695e-09
24227,1,12,1385.92,13,1528.61,0,2,9,0.00167189,1,1.04282e-08,1.83783e-08,2.63313e-08,2.17982e-08,9.09964e-09,1,5.99658e-09
24228,1,12,1385.92,13,1528.61,0,2,0,0.00167105,1,3.95339e-12,6.96731e-12,9.98237e-12,8.26769e-12,3.45134e-12,1,2.2744e-12
24229,1,12,1385.92,13,1528.61,0,2,0,0.00167022,1,1.42169e-11,2.50554e-11,3.5898e-11,2.97453e-11,1.24172e-11,1,8.18279e-12
24230,1,12,1385.92,13,1528.61,0,2,0,0.00166938,1,4.98339e-11,8.78255e-11,1.25831e-10,1.04312e-10,4.35448e-11,1,2.86956e-11
24231,1,12,1385.92,13,1528.61,0,2,9,0.00166855,1,1.70353e-10,3.00224e-10,4.30144e-10,3.56737e-10,1.48919e-10,1,9.81366e-11
24232,1,12,1385.92,13,1528.61,0,2,0,0.00166772,1,7.0121e-14,1.23579e-13,1.77057e-13,1.46904e-13,6.13248e-14,1,4.04125e-14
24233,1,12,1385.92,13,1528.61,0,2,0,0.00166688,1,2.73342e-13,4.81728e-13,6.90193e-13,5.72894e-13,2.39154e-13,1,1.576e-13
24234,1,12,1385.92,13,1528.61,0,2,0,0.00166605,1,1.03693e-12,1.82744e-12,2.61826e-12,2.17418e-12,9.07609e-13,1,5.98106e-13
24235,1,12,1385.92,13,1528.61,0,2,0,0.00166522,1,3.83008e-12,6.75e-12,9.67102e-12,8.03399e-12,3.35378e-12,1,2.21011e-12
24236,1,12,1385.92,13,1528.61,0,2,0,0.00166438,1,1.37822e-11,2.42893e-11,3.48004e-11,2.89211e-11,1.20731e-11,1,7.95605e-12
24237,1,12,1385.92,13,1528.61,0,2,0,0.00166355,1,4.83402e-11,8.5193e-11,1.2206e-10,1.01478e-10,4.2362e-11,1,2.79162e-11
24238,1,12,1385.92,13,1528.61,0,2,0,0.00166272,1,1.65348e-10,2.91403e-10,4.17505e-10,3.47238e-10,1.44954e-10,1,9.55235e-11
24239,1,12,1385.92,13,1528.61,0,2,0,0.00166189,1,5.5183e-10,9.72525e-10,1.39338e-09,1.1593e-09,4.8395e-10,1,3.18919e-10
24240,1,12,1385.92,13,1528.61,0,2,0,0.00166106,1,1.79781e-09,3.1684e-09,4.53951e-09,3.77829e-09,1.57724e-09,1,1.03939e-09
24241,1,12,1385.92,13,1528.61,0,2,0,0.00166023,1,5.72038e-09,1.00814e-08,1.44441e-08,1.20263e-08,5.02036e-09,1,3.30837e-09
24242,1,12,1385.92,13,1528.61,0,2,0,0.0016594,1,1.77849e-08,3.13435e-08,4.49072e-08,3.74034e-08,1.5614e-08,1,1.02895e-08
24243,1,12,1385.92,13,1528.61,0,2,0,0.00165857,1,5.40538e-08,9.52625e-08,1.36487e-07,1.13719e-07,4.74721e-08,1,3.12837e-08
24244,1,12,1385.92,13,1528.61,0,2,0,0.00165774,0.999999,1.60674e-07,2.83166e-07,4.05704e-07,3.38143e-07,1.41157e-07,0.999999,9.30215e-08
24245,1,12,1385.92,13,1528.61,0,2,0,0.00165691,0.999998,4.67305e-07,8.23562e-07,1.17995e-06,9.83784e-07,4.1068e-07,0.999998,2.70634e-07
24246,1,12,1385.92,13,1528.61,0,2,0,0.00165608,0.999993,1.3304e-06,2.34465e-06,3.35928e-06,2.80171e-06,1.16957e-06,0.999995,7.70736e-07
24247,1,12,1385.92,13,1528.61,0,2,0,0.00165525,0.99998,3.70913e-06,6.53685e-06,9.36563e-06,7.81362e-06,3.26179e-06,0.999987,2.14949e-06
24248,1,12,1385.92,13,1528.61,0,2,0,0.00165442,0.999946,1.01309e-05,1.78543e-05,2.55807e-05,2.13485e-05,8.91192e-06,0.999964,5.87287e-06
24249,1,12,1385.92,13,1528.61,0,2,0,0.0016536,0.999857,2.71188e-05,4.77932e-05,6.84755e-05,5.71657e-05,2.38638e-05,0.999903,1.5726e-05
24250,1,12,1385.92,13,1528.61,0,2,0,0.00165277,0.999624,7.11669e-05,0.000125422,0.000179698,0.000150074,6.26484e-05,0.999746,4.12847e-05
24251,1,12,1385.92,13,1528.61,0,2,0,0.00165194,0.999032,0.000183125,0.000322733,0.000462394,0.000386355,0.000161283,0.999346,0.000106284
24252,1,12,1385.92,13,1528.61,0,2,0,0.00165112,0.997557,0.000461975,0.000814168,0.00116649,0.000975415,0.000407186,0.998349,0.000268332
24253,1,12,1385.92,13,1528.61,0,2,9,0.00165029,0.993964,0.0011416,0.00201191,0.00288255,0.00241386,0.00100767,0.995914,0.000664043
24254,1,12,1385.92,13,1528.61,0,2,0,0.00164947,0.999998,3.45194e-07,6.08358e-07,8.71622e-07,7.28672e-07,3.04184e-07,0.999999,2.00454e-07
24255,1,12,1385.92,13,1528.61,0,2,0,0.00164864,0.999995,9.88727e-07,1.7425e-06,2.49655e-06,2.08767e-06,8.71498e-07,0.999996,5.74309e-07
24256,1,12,1385.92,13,1528.61,0,2,9,0.00164782,0.999985,2.77298e-06,4.88699e-06,7.00181e-06,5.85665e-06,2.44485e-06,0.99999,1.61114e-06
24257,1,12,1385.92,13,1528.61,0,2,0,0.00164699,1,9.40196e-10,1.65697e-09,2.37401e-09,1.98624e-09,8.29155e-10,1,5.46406e-10
24258,1,12,1385.92,13,1528.61,0,2,9,0.00164617,1,3.03061e-09,5.34103e-09,7.65233e-09,6.40403e-09,2.67336e-09,1,1.76172e-09
24259,1,12,1385.92,13,1528.61,0,2,0,0.00164535,1,1.17767e-12,2.07549e-12,2.97364e-12,2.48918e-12,1.03911e-12,1,6.84762e-13
24260,1,12,1385.92,13,1528.61,0,2,0,0.00164452,1,4.33889e-12,7.64671e-12,1.09558e-11,9.17312e-12,3.82931e-12,1,2.52348e-12
24261,1,12,1385.92,13,1528.61,0,2,9,0.0016437,1,1.55742e-11,2.74475e-11,3.93252e-11,3.29344e-11,1.37484e-11,1,9.06008e-12
24262,2,12,1385.92,13,1528.61,0,2,0,0.00164288,1,6.72487e-15,1.18517e-14,1.69804e-14,1.42242e-14,5.93788e-15,1,3.91301e-15
24263,2,12,1385.92,13,1528.61,1,1,0,0.00164206,8.65843e-24,1,1.2403e-23,7.74871e-24,8.58345e-24,1,1.17303e-23,5.70128e-24
24264,2,12,1385.92,13,1528.61,1,1,0,0.00164124,2.83171e-23,1,4.05636e-23,2.53419e-23,2.81325e-23,1,3.84466e-23,1.86861e-23
24265,2,12,1385.92,13,1528.61,1,1,0,0.00164042,9.0441e-23,1,1.29555e-22,8.09386e-23,9.00418e-23,1,1.23053e-22,5.98074e-23
24266,2,12,1385.92,13,1528.61,1,1,0,0.0016396,2.82225e-22,1,4.04282e-22,2.52573e-22,2.81563e-22,1,3.8479e-22,1.87019e-22
24267,2,12,1385.92,13,1528.61,1,1,0,0.00163878,8.60879e-22,1,1.23319e-21,7.70429e-22,8.60603e-22,1,1.17612e-21,5.71628e-22
24268,2,12,1385.92,13,1528.61,1,1,0,0.00163796,2.56804e-21,1,3.67866e-21,2.29822e-21,2.57233e-21,1,3.51541e-21,1.70859e-21
24269,2,12,1385.92,13,1528.61,1,1,0,0.00163714,7.49493e-21,1,1.07363e-20,6.70746e-21,7.52212e-21,1,1.02799e-20,4.99632e-21
24270,2,12,1385.92,13,1528.61,1,1,0,0.00163632,2.14107e-20,1,3.06703e-20,1.91611e-20,2.15295e-20,1,2.94227e-20,1.43002e-20
24271,2,12,1385.92,13,1528.61,1,1,0,0.0016355,5.98929e-20,1,8.57953e-20,5.36001e-20,6.03382e-20,1,8.24596e-20,4.00777e-20
24272,2,12,1385.92,13,1528.61,1,1,0,0.00163468,1.64129e-19,1,2.35112e-19,1.46885e-19,1.65653e-19,1,2.26386e-19,1.1003e-19
24273,2,12,1385.92,13,1528.61,1,1,0,0.00163387,4.40799e-19,1,6.31434e-19,3.94485e-19,4.45693e-19,1,6.09095e-19,2.96037e-19
24274,2,12,1385.92,13,1528.61,1,1,0,0.00163305,1.16068e-18,1,1.66265e-18,1.03873e-18,1.17564e-18,1,1.60666e-18,7.80882e-19
24275,2,12,1385.92,13,1528.61,1,1,0,0.00163223,2.99762e-18,1,4.29403e-18,2.68267e-18,3.04151e-18,1,4.1566e-18,2.02022e-18
24276,2,12,1385.92,13,1528.61,1,1,0,0.00163142,7.59626e-18,1,1.08815e-17,6.79814e-18,7.72053e-18,1,1.05511e-17,5.12811e-18
24277,2,12,1385.92,13,1528.61,1,1,0,0.0016306,1.8895e-17,1,2.70666e-17,1.69097e-17,1.9236e-17,1,2.62883e-17,1.27769e-17
24278,2,12,1385.92,13,1528.61,1,1,0,0.00162979,4.61506e-17,1,6.61097e-17,4.13016e-17,4.70599e-17,1,6.43133e-17,3.12581e-17
24279,2,12,1385.92,13,1528.61,1,1,0,0.00162897,1.10726e-16,1,1.58613e-16,9.90927e-17,1.13088e-16,1,1.54549e-16,7.51154e-17
24280,2,12,1385.92,13,1528.61,1,1,0,0.00162816,2.6105e-16,1,3.73949e-16,2.33623e-16,2.67036e-16,1,3.64938e-16,1.7737e-16
24281,2,12,1385.92,13,1528.61,1,1,0,0.00162734,6.0499e-16,1,8.66634e-16,5.41425e-16,6.19809e-16,1,8.47046e-16,4.11688e-16
24282,2,12,1385.92,13,1528.61,1,1,0,0.00162653,1.3787e-15,1,1.97496e-15,1.23385e-15,1.4146e-15,1,1.93322e-15,9.396e-16
24283,2,12,1385.92,13,1528.61,1,1,0,0.00162572,3.09058e-15,1,4.42718e-15,2.76586e-15,3.1757e-15,1,4.33999e-15,2.10936e-15
24284,2,12,1385.92,13,1528.61,1,1,0,0.0016249,6.81705e-15,1,9.76528e-15,6.10081e-15,7.01492e-15,1,9.58676e-15,4.65943e-15
24285,2,12,1385.92,13,1528.61,1,1,0,0.00162409,1.48007e-14,1,2.12017e-14,1.32457e-14,1.52518e-14,1,2.08435e-14,1.01305e-14
24286,2,12,1385.92,13,1528.61,1,1,0,0.00162328,3.16399e-14,1,4.53235e-14,2.83156e-14,3.26494e-14,1,4.46195e-14,2.16863e-14
24287,2,12,1385.92,13,1528.61,1,1,0,0.00162247,6.66175e-14,1,9.54282e-14,5.96182e-14,6.88363e-14,1,9.40733e-14,4.57223e-14
24288,2,12,1385.92,13,1528.61,1,1,0,0.00162166,1.38189e-13,1,1.97953e-13,1.2367e-13,1.42982e-13,1,1.95402e-13,9.49711e-14
24289,2,12,1385.92,13,1528.61,1,1,0,0.00162084,2.82503e-13,1,4.0468e-13,2.52821e-13,2.92681e-13,1,3.99985e-13,1.94404e-13
24290,2,12,1385.92,13,1528.61,1,1,0,0.00162003,5.69326e-13,1,8.15547e-13,5.09508e-13,5.90591e-13,1,8.07116e-13,3.92281e-13
24291,2,12,1385.92,13,1528.61,1,1,0,0.00161922,1.13139e-12,1,1.62069e-12,1.01252e-12,1.17512e-12,1,1.60594e-12,7.80534e-13
24292,2,12,1385.92,13,1528.61,1,1,0,0.00161841,2.21767e-12,1,3.17677e-12,1.98467e-12,2.30621e-12,1,3.15172e-12,1.53183e-12
24293,2,12,1385.92,13,1528.61,1,1,0,0.00161761,4.28882e-12,1,6.14364e-12,3.8382e-12,4.46541e-12,1,6.10253e-12,2.966e-12
24294,2,12,1385.92,13,1528.61,1,1,0,0.0016168,8.18557e-12,1,1.17256e-11,7.32553e-12,8.53264e-12,1,1.16609e-11,5.66753e-12
24295,2,12,1385.92,13,1528.61,1,1,0,0.00161599,1.54222e-11,1,2.20919e-11,1.38018e-11,1.60947e-11,1,2.19953e-11,1.06904e-11
24296,2,12,1385.92,13,1528.61,1,1,0,0.00161518,2.86907e-11,1,4.10988e-11,2.56762e-11,2.99756e-11,1,4.09654e-11,1.99103e-11
24297,2,12,1385.92,13,1528.61,1,1,0,0.00161437,5.27162e-11,1,7.55148e-11,4.71775e-11,5.51381e-11,1,7.53531e-11,3.66237e-11
24298,2,12,1385.92,13,1528.61,1,1,0,0.00161357,9.56893e-11,1,1.37073e-10,8.56355e-11,1.00194e-10,1,1.36928e-10,6.65508e-11
24299,2,12,1385.92,13,1528.61,1,1,0,0.00161276,1.71634e-10,1,2.45862e-10,1.53601e-10,1.79906e-10,1,2.45864e-10,1.19497e-10
24300,2,12,1385.92,13,1528.61,1,1,0,0.00161195,3.04278e-10,1,4.35871e-10,2.72308e-10,3.19275e-10,1,4.36329e-10,2.12068e-10
24301,2,12,1385.92,13,1528.61,1,1,0,0.00161115,5.33289e-10,1,7.63925e-10,4.77258e-10,5.60146e-10,1,7.65509e-10,3.72059e-10
24302,2,12,1385.92,13,1528.61,1,1,0,0.00161034,9.24233e-10,1,1.32394e-09,8.27126e-10,9.71751e-10,1,1.32802e-09,6.45454e-10
24303,2,12,1385.92,13,1528.61,1,1,0,0.00160954,1.58425e-09,1,2.2694e-09,1.4178e-09,1.66734e-09,1,2.27862e-09,1.10748e-09
24304,2,12,1385.92,13,1528.61,1,1,0,0.00160873,2.68649e-09,1,3.84834e-09,2.40423e-09,2.83011e-09,1,3.86769e-09,1.87981e-09
24305,2,12,1385.92,13,1528.61,1,1,0,0.00160793,4.50775e-09,1,6.45725e-09,4.03413e-09,4.7532e-09,1,6.49584e-09,3.15716e-09
24306,2,12,1385.92,13,1528.61,1,1,0,0.00160712,7.4858e-09,1,1.07232e-08,6.69929e-09,7.90072e-09,1,1.07973e-08,5.2478e-09
24307,2,12,1385.92,13,1528.61,1,1,0,0.00160632,1.23059e-08,1,1.76279e-08,1.10129e-08,1.29997e-08,1,1.77657e-08,8.63463e-09
24308,2,12,1385.92,13,1528.61,1,1,0,0.00160552,2.00294e-08,1,2.86916e-08,1.79249e-08,2.11775e-08,1,2.89416e-08,1.40665e-08
24309,2,12,1385.92,13,1528.61,1,1,0,0.00160471,3.22844e-08,1,4.62466e-08,2.88923e-08,3.41646e-08,1,4.66902e-08,2.26927e-08
24310,2,12,1385.92,13,1528.61,1,1,0,0.00160391,5.15431e-08,1,7.38343e-08,4.61276e-08,5.45914e-08,1,7.4606e-08,3.62606e-08
24311,2,12,1385.92,13,1528.61,1,1,0,0.00160311,8.15239e-08,1,1.16781e-07,7.29584e-08,8.64175e-08,1,1.181e-07,5.74001e-08
24312,2,12,1385.92,13,1528.61,1,1,0,0.00160231,1.27767e-07,1,1.83023e-07,1.14342e-07,1.35547e-07,1,1.85242e-07,9.00326e-08
24313,2,12,1385.92,13,1528.61,1,1,0,0.00160151,1.98448e-07,0.999999,2.84272e-07,1.77598e-07,2.10701e-07,0.999999,2.8795e-07,1.39952e-07
24314,2,12,1385.92,13,1528.61,1,1,0,0.00160071,3.05528e-07,0.999999,4.37663e-07,2.73427e-07,3.24649e-07,0.999999,4.43673e-07,2.15637e-07
24315,2,12,1385.92,13,1528.61,1,1,0,0.0015999,4.66346e-07,0.999998,6.68031e-07,4.17348e-07,4.95912e-07,0.999998,6.77726e-07,3.29394e-07
24316,2,12,1385.92,13,1528.61,1,1,0,0.00159911,7.05817e-07,0.999998,1.01107e-06,6.31658e-07,7.51132e-07,0.999998,1.02651e-06,4.98915e-07
24317,2,12,1385.92,13,1528.61,1,1,0,0.00159831,1.05944e-06,0.999996,1.51762e-06,9.48126e-07,1.12829e-06,0.999997,1.54195e-06,7.49431e-07
24318,2,12,1385.92,13,1528.61,1,1,0,0.00159751,1.57736e-06,0.999995,2.25954e-06,1.41163e-06,1.68109e-06,0.999995,2.29742e-06,1.11661e-06
24319,2,12,1385.92,13,1528.61,1,1,0,0.00159671,2.32986e-06,0.999992,3.33747e-06,2.08507e-06,2.48484e-06,0.999992,3.39584e-06,1.65048e-06
24320,2,12,1385.92,13,1528.61,1,1,0,0.00159591,3.4146e-06,0.999989,4.89133e-06,3.05583e-06,3.64427e-06,0.999989,4.98035e-06,2.42059e-06
24321,2,12,1385.92,13,1528.61,1,1,0,0.00159511,4.96625e-06,0.999983,7.11404e-06,4.44446e-06,5.30391e-06,0.999984,7.24845e-06,3.52295e-06
24322,2,12,1385.92,13,1528.61,1,1,0,0.00159431,7.16906e-06,0.999976,1.02695e-05,6.41583e-06,7.66162e-06,0.999977,1.04706e-05,5.08899e-06
24323,2,12,1385.92,13,1528.61,1,1,0,0.00159352,1.02732e-05,0.999966,1.47162e-05,9.19384e-06,1.09862e-05,0.999967,1.50141e-05,7.29726e-06
24324,2,12,1385.92,13,1528.61,1,1,0,0.00159272,1.46158e-05,0.999951,2.09369e-05,1.30802e-05,1.56403e-05,0.999953,2.13744e-05,1.03886e-05
24325,2,12,1385.92,13,1528.61,1,1,0,0.00159192,2.06479e-05,0.999931,2.95777e-05,1.84785e-05,2.21091e-05,0.999933,3.02149e-05,1.46853e-05
24326,2,12,1385.92,13,1528.61,1,1,0,0.00159113,2.89684e-05,0.999904,4.14965e-05,2.59247e-05,3.10376e-05,0.999906,4.24167e-05,2.06157e-05
24327,2,12,1385.92,13,1528.61,1,1,0,0.00159033,4.0367e-05,0.999866,5.78248e-05,3.61257e-05,4.32766e-05,0.999869,5.91428e-05,2.87451e-05
24328,2,12,1385.92,13,1528.61,1,1,0,0.00158954,5.58779e-05,0.999814,8.00439e-05,5.0007e-05,5.9941e-05,0.999818,8.19169e-05,3.98139e-05
24329,2,12,1385.92,13,1528.61,1,1,0,0.00158874,7.6846e-05,0.999744,0.00011008,6.8772e-05,8.24818e-05,0.99975,0.000112722,5.47859e-05
24330,2,12,1385.92,13,1528.61,1,1,0,0.00158795,0.000105008,0.999651,0.000150422,9.39755e-05,0.000112774,0.999658,0.00015412,7.49065e-05
24331,2,12,1385.92,13,1528.61,1,1,0,0.00158715,0.000142594,0.999526,0.000204262,0.000127612,0.000153225,0.999536,0.0002094,0.000101774
24332,2,12,1385.92,13,1528.61,1,1,0,0.00158636,0.000192442,0.99936,0.000275669,0.000172223,0.000206903,0.999373,0.000282759,0.000137429
24333,2,12,1385.92,13,1528.61,1,1,0,0.00158557,0.00025815,0.999141,0.000369794,0.000231027,0.000277698,0.999158,0.000379509,0.000184452
24334,2,12,1385.92,13,1528.61,1,1,0,0.00158477,0.000344239,0.998855,0.000493115,0.000308071,0.000370503,0.998877,0.000506338,0.000246094
24335,2,12,1385.92,13,1528.61,1,1,0,0.00158398,0.000456361,0.998481,0.000653727,0.000408413,0.000491435,0.998511,0.000671607,0.00032642
24336,2,12,1385.92,13,1528.61,1,1,0,0.00158319,0.00060153,0.997998,0.000861678,0.000538329,0.000648092,0.998036,0.000885699,0.000430475
24337,2,12,1385.92,13,1528.61,1,1,0,0.0015824,0.000788392,0.997377,0.00112935,0.000705558,0.000849847,0.997424,0.00116142,0.000564484
24338,2,12,1385.92,13,1528.61,1,1,0,0.00158161,0.00102753,0.996581,0.00147192,0.000919573,0.00110818,0.996641,0.00151447,0.000736073
24339,2,12,1385.92,13,1528.61,1,1,0,0.00158082,0.00133182,0.995568,0.00190781,0.00119189,0.00143706,0.995645,0.00196392,0.000954519
24340,2,12,1385.92,13,1528.61,1,1,0,0.00158003,0.00171679,0.994288,0.00245927,0.00153641,0.00185334,0.994383,0.00253282,0.00123102
24341,2,12,1385.92,13,1528.61,1,1,0,0.00157924,0.00220104,0.992676,0.00315294,0.00196978,0.00237724,0.992795,0.0032488,0.00157901
24342,2,12,1385.92,13,1528.61,1,1,0,0.00157845,0.00280664,0.990661,0.00402045,0.00251175,0.00303277,0.990808,0.00414465,0.00201442
24343,2,12,1385.92,13,1528.61,1,1,0,0.00157766,0.00355959,0.988156,0.00509903,0.00318559,0.00384819,0.988337,0.00525903,0.00255604
24344,2,12,1385.92,13,1528.61,1,1,0,0.00157687,0.00449018,0.985059,0.00643208,0.0040184,0.00485651,0.985281,0.00663703,0.00322578
24345,2,12,1385.92,13,1528.61,1,1,0,0.00157608,0.00563333,0.981256,0.00806962,0.00504145,0.0060958,0.981525,0.00833066,0.00404894
24346,2,12,1385.92,13,1528.61,1,1,0,0.00157529,0.00702884,0.976612,0.0100687,0.00629034,0.00760944,0.976937,0.0103993,0.00505433
24347,2,12,1385.92,13,1528.61,1,1,0,0.0015745,0.00872141,0.97098,0.0124932,0.00780507,0.00944628,0.97137,0.0129095,0.00627439
24348,2,12,1385.92,13,1528.61,1,1,0,0.00157372,0.0107605,0.964195,0.0154142,0.00962991,0.0116604,0.964659,0.0159354,0.00774503
24349,2,12,1385.92,13,1528.61,1,1,0,0.00157293,0.0131997,0.956079,0.0189083,0.0118129,0.0143105,0.956627,0.0195571,0.00950528
24350,2,12,1385.92,13,1528.61,1,1,0,0.00157214,0.0160961,0.946442,0.0230574,0.014405,0.0174591,0.947084,0.02386,0.0115966
24351,2,12,1385.92,13,1528.61,1,1,0,0.00157136,0.0195086,0.935087,0.0279456,0.0174589,0.0211709,0.935834,0.0289327,0.0140621
24352,2,12,1385.92,13,1528.61,1,1,0,0.00157057,0.0234958,0.92182,0.0336572,0.0210271,0.0255106,0.922681,0.0348634,0.0169446
24353,2,12,1385.92,13,1528.61,1,1,0,0.00156979,0.0281139,0.906454,0.0402725,0.02516,0.0305402,0.907437,0.041737,0.0202854
24354,2,12,1385.92,13,1528.61,1,3,0,0.001569,0.033413,0.888821,0.0478634,0.0299024,0.0363155,0.889933,0.0496296,0.0241214
24355,2,12,1385.92,13,1528.61,1,1,0,0.00156822,0.039434,0.868787,0.0564883,0.0352908,0.0361518,0.885923,0.049406,0.0285188
24356,2,12,1385.92,13,1528.61,1,1,0,0.00156743,0.0462041,0.84626,0.0661863,0.0413495,0.042654,0.865406,0.0582919,0.0336481
24357,2,12,1385.92,13,1528.61,1,1,0,0.00156665,0.0537333,0.821207,0.0769718,0.0480877,0.0499576,0.842359,0.0682733,0.0394097
24358,2,12,1385.92,13,1528.61,1,2,0,0.00156587,0.0620111,0.793664,0.0888296,0.0554958,0.0580706,0.816759,0.0793606,0.0458097
24359,2,12,1385.92,13,1528.61,1,0,0,0.00156508,0.0710037,0.763742,0.101711,0.0635435,0.0578092,0.813082,0.0835049,0.0456034
24360,2,12,1385.92,13,1528.61,0,1,0,0.0015643,0.0806529,0.731635,0.115534,0.0721789,0.0627135,0.80885,0.0830703,0.0453661
24361,2,12,1385.92,13,1528.61,3,1,0,0.00156352,0.0847137,0.728403,0.115023,0.0718601,0.0722256,0.779858,0.0956699,0.0522469
24362,2,12,1385.92,13,1528.61,1,2,0,0.00156274,0.084309,0.724924,0.114474,0.0762931,0.0825109,0.748508,0.109294,0.0596872
24363,2,12,1385.92,13,1528.61,3,1,0,0.00156196,0.0948861,0.690414,0.128835,0.0858646,0.0823133,0.746716,0.111426,0.0595443
24364,2,12,1385.92,13,1528.61,1,1,0,0.00156117,0.0945141,0.687707,0.12833,0.0894491,0.0932377,0.713101,0.126215,0.0674468
24365,2,12,1385.92,13,1528.61,2,3,0,0.00156039,0.105461,0.651535,0.143194,0.0998096,0.104742,0.6777,0.141788,0.0757691
24366,2,12,1385.92,13,1528.61,0,2,0,0.00155961,0.105594,0.652357,0.142113,0.0999355,0.104294,0.6748,0.141181,0.0797247
24367,2,12,1385.92,13,1528.61,2,3,0,0.00155883,0.107666,0.650847,0.141784,0.099704,0.104404,0.675511,0.140276,0.0798088
24368,2,12,1385.92,13,1528.61,1,2,0,0.00155805,0.107787,0.651579,0.140819,0.0998162,0.103981,0.672777,0.139709,0.0835328
24369,2,12,1385.92,13,1528.61,1,1,0,0.00155727,0.119304,0.61435,0.155865,0.110482,0.104079,0.673409,0.138901,0.0836112
24370,2,12,1385.92,13,1528.61,1,1,0,0.0015565,0.131008,0.576516,0.171156,0.12132,0.115877,0.636388,0.154646,0.093089
24371,2,12,1385.92,13,1528.61,1,0,0,0.00155572,0.142755,0.538545,0.186502,0.132198,0.127962,0.598466,0.170774,0.102798
24372,2,12,1385.92,13,1528.61,0,1,0,0.00155494,0.154403,0.500891,0.201721,0.142985,0.127609,0.598708,0.170844,0.102839
24373,2,12,1385.92,13,1528.61,1,1,0,0.00155416,0.150498,0.503204,0.202652,0.143646,0.139801,0.560368,0.187166,0.112665
24374,2,12,1385.92,13,1528.61,2,2,0,0.00155339,0.161684,0.466279,0.217714,0.154322,0.151977,0.522079,0.203467,0.122477
24375,2,12,1385.92,13,1528.61,1,0,0,0.00155261,0.164059,0.473126,0.206227,0.156588,0.153709,0.528028,0.194391,0.123873
24376,2,12,1385.92,13,1528.61,3,2,0,0.00155183,0.175246,0.437197,0.22029,0.167266,0.150129,0.530261,0.195213,0.124397
24377,2,12,1385.92,13,1528.61,3,1,0,0.00155106,0.176573,0.440508,0.221958,0.160961,0.151608,0.535486,0.187284,0.125622
24378,2,12,1385.92,13,1528.61,1,3,0,0.00155028,0.177732,0.4434,0.223415,0.155452,0.163925,0.497746,0.2025,0.135828
24379,2,12,1385.92,13,1528.61,3,2,0,0.00154951,0.188819,0.408681,0.237351,0.165149,0.16433,0.498975,0.203,0.133694
24380,2,12,1385.92,13,1528.61,0,0,0,0.00154873,0.19031,0.411908,0.239225,0.158557,0.166239,0.504773,0.193741,0.135248
24381,2,12,1385.92,13,1528.61,3,3,0,0.00154796,0.18094,0.416674,0.241993,0.160392,0.16116,0.507848,0.194921,0.136072
24382,2,12,1385.92,13,1528.61,2,1,0,0.00154718,0.182191,0.419554,0.243666,0.154589,0.161519,0.508979,0.195355,0.134147
24383,2,12,1385.92,13,1528.61,0,2,0,0.00154641,0.185876,0.42804,0.228368,0.157716,0.173694,0.471966,0.210081,0.144259
24384,2,12,1385.92,13,1528.61,3,0,0,0.00154564,0.177581,0.432402,0.230695,0.159323,0.175996,0.47822,0.199614,0.14617
24385,2,12,1385.92,13,1528.61,3,1,0,0.00154486,0.17868,0.435077,0.232122,0.154121,0.169529,0.481973,0.201181,0.147317
24386,2,12,1385.92,13,1528.61,3,1,0,0.00154409,0.179643,0.437424,0.233374,0.149559,0.181343,0.445875,0.2152,0.157582
24387,2,12,1385.92,13,1528.61,2,3,0,0.00154332,0.18049,0.439487,0.234474,0.145549,0.192742,0.411043,0.228727,0.167488
24388,2,12,1385.92,13,1528.61,1,0,0,0.00154255,0.183657,0.447197,0.221044,0.148102,0.194319,0.414407,0.230599,0.160675
24389,2,12,1385.92,13,1528.61,1,1,0,0.00154178,0.194989,0.41309,0.234682,0.15724,0.184537,0.419439,0.233399,0.162626
24390,2,12,1385.92,13,1528.61,3,1,0,0.00154101,0.205832,0.380452,0.247732,0.165984,0.195194,0.38591,0.246878,0.172018
24391,2,12,1385.92,13,1528.61,2,1,0,0.00154023,0.207536,0.383603,0.249784,0.159077,0.205315,0.354068,0.25968,0.180937
24392,2,12,1385.92,13,1528.61,1,1,0,0.00153946,0.212135,0.392103,0.233159,0.162603,0.214851,0.324067,0.271741,0.189341
24393,2,12,1385.92,13,1528.61,3,3,0,0.00153869,0.223081,0.360736,0.24519,0.170993,0.223771,0.296004,0.283023,0.197202
24394,2,12,1385.92,13,1528.61,0,1,0,0.00153793,0.225192,0.364148,0.24751,0.16315,0.227552,0.301005,0.287805,0.183638
24395,2,12,1385.92,13,1528.61,1,0,0,0.00153716,0.211048,0.370796,0.252028,0.166129,0.236132,0.274651,0.298656,0.190561
24396,2,12,1385.92,13,1528.61,1,1,0,0.00153639,0.221116,0.340779,0.264051,0.174054,0.217848,0.281225,0.305804,0.195123
24397,2,12,1385.92,13,1528.61,3,1,0,0.00153562,0.230584,0.31255,0.275358,0.181507,0.224966,0.25774,0.315796,0.201498
24398,2,12,1385.92,13,1528.61,3,1,0,0.00153485,0.233508,0.316514,0.27885,0.171128,0.231031,0.237729,0.32431,0.20693
24399,2,12,1385.92,13,1528.61,0,3,0,0.00153408,0.236025,0.319925,0.281855,0.162194,0.236205,0.220656,0.331574,0.211565
24400,2,12,1385.92,13,1528.61,2,3,0,0.00153332,0.219255,0.326948,0.288042,0.165755,0.240245,0.224429,0.337244,0.198083
24401,2,12,1385.92,13,1528.61,2,1,0,0.00153255,0.226227,0.337344,0.265403,0.171026,0.243712,0.227668,0.34211,0.186511
24402,2,12,1385.92,13,1528.61,1,2,0,0.00153178,0.232194,0.346243,0.246026,0.175537,0.248425,0.212731,0.348726,0.190118
24403,2,12,1385.92,13,1528.61,0,0,0,0.00153102,0.242106,0.318336,0.256528,0.18303,0.259267,0.222015,0.320303,0.198415
24404,2,12,1385.92,13,1528.61,1,3,0,0.00153025,0.224939,0.325547,0.262339,0.187175,0.239791,0.227853,0.328725,0.203631
24405,2,12,1385.92,13,1528.61,3,0,0,0.00152949,0.233768,0.299074,0.272636,0.194522,0.243479,0.231357,0.33378,0.191384
24406,2,12,1385.92,13,1528.61,1,1,0,0.00152872,0.237224,0.303495,0.276666,0.182616,0.226648,0.236504,0.341206,0.195642
24407,2,12,1385.92,13,1528.61,1,2,0,0.00152796,0.245712,0.278571,0.286566,0.189151,0.231282,0.220893,0.348183,0.199642
24408,2,12,1385.92,13,1528.61,2,2,0,0.00152719,0.253456,0.255836,0.295597,0.195112,0.241162,0.230329,0.320338,0.208171
24409,2,12,1385.92,13,1528.61,1,3,0,0.00152643,0.26215,0.264611,0.271435,0.201804,0.250424,0.239174,0.294237,0.216165
24410,2,12,1385.92,13,1528.61,0,2,0,0.00152567,0.269847,0.243017,0.279406,0.20773,0.25514,0.243678,0.299778,0.201404
24411,2,12,1385.92,13,1528.61,0,2,0,0.00152491,0.248144,0.25024,0.287711,0.213904,0.264109,0.252244,0.275164,0.208483
24412,2,12,1385.92,13,1528.61,1,3,0,0.00152414,0.229638,0.2564,0.294793,0.219169,0.272441,0.260202,0.252297,0.215061
24413,2,12,1385.92,13,1528.61,2,3,0,0.00152338,0.23553,0.23732,0.302357,0.224793,0.277765,0.265287,0.257227,0.199721
24414,2,12,1385.92,13,1528.61,2,3,0,0.00152262,0.243639,0.24549,0.278339,0.232532,0.282308,0.269626,0.261435,0.186631
24415,2,12,1385.92,13,1528.61,2,3,0,0.00152186,0.25119,0.253098,0.255974,0.239739,0.286198,0.273341,0.265037,0.175424
24416,2,12,1385.92,13,1528.61,2,1,0,0.0015211,0.258192,0.260154,0.235232,0.246422,0.289539,0.276533,0.268131,0.165797
24417,2,12,1385.92,13,1528.61,2,0,0,0.00152034,0.264202,0.26621,0.21743,0.252158,0.29831,0.254618,0.276253,0.170819
24418,2,12,1385.92,13,1528.61,1,0,0,0.00151958,0.269324,0.271371,0.202259,0.257046,0.27441,0.263291,0.285662,0.176637
24419,2,12,1385.92,13,1528.61,2,2,0,0.00151882,0.277282,0.249842,0.208235,0.264641,0.252787,0.271137,0.294175,0.181901
24420,2,12,1385.92,13,1528.61,2,0,0,0.00151806,0.281957,0.254055,0.194884,0.269104,0.261165,0.280123,0.270783,0.187929
24421,2,12,1385.92,13,1528.61,1,1,0,0.0015173,0.285968,0.257669,0.183431,0.272931,0.241084,0.287737,0.278143,0.193037
24422,2,12,1385.92,13,1528.61,0,3,0,0.00151654,0.293241,0.238791,0.188096,0.279872,0.248785,0.264982,0.287029,0.199204
24423,2,12,1385.92,13,1528.61,3,2,0,0.00151578,0.270652,0.246423,0.194108,0.288817,0.252496,0.268934,0.291309,0.187261
24424,2,12,1385.92,13,1528.61,1,2,0,0.00151502,0.279098,0.254113,0.200166,0.266623,0.260618,0.277585,0.268512,0.193285
24425,2,12,1385.92,13,1528.61,0,1,0,0.00151427,0.286015,0.235627,0.205126,0.273231,0.268,0.285447,0.247793,0.19876
24426,2,12,1385.92,13,1528.61,2,2,0,0.00151351,0.264209,0.242824,0.211391,0.281576,0.276326,0.263248,0.255491,0.204935
24427,2,12,1385.92,13,1528.61,3,1,0,0.00151275,0.268564,0.246826,0.198394,0.286217,0.283377,0.269965,0.236495,0.210164
24428,2,12,1385.92,13,1528.61,2,1,0,0.001512,0.276705,0.254308,0.204408,0.264579,0.291245,0.249694,0.243062,0.215999
24429,2,12,1385.92,13,1528.61,0,1,0,0.00151124,0.280957,0.258216,0.192183,0.268644,0.297982,0.232339,0.248684,0.220995
24430,2,12,1385.92,13,1528.61,2,1,0,0.00151048,0.259817,0.265807,0.197833,0.276543,0.303759,0.217455,0.253505,0.22528
24431,2,12,1385.92,13,1528.61,0,2,0,0.00150973,0.263477,0.269552,0.186532,0.280439,0.308726,0.204659,0.257651,0.228964
24432,2,12,1385.92,13,1528.61,1,1,0,0.00150897,0.244523,0.276489,0.191332,0.287656,0.315896,0.209411,0.240412,0.234281
24433,2,12,1385.92,13,1528.61,3,0,0,0.00150822,0.251282,0.25649,0.196621,0.295607,0.32038,0.198188,0.243825,0.237607
24434,2,12,1385.92,13,1528.61,2,2,0,0.00150746,0.259003,0.264372,0.202663,0.273962,0.296855,0.205048,0.252265,0.245832
24435,2,12,1385.92,13,1528.61,1,1,0,0.00150671,0.262804,0.268251,0.190962,0.277982,0.303573,0.209688,0.235343,0.251395
24436,2,12,1385.92,13,1528.61,3,2,0,0.00150596,0.26973,0.248967,0.195995,0.285308,0.308005,0.19815,0.238779,0.255065
24437,2,12,1385.92,13,1528.61,1,2,0,0.0015052,0.277564,0.256199,0.201688,0.264548,0.31395,0.201975,0.224085,0.259989
24438,2,12,1385.92,13,1528.61,3,3,0,0.00150445,0.284165,0.23851,0.206485,0.27084,0.319075,0.205272,0.211421,0.264233
24439,2,12,1385.92,13,1528.61,0,0,0,0.0015037,0.291555,0.244712,0.211854,0.251878,0.326438,0.210009,0.2163,0.247254
24440,2,12,1385.92,13,1528.61,3,2,0,0.00150295,0.270734,0.251904,0.21808,0.259281,0.303132,0.217275,0.223784,0.255809
24441,2,12,1385.92,13,1528.61,2,0,0,0.0015022,0.277361,0.25807,0.223418,0.241151,0.308151,0.220873,0.21093,0.260045
24442,2,12,1385.92,13,1528.61,2,2,0,0.00150145,0.282171,0.262546,0.209951,0.245333,0.286039,0.227933,0.217672,0.268357
24443,2,12,1385.92,13,1528.61,1,2,0,0.00150069,0.286315,0.266401,0.198348,0.248936,0.290698,0.231646,0.204927,0.272728
24444,2,12,1385.92,13,1528.61,1,0,0,0.00149994,0.29331,0.248478,0.203193,0.255018,0.294716,0.234848,0.193938,0.276498
24445,2,12,1385.92,13,1528.61,1,2,0,0.00149919,0.299331,0.233053,0.207364,0.260252,0.273608,0.241877,0.199742,0.284773
24446,2,12,1385.92,13,1528.61,2,3,0,0.00149844,0.304522,0.219751,0.210961,0.264766,0.277199,0.245052,0.189237,0.288511
24447,2,12,1385.92,13,1528.61,0,1,0,0.0014977,0.308576,0.222676,0.200458,0.26829,0.285218,0.252141,0.194712,0.267929
24448,2,12,1385.92,13,1528.61,0,1,0,0.00149695,0.287454,0.229478,0.206582,0.276486,0.291504,0.235658,0.199003,0.273834
24449,2,12,1385.92,13,1528.61,3,2,0,0.0014962,0.267615,0.235867,0.212334,0.284184,0.296914,0.221474,0.202696,0.278916
24450,2,12,1385.92,13,1528.61,0,3,0,0.00149545,0.274922,0.242308,0.218132,0.264638,0.300667,0.224274,0.192618,0.282441
24451,2,12,1385.92,13,1528.61,2,1,0,0.0014947,0.256015,0.248626,0.22382,0.271539,0.308604,0.230194,0.197703,0.263498
24452,2,12,1385.92,13,1528.61,0,1,0,0.00149396,0.260328,0.252815,0.210743,0.276114,0.313648,0.217613,0.200934,0.267805
24453,2,12,1385.92,13,1528.61,3,1,0,0.00149321,0.243311,0.258631,0.215592,0.282466,0.318015,0.20672,0.203732,0.271533
24454,2,12,1385.92,13,1528.61,2,3,0,0.00149246,0.249784,0.265512,0.221327,0.263376,0.321804,0.197266,0.20616,0.274769
24455,2,12,1385.92,13,1528.61,3,1,0,0.00149172,0.253911,0.269899,0.208463,0.267727,0.329254,0.201833,0.210932,0.257981
24456,2,12,1385.92,13,1528.61,0,0,0,0.00149097,0.260138,0.276518,0.213575,0.249769,0.332707,0.193462,0.213144,0.260687
24457,2,12,1385.92,13,1528.61,2,3,0,0.00149022,0.243495,0.282738,0.21838,0.255387,0.310518,0.199895,0.220232,0.269355
24458,2,12,1385.92,13,1528.61,1,1,0,0.00148948,0.247074,0.286895,0.20689,0.259141,0.317525,0.204405,0.225201,0.252868
24459,2,12,1385.92,13,1528.61,0,3,0,0.00148873,0.253634,0.267962,0.212383,0.266021,0.321077,0.195504,0.227721,0.255698
24460,2,12,1385.92,13,1528.61,1,0,0,0.00148799,0.237504,0.273753,0.216972,0.27177,0.327274,0.199277,0.232116,0.241334
24461,2,12,1385.92,13,1528.61,1,0,0,0.00148725,0.243396,0.255737,0.222355,0.278512,0.305713,0.205663,0.239555,0.249069
24462,2,12,1385.92,13,1528.61,3,2,0,0.0014865,0.248511,0.240097,0.227027,0.284365,0.285377,0.211687,0.246572,0.256364
24463,2,12,1385.92,13,1528.61,0,3,0,0.00148576,0.254911,0.24628,0.232874,0.265934,0.290968,0.215835,0.231811,0.261386
24464,2,12,1385.92,13,1528.61,1,3,0,0.00148502,0.23886,0.251586,0.237891,0.271663,0.297303,0.220533,0.236857,0.245307
24465,2,12,1385.92,13,1528.61,1,3,0,0.00148427,0.243739,0.236299,0.24275,0.277212,0.302774,0.224592,0.241217,0.231417
24466,2,12,1385.92,13,1528.61,1,3,0,0.00148353,0.247951,0.223099,0.246946,0.282004,0.307511,0.228105,0.24499,0.219394
24467,2,12,1385.92,13,1528.61,0,3,0,0.00148279,0.251597,0.211676,0.250577,0.28615,0.31162,0.231153,0.248263,0.208963
24468,2,12,1385.92,13,1528.61,3,1,0,0.00148205,0.237247,0.215734,0.255381,0.291637,0.315194,0.233804,0.251111,0.199892
24469,2,12,1385.92,13,1528.61,1,3,0,0.00148131,0.243395,0.221324,0.261999,0.273282,0.319963,0.22221,0.25491,0.202916
24470,2,12,1385.92,13,1528.61,3,2,0,0.00148057,0.246972,0.209879,0.26585,0.277299,0.323174,0.22444,0.257469,0.194917
24471,2,12,1385.92,13,1528.61,2,0,0,0.00147983,0.25293,0.214943,0.272263,0.259864,0.329142,0.228585,0.243758,0.198516
24472,2,12,1385.92,13,1528.61,2,0,0,0.00147909,0.258863,0.219984,0.255193,0.265959,0.308355,0.235667,0.251311,0.204667
24473,2,12,1385.92,13,1528.61,0,1,0,0.00147835,0.264225,0.224541,0.239765,0.271469,0.288711,0.242361,0.258448,0.21048
24474,2,12,1385.92,13,1528.61,1,1,0,0.00147761,0.248166,0.229442,0.244998,0.277394,0.293821,0.228952,0.263022,0.214205
24475,2,12,1385.92,13,1528.61,0,0,0,0.00147687,0.251968,0.217638,0.248751,0.281643,0.298246,0.217338,0.266984,0.217431
24476,2,12,1385.92,13,1528.61,2,3,0,0.00147613,0.237939,0.22172,0.253416,0.286925,0.279364,0.223186,0.274168,0.223282
24477,2,12,1385.92,13,1528.61,0,2,0,0.00147539,0.242353,0.225832,0.239567,0.292248,0.283508,0.226497,0.278236,0.21176
24478,2,12,1385.92,13,1528.61,0,0,0,0.00147465,0.230037,0.229503,0.243461,0.296998,0.290331,0.231947,0.260866,0.216856
24479,2,12,1385.92,13,1528.61,0,2,0,0.00147392,0.219334,0.232694,0.246845,0.301127,0.272119,0.2379,0.26756,0.222421
24480,2,12,1385.92,13,1528.61,2,1,0,0.00147318,0.210011,0.235473,0.249793,0.304723,0.278298,0.243301,0.250929,0.227471
24481,2,12,1385.92,13,1528.61,0,2,0,0.00147244,0.213473,0.239354,0.237427,0.309746,0.28327,0.229782,0.255412,0.231535
24482,2,12,1385.92,13,1528.61,0,0,0,0.00147171,0.205235,0.241861,0.239914,0.31299,0.288803,0.23427,0.24087,0.236057
24483,2,12,1385.92,13,1528.61,1,0,0,0.00147097,0.198024,0.244055,0.242091,0.31583,0.271006,0.240132,0.246898,0.241964
24484,2,12,1385.92,13,1528.61,0,1,0,0.00147024,0.200936,0.232939,0.245651,0.320474,0.25425,0.245652,0.252573,0.247525
24485,2,12,1385.92,13,1528.61,2,3,0,0.0014695,0.194541,0.234803,0.247617,0.323039,0.259227,0.230886,0.257517,0.252371
24486,2,12,1385.92,13,1528.61,3,0,0,0.00146877,0.197406,0.238262,0.236535,0.327797,0.264491,0.235574,0.262745,0.23719
24487,2,12,1385.92,13,1528.61,1,3,0,0.00146803,0.20295,0.244952,0.243176,0.308922,0.248323,0.240752,0.268521,0.242404
24488,2,12,1385.92,13,1528.61,1,3,0,0.0014673,0.205986,0.233657,0.246814,0.313543,0.252718,0.245013,0.273274,0.228994
24489,2,12,1385.92,13,1528.61,1,3,0,0.00146656,0.208634,0.223805,0.249987,0.317574,0.256526,0.248705,0.277391,0.217379
24490,2,12,1385.92,13,1528.61,3,2,0,0.00146583,0.210948,0.215195,0.25276,0.321097,0.259831,0.251909,0.280965,0.207294
24491,2,12,1385.92,13,1528.61,3,1,0,0.0014651,0.216633,0.220994,0.259572,0.302801,0.265898,0.257791,0.264178,0.212134
24492,2,12,1385.92,13,1528.61,3,3,0,0.00146437,0.222022,0.226491,0.266029,0.285458,0.271276,0.242778,0.269522,0.216424
24493,2,12,1385.92,13,1528.61,1,0,0,0.00146363,0.227119,0.231691,0.272136,0.269053,0.274769,0.245904,0.272992,0.206335
24494,2,12,1385.92,13,1528.61,1,3,0,0.0014629,0.230448,0.220429,0.276126,0.272997,0.258518,0.251414,0.279109,0.210959
24495,2,12,1385.92,13,1528.61,2,3,0,0.00146217,0.233344,0.210633,0.279595,0.276428,0.26147,0.254285,0.282296,0.201949
24496,2,12,1385.92,13,1528.61,2,1,0,0.00146144,0.2385,0.215287,0.263677,0.282536,0.264045,0.256789,0.285076,0.194089
24497,2,12,1385.92,13,1528.61,3,0,0,0.00146071,0.243031,0.219377,0.249687,0.287904,0.268877,0.24319,0.290292,0.197641
24498,2,12,1385.92,13,1528.61,3,3,0,0.00145998,0.248549,0.224358,0.255356,0.271736,0.254329,0.248029,0.296069,0.201573
24499,2,12,1385.92,13,1528.61,0,3,0,0.00145925,0.253764,0.229066,0.260714,0.256456,0.256582,0.250227,0.298692,0.194499
24500,2,12,1385.92,13,1528.61,3,0,0,0.00145852,0.239881,0.233327,0.265565,0.261227,0.258559,0.252155,0.300993,0.188294
24501,2,12,1385.92,13,1528.61,1,1,0,0.00145779,0.244542,0.23786,0.270724,0.246874,0.245776,0.256502,0.306182,0.191541
24502,2,12,1385.92,13,1528.61,3,1,0,0.00145706,0.248227,0.226374,0.274804,0.250595,0.249826,0.24425,0.311227,0.194697
24503,2,12,1385.92,13,1528.61,1,0,0,0.00145633,0.252395,0.230175,0.279419,0.238011,0.253357,0.233567,0.315627,0.197449
24504,2,12,1385.92,13,1528.61,2,2,0,0.0014556,0.255713,0.220057,0.283091,0.241139,0.241989,0.237123,0.320432,0.200455
24505,2,12,1385.92,13,1528.61,2,2,0,0.00145488,0.26122,0.224797,0.26765,0.246333,0.248327,0.243333,0.302636,0.205705
24506,2,12,1385.92,13,1528.61,3,3,0,0.00145415,0.266429,0.229279,0.253047,0.251245,0.254339,0.249225,0.285751,0.210685
24507,2,12,1385.92,13,1528.61,3,2,0,0.00145342,0.271,0.233213,0.257389,0.238399,0.25694,0.251773,0.288673,0.202615
24508,2,12,1385.92,13,1528.61,3,1,0,0.00145269,0.274974,0.236633,0.261163,0.227229,0.262751,0.257467,0.272585,0.207197
24509,2,12,1385.92,13,1528.61,1,2,0,0.00145197,0.278438,0.239613,0.264453,0.217497,0.267562,0.243869,0.277577,0.210992
24510,2,12,1385.92,13,1528.61,1,2,0,0.00145124,0.2824,0.228792,0.268216,0.220592,0.273262,0.249064,0.262188,0.215486
24511,2,12,1385.92,13,1528.61,2,2,0,0.00145052,0.285858,0.21935,0.2715,0.223292,0.278417,0.253763,0.248269,0.219551
24512,2,12,1385.92,13,1528.61,0,2,0,0.00144979,0.291218,0.223464,0.257838,0.22748,0.282897,0.257846,0.236172,0.223084
24513,2,12,1385.92,13,1528.61,0,0,0,0.00144907,0.275911,0.22829,0.263407,0.232393,0.286799,0.261402,0.225638,0.226161
24514,2,12,1385.92,13,1528.61,3,3,0,0.00144834,0.261402,0.232864,0.268684,0.237049,0.271236,0.267106,0.230562,0.231096
24515,2,12,1385.92,13,1528.61,3,2,0,0.00144762,0.265085,0.236145,0.27247,0.226299,0.274925,0.270739,0.233697,0.220639
24516,2,12,1385.92,13,1528.61,2,0,0,0.00144689,0.268298,0.239007,0.275772,0.216923,0.278692,0.274449,0.223197,0.223662
24517,2,12,1385.92,13,1528.61,1,3,0,0.00144617,0.273605,0.243734,0.261447,0.221214,0.263707,0.28015,0.227834,0.228309
24518,2,12,1385.92,13,1528.61,2,1,0,0.00144545,0.277597,0.232699,0.265262,0.224442,0.266973,0.283619,0.230655,0.218753
24519,2,12,1385.92,13,1528.61,2,1,0,0.00144472,0.282512,0.236819,0.252254,0.228415,0.272597,0.268528,0.235514,0.223362
24520,2,12,1385.92,13,1528.61,2,1,0,0.001444,0.286796,0.240411,0.240914,0.231879,0.277836,0.25447,0.24004,0.227654
24521,2,12,1385.92,13,1528.61,2,0,0,0.00144328,0.290538,0.243547,0.231009,0.234905,0.282393,0.24224,0.243978,0.231389
24522,2,12,1385.92,13,1528.61,3,1,0,0.00144256,0.293813,0.246293,0.222341,0.237553,0.267581,0.24724,0.249014,0.236165
24523,2,12,1385.92,13,1528.61,1,3,0,0.00144184,0.297333,0.249243,0.225005,0.228418,0.271805,0.235357,0.252945,0.239894
24524,2,12,1385.92,13,1528.61,0,3,0,0.00144112,0.301334,0.239142,0.228033,0.231491,0.275677,0.23871,0.256549,0.229065
24525,2,12,1385.92,13,1528.61,3,0,0,0.0014404,0.286318,0.244282,0.232934,0.236466,0.279056,0.241635,0.259693,0.219616
24526,2,12,1385.92,13,1528.61,2,3,0,0.00143968,0.289778,0.247233,0.235748,0.227242,0.264642,0.246466,0.264885,0.224007
24527,2,12,1385.92,13,1528.61,2,3,0,0.00143896,0.293168,0.250126,0.226807,0.2299,0.267832,0.249436,0.268077,0.214654
24528,2,12,1385.92,13,1528.61,3,1,0,0.00143824,0.29614,0.252662,0.218967,0.232231,0.270619,0.252032,0.270867,0.206483
24529,2,12,1385.92,15,1889.57,0,2,9,0.00143752,0.299306,0.255363,0.221308,0.224023,0.274926,0.240127,0.275178,0.209769
24530,0,12,1385.92,14,1827.7,0,2,13,0.0014368,0.99969,0.000112996,9.79266e-05,9.91278e-05,0.000132374,0.000115619,0.999651,0.000101002
24531,0,12,1385.92,14,1827.7,3,3,0,0.00143608,0.000375197,0.000280517,9.10622e-05,0.999253,0.000302846,0.000303396,0.000208505,0.999185
24532,0,12,1385.92,14,1827.7,3,3,0,0.00143536,0.00119172,0.000890993,0.000289236,0.997628,0.000965345,0.000967099,0.000664625,0.997403
24533,0,12,1385.92,14,1827.7,3,3,0,0.00143464,0.00368618,0.00275598,0.000894653,0.992663,0.00299537,0.00300081,0.00206226,0.991942
24534,0,12,1385.92,14,1827.7,3,3,0,0.00143393,0.0110368,0.00825173,0.0026787,0.978033,0.00898677,0.00900309,0.00618725,0.975823
24535,0,12,1385.92,14,1827.7,3,3,0,0.00143321,0.0314405,0.0235066,0.00763077,0.937422,0.0255772,0.0256237,0.0176095,0.93119
24536,0,12,1385.92,14,1827.7,3,3,0,0.00143249,0.0816782,0.0610669,0.0198237,0.837431,0.0659335,0.0660533,0.0453942,0.822619
24537,0,12,1385.92,14,1827.7,3,3,0,0.00143178,0.178824,0.133698,0.0434013,0.644077,0.141673,0.14193,0.0975397,0.618857
24538,0,12,1385.92,14,1756.11,2,2,13,0.00143106,0.304657,0.227778,0.0739417,0.393624,0.235177,0.235604,0.161916,0.367303
24539,0,12,1385.92,14,1714.78,2,2,13,0.00143035,2.15171e-05,1.60873e-05,0.999935,2.78006e-05,8.28766e-06,8.30271e-06,0.99997,1.29438e-05
24540,0,12,1385.92,14,1671.35,2,2,13,0.00142963,1.63848e-10,1.22501e-10,1,2.11695e-10,6.42858e-11,6.44026e-11,1,1.00402e-10
24541,0,12,1385.92,14,1668.94,2,2,13,0.00142892,1.5792e-15,1.18069e-15,1,2.04036e-15,6.30947e-16,6.32093e-16,1,9.8542e-16
24542,0,12,1385.92,14,1665.33,2,2,13,0.0014282,1.91758e-20,1.43368e-20,1,2.47755e-20,7.79888e-21,7.81305e-21,1,1.21804e-20
24543,0,12,1385.92,14,1594.94,2,2,13,0.00142749,2.92e-25,2.18315e-25,1,3.7727e-25,1.20846e-25,1.21065e-25,1,1.88738e-25
24544,0,12,1385.92,14,1594.94,2,2,0,0.00142677,5.55085e-30,4.15011e-30,1,7.17183e-30,2.33683e-30,2.34107e-30,1,3.64969e-30
24545,0,12,1385.92,14,1594.94,2,2,0,0.00142606,5.8021e-29,4.33796e-29,1,7.49645e-29,2.48383e-29,2.48834e-29,1,3.87928e-29
24546,0,12,1385.92,14,1588.43,2,2,13,0.00142535,5.78664e-28,4.3264e-28,1,7.47647e-28,2.51818e-28,2.52276e-28,1,3.93293e-28
24547,0,12,1385.92,14,1588.43,2,2,0,0.00142463,1.24584e-32,9.31458e-33,1,1.60966e-32,5.50941e-33,5.51942e-33,1,8.60467e-33
24548,0,12,1385.92,14,1588.43,2,2,0,0.00142392,1.47118e-31,1.09993e-31,1,1.9008e-31,6.60924e-32,6.62124e-32,1,1.03224e-31
24549,0,12,1385.92,14,1588.43,2,2,0,0.00142321,1.65358e-30,1.23631e-30,1,2.13647e-30,7.54425e-31,7.55796e-31,1,1.17827e-30
24550,0,12,1385.92,14,1584.03,2,2,13,0.0014225,1.77081e-29,1.32395e-29,1,2.28792e-29,8.20223e-30,8.21713e-30,1,1.28103e-29
24551,0,12,1385.92,14,1584.03,2,2,9,0.00142179,4.08782e-34,3.05627e-34,1,5.28156e-34,1.92173e-34,1.92522e-34,1,3.00138e-34
24552,0,12,1385.92,14,1584.03,2,2,0,0.00142108,6.37859e-37,4.76898e-37,1,8.24129e-37,3.04254e-37,3.04807e-37,1,4.75188e-37
24553,0,12,1385.92,14,1584.03,2,2,0,0.00142037,9.1779e-36,6.86189e-36,1,1.18581e-35,4.44058e-36,4.44865e-36,1,6.93535e-36
24554,0,12,1385.92,14,1584.03,2,2,0,0.00141966,1.25199e-34,9.36056e-35,1,1.6176e-34,6.14269e-35,6.15385e-35,1,9.59374e-35
24555,0,12,1385.92,14,1571.88,2,2,13,0.00141895,1.62092e-33,1.21189e-33,1,2.09427e-33,8.06231e-34,8.07696e-34,1,1.25918e-33
24556,0,12,1385.92,14,1571.88,2,2,0,0.00141824,4.50663e-38,3.3694e-38,1,5.82267e-38,2.2718e-38,2.27593e-38,1,3.54813e-38
24557,0,12,1385.92,14,1503.56,2,2,13,0.00141753,6.83735e-37,5.11197e-37,1,8.83401e-37,3.49229e-37,3.49864e-37,1,5.45431e-37
24558,0,12,1385.92,14,1503.56,2,2,0,0.00141682,2.22062e-41,1.66026e-41,1,2.8691e-41,1.14892e-41,1.151e-41,1,1.79439e-41
24559,0,12,1385.92,14,1480.88,2,2,13,0.00141611,3.92336e-40,2.93331e-40,1,5.06907e-40,2.05566e-40,2.05939e-40,1,3.21055e-40
24560,0,12,1385.92,14,1480.88,2,2,0,0.0014154,1.47935e-44,1.10604e-44,1,1.91135e-44,7.84749e-45,7.86175e-45,1,1.22563e-44
24561,0,12,1385.92,14,1480.38,2,2,13,0.00141469,3.02539e-43,2.26194e-43,1,3.90887e-43,1.62444e-43,1.62739e-43,1,2.53707e-43
24562,0,12,1385.92,14,1480.38,2,2,9,0.00141399,1.31659e-47,9.84353e-48,1,1.70106e-47,7.15369e-48,7.16668e-48,1,1.11727e-47
24563,0,12,1385.92,14,1480.38,2,2,0,0.00141328,3.82406e-50,2.85907e-50,1,4.94077e-50,2.10212e-50,2.10594e-50,1,3.28311e-50
24564,0,12,1385.92,14,1480.38,2,2,9,0.00141257,1.01155e-48,7.56288e-49,1,1.30694e-48,5.62434e-49,5.63456e-49,1,8.78417e-49
24565,0,12,1385.92,14,1480.38,2,2,0,0.00141187,3.09279e-51,2.31233e-51,1,3.99595e-51,1.73895e-51,1.74211e-51,1,2.71592e-51
24566,0,12,1385.92,14,1480.38,2,2,0,0.00141116,8.60312e-50,6.43215e-50,1,1.11154e-49,4.89046e-50,4.89935e-50,1,7.63799e-50
24567,0,12,1385.92,14,1480.38,2,2,0,0.00141046,2.23911e-48,1.67408e-48,1,2.89298e-48,1.28656e-48,1.2889e-48,1,2.00937e-48
24568,0,12,1385.92,14,1480.38,2,2,0,0.00140975,5.45993e-47,4.08213e-47,1,7.05435e-47,3.17037e-47,3.17613e-47,1,4.95153e-47
24569,0,12,1385.92,14,1480.38,2,2,0,0.00140905,1.24898e-45,9.33806e-46,1,1.61371e-45,7.3275e-46,7.34081e-46,1,1.14442e-45
24570,0,12,1385.92,14,1480.38,2,2,0,0.00140834,2.68373e-44,2.0065e-44,1,3.46744e-44,1.59047e-44,1.59336e-44,1,2.48401e-44
24571,0,12,1385.92,14,1480.38,2,2,0,0.00140764,5.42346e-43,4.05487e-43,1,7.00723e-43,3.2461e-43,3.252e-43,1,5.0698e-43
24572,0,12,1385.92,13,1502.59,2,2,13,0.00140693,1.03206e-41,7.71621e-42,1,1.33344e-41,6.23739e-42,6.24872e-42,1,9.74164e-42
24573,0,12,1385.92,13,1502.59,2,2,0,0.00140623,4.18519e-46,3.12907e-46,1,5.40735e-46,2.55354e-46,2.55818e-46,1,3.98815e-46
24574,0,12,1385.92,13,1502.59,2,2,0,0.00140553,9.19165e-45,6.87216e-45,1,1.18758e-44,5.66067e-45,5.67095e-45,1,8.8409e-45
24575,0,12,1385.92,13,1502.59,2,2,0,0.00140482,1.89775e-43,1.41886e-43,1,2.45193e-43,1.17945e-43,1.18159e-43,1,1.84207e-43
24576,0,12,1385.92,13,1502.59,2,2,0,0.00140412,3.68796e-42,2.75732e-42,1,4.76493e-42,2.31266e-42,2.31687e-42,1,3.61195e-42
24577,0,12,1385.92,13,1502.59,2,2,0,0.00140342,6.75405e-41,5.04968e-41,1,8.72638e-41,4.27266e-41,4.28042e-41,1,6.67309e-41
24578,0,12,1385.92,13,1502.59,2,2,0,0.00140272,1.16704e-39,8.72541e-40,1,1.50784e-39,7.4465e-40,7.46003e-40,1,1.163e-39
24579,0,12,1385.92,13,1502.59,2,2,0,0.00140202,1.90483e-38,1.42415e-38,1,2.46109e-38,1.22569e-38,1.22792e-38,1,1.9143e-38
24580,0,12,1385.92,13,1499.75,2,2,13,0.00140132,2.94017e-37,2.19823e-37,1,3.79877e-37,1.90757e-37,1.91104e-37,1,2.97927e-37
24581,0,12,1385.92,13,1499.75,2,2,0,0.00140061,9.71159e-42,7.2609e-42,1,1.25476e-41,6.35202e-42,6.36356e-42,1,9.92066e-42
24582,0,12,1385.92,13,1499.75,2,2,0,0.00139991,1.74445e-40,1.30424e-40,1,2.25386e-40,1.15006e-40,1.15215e-40,1,1.79618e-40
24583,0,12,1385.92,13,1499.75,2,2,0,0.00139921,2.95758e-39,2.21125e-39,1,3.82127e-39,1.96506e-39,1.96863e-39,1,3.06905e-39
24584,0,12,1385.92,13,1499.75,2,2,0,0.00139851,4.7384e-38,3.54268e-38,1,6.12212e-38,3.17231e-38,3.17807e-38,1,4.95455e-38
24585,0,12,1385.92,13,1499.75,2,2,0,0.00139782,7.18178e-37,5.36948e-37,1,9.27902e-37,4.84413e-37,4.85293e-37,1,7.56562e-37
24586,0,12,1385.92,13,1482.18,2,2,13,0.00139712,1.03091e-35,7.70762e-36,1,1.33196e-35,7.00454e-36,7.01726e-36,1,1.09398e-35
24587,0,12,1385.92,13,1482.18,2,2,9,0.00139642,3.17132e-40,2.37105e-40,1,4.09742e-40,2.17026e-40,2.1742e-40,1,3.38954e-40
24588,0,12,1385.92,13,1482.18,2,2,0,0.00139572,6.5566e-43,4.90206e-43,1,8.47127e-43,4.51855e-43,4.52676e-43,1,7.05712e-43
24589,0,12,1385.92,13,1482.18,2,2,0,0.00139502,1.24296e-41,9.29304e-42,1,1.60593e-41,8.62515e-42,8.64082e-42,1,1.34709e-41
24590,0,12,1385.92,13,1482.18,2,2,0,0.00139432,2.22168e-40,1.66105e-40,1,2.87046e-40,1.5521e-40,1.55492e-40,1,2.42409e-40
24591,0,12,1385.92,13,1482.18,2,2,9,0.00139363,3.74853e-39,2.8026e-39,1,4.84319e-39,2.63614e-39,2.64093e-39,1,4.11716e-39
24592,0,12,1385.92,13,1482.18,2,2,0,0.00139293,7.37643e-42,5.51501e-42,1,9.53052e-42,5.22116e-42,5.23065e-42,1,8.15448e-42
24593,0,12,1385.92,13,1482.18,2,2,0,0.00139223,1.3323e-40,9.96099e-41,1,1.72136e-40,9.4903e-41,9.50754e-41,1,1.48221e-40
24594,0,12,1385.92,13,1482.18,2,2,0,0.00139154,2.27103e-39,1.69794e-39,1,2.93423e-39,1.6278e-39,1.63076e-39,1,2.54232e-39
24595,0,12,1385.92,13,1482.18,2,2,0,0.00139084,3.65773e-38,2.73472e-38,1,4.72587e-38,2.63778e-38,2.64257e-38,1,4.11971e-38
24596,0,12,1385.92,13,1482.18,2,2,0,0.00139015,5.57264e-37,4.1664e-37,1,7.19997e-37,4.04279e-37,4.05013e-37,1,6.31408e-37
24597,0,12,1385.92,13,1482.18,2,2,9,0.00138945,8.03994e-36,6.01108e-36,1,1.03878e-35,5.86699e-36,5.87765e-36,1,9.16314e-36
24598,0,12,1385.92,13,1479.53,2,2,13,0.00138876,1.35709e-38,1.01464e-38,1,1.7534e-38,9.96013e-39,9.97822e-39,1,1.55558e-38
24599,0,12,1385.92,13,1477.35,2,2,13,0.00138806,4.76697e-43,3.56404e-43,1,6.15904e-43,3.51835e-43,3.52474e-43,1,5.495e-43
24600,0,12,1385.92,13,1467.85,2,2,13,0.00138737,2.05571e-47,1.53696e-47,1,2.65603e-47,1.52564e-47,1.52841e-47,1,2.38276e-47
24601,0,12,1385.92,13,1467.85,2,2,0,0.00138667,1.0839e-51,8.10379e-52,1,1.40042e-51,8.08766e-52,8.10235e-52,1,1.26314e-51
24602,0,12,1385.92,13,1467.85,2,2,0,0.00138598,3.07894e-50,2.30198e-50,1,3.97806e-50,2.30959e-50,2.31378e-50,1,3.60714e-50
24603,0,12,1385.92,13,1467.58,2,2,13,0.00138529,8.17987e-49,6.1157e-49,1,1.05686e-48,6.16782e-49,6.17902e-49,1,9.63297e-49
24604,0,12,1385.92,13,1467.58,2,2,0,0.0013846,4.60019e-53,3.43935e-53,1,5.94355e-53,3.48633e-53,3.49266e-53,1,5.44499e-53
24605,0,12,1385.92,13,1467.58,2,2,9,0.0013839,1.39198e-51,1.04072e-51,1,1.79847e-51,1.0602e-51,1.06213e-51,1,1.65584e-51
24606,0,12,1385.92,13,1467.58,2,2,0,0.00138321,4.85538e-54,3.63014e-54,1,6.27326e-54,3.7162e-54,3.72295e-54,1,5.80401e-54
24607,0,12,1385.92,13,1467.58,2,2,0,0.00138252,1.53678e-52,1.14898e-52,1,1.98556e-52,1.18186e-52,1.184e-52,1,1.84584e-52
24608,0,12,1385.92,13,1463.28,2,2,13,0.00138183,4.53934e-51,3.39385e-51,1,5.86493e-51,3.50737e-51,3.51374e-51,1,5.47785e-51
24609,0,12,1385.92,13,1463.28,2,2,0,0.00138114,2.83229e-55,2.11757e-55,1,3.65938e-55,2.19848e-55,2.20247e-55,1,3.43361e-55
24610,0,12,1385.92,13,1463.28,2,2,9,0.00138045,9.48873e-54,7.09428e-54,1,1.22596e-53,7.39856e-54,7.412e-54,1,1.15552e-53
24611,0,12,1385.92,13,1463.28,2,2,0,0.00137976,3.65701e-56,2.73418e-56,1,4.72494e-56,2.86406e-56,2.86926e-56,1,4.47312e-56
24612,0,12,1385.92,13,1463.28,2,2,0,0.00137907,1.27637e-54,9.54283e-55,1,1.6491e-54,1.00395e-54,1.00577e-54,1,1.56797e-54
24613,0,12,1385.92,13,1459.19,2,2,13,0.00137838,4.14926e-53,3.10221e-53,1,5.36093e-53,3.27751e-53,3.28346e-53,1,5.11885e-53
24614,0,12,1385.92,13,1459.19,2,2,0,0.00137769,2.84378e-57,2.12616e-57,1,3.67423e-57,2.25565e-57,2.25975e-57,1,3.52291e-57
24615,0,12,1385.92,13,1459.19,2,2,0,0.001377,1.04455e-55,7.80964e-56,1,1.34959e-55,8.31908e-56,8.33419e-56,1,1.29928e-55
24616,0,12,1385.92,13,1459.19,2,2,0,0.00137631,3.56998e-54,2.6691e-54,1,4.61249e-54,2.85458e-54,2.85976e-54,1,4.45831e-54
24617,0,12,1385.92,13,1459.19,2,2,0,0.00137562,1.13691e-52,8.50012e-53,1,1.46891e-52,9.12638e-53,9.14296e-53,1,1.42537e-52
24618,0,12,1385.92,13,1459.19,2,2,0,0.00137493,3.3785e-51,2.52594e-51,1,4.36509e-51,2.72245e-51,2.7274e-51,1,4.25196e-51
24619,0,12,1385.92,13,1459.19,2,2,0,0.00137425,9.38128e-50,7.01394e-50,1,1.21208e-49,7.58804e-50,7.60182e-50,1,1.18511e-49
24620,0,12,1385.92,13,1459.19,2,2,0,0.00137356,2.43742e-48,1.82234e-48,1,3.1492e-48,1.97877e-48,1.98236e-48,1,3.09046e-48
24621,0,12,1385.92,13,1459.19,2,2,0,0.00137287,5.93341e-47,4.43613e-47,1,7.66609e-47,4.83431e-47,4.84309e-47,1,7.55029e-47
24622,0,12,1385.92,13,1454.18,2,2,13,0.00137219,1.35504e-45,1.0131e-45,1,1.75074e-45,1.10794e-45,1.10995e-45,1,1.73039e-45
24623,0,12,1385.92,13,1454.18,2,2,0,0.0013715,6.57047e-50,4.91244e-50,1,8.4892e-50,5.39095e-50,5.40074e-50,1,8.41965e-50
24624,0,12,1385.92,13,1454.18,2,2,0,0.00137082,1.71932e-48,1.28546e-48,1,2.22141e-48,1.41547e-48,1.41804e-48,1,2.2107e-48
24625,0,12,1385.92,13,1454.18,2,2,0,0.00137013,4.21467e-47,3.15111e-47,1,5.44545e-47,3.48137e-47,3.48769e-47,1,5.43724e-47
24626,0,12,1385.92,13,1454.18,2,2,0,0.00136944,9.69128e-46,7.24572e-46,1,1.25214e-45,8.03124e-46,8.04583e-46,1,1.25433e-45
24627,0,12,1385.92,13,1454.18,2,2,0,0.00136876,2.09299e-44,1.56483e-44,1,2.70419e-44,1.74002e-44,1.74318e-44,1,2.71759e-44
24628,0,12,1385.92,13,1454.18,2,2,0,0.00136808,4.25074e-43,3.17808e-43,1,5.49205e-43,3.54497e-43,3.5514e-43,1,5.53657e-43
24629,0,12,1385.92,13,1454.18,2,2,0,0.00136739,8.12846e-42,6.07727e-42,1,1.05021e-41,6.79967e-42,6.81202e-42,1,1.06198e-41
24630,0,12,1385.92,13,1454.18,2,2,0,0.00136671,1.46528e-40,1.09552e-40,1,1.89318e-40,1.22944e-40,1.23167e-40,1,1.92015e-40
24631,0,12,1385.92,13,1454.18,2,2,0,0.00136602,2.49296e-39,1.86387e-39,1,3.22096e-39,2.09788e-39,2.10169e-39,1,3.27649e-39
24632,0,12,1385.92,13,1454.18,2,2,0,0.00136534,4.00769e-38,2.99636e-38,1,5.17803e-38,3.3823e-38,3.38844e-38,1,5.28252e-38
24633,0,12,1385.92,13,1454.18,2,2,0,0.00136466,6.09466e-37,4.55669e-37,1,7.87444e-37,5.15817e-37,5.16754e-37,1,8.0561e-37
24634,0,12,1385.92,13,1454.18,2,2,0,0.00136398,8.77735e-36,6.56241e-36,1,1.13405e-35,7.44927e-36,7.4628e-36,1,1.16344e-35
24635,0,12,1385.92,13,1454.18,2,2,0,0.00136329,1.19842e-34,8.96002e-35,1,1.54839e-34,1.01986e-34,1.02171e-34,1,1.59283e-34
24636,0,12,1385.92,13,1454.18,2,2,9,0.00136261,1.55292e-33,1.16105e-33,1,2.00641e-33,1.32506e-33,1.32747e-33,1,2.0695e-33
24637,0,12,1385.92,13,1454.18,2,2,0,0.00136193,2.35933e-36,1.76396e-36,1,3.04831e-36,2.01841e-36,2.02208e-36,1,3.15238e-36
24638,0,12,1385.92,13,1454.18,2,2,0,0.00136125,3.3071e-35,2.47256e-35,1,4.27284e-35,2.83646e-35,2.84162e-35,1,4.43002e-35
24639,0,12,1385.92,13,1454.18,2,2,9,0.00136057,4.39715e-34,3.28754e-34,1,5.68121e-34,3.78085e-34,3.78772e-34,1,5.90498e-34
24640,0,12,1385.92,13,1454.18,2,2,0,0.00135989,6.85125e-37,5.12236e-37,1,8.85197e-37,5.90548e-37,5.91621e-37,1,9.22326e-37
24641,0,12,1385.92,13,1454.18,2,2,0,0.00135921,9.84391e-36,7.35983e-36,1,1.27186e-35,8.50547e-36,8.52092e-36,1,1.32839e-35
24642,0,12,1385.92,13,1454.18,2,2,0,0.00135853,1.34096e-34,1.00258e-34,1,1.73256e-34,1.16137e-34,1.16348e-34,1,1.81385e-34
24643,0,12,1385.92,13,1454.18,2,2,0,0.00135785,1.73373e-33,1.29623e-33,1,2.24002e-33,1.50501e-33,1.50775e-33,1,2.35055e-33
24644,0,12,1385.92,13,1454.18,2,2,0,0.00135717,2.12968e-32,1.59227e-32,1,2.7516e-32,1.85293e-32,1.85629e-32,1,2.89392e-32
24645,0,12,1385.92,13,1454.18,2,2,0,0.00135649,2.48807e-31,1.86021e-31,1,3.21464e-31,2.16954e-31,2.17349e-31,1,3.38842e-31
24646,0,12,1385.92,13,1454.18,2,2,0,0.00135582,2.76731e-30,2.06899e-30,1,3.57543e-30,2.41829e-30,2.42269e-30,1,3.77692e-30
24647,0,12,1385.92,13,1454.18,2,2,0,0.00135514,2.93312e-29,2.19296e-29,1,3.78966e-29,2.56866e-29,2.57333e-29,1,4.01177e-29
24648,0,12,1385.92,13,1454.18,2,2,0,0.00135446,2.96549e-28,2.21716e-28,1,3.83148e-28,2.60244e-28,2.60717e-28,1,4.06452e-28
24649,0,12,1385.92,13,1453.58,2,2,13,0.00135378,2.86264e-27,2.14026e-27,1,3.6986e-27,2.51734e-27,2.52191e-27,1,3.93161e-27
24650,0,12,1385.92,13,1453.58,2,2,0,0.00135311,5.96921e-32,4.46289e-32,1,7.71235e-32,5.25971e-32,5.26927e-32,1,8.21468e-32
24651,0,12,1385.92,13,1453.58,2,2,9,0.00135243,6.83142e-31,5.10753e-31,1,8.82635e-31,6.0313e-31,6.04225e-31,1,9.41975e-31
24652,0,12,1385.92,13,1453.58,2,2,0,0.00135175,9.18933e-34,6.87043e-34,1,1.18728e-33,8.12868e-34,8.14345e-34,1,1.26955e-33
24653,0,12,1385.92,13,1452.57,2,2,13,0.00135108,1.14322e-32,8.54734e-33,1,1.47707e-32,1.01318e-32,1.01502e-32,1,1.5824e-32
24654,0,12,1385.92,13,1447.8,2,2,13,0.0013504,3.0567e-37,2.28535e-37,1,3.94933e-37,2.71402e-37,2.71895e-37,1,4.23879e-37
24655,0,12,1385.92,13,1447.8,2,2,0,0.00134973,1.00886e-41,7.5428e-42,1,1.30348e-41,8.97389e-42,8.99019e-42,1,1.40155e-41
24656,0,12,1385.92,13,1447.41,2,2,13,0.00134905,1.81079e-40,1.35385e-40,1,2.33959e-40,1.61358e-40,1.61651e-40,1,2.5201e-40
24657,0,12,1385.92,13,1446.99,2,2,13,0.00134838,6.9342e-45,5.18438e-45,1,8.95914e-45,6.18975e-45,6.20099e-45,1,9.66723e-45
24658,0,12,1385.92,13,1446.99,2,2,0,0.0013477,3.25433e-49,2.43311e-49,1,4.20466e-49,2.90991e-49,2.91519e-49,1,4.54473e-49
24659,0,12,1385.92,13,1446.99,2,2,0,0.00134703,8.24755e-48,6.16631e-48,1,1.0656e-47,7.38703e-48,7.40045e-48,1,1.15372e-47
24660,0,12,1385.92,13,1446.99,2,2,9,0.00134636,1.95935e-46,1.46491e-46,1,2.53152e-46,1.7578e-46,1.76099e-46,1,2.74535e-46
24661,0,12,1385.92,13,1446.99,2,2,0,0.00134568,5.39178e-49,4.03118e-49,1,6.9663e-49,4.84492e-49,4.85372e-49,1,7.56685e-49
24662,0,12,1385.92,13,1446.99,2,2,0,0.00134501,1.35273e-47,1.01137e-47,1,1.74775e-47,1.21744e-47,1.21965e-47,1,1.90142e-47
24663,0,12,1385.92,13,1446.99,2,2,0,0.00134434,3.18199e-46,2.37903e-46,1,4.11121e-46,2.86819e-46,2.8734e-46,1,4.47957e-46
24664,0,12,1385.92,13,1446.99,2,2,0,0.00134366,7.02681e-45,5.25361e-45,1,9.07879e-45,6.34342e-45,6.35494e-45,1,9.90723e-45
24665,0,12,1385.92,13,1446.99,2,2,9,0.00134299,1.4586e-43,1.09053e-43,1,1.88454e-43,1.3187e-43,1.32109e-43,1,2.05956e-43
24666,0,12,1385.92,13,1446.99,2,2,9,0.00134232,3.51658e-46,2.62918e-46,1,4.54349e-46,3.1839e-46,3.18969e-46,1,4.97266e-46
24667,0,12,1385.92,13,1446.99,2,2,0,0.00134165,9.56445e-49,7.15089e-49,1,1.23575e-48,8.67198e-49,8.68773e-49,1,1.3544e-48
24668,0,12,1385.92,13,1446.99,2,2,0,0.00134098,2.37225e-47,1.77362e-47,1,3.065e-47,2.15389e-47,2.1578e-47,1,3.36397e-47
24669,0,12,1385.92,13,1446.99,2,2,0,0.00134031,5.51785e-46,4.12544e-46,1,7.12918e-46,5.0168e-46,5.02592e-46,1,7.83531e-46
24670,0,12,1385.92,13,1446.99,2,2,0,0.00133964,1.20517e-44,9.01047e-45,1,1.5571e-44,1.0972e-44,1.09919e-44,1,1.71362e-44
24671,0,12,1385.92,13,1446.99,2,2,0,0.00133897,2.4748e-43,1.85029e-43,1,3.19749e-43,2.25605e-43,2.26015e-43,1,3.52353e-43
24672,0,12,1385.92,13,1446.99,2,2,9,0.0013383,4.78389e-42,3.57669e-42,1,6.1809e-42,4.36666e-42,4.3746e-42,1,6.81991e-42
24673,0,12,1385.92,13,1446.99,2,2,9,0.00133763,1.07559e-44,8.04172e-45,1,1.38969e-44,9.83024e-45,9.8481e-45,1,1.5353e-44
24674,0,12,1385.92,13,1446.99,2,2,0,0.00133696,2.73199e-47,2.04258e-47,1,3.52979e-47,2.49995e-47,2.50449e-47,1,3.90445e-47
24675,0,12,1385.92,13,1446.99,2,2,9,0.00133629,6.33668e-46,4.73764e-46,1,8.18713e-46,5.8055e-46,5.81605e-46,1,9.06711e-46
24676,0,12,1385.92,13,1446.99,2,2,0,0.00133562,1.70328e-48,1.27347e-48,1,2.20068e-48,1.56236e-48,1.5652e-48,1,2.44011e-48
24677,0,12,1385.92,13,1446.99,2,2,0,0.00133496,4.17613e-47,3.1223e-47,1,5.39566e-47,3.83507e-47,3.84203e-47,1,5.98966e-47
24678,0,12,1385.92,13,1446.99,2,2,0,0.00133429,9.60444e-46,7.18079e-46,1,1.24092e-45,8.8301e-46,8.84614e-46,1,1.3791e-45
24679,0,12,1385.92,13,1446.99,2,2,0,0.00133362,2.07461e-44,1.55109e-44,1,2.68044e-44,1.90948e-44,1.91294e-44,1,2.98224e-44
24680,0,12,1385.92,13,1446.99,2,2,0,0.00133296,4.21415e-43,3.15072e-43,1,5.44477e-43,3.88297e-43,3.89002e-43,1,6.06447e-43
24681,0,12,1385.92,13,1446.99,2,2,0,0.00133229,8.05988e-42,6.02599e-42,1,1.04135e-41,7.43444e-42,7.44795e-42,1,1.16112e-41
24682,0,12,1385.92,13,1446.99,2,2,0,0.00133162,1.45317e-40,1.08646e-40,1,1.87752e-40,1.34181e-40,1.34425e-40,1,2.09566e-40
24683,0,12,1385.92,13,1446.99,2,2,0,0.00133096,2.47276e-39,1.84877e-39,1,3.19486e-39,2.28563e-39,2.28978e-39,1,3.56972e-39
24684,0,12,1385.92,13,1446.99,2,2,0,0.00133029,3.97586e-38,2.97256e-38,1,5.1369e-38,3.67869e-38,3.68537e-38,1,5.74543e-38
24685,0,12,1385.92,13,1446.99,2,2,0,0.00132963,6.04722e-37,4.52122e-37,1,7.81314e-37,5.60077e-37,5.61094e-37,1,8.74735e-37
24686,0,12,1385.92,13,1446.99,2,2,0,0.00132896,8.71039e-36,6.51235e-36,1,1.1254e-35,8.07515e-36,8.08982e-36,1,1.26119e-35
24687,0,12,1385.92,13,1446.99,2,2,0,0.0013283,1.18946e-34,8.89303e-35,1,1.53681e-34,1.10376e-34,1.10577e-34,1,1.72387e-34
24688,0,12,1385.92,13,1446.99,2,2,9,0.00132763,1.54154e-33,1.15254e-33,1,1.99171e-33,1.43181e-33,1.43441e-33,1,2.23622e-33
24689,0,12,1385.92,13,1446.99,2,2,0,0.00132697,2.34239e-36,1.7513e-36,1,3.02642e-36,2.17764e-36,2.18159e-36,1,3.40106e-36
24690,0,12,1385.92,13,1446.99,2,2,9,0.00132631,3.28382e-35,2.45516e-35,1,4.24277e-35,3.05558e-35,3.06113e-35,1,4.77225e-35
24691,0,12,1385.92,13,1446.99,2,2,0,0.00132564,5.38907e-38,4.02916e-38,1,6.9628e-38,5.01891e-38,5.02803e-38,1,7.8386e-38
24692,0,12,1385.92,13,1446.99,2,2,0,0.00132498,8.14698e-37,6.09112e-37,1,1.05261e-36,7.59391e-37,7.6077e-37,1,1.18603e-36
24693,0,12,1385.92,13,1446.99,2,2,0,0.00132432,1.16651e-35,8.72148e-36,1,1.50716e-35,1.08824e-35,1.09022e-35,1,1.69962e-35
24694,0,12,1385.92,13,1446.99,2,2,0,0.00132366,1.58367e-34,1.18404e-34,1,2.04614e-34,1.47862e-34,1.48131e-34,1,2.30933e-34
24695,0,12,1385.92,13,1446.99,2,2,0,0.00132299,2.04073e-33,1.52576e-33,1,2.63666e-33,1.9069e-33,1.91037e-33,1,2.97822e-33
24696,0,12,1385.92,13,1446.99,2,2,9,0.00132233,2.49863e-32,1.86811e-32,1,3.22829e-32,2.33663e-32,2.34087e-32,1,3.64938e-32
24697,0,12,1385.92,13,1446.99,2,2,0,0.00132167,3.59096e-35,2.68479e-35,1,4.6396e-35,3.36074e-35,3.36685e-35,1,5.24885e-35
24698,0,12,1385.92,13,1446.99,2,2,0,0.00132101,4.76672e-34,3.56385e-34,1,6.15871e-34,4.46452e-34,4.47263e-34,1,6.97274e-34
24699,0,12,1385.92,13,1446.99,2,2,0,0.00132035,6.00853e-33,4.49229e-33,1,7.76315e-33,5.6318e-33,5.64203e-33,1,8.79581e-33
24700,0,12,1385.92,13,1446.99,2,2,0,0.00131969,7.19956e-32,5.38277e-32,1,9.30199e-32,6.75308e-32,6.76535e-32,1,1.05471e-31
24701,0,12,1385.92,13,1446.99,2,2,0,0.00131903,8.20867e-31,6.13723e-31,1,1.06058e-30,7.70513e-31,7.71913e-31,1,1.2034e-30
24702,0,12,1385.92,13,1446.99,2,2,9,0.00131837,8.91457e-30,6.665e-30,1,1.15178e-29,8.3736e-30,8.38881e-30,1,1.3078e-29
24703,0,12,1385.92,13,1446.99,2,2,0,0.00131771,1.1391e-32,8.5165e-33,1,1.47174e-32,1.07071e-32,1.07265e-32,1,1.67225e-32
24704,0,12,1385.92,13,1446.99,2,2,0,0.00131705,1.34754e-31,1.00749e-31,1,1.74106e-31,1.2675e-31,1.2698e-31,1,1.97959e-31
24705,0,12,1385.92,13,1446.99,2,2,0,0.00131639,1.51728e-30,1.1344e-30,1,1.96036e-30,1.42809e-30,1.43068e-30,1,2.23041e-30
24706,0,12,1385.92,13,1446.99,2,2,0,0.00131573,1.62763e-29,1.2169e-29,1,2.10294e-29,1.53295e-29,1.53574e-29,1,2.39418e-29
24707,0,12,1385.92,13,1446.99,2,2,9,0.00131508,1.66509e-28,1.24491e-28,1,2.15134e-28,1.56923e-28,1.57208e-28,1,2.45084e-28
24708,1,12,1385.92,13,1446.99,2,2,0,0.00131442,2.00665e-31,1.50028e-31,1,2.59264e-31,1.8923e-31,1.89573e-31,1,2.95541e-31
24709,1,12,1385.92,13,1446.99,0,2,0,0.00131376,1,6.68891e-14,1.17883e-13,1.68896e-13,1.40427e-13,5.86211e-14,1,3.86307e-14
24710,1,12,1385.92,13,1446.99,0,2,9,0.00131311,1,2.6099e-13,4.5996e-13,6.59004e-13,5.48129e-13,2.28816e-13,1,1.50788e-13
24711,1,12,1385.92,13,1446.99,0,2,0,0.00131245,1,1.22297e-16,2.15532e-16,3.08803e-16,2.56943e-16,1.07261e-16,1,7.06839e-17
24712,1,12,1385.92,13,1446.99,0,2,0,0.00131179,1,5.41307e-16,9.5398e-16,1.36681e-15,1.13769e-15,4.74926e-16,1,3.12972e-16
24713,1,12,1385.92,13,1446.99,0,2,0,0.00131114,1,2.32568e-15,4.0987e-15,5.87239e-15,4.88972e-15,2.04121e-15,1,1.34514e-15
24714,1,12,1385.92,13,1446.99,0,2,0,0.00131048,1,9.70498e-15,1.71037e-14,2.45052e-14,2.04118e-14,8.52088e-15,1,5.61518e-15
24715,1,12,1385.92,13,1446.99,0,2,0,0.00130983,1,3.93578e-14,6.93627e-14,9.9379e-14,8.28067e-14,3.45676e-14,1,2.27797e-14
24716,1,12,1385.92,13,1446.99,0,2,0,0.00130917,1,1.55205e-13,2.73527e-13,3.91895e-13,3.26653e-13,1.36361e-13,1,8.98606e-14
24717,1,12,1385.92,13,1446.99,0,2,0,0.00130852,1,5.95473e-13,1.04944e-12,1.50358e-12,1.25368e-12,5.23348e-13,1,3.44881e-13
24718,1,12,1385.92,13,1446.99,0,2,0,0.00130786,1,2.22403e-12,3.91955e-12,5.61571e-12,4.68387e-12,1.95528e-12,1,1.28851e-12
24719,1,12,1385.92,13,1446.99,0,2,0,0.00130721,1,8.09046e-12,1.42583e-11,2.04286e-11,1.70441e-11,7.11506e-12,1,4.68876e-12
24720,1,12,1385.92,13,1446.99,0,2,0,0.00130655,1,2.86807e-11,5.05458e-11,7.24192e-11,6.04402e-11,2.52307e-11,1,1.66268e-11
24721,1,12,1385.92,13,1446.99,0,2,0,0.0013059,1,9.91318e-11,1.74706e-10,2.50309e-10,2.08969e-10,8.72339e-11,1,5.74863e-11
24722,1,12,1385.92,13,1446.99,0,2,0,0.00130525,1,3.34244e-10,5.8906e-10,8.43973e-10,7.04793e-10,2.94216e-10,1,1.93885e-10
24723,1,12,1385.92,13,1446.99,0,2,0,0.0013046,1,1.09991e-09,1.93845e-09,2.7773e-09,2.31997e-09,9.68471e-10,1,6.38213e-10
24724,1,12,1385.92,13,1446.99,0,2,0,0.00130394,1,3.53433e-09,6.22877e-09,8.92423e-09,7.45685e-09,3.11286e-09,1,2.05134e-09
24725,1,12,1385.92,13,1446.99,0,2,0,0.00130329,1,1.10947e-08,1.95529e-08,2.80143e-08,2.34146e-08,9.7744e-09,1,6.44124e-09
24726,1,12,1385.92,13,1446.99,0,2,0,0.00130264,1,3.40399e-08,5.99908e-08,8.59515e-08,7.18586e-08,2.99973e-08,1,1.9768e-08
24727,1,12,1385.92,13,1446.99,0,2,0,0.00130199,0.999999,1.02123e-07,1.79978e-07,2.57863e-07,2.15641e-07,9.00192e-08,1,5.93218e-08
24728,1,12,1385.92,13,1446.99,0,2,0,0.00130134,0.999998,2.99721e-07,5.28217e-07,7.568e-07,6.33051e-07,2.64267e-07,0.999999,1.74149e-07
24729,1,12,1385.92,13,1446.99,0,2,0,0.00130069,0.999995,8.60908e-07,1.51723e-06,2.17381e-06,1.81883e-06,7.59267e-07,0.999997,5.0035e-07
24730,1,12,1385.92,13,1446.99,0,2,0,0.00130004,0.999987,2.42119e-06,4.26702e-06,6.11355e-06,5.11652e-06,2.13589e-06,0.999991,1.40753e-06
24731,1,12,1385.92,13,1446.99,0,2,0,0.00129939,0.999965,6.66982e-06,1.17547e-05,1.68414e-05,1.40984e-05,5.88538e-06,0.999976,3.87841e-06
24732,1,12,1385.92,13,1446.99,0,2,0,0.00129874,0.999905,1.80045e-05,3.17305e-05,4.54617e-05,3.80673e-05,1.58912e-05,0.999936,1.04721e-05
24733,1,12,1385.92,13,1446.99,0,2,0,0.00129809,0.999748,4.76409e-05,8.39607e-05,0.000120294,0.000100757,4.2061e-05,0.999829,2.77178e-05
24734,1,12,1385.92,13,1446.99,0,2,0,0.00129744,0.999346,0.0001236,0.000217829,0.000312093,0.000261501,0.000109163,0.999557,7.19377e-05
24735,1,12,1385.92,13,1446.99,0,2,0,0.00129679,0.998338,0.00031442,0.000554122,0.000793915,0.000665587,0.000277849,0.998873,0.0001831
24736,1,12,1385.92,13,1446.99,0,2,0,0.00129614,0.995855,0.000783862,0.00138145,0.00197927,0.00166104,0.0006934,0.997189,0.000456944
24737,1,12,1385.92,13,1446.99,0,2,0,0.00129549,0.989891,0.00191199,0.00336962,0.0048278,0.0040603,0.00169497,0.993128,0.00111697
24738,1,12,1385.92,13,1446.99,0,2,0,0.00129485,0.975977,0.00454354,0.00800738,0.0114725,0.00969435,0.0040469,0.983592,0.00266687
24739,1,12,1385.92,13,1446.99,0,2,9,0.0012942,0.944918,0.0104176,0.0183595,0.0263045,0.0224585,0.0093753,0.961988,0.00617824
24740,1,12,1385.92,13,1446.99,0,2,0,0.00129355,0.999983,3.16696e-06,5.58133e-06,7.99662e-06,6.70771e-06,2.80013e-06,0.999989,1.84526e-06
24741,1,12,1385.92,13,1446.99,0,2,0,0.0012929,0.999954,8.67744e-06,1.52928e-05,2.19107e-05,1.8383e-05,7.67397e-06,0.999969,5.05708e-06
24742,1,12,1385.92,13,1446.99,0,2,0,0.00129226,0.999877,2.33005e-05,4.1064e-05,5.88342e-05,4.93727e-05,2.06106e-05,0.999916,1.35822e-05
24743,1,12,1385.92,13,1446.99,0,2,0,0.00129161,0.999676,6.13346e-05,0.000108094,0.000154871,0.000129999,5.4268e-05,0.99978,3.57621e-05
24744,1,12,1385.92,13,1446.99,0,2,0,0.00129097,0.999163,0.000158307,0.000278995,0.000399729,0.000335652,0.000140118,0.999432,9.23364e-05
24745,1,12,1385.92,13,1446.99,0,2,0,0.00129032,0.997882,0.00040061,0.000706021,0.00101155,0.000849906,0.000354793,0.998561,0.000233805
24746,1,12,1385.92,13,1446.99,0,2,0,0.00128968,0.994748,0.00099325,0.00175047,0.00250797,0.00210972,0.000880701,0.996429,0.000580374
24747,1,12,1385.92,13,1446.99,0,2,0,0.00128903,0.987271,0.00240752,0.00424293,0.00607903,0.00512696,0.00214025,0.991322,0.0014104
24748,1,12,1385.92,13,1446.99,0,2,0,0.00128839,0.969996,0.00567462,0.0100007,0.0143285,0.0121542,0.00507377,0.979428,0.00334357
24749,1,12,1385.92,13,1446.99,0,2,9,0.00128774,0.932037,0.0128538,0.0226531,0.0324561,0.0278785,0.0116379,0.952814,0.00766925
24750,1,12,1385.92,13,1446.99,0,2,0,0.0012871,0.999979,3.94387e-06,6.95054e-06,9.95834e-06,8.36877e-06,3.49354e-06,0.999986,2.30221e-06
24751,1,12,1385.92,13,1446.99,0,2,9,0.00128645,0.999943,1.07588e-05,1.89609e-05,2.71662e-05,2.28339e-05,9.53199e-06,0.999961,6.28149e-06
24752,1,12,1385.92,13,1446.99,0,2,0,0.00128581,1,3.55041e-09,6.25711e-09,8.96484e-09,7.53627e-09,3.14601e-09,1,2.07319e-09
24753,1,12,1385.92,13,1446.99,0,2,0,0.00128517,1,1.11442e-08,1.96401e-08,2.81392e-08,2.3659e-08,9.87642e-09,1,6.50847e-09
24754,1,12,1385.92,13,1446.99,0,2,0,0.00128453,1,3.41887e-08,6.02529e-08,8.6327e-08,7.25935e-08,3.03041e-08,1,1.99701e-08
24755,1,12,1385.92,13,1446.99,0,2,0,0.00128388,0.999999,1.0256e-07,1.80749e-07,2.58967e-07,2.17802e-07,9.09213e-08,1,5.99163e-08
24756,0,12,1385.92,12,1434.02,0,2,13,0.00128324,0.999998,3.00978e-07,5.30434e-07,7.59976e-07,6.39267e-07,2.66862e-07,0.999999,1.75859e-07
24757,0,12,1385.92,12,1434.02,2,2,0,0.0012826,1.50562e-28,1.12568e-28,1,1.9453e-28,1.42199e-28,1.42458e-28,1,2.22089e-28
24758,0,12,1385.92,12,1434.02,2,2,0,0.00128196,1.47325e-27,1.10148e-27,1,1.90347e-27,1.39222e-27,1.39475e-27,1,2.17438e-27
24759,0,12,1385.92,12,1434.02,2,2,0,0.00128132,1.37728e-26,1.02973e-26,1,1.77948e-26,1.30227e-26,1.30464e-26,1,2.0339e-26
24760,0,12,1385.92,12,1434.02,2,2,9,0.00128068,1.23128e-25,9.20567e-26,1,1.59084e-25,1.16486e-25,1.16698e-25,1,1.8193e-25
24761,0,12,1385.92,12,1434.02,2,2,0,0.00128004,1.3002e-28,9.721e-29,1,1.67989e-28,1.23074e-28,1.23298e-28,1,1.92219e-28
24762,0,12,1385.92,12,1434.02,2,2,0,0.0012794,1.27598e-27,9.5399e-28,1,1.64859e-27,1.20846e-27,1.21065e-27,1,1.88739e-27
24763,0,12,1385.92,12,1434.02,2,2,0,0.00127876,1.1963e-26,8.94417e-27,1,1.54565e-26,1.13359e-26,1.13565e-26,1,1.77045e-26
24764,0,12,1385.92,12,1434.02,2,2,0,0.00127812,1.0725e-25,8.01856e-26,1,1.38569e-25,1.0168e-25,1.01864e-25,1,1.58805e-25
24765,0,12,1385.92,12,1434.02,2,2,0,0.00127748,9.2024e-25,6.8802e-25,1,1.18897e-24,8.72886e-25,8.74471e-25,1,1.36328e-24
24766,0,12,1385.92,12,1434.02,2,2,0,0.00127684,7.56373e-24,5.65505e-24,1,9.77251e-24,7.17804e-24,7.19108e-24,1,1.12108e-23
24767,0,12,1385.92,12,1434.02,2,2,0,0.0012762,5.96039e-23,4.4563e-23,1,7.70095e-23,5.65919e-23,5.66947e-23,1,8.83859e-23
24768,0,12,1385.92,12,1434.02,2,2,0,0.00127556,4.50694e-22,3.36963e-22,1,5.82307e-22,4.28121e-22,4.28899e-22,1,6.68645e-22
24769,0,12,1385.92,12,1434.02,2,2,0,0.00127493,3.27278e-21,2.44691e-21,1,4.22851e-21,3.11031e-21,3.11596e-21,1,4.85772e-21
24770,0,12,1385.92,12,1434.02,2,2,0,0.00127429,2.28419e-20,1.70778e-20,1,2.95122e-20,2.17178e-20,2.17572e-20,1,3.39191e-20
24771,0,12,1385.92,12,1434.02,2,2,0,0.00127365,1.53345e-19,1.14649e-19,1,1.98125e-19,1.45864e-19,1.46129e-19,1,2.27812e-19
24772,0,12,1385.92,12,1434.02,2,2,0,0.00127301,9.90991e-19,7.40918e-19,1,1.28038e-18,9.43053e-19,9.44766e-19,1,1.47287e-18
24773,0,12,1385.92,12,1434.02,2,2,9,0.00127238,6.16966e-18,4.61277e-18,1,7.97134e-18,5.87372e-18,5.88439e-18,1,9.17365e-18
24774,0,12,1385.92,12,1434.02,2,2,0,0.00127174,4.57003e-21,3.4168e-21,1,5.90458e-21,4.35264e-21,4.36054e-21,1,6.798e-21
24775,0,12,1385.92,12,1434.02,2,2,0,0.00127111,3.16835e-20,2.36883e-20,1,4.09358e-20,3.01888e-20,3.02436e-20,1,4.71492e-20
24776,0,12,1385.92,12,1434.02,2,2,0,0.00127047,2.11315e-19,1.5799e-19,1,2.73023e-19,2.01426e-19,2.01792e-19,1,3.1459e-19
24777,0,12,1385.92,12,1434.02,2,2,0,0.00126983,1.35689e-18,1.01448e-18,1,1.75313e-18,1.2939e-18,1.29625e-18,1,2.02084e-18
24778,0,12,1385.92,12,1434.02,2,2,0,0.0012692,8.39472e-18,6.27634e-18,1,1.08462e-17,8.00814e-18,8.02269e-18,1,1.25072e-17
24779,0,12,1385.92,12,1434.02,2,2,0,0.00126856,5.00771e-17,3.74403e-17,1,6.47008e-17,4.77891e-17,4.7876e-17,1,7.46377e-17
24780,0,12,1385.92,12,1434.02,2,2,0,0.00126793,2.88243e-16,2.15506e-16,1,3.72417e-16,2.75176e-16,2.75676e-16,1,4.29773e-16
24781,0,12,1385.92,12,1434.02,2,2,0,0.0012673,1.60205e-15,1.19778e-15,1,2.06989e-15,1.52998e-15,1.53276e-15,1,2.38954e-15
24782,0,12,1385.92,12,1434.02,2,2,0,0.00126666,8.60393e-15,6.43275e-15,1,1.11165e-14,8.21979e-15,8.23472e-15,1,1.28378e-14
24783,0,12,1385.92,12,1434.02,2,2,0,0.00126603,4.46803e-14,3.34053e-14,1,5.77279e-14,4.27003e-14,4.27779e-14,1,6.66899e-14
24784,0,12,1385.92,12,1434.02,2,2,0,0.0012654,2.24505e-13,1.67852e-13,1,2.90066e-13,2.1463e-13,2.1502e-13,1,3.35212e-13
24785,0,12,1385.92,12,1434.02,2,2,0,0.00126476,1.09223e-12,8.16611e-13,1,1.41119e-12,1.04454e-12,1.04644e-12,1,1.63137e-12
24786,0,12,1385.92,12,1434.02,2,2,0,0.00126413,5.14827e-12,3.84912e-12,1,6.65169e-12,4.92509e-12,4.93404e-12,1,7.69207e-12
24787,0,12,1385.92,12,1433.75,2,2,13,0.0012635,2.35256e-11,1.7589e-11,1,3.03957e-11,2.2513e-11,2.25539e-11,1,3.51611e-11
24788,0,12,1385.92,12,1433.75,2,2,0,0.00126287,2.35719e-16,1.76236e-16,1,3.04555e-16,2.25645e-16,2.26054e-16,1,3.52414e-16
24789,0,12,1385.92,12,1433.75,2,2,9,0.00126224,1.31541e-15,9.83469e-16,1,1.69954e-15,1.25958e-15,1.26186e-15,1,1.96722e-15
24790,0,12,1385.92,12,1433.75,2,2,0,0.00126161,8.7527e-19,6.54398e-19,1,1.13087e-18,8.38373e-19,8.39896e-19,1,1.30938e-18
24791,0,12,1385.92,12,1433.75,2,2,0,0.00126097,5.46276e-18,4.08425e-18,1,7.05801e-18,5.23403e-18,5.24354e-18,1,8.17458e-18
24792,0,12,1385.92,12,1433.75,2,2,0,0.00126034,3.28683e-17,2.45741e-17,1,4.24665e-17,3.15012e-17,3.15585e-17,1,4.9199e-17
24793,0,12,1385.92,12,1433.75,2,2,0,0.00125971,1.90789e-16,1.42644e-16,1,2.46504e-16,1.82907e-16,1.83239e-16,1,2.85666e-16
24794,0,12,1385.92,12,1433.75,2,2,0,0.00125908,1.06919e-15,7.99386e-16,1,1.38142e-15,1.0253e-15,1.02717e-15,1,1.60133e-15
24795,0,12,1385.92,12,1433.75,2,2,0,0.00125845,5.78879e-15,4.32801e-15,1,7.47925e-15,5.55269e-15,5.56278e-15,1,8.67226e-15
24796,0,12,1385.92,12,1433.75,2,2,0,0.00125783,3.03005e-14,2.26542e-14,1,3.91489e-14,2.90724e-14,2.91252e-14,1,4.54057e-14
24797,0,12,1385.92,12,1433.75,2,2,0,0.0012572,1.53438e-13,1.14718e-13,1,1.98246e-13,1.47258e-13,1.47526e-13,1,2.2999e-13
24798,0,12,1385.92,12,1433.75,2,2,0,0.00125657,7.5219e-13,5.62377e-13,1,9.71847e-13,7.22081e-13,7.23393e-13,1,1.12776e-12
24799,0,12,1385.92,12,1433.75,2,2,0,0.00125594,3.57202e-12,2.67063e-12,1,4.61513e-12,3.42991e-12,3.43614e-12,1,5.35687e-12
24800,0,12,1385.92,12,1433.75,2,2,0,0.00125531,1.64425e-11,1.22933e-11,1,2.12441e-11,1.57923e-11,1.5821e-11,1,2.46646e-11
24801,0,12,1385.92,12,1429.3,2,2,13,0.00125468,7.34112e-11,5.48861e-11,1,9.48489e-11,7.05251e-11,7.06532e-11,1,1.10147e-10
24802,0,12,1385.92,12,1427.45,2,2,13,0.00125406,7.19005e-16,5.37566e-16,1,9.28971e-16,6.90902e-16,6.92157e-16,1,1.07906e-15
24803,0,12,1385.92,12,1427.45,2,2,0,0.00125343,8.86915e-21,6.63105e-21,1,1.14591e-20,8.52448e-21,8.53996e-21,1,1.33136e-20
24804,0,12,1385.92,12,1427.45,2,2,0,0.0012528,6.06789e-20,4.53667e-20,1,7.83984e-20,5.83341e-20,5.844e-20,1,9.11069e-20
24805,0,12,1385.92,12,1427.45,2,2,0,0.00125218,3.99475e-19,2.98669e-19,1,5.16131e-19,3.84124e-19,3.84822e-19,1,5.9993e-19
24806,0,12,1385.92,12,1427.45,2,2,0,0.00125155,2.53264e-18,1.89353e-18,1,3.27222e-18,2.43585e-18,2.44027e-18,1,3.80434e-18
24807,0,12,1385.92,12,1427.45,2,2,0,0.00125092,1.54744e-17,1.15695e-17,1,1.99933e-17,1.48862e-17,1.49133e-17,1,2.32495e-17
24808,0,12,1385.92,12,1427.45,2,2,0,0.0012503,9.11875e-17,6.81766e-17,1,1.17816e-16,8.774e-17,8.78993e-17,1,1.37033e-16
24809,0,12,1385.92,12,1427.45,2,2,0,0.00124967,5.1862e-16,3.87748e-16,1,6.70069e-16,4.99116e-16,5.00023e-16,1,7.79525e-16
24810,0,12,1385.92,12,1427.45,2,2,9,0.00124905,2.84882e-15,2.12993e-15,1,3.68074e-15,2.74224e-15,2.74722e-15,1,4.28286e-15
24811,0,12,1385.92,12,1427.45,2,2,0,0.00124842,1.86653e-18,1.39552e-18,1,2.4116e-18,1.79705e-18,1.80032e-18,1,2.80666e-18
24812,0,12,1385.92,12,1427.45,2,2,0,0.0012478,1.14743e-17,8.57881e-18,1,1.48251e-17,1.10494e-17,1.10694e-17,1,1.7257e-17
24813,0,12,1385.92,12,1427.45,2,2,9,0.00124718,6.80214e-17,5.08564e-17,1,8.78852e-17,6.55147e-17,6.56337e-17,1,1.02322e-16
24814,0,12,1385.92,12,1427.45,2,2,0,0.00124655,4.80237e-20,3.5905e-20,1,6.20477e-20,4.62626e-20,4.63466e-20,1,7.22534e-20
24815,0,12,1385.92,12,1427.45,2,2,0,0.00124593,3.17643e-19,2.37487e-19,1,4.10402e-19,3.0605e-19,3.06606e-19,1,4.77993e-19
24816,0,12,1385.92,12,1427.45,2,2,0,0.00124531,2.02308e-18,1.51256e-18,1,2.61387e-18,1.9496e-18,1.95314e-18,1,3.04491e-18
24817,0,12,1385.92,12,1427.45,2,2,0,0.00124468,1.24167e-17,9.28338e-18,1,1.60427e-17,1.19678e-17,1.19895e-17,1,1.86914e-17
24818,0,12,1385.92,12,1427.45,2,2,0,0.00124406,7.34918e-17,5.49464e-17,1,9.49531e-17,7.0847e-17,7.09757e-17,1,1.1065e-16
24819,0,12,1385.92,12,1427.45,2,2,0,0.00124344,4.19785e-16,3.13854e-16,1,5.42372e-16,4.04747e-16,4.05482e-16,1,6.32138e-16
24820,0,12,1385.92,12,1427.09,2,2,13,0.00124282,2.31569e-15,1.73133e-15,1,2.99192e-15,2.2331e-15,2.23715e-15,1,3.48768e-15
24821,0,12,1385.92,12,1427.09,2,2,0,0.0012422,2.79043e-20,2.08627e-20,1,3.6053e-20,2.69134e-20,2.69623e-20,1,4.20337e-20
24822,0,12,1385.92,12,1427.09,2,2,0,0.00124158,1.86582e-19,1.39499e-19,1,2.41068e-19,1.79986e-19,1.80312e-19,1,2.81104e-19
24823,0,12,1385.92,12,1427.09,2,2,0,0.00124095,1.20106e-18,8.97979e-19,1,1.5518e-18,1.15878e-18,1.16088e-18,1,1.8098e-18
24824,0,12,1385.92,12,1427.09,2,2,0,0.00124033,7.44882e-18,5.56914e-18,1,9.62405e-18,7.18768e-18,7.20074e-18,1,1.12258e-17
24825,0,12,1385.92,12,1427.09,2,2,0,0.00123971,4.45409e-17,3.33011e-17,1,5.75478e-17,4.29858e-17,4.30639e-17,1,6.71357e-17
24826,0,12,1385.92,12,1427.09,2,2,0,0.00123909,2.56978e-16,1.92131e-16,1,3.32022e-16,2.48043e-16,2.48493e-16,1,3.87396e-16
24827,0,12,1385.92,12,1427.09,2,2,0,0.00123847,1.43157e-15,1.07032e-15,1,1.84962e-15,1.38199e-15,1.3845e-15,1,2.1584e-15
24828,0,12,1385.92,12,1427.09,2,2,0,0.00123786,7.70564e-15,5.76114e-15,1,9.95586e-15,7.43981e-15,7.45332e-15,1,1.16196e-14
24829,0,12,1385.92,12,1427.09,2,2,0,0.00123724,4.01038e-14,2.99837e-14,1,5.1815e-14,3.87256e-14,3.8796e-14,1,6.04821e-14
24830,0,12,1385.92,12,1427.09,2,2,0,0.00123662,2.01946e-13,1.50985e-13,1,2.60918e-13,1.95032e-13,1.95386e-13,1,3.04604e-13
24831,0,12,1385.92,12,1427.09,2,2,9,0.001236,9.84562e-13,7.36111e-13,1,1.27208e-12,9.50982e-13,9.52709e-13,1,1.48525e-12
24832,0,12,1385.92,12,1422.87,2,2,13,0.00123538,5.73906e-16,4.29083e-16,1,7.41499e-16,5.54404e-16,5.55411e-16,1,8.65875e-16
24833,0,12,1385.92,12,1422.87,2,2,0,0.00123476,7.1113e-21,5.31678e-21,1,9.18795e-21,6.87052e-21,6.883e-21,1,1.07305e-20
24834,0,12,1385.92,12,1422.87,2,2,0,0.00123415,4.88678e-20,3.65362e-20,1,6.31383e-20,4.72191e-20,4.73049e-20,1,7.37474e-20
24835,0,12,1385.92,12,1422.87,2,2,0,0.00123353,3.23114e-19,2.41577e-19,1,4.1747e-19,3.12251e-19,3.12818e-19,1,4.87677e-19
24836,0,12,1385.92,12,1422.87,2,2,0,0.00123291,2.05722e-18,1.53809e-18,1,2.65798e-18,1.9883e-18,1.99191e-18,1,3.10535e-18
24837,0,12,1385.92,12,1422.87,2,2,0,0.0012323,1.2622e-17,9.43689e-18,1,1.63079e-17,1.22005e-17,1.22227e-17,1,1.9055e-17
24838,0,12,1385.92,12,1422.87,2,2,0,0.00123168,7.46825e-17,5.58366e-17,1,9.64915e-17,7.21971e-17,7.23282e-17,1,1.12758e-16
24839,0,12,1385.92,12,1422.87,2,2,0,0.00123106,4.26449e-16,3.18836e-16,1,5.50982e-16,4.12304e-16,4.13053e-16,1,6.43941e-16
24840,0,12,1385.92,12,1422.87,2,2,0,0.00123045,2.35171e-15,1.75826e-15,1,3.03846e-15,2.27395e-15,2.27808e-15,1,3.55148e-15
24841,0,12,1385.92,12,1422.87,2,2,0,0.00122983,1.25334e-14,9.37063e-15,1,1.61934e-14,1.21203e-14,1.21423e-14,1,1.89296e-14
24842,0,12,1385.92,12,1422.87,2,2,0,0.00122922,6.45982e-14,4.8297e-14,1,8.34623e-14,6.24757e-14,6.25891e-14,1,9.75753e-14
24843,0,12,1385.92,12,1422.87,2,2,0,0.0012286,3.22202e-13,2.40896e-13,1,4.16293e-13,3.11648e-13,3.12214e-13,1,4.86736e-13
24844,0,12,1385.92,12,1422.87,2,2,0,0.00122799,1.55625e-12,1.16353e-12,1,2.01071e-12,1.50543e-12,1.50816e-12,1,2.35119e-12
24845,0,12,1385.92,12,1422.87,2,2,0,0.00122738,7.28368e-12,5.44566e-12,1,9.41067e-12,7.04651e-12,7.05931e-12,1,1.10053e-11
24846,0,12,1385.92,12,1422.87,2,2,0,0.00122676,3.30534e-11,2.47125e-11,1,4.27058e-11,3.19803e-11,3.20384e-11,1,4.99472e-11
24847,0,12,1385.92,12,1422.87,2,2,0,0.00122615,1.45528e-10,1.08804e-10,1,1.88025e-10,1.40816e-10,1.41072e-10,1,2.19929e-10
24848,0,12,1385.92,12,1422.87,2,2,0,0.00122554,6.22013e-10,4.6505e-10,1,8.03655e-10,6.01932e-10,6.03026e-10,1,9.40105e-10
24849,0,12,1385.92,12,1422.87,2,2,0,0.00122492,2.58248e-09,1.9308e-09,1,3.33662e-09,2.49934e-09,2.50388e-09,1,3.90349e-09
24850,0,12,1385.92,12,1422.87,2,2,0,0.00122431,1.0421e-08,7.79128e-09,1,1.34641e-08,1.00864e-08,1.01047e-08,1,1.57531e-08
24851,0,12,1385.92,12,1422.87,2,2,0,0.0012237,4.08944e-08,3.05748e-08,1,5.28364e-08,3.95849e-08,3.96568e-08,1,6.18241e-08
24852,0,12,1385.92,12,1422.87,2,2,0,0.00122309,1.5615e-07,1.16746e-07,1,2.0175e-07,1.51163e-07,1.51438e-07,0.999999,2.36089e-07
24853,0,12,1385.92,12,1422.87,2,2,9,0.00122247,5.80476e-07,4.33995e-07,0.999998,7.49989e-07,5.61985e-07,5.63006e-07,0.999998,8.77715e-07
24854,0,12,1385.92,12,1422.87,2,2,0,0.00122186,2.59401e-10,1.93942e-10,1,3.35152e-10,2.51159e-10,2.51615e-10,1,3.92263e-10
24855,0,12,1385.92,12,1422.87,2,2,0,0.00122125,1.09599e-09,8.19419e-10,1,1.41604e-09,1.06125e-09,1.06318e-09,1,1.65747e-09
24856,0,12,1385.92,12,1422.04,2,2,13,0.00122064,4.49907e-09,3.36374e-09,1,5.8129e-09,4.35682e-09,4.36473e-09,1,6.80453e-09
24857,0,12,1385.92,12,1422.04,2,2,0,0.00122003,4.05831e-14,3.03421e-14,1,5.24343e-14,3.9303e-14,3.93744e-14,1,6.13839e-14
24858,0,12,1385.92,12,1422.04,2,2,0,0.00121942,2.04311e-13,1.52754e-13,1,2.63974e-13,1.97881e-13,1.98241e-13,1,3.09054e-13
24859,0,12,1385.92,12,1422.04,2,2,0,0.00121881,9.9586e-13,7.44558e-13,1,1.28667e-12,9.64595e-13,9.66347e-13,1,1.50652e-12
24860,0,12,1385.92,12,1422.04,2,2,0,0.0012182,4.7027e-12,3.51599e-12,1,6.076e-12,4.55539e-12,4.56367e-12,1,7.11467e-12
24861,0,12,1385.92,12,1422.04,2,2,0,0.00121759,2.15285e-11,1.60958e-11,1,2.78153e-11,2.08556e-11,2.08935e-11,1,3.25726e-11
24862,0,12,1385.92,12,1422.04,2,2,0,0.00121698,9.56018e-11,7.1477e-11,1,1.2352e-10,9.26204e-11,9.27887e-11,1,1.44656e-10
24863,0,12,1385.92,12,1422.04,2,2,0,0.00121638,4.12069e-10,3.08085e-10,1,5.32402e-10,3.99246e-10,3.99971e-10,1,6.23547e-10
24864,0,12,1385.92,12,1422.04,2,2,0,0.00121577,1.72498e-09,1.28968e-09,1,2.22871e-09,1.67141e-09,1.67445e-09,1,2.61043e-09
24865,0,12,1385.92,12,1422.04,2,2,0,0.00121516,7.01715e-09,5.24639e-09,1,9.06632e-09,6.7997e-09,6.81206e-09,1,1.06199e-08
24866,0,12,1385.92,12,1422.04,2,2,0,0.00121455,2.77556e-08,2.07516e-08,1,3.58608e-08,2.68973e-08,2.69461e-08,1,4.20085e-08
24867,0,12,1385.92,12,1422.04,2,2,0,0.00121394,1.06806e-07,7.9854e-08,1,1.37996e-07,1.0351e-07,1.03698e-07,1,1.61663e-07
24868,0,12,1385.92,12,1422.04,2,2,0,0.00121334,4.00071e-07,2.99114e-07,0.999999,5.16901e-07,3.87748e-07,3.88452e-07,0.999999,6.0559e-07
24869,0,12,1385.92,12,1422.04,2,2,0,0.00121273,1.45951e-06,1.0912e-06,0.999996,1.88571e-06,1.41464e-06,1.41721e-06,0.999995,2.2094e-06
24870,0,12,1385.92,12,1422.04,2,2,9,0.00121212,5.18836e-06,3.87909e-06,0.999984,6.70347e-06,5.02915e-06,5.03828e-06,0.999982,7.85459e-06
24871,0,12,1385.92,12,1422.04,2,2,0,0.00121152,2.21921e-09,1.6592e-09,1,2.86727e-09,2.15124e-09,2.15515e-09,1,3.35984e-09
24872,0,12,1385.92,12,1422.04,2,2,0,0.00121091,8.9823e-09,6.71565e-09,1,1.16053e-08,8.70771e-09,8.72353e-09,1,1.35998e-08
24873,0,12,1385.92,12,1422.04,2,2,0,0.00121031,3.53535e-08,2.64322e-08,1,4.56776e-08,3.42747e-08,3.4337e-08,1,5.35307e-08
24874,0,12,1385.92,12,1422.04,2,2,0,0.0012097,1.35387e-07,1.01223e-07,1,1.74923e-07,1.31263e-07,1.31501e-07,1,2.05008e-07
24875,0,12,1385.92,12,1422.04,2,2,9,0.0012091,5.04729e-07,3.77362e-07,0.999998,6.52121e-07,4.8938e-07,4.90269e-07,0.999998,7.6432e-07
24876,0,12,1385.92,12,1422.04,2,2,0,0.00120849,2.26183e-10,1.69106e-10,1,2.92234e-10,2.19317e-10,2.19715e-10,1,3.42532e-10
24877,0,12,1385.92,12,1422.04,2,2,9,0.00120789,9.58261e-10,7.16447e-10,1,1.2381e-09,9.2922e-10,9.30908e-10,1,1.45127e-09
24878,0,12,1385.92,12,1422.04,2,2,0,0.00120728,4.86762e-13,3.63929e-13,1,6.28908e-13,4.72034e-13,4.72892e-13,1,7.37229e-13
24879,0,12,1385.92,12,1422.04,2,2,0,0.00120668,2.33176e-12,1.74335e-12,1,3.01268e-12,2.26132e-12,2.26543e-12,1,3.53176e-12
24880,0,12,1385.92,12,1422.04,2,2,0,0.00120608,1.08254e-11,8.09362e-12,1,1.39866e-11,1.04989e-11,1.05179e-11,1,1.63973e-11
24881,0,12,1385.92,12,1422.04,2,2,9,0.00120547,4.87379e-11,3.64391e-11,1,6.29705e-11,4.72703e-11,4.73561e-11,1,7.38273e-11
24882,0,12,1385.92,12,1422.04,2,2,0,0.00120487,2.62768e-14,1.96459e-14,1,3.39502e-14,2.54867e-14,2.5533e-14,1,3.98055e-14
24883,0,12,1385.92,12,1422.04,2,2,9,0.00120427,1.33442e-13,9.97686e-14,1,1.72411e-13,1.29436e-13,1.29671e-13,1,2.02155e-13
24884,0,12,1385.92,12,1422.04,2,2,0,0.00120367,8.09563e-17,6.05272e-17,1,1.04597e-16,7.85293e-17,7.8672e-17,1,1.22648e-16
24885,0,12,1385.92,12,1422.04,2,2,0,0.00120307,4.61529e-16,3.45063e-16,1,5.96305e-16,4.47713e-16,4.48526e-16,1,6.99243e-16
24886,0,12,1385.92,12,1422.04,2,2,0,0.00120246,2.54114e-15,1.89989e-15,1,3.2832e-15,2.46517e-15,2.46965e-15,1,3.85014e-15
24887,0,12,1385.92,12,1422.04,2,2,0,0.00120186,1.3522e-14,1.01097e-14,1,1.74707e-14,1.31183e-14,1.31421e-14,1,2.04884e-14
24888,0,12,1385.92,12,1422.04,2,2,0,0.00120126,6.95877e-14,5.20274e-14,1,8.99089e-14,6.75132e-14,6.76358e-14,1,1.05443e-13
24889,0,12,1385.92,12,1422.04,2,2,9,0.00120066,3.46573e-13,2.59116e-13,1,4.4778e-13,3.36255e-13,3.36866e-13,1,5.25167e-13
24890,0,12,1385.92,12,1422.04,2,2,0,0.00120006,2.06282e-16,1.54227e-16,1,2.66521e-16,2.00149e-16,2.00512e-16,1,3.12595e-16
24891,0,12,1385.92,12,1422.04,2,2,0,0.00119946,1.15421e-15,8.6295e-16,1,1.49127e-15,1.11994e-15,1.12197e-15,1,1.74913e-15
24892,0,12,1385.92,12,1422.04,2,2,0,0.00119886,6.23954e-15,4.66501e-15,1,8.06163e-15,6.0545e-15,6.06549e-15,1,9.45599e-15
24893,0,12,1385.92,12,1422.04,2,2,0,0.00119826,3.26109e-14,2.43816e-14,1,4.2134e-14,3.16449e-14,3.17024e-14,1,4.94235e-14
24894,0,12,1385.92,12,1422.04,2,2,0,0.00119766,1.64895e-13,1.23284e-13,1,2.13048e-13,1.60017e-13,1.60308e-13,1,2.49917e-13
24895,0,12,1385.92,12,1422.04,2,2,0,0.00119706,8.07192e-13,6.035e-13,1,1.04291e-12,7.83341e-13,7.84764e-13,1,1.22343e-12
24896,0,12,1385.92,12,1422.04,2,2,0,0.00119647,3.82781e-12,2.86188e-12,1,4.94562e-12,3.71484e-12,3.72158e-12,1,5.80188e-12
24897,0,12,1385.92,12,1422.04,2,2,0,0.00119587,1.75956e-11,1.31554e-11,1,2.27339e-11,1.70769e-11,1.71079e-11,1,2.66709e-11
24898,0,12,1385.92,12,1422.04,2,2,0,0.00119527,7.8453e-11,5.86556e-11,1,1.01363e-10,7.61428e-11,7.62811e-11,1,1.18921e-10
24899,0,12,1385.92,12,1422.04,2,2,0,0.00119467,3.39493e-10,2.53823e-10,1,4.38632e-10,3.29507e-10,3.30105e-10,1,5.14627e-10
24900,0,12,1385.92,12,1422.04,2,2,9,0.00119407,1.42668e-09,1.06666e-09,1,1.8433e-09,1.38476e-09,1.38728e-09,1,2.16274e-09
24901,0,12,1385.92,12,1422.04,2,2,9,0.00119348,7.18957e-13,5.3753e-13,1,9.28908e-13,6.97854e-13,6.99122e-13,1,1.08992e-12
24902,0,12,1385.92,12,1422.04,2,2,0,0.00119288,4.21727e-16,3.15305e-16,1,5.44881e-16,4.09362e-16,4.10105e-16,1,6.39346e-16
24903,0,12,1385.92,12,1422.04,2,2,0,0.00119228,2.32618e-15,1.73918e-15,1,3.00548e-15,2.25805e-15,2.26215e-15,1,3.52665e-15
24904,0,12,1385.92,12,1422.04,2,2,0,0.00119169,1.24001e-14,9.27095e-15,1,1.60212e-14,1.20372e-14,1.20591e-14,1,1.87999e-14
24905,0,12,1385.92,12,1422.04,2,2,0,0.00119109,6.39247e-14,4.77935e-14,1,8.25921e-14,6.2056e-14,6.21687e-14,1,9.69198e-14
24906,0,12,1385.92,12,1422.04,2,2,0,0.0011905,3.1891e-13,2.38434e-13,1,4.12039e-13,3.09596e-13,3.10159e-13,1,4.83531e-13
24907,1,12,1385.92,12,1422.04,2,2,0,0.0011899,1.54066e-12,1.15188e-12,1,1.99057e-12,1.49571e-12,1.49843e-12,1,2.33602e-12
24908,1,12,1385.92,12,1422.04,0,2,0,0.00118931,1,1.45043e-14,2.55619e-14,3.66236e-14,3.07579e-14,1.28399e-14,1,8.46136e-15
24909,1,12,1385.92,12,1422.04,0,2,0,0.00118871,1,5.83502e-14,1.02834e-13,1.47335e-13,1.2376e-13,5.16635e-14,1,3.40458e-14
24910,1,12,1385.92,12,1422.04,0,2,9,0.00118812,1,2.28295e-13,4.02339e-13,5.76449e-13,4.84296e-13,2.02169e-13,1,1.33228e-13
24911,1,12,1385.92,12,1422.04,0,2,9,0.00118752,1,1.07263e-16,1.89037e-16,2.70842e-16,2.27583e-16,9.50045e-17,1,6.26071e-17
24912,1,12,1385.92,12,1422.04,0,2,0,0.00118693,1,5.87446e-20,1.03529e-19,1.48331e-19,1.24661e-19,5.20395e-20,1,3.42936e-20
24913,1,12,1385.92,12,1422.04,0,2,9,0.00118634,1,3.02945e-19,5.339e-19,7.64942e-19,6.42979e-19,2.68411e-19,1,1.76881e-19
24914,1,12,1385.92,12,1422.04,0,2,0,0.00118574,1,1.86579e-22,3.2882e-22,4.71114e-22,3.96064e-22,1.65336e-22,1,1.08955e-22
24915,1,12,1385.92,12,1422.04,0,2,0,0.00118515,1,1.07949e-21,1.90246e-21,2.72574e-21,2.29188e-21,9.56743e-22,1,6.30485e-22
24916,1,12,1385.92,12,1422.04,0,2,0,0.00118456,1,6.03019e-21,1.06274e-20,1.52263e-20,1.28047e-20,5.34532e-21,1,3.52252e-21
24917,1,12,1385.92,12,1422.04,0,2,0,0.00118396,1,3.25462e-20,5.73582e-20,8.21797e-20,6.91202e-20,2.88542e-20,1,1.90146e-20
24918,1,12,1385.92,12,1422.04,0,2,0,0.00118337,1,1.69834e-19,2.9931e-19,4.28835e-19,3.6074e-19,1.50591e-19,1,9.9238e-20
24919,1,12,1385.92,12,1422.04,0,2,0,0.00118278,1,8.57433e-19,1.51111e-18,2.16503e-18,1.82152e-18,7.60391e-19,1,5.01091e-19
24920,1,12,1385.92,12,1422.04,0,2,0,0.00118219,1,4.19094e-18,7.38597e-18,1.05822e-17,8.90444e-18,3.71715e-18,1,2.44957e-18
24921,1,12,1385.92,12,1422.04,0,2,0,0.0011816,1,1.98445e-17,3.49733e-17,5.01078e-17,4.21693e-17,1.76036e-17,1,1.16006e-17
24922,1,12,1385.92,12,1422.04,0,2,0,0.00118101,1,9.10885e-17,1.60531e-16,2.3e-16,1.93588e-16,8.08133e-17,1,5.32552e-17
24923,1,12,1385.92,12,1422.04,0,2,0,0.00118042,1,4.05555e-16,7.14736e-16,1.02403e-15,8.62032e-16,3.59855e-16,1,2.37141e-16
24924,1,12,1385.92,12,1422.04,0,2,0,0.00117983,1,1.75252e-15,3.08859e-15,4.42516e-15,3.72559e-15,1.55525e-15,1,1.02489e-15
24925,1,12,1385.92,12,1422.04,0,2,0,0.00117924,1,7.35472e-15,1.29617e-14,1.85708e-14,1.5637e-14,6.52765e-15,1,4.30166e-15
24926,1,12,1385.92,12,1422.04,0,2,0,0.00117865,1,2.99923e-14,5.28574e-14,7.57312e-14,6.37753e-14,2.6623e-14,1,1.75443e-14
24927,1,12,1385.92,12,1422.04,0,2,0,0.00117806,1,1.18917e-13,2.09576e-13,3.00269e-13,2.52896e-13,1.05571e-13,1,6.95704e-14
24928,1,12,1385.92,12,1422.04,0,2,9,0.00117747,1,4.58687e-13,8.08373e-13,1.15819e-12,9.75584e-13,4.07257e-13,1,2.68379e-13
24929,1,12,1385.92,12,1422.04,0,2,0,0.00117688,1,2.12525e-16,3.74547e-16,5.3663e-16,4.52076e-16,1.88719e-16,1,1.24364e-16
24930,1,12,1385.92,12,1422.04,0,2,0,0.00117629,1,9.30332e-16,1.63958e-15,2.34911e-15,1.9792e-15,8.26215e-16,1,5.44468e-16
24931,1,12,1385.92,12,1422.04,0,2,9,0.0011757,1,3.95404e-15,6.96846e-15,9.98402e-15,8.41282e-15,3.51193e-15,1,2.31433e-15
24932,1,12,1385.92,12,1422.04,0,2,9,0.00117512,1,2.01477e-18,3.55076e-18,5.08733e-18,4.28721e-18,1.78969e-18,1,1.17939e-18
24933,1,12,1385.92,12,1422.04,0,2,0,0.00117453,1,1.19472e-21,2.10553e-21,3.01669e-21,2.54251e-21,1.06137e-21,1,6.99433e-22
24934,1,12,1385.92,12,1422.04,0,2,9,0.00117394,1,6.66033e-21,1.17379e-20,1.68175e-20,1.41755e-20,5.91757e-21,1,3.89963e-21
24935,1,12,1385.92,12,1422.04,0,2,0,0.00117335,1,4.42742e-24,7.80273e-24,1.11793e-23,9.42412e-24,3.93409e-24,1,2.59253e-24
24936,1,12,1385.92,12,1422.04,0,2,0,0.00117277,1,2.7606e-23,4.86518e-23,6.97056e-23,5.87676e-23,2.45325e-23,1,1.61667e-23
24937,1,12,1385.92,12,1422.04,0,2,9,0.00117218,1,1.65943e-22,2.92452e-22,4.19009e-22,3.53295e-22,1.47483e-22,1,9.71898e-23
24938,1,12,1385.92,12,1422.04,0,2,9,0.0011716,1,1.18764e-25,2.09305e-25,2.99881e-25,2.52875e-25,1.05563e-25,1,6.95649e-26
24939,1,12,1385.92,12,1422.04,0,2,9,0.00117101,1,9.82463e-29,1.73146e-28,2.48074e-28,2.09209e-28,8.73342e-29,1,5.75524e-29
24940,1,12,1385.92,12,1422.04,0,2,0,0.00117042,1,9.36688e-32,1.65079e-31,2.36515e-31,1.99481e-31,8.3273e-32,1,5.48762e-32
24941,1,12,1385.92,12,1422.04,0,2,0,0.00116984,1,8.31646e-31,1.46566e-30,2.09992e-30,1.77127e-30,7.39416e-31,1,4.87268e-31
24942,1,12,1385.92,12,1422.04,0,2,0,0.00116925,1,7.0683e-30,1.24569e-29,1.78476e-29,1.50557e-29,6.285e-30,1,4.14175e-30
24943,1,12,1385.92,12,1422.04,0,2,0,0.00116867,1,5.75578e-29,1.01438e-28,1.45334e-28,1.22611e-28,5.11839e-29,1,3.37297e-29
24944,1,12,1385.92,12,1422.04,0,2,0,0.00116808,1,4.49446e-28,7.92088e-28,1.13486e-27,9.57505e-28,3.9971e-28,1,2.63405e-28
24945,1,12,1385.92,12,1422.04,0,2,0,0.0011675,1,3.36821e-27,5.93602e-27,8.5048e-27,7.17629e-27,2.99574e-27,1,1.97416e-27
24946,1,12,1385.92,12,1422.04,0,2,9,0.00116692,1,2.42453e-26,4.2729e-26,6.12197e-26,5.16612e-26,2.15659e-26,1,1.42118e-26
24947,1,12,1385.92,12,1422.04,0,2,0,0.00116633,1,2.07043e-29,3.64884e-29,5.22786e-29,4.41197e-29,1.84178e-29,1,1.21371e-29
24948,0,12,1385.92,12,1420.91,0,2,13,0.00116575,1,1.65011e-28,2.9081e-28,4.16656e-28,3.5166e-28,1.468e-28,1,9.67399e-29
24949,0,12,1385.92,12,1420.91,2,2,0,0.00116517,1.32227e-11,9.88599e-12,1,1.7084e-11,1.28295e-11,1.28528e-11,1,2.00373e-11
24950,0,12,1385.92,12,1420.91,2,2,0,0.00116459,5.92934e-11,4.43309e-11,1,7.66084e-11,5.75327e-11,5.76372e-11,1,8.98552e-11
24951,0,12,1385.92,12,1420.91,2,2,9,0.001164,2.58024e-10,1.92912e-10,1,3.33372e-10,2.50371e-10,2.50826e-10,1,3.91033e-10
24952,0,12,1385.92,12,1420.91,2,2,9,0.00116342,1.34552e-13,1.00598e-13,1,1.73844e-13,1.30566e-13,1.30803e-13,1,2.0392e-13
24953,0,12,1385.92,12,1420.91,2,2,0,0.00116284,8.16157e-17,6.10202e-17,1,1.05449e-16,7.92011e-17,7.93449e-17,1,1.23697e-16
24954,0,12,1385.92,12,1420.91,2,2,0,0.00116226,4.65212e-16,3.47817e-16,1,6.01065e-16,4.51465e-16,4.52285e-16,1,7.05104e-16
24955,0,12,1385.92,12,1420.91,2,2,0,0.00116168,2.56101e-15,1.91475e-15,1,3.30888e-15,2.48542e-15,2.48993e-15,1,3.88176e-15
24956,0,12,1385.92,12,1420.91,2,2,0,0.0011611,1.36256e-14,1.01872e-14,1,1.76046e-14,1.32239e-14,1.32479e-14,1,2.06533e-14
24957,0,12,1385.92,12,1420.91,2,2,9,0.00116052,7.01103e-14,5.24182e-14,1,9.05841e-14,6.80457e-14,6.81693e-14,1,1.06275e-13
24958,0,12,1385.92,12,1420.91,2,2,0,0.00115993,4.30853e-17,3.22128e-17,1,5.56671e-17,4.18179e-17,4.18939e-17,1,6.53117e-17
24959,0,12,1385.92,12,1420.91,2,2,0,0.00115935,2.48746e-16,1.85975e-16,1,3.21385e-16,2.41436e-16,2.41875e-16,1,3.77078e-16
24960,0,12,1385.92,12,1420.91,2,2,0,0.00115878,1.38661e-15,1.0367e-15,1,1.79153e-15,1.34591e-15,1.34835e-15,1,2.10205e-15
24961,0,12,1385.92,12,1420.91,2,2,0,0.0011582,7.46839e-15,5.58377e-15,1,9.64933e-15,7.2494e-15,7.26257e-15,1,1.13222e-14
24962,0,12,1385.92,12,1420.91,2,2,0,0.00115762,3.88934e-14,2.90787e-14,1,5.02511e-14,3.77541e-14,3.78227e-14,1,5.89648e-14
24963,0,12,1385.92,12,1420.91,2,2,0,0.00115704,1.95971e-13,1.46518e-13,1,2.53199e-13,1.90236e-13,1.90582e-13,1,2.97113e-13
24964,0,12,1385.92,12,1420.91,2,2,0,0.00115646,9.56005e-13,7.1476e-13,1,1.23518e-12,9.28058e-13,9.29744e-13,1,1.44945e-12
24965,0,12,1385.92,12,1420.91,2,2,0,0.00115588,4.51819e-12,3.37804e-12,1,5.8376e-12,4.38623e-12,4.3942e-12,1,6.85047e-12
24966,0,12,1385.92,12,1420.91,2,2,0,0.0011553,2.07004e-11,1.54767e-11,1,2.67453e-11,2.00964e-11,2.01329e-11,1,3.13868e-11
24967,0,12,1385.92,12,1420.91,2,2,0,0.00115473,9.19965e-11,6.87815e-11,1,1.18862e-10,8.93147e-11,8.9477e-11,1,1.39493e-10
24968,0,12,1385.92,12,1420.91,2,2,0,0.00115415,3.96834e-10,2.96694e-10,1,5.12718e-10,3.85277e-10,3.85976e-10,1,6.0173e-10
24969,0,12,1385.92,12,1420.91,2,2,0,0.00115357,1.66245e-09,1.24294e-09,1,2.14793e-09,1.61408e-09,1.61701e-09,1,2.52089e-09
24970,0,12,1385.92,12,1420.91,2,2,0,0.00115299,6.7678e-09,5.05997e-09,1,8.74415e-09,6.57105e-09,6.58298e-09,1,1.02627e-08
24971,0,12,1385.92,12,1420.91,2,2,0,0.00115242,2.67887e-08,2.00287e-08,1,3.46116e-08,2.60106e-08,2.60578e-08,1,4.06236e-08
24972,0,12,1385.92,12,1420.91,2,2,0,0.00115184,1.03159e-07,7.71269e-08,1,1.33283e-07,1.00165e-07,1.00347e-07,1,1.56438e-07
24973,0,12,1385.92,12,1420.91,2,2,0,0.00115127,3.86677e-07,2.891e-07,0.999999,4.99595e-07,3.75464e-07,3.76146e-07,0.999999,5.86404e-07
24974,0,12,1385.92,12,1420.91,2,2,0,0.00115069,1.4116e-06,1.05539e-06,0.999996,1.82382e-06,1.3707e-06,1.37319e-06,0.999995,2.14078e-06
24975,0,12,1385.92,12,1420.91,2,2,0,0.00115011,5.02142e-06,3.75428e-06,0.999985,6.48779e-06,4.87603e-06,4.88489e-06,0.999983,7.61545e-06
24976,0,12,1385.92,12,1420.91,2,2,0,0.00114954,1.74143e-05,1.30199e-05,0.999947,2.24997e-05,1.69104e-05,1.69411e-05,0.99994,2.64109e-05
24977,0,12,1385.92,12,1420.91,2,2,0,0.00114896,5.89042e-05,4.40399e-05,0.999821,7.61055e-05,5.72e-05,5.73039e-05,0.999796,8.93357e-05
24978,0,12,1385.92,12,1420.91,2,2,0,0.00114839,0.000194391,0.000145337,0.999409,0.000251157,0.00018876,0.000189103,0.999327,0.000294808
24979,0,12,1385.92,12,1420.91,2,2,9,0.00114782,0.000625806,0.000467886,0.998098,0.000808556,0.000607583,0.000608687,0.997835,0.000948931
24980,0,12,1385.92,12,1420.91,2,2,0,0.00114724,2.4366e-07,1.82173e-07,0.999999,3.14814e-07,2.36632e-07,2.37062e-07,0.999999,3.69575e-07
24981,0,12,1385.92,12,1420.91,2,2,0,0.00114667,8.9776e-07,6.71213e-07,0.999997,1.15993e-06,8.71884e-07,8.73468e-07,0.999997,1.36172e-06
24982,0,12,1385.92,12,1420.91,2,2,0,0.0011461,3.2226e-06,2.40939e-06,0.99999,4.16368e-06,3.12978e-06,3.13547e-06,0.999989,4.88813e-06
24983,0,12,1385.92,12,1420.91,2,2,0,0.00114552,1.12757e-05,8.43034e-06,0.999966,1.45685e-05,1.09511e-05,1.0971e-05,0.999961,1.71036e-05
24984,0,12,1385.92,12,1420.71,2,2,13,0.00114495,3.8475e-05,2.8766e-05,0.999883,4.97106e-05,3.73677e-05,3.74356e-05,0.999867,5.83614e-05
24985,0,12,1385.92,12,1420.71,2,2,9,0.00114438,2.89608e-10,2.16526e-10,1,3.7418e-10,2.81283e-10,2.81794e-10,1,4.39311e-10
24986,0,12,1385.92,12,1420.71,2,2,0,0.0011438,1.50673e-13,1.12651e-13,1,1.94673e-13,1.46345e-13,1.46611e-13,1,2.28564e-13
24987,0,12,1385.92,12,1420.71,2,2,0,0.00114323,7.38905e-13,5.52445e-13,1,9.54682e-13,7.17693e-13,7.18996e-13,1,1.1209e-12
24988,0,12,1385.92,12,1420.71,2,2,0,0.00114266,3.51018e-12,2.6244e-12,1,4.53524e-12,3.40948e-12,3.41567e-12,1,5.32496e-12
24989,0,12,1385.92,12,1420.71,2,2,0,0.00114209,1.61635e-11,1.20847e-11,1,2.08837e-11,1.57001e-11,1.57286e-11,1,2.45206e-11
24990,0,12,1385.92,12,1420.71,2,2,0,0.00114152,7.21903e-11,5.39733e-11,1,9.32714e-11,7.01216e-11,7.0249e-11,1,1.09517e-10
24991,0,12,1385.92,12,1420.71,2,2,0,0.00114095,3.12912e-10,2.3395e-10,1,4.04289e-10,3.0395e-10,3.04502e-10,1,4.74713e-10
24992,0,12,1385.92,12,1420.71,2,2,0,0.00114038,1.31712e-09,9.84752e-10,1,1.70175e-09,1.27942e-09,1.28175e-09,1,1.99822e-09
24993,0,12,1385.92,12,1420.71,2,2,0,0.00113981,5.387e-09,4.02761e-09,1,6.96013e-09,5.2329e-09,5.2424e-09,1,8.1728e-09
24994,0,12,1385.92,12,1420.71,2,2,0,0.00113924,2.14207e-08,1.60152e-08,1,2.7676e-08,2.08082e-08,2.0846e-08,1,3.24986e-08
24995,0,12,1385.92,12,1420.71,2,2,0,0.00113867,8.2857e-08,6.19483e-08,1,1.07053e-07,8.04893e-08,8.06356e-08,1,1.25709e-07
24996,0,12,1385.92,12,1420.71,2,2,0,0.0011381,3.11943e-07,2.33225e-07,0.999999,4.03038e-07,3.03034e-07,3.03584e-07,0.999999,4.73282e-07
24997,0,12,1385.92,12,1420.71,2,2,0,0.00113753,1.14368e-06,8.55079e-07,0.999997,1.47766e-06,1.11104e-06,1.11305e-06,0.999996,1.73523e-06
24998,0,12,1385.92,12,1420.71,2,2,0,0.00113696,4.08553e-06,3.05456e-06,0.999988,5.2786e-06,3.96896e-06,3.97617e-06,0.999986,6.19878e-06
24999,0,12,1385.92,12,1420.71,2,2,0,0.00113639,1.42273e-05,1.06371e-05,0.999957,1.8382e-05,1.38215e-05,1.38466e-05,0.999951,2.15866e-05

# MATRIZ_Q_DESTRUCCION
Estado,Random,Route,Worst,Shaw
0,14.4214,11.3559,13.5632,17.778
1,37.6037,37.1744,35.9219,36.1516
2,50,50,50,50

# MATRIZ_Q_REPARACION
Estado,Greedy,Regret-2,Regret-3,Perturbed
0,11.5547,18.5163,15.8653,11.3155
1,36.9546,36.8146,37.2676,35.9402
2,50,50,50,50
